"x1","x2","x3","x4","x5","x6","x7","x8"
-0.35667494393873245,0.7419373447293773,3.1135153092103742,2.5649493574615367,0.26236426446749106,0.26236426446749106,0.9555114450274363,10000.0
