Mean:
[-1.14895; -0.147567; 3.34916; 1.43528; 0.429473; 0.54436; 0.688795]
Std:
[0.158764; 0.0923237; 0.00542194; 0.185747; 0.104187; 0.232117; 0.104036]
[-1.15597 -1.09099 -1.07286 -1.09281 -0.99141 -1.22307 -1.04742 -1.02491 -1.18789 -0.950855; -0.181067 -0.198142 -0.231612 -0.179879 -0.242153 -0.114977 -0.235622 -0.232284 -0.124784 -0.284238; 3.34827 3.35369 3.35359 3.35208 3.34811 3.35387 3.34917 3.35209 3.35098 3.35407; 1.52129 1.65623 1.5741 1.57108 1.57146 1.52946 1.23641 1.78406 1.76197 1.6442; 0.490824 0.500981 0.464878 0.52248 0.508929 0.524283 0.357845 0.612692 0.617113 0.579527; 0.474426 0.410375 0.528602 0.308163 0.458592 0.260934 0.660124 0.154637 0.108638 0.247919; 0.709019 0.750015 0.818421 0.678527 0.734991 0.646468 0.738768 0.746299 0.635516 0.804504; -1.53908e5 -153905.0 -1.53909e5 -1.53909e5 -153909.0 -1.5392e5 -153915.0 -1.53916e5 -1.53909e5 -1.53929e5]Starting ml estimationLength of training data: 4950Start values for optimization:
[-2.22559e6; -4108.38; -10918.9; 1.23482e6; -52986.8; 1.61179e5; 28039.3; -10364.1; -2268.8; -11601.6; -1.8434e5; -1592.0; -11753.8; -1064.0; -2398.48; -9633.55; -73.9242; -19.9231; -472.883; -221.488; -2836.84; 564.081; -176.859; 730.894; 189.807; -8230.07; 16250.6; -47834.5; -7898.66; 2220.77; 6686.71; 537.955; -110.936; -5367.41; 2850.83; 1246.95; 2.7328; 2.38622; -1.84827; -2.39488; -5.22343; -1.6888; -2.26669; -1.46775; -2.27935]Iter     Function value   Gradient norm 
     0     2.936596e+04     1.687718e+07
     1     2.900948e+04     5.731561e+06
     2     2.900951e+04     6.686027e+03
Estimated parameters of the GP model:
Estimated Β:s:
[-2.22559e6,-4108.38,-10918.9,1.23482e6,-52986.8,1.61179e5,28039.3,-10364.1,-2268.8,-11601.6,-1.8434e5,-1592.0,-11753.8,-1064.0,-2398.48,-9633.55,-73.9242,-19.9231,-472.883,-221.488,-2836.84,564.081,-176.859,730.894,189.807,-8230.07,16250.6,-47834.5,-7898.66,2220.77,6686.71,537.955,-110.936,-5367.41,2850.83,1246.95]
Estimated log Φ:s:
[2.73278,2.38393,-1.83533,-2.37859,-4.68697,-1.68001,-2.25361,-1.46056,-2.25682]
elapsed time: 1155.337763066 seconds
Iterstion:
1
#####################################################################
Starting DA-GP-MCMC estimating 7 parameters 
MCMC algorithm: MCWM
Adaptation algorithm: noAdaptation
Prior distribution: Normal
Particle filter: parallel_bootstrap, on 4 cores
Nbr particles for particle filter: 1200
Covariance - kernel_MH_direct:
[0.0140482 -0.00793197 5.72765e-5 -0.000963186 -0.000861613 0.00319348 0.00552107; -0.00793197 0.00510122 -2.53534e-5 0.000284167 0.000375042 -0.00237591 -0.00436646; 5.72765e-5 -2.53534e-5 1.49534e-5 -6.51059e-5 -7.85304e-5 0.000105998 -9.413e-6; -0.000963186 0.000284167 -6.51059e-5 0.0151038 0.00814629 -0.0169514 0.000283384; -0.000861613 0.000375042 -7.85304e-5 0.00814629 0.00501089 -0.0105786 -8.7959e-5; 0.00319348 -0.00237591 0.000105998 -0.0169514 -0.0105786 0.0264267 0.00305833; 0.00552107 -0.00436646 -9.413e-6 0.000283384 -8.7959e-5 0.00305833 0.00566386]
Iteration: 1
Covariance:
[0.0202294 -0.011422 8.24782e-5 -0.00138699 -0.00124072 0.00459861 0.00795034; -0.011422 0.00734576 -3.6509e-5 0.0004092 0.00054006 -0.00342131 -0.0062877; 8.24782e-5 -3.6509e-5 2.15329e-5 -9.37526e-5 -0.000113084 0.000152638 -1.35547e-5; -0.00138699 0.0004092 -9.37526e-5 0.0217495 0.0117307 -0.02441 0.000408073; -0.00124072 0.00054006 -0.000113084 0.0117307 0.00721569 -0.0152332 -0.000126661; 0.00459861 -0.00342131 0.000152638 -0.02441 -0.0152332 0.0380544 0.004404; 0.00795034 -0.0062877 -1.35547e-5 0.000408073 -0.000126661 0.004404 0.00815595]
Iteration: 1
Covariance:
[0.0202294 -0.011422 8.24782e-5 -0.00138699 -0.00124072 0.00459861 0.00795034; -0.011422 0.00734576 -3.6509e-5 0.0004092 0.00054006 -0.00342131 -0.0062877; 8.24782e-5 -3.6509e-5 2.15329e-5 -9.37526e-5 -0.000113084 0.000152638 -1.35547e-5; -0.00138699 0.0004092 -9.37526e-5 0.0217495 0.0117307 -0.02441 0.000408073; -0.00124072 0.00054006 -0.000113084 0.0117307 0.00721569 -0.0152332 -0.000126661; 0.00459861 -0.00342131 0.000152638 -0.02441 -0.0152332 0.0380544 0.004404; 0.00795034 -0.0062877 -1.35547e-5 0.000408073 -0.000126661 0.004404 0.00815595]
Loglik start: -181348.6999 
elapsed time: 8086.839621252 seconds
Ending DA-GP-MCMC with adaptive RW estimating 7 parameters
Algorithm: MCWM
Adaptation algorithm: noAdaptation
Prior distribution: Normal
Particle filter: parallel_bootstrap
Time pre-er:  0
Time fit GP model:  0
Time er-part:  8087
Number early-rejections: 744
Number of cases directly to ordinary MH: 0
Number of cases directly to ordinary MH accepted: 0
Number cases in in DA part: 999
Number cases in second stage: 255
Number accepted in second stage: 13
Total number of evaluations of the particle filter: 255
Acceptance rate for ordinary MH accepted: NaN
Acceptance rate a_1: 25.5255
Acceptance rate a_2: 5.0980
Acceptance rate a_1*a_2: 1.3013
Acceptance rate a (for entier algorithm): 1.3000
#####################################################################
Iterstion:
2
#####################################################################
Starting DA-GP-MCMC estimating 7 parameters 
MCMC algorithm: MCWM
Adaptation algorithm: noAdaptation
Prior distribution: Normal
Particle filter: parallel_bootstrap, on 4 cores
Nbr particles for particle filter: 1200
Covariance - kernel_MH_direct:
[0.0140482 -0.00793197 5.72765e-5 -0.000963186 -0.000861613 0.00319348 0.00552107; -0.00793197 0.00510122 -2.53534e-5 0.000284167 0.000375042 -0.00237591 -0.00436646; 5.72765e-5 -2.53534e-5 1.49534e-5 -6.51059e-5 -7.85304e-5 0.000105998 -9.413e-6; -0.000963186 0.000284167 -6.51059e-5 0.0151038 0.00814629 -0.0169514 0.000283384; -0.000861613 0.000375042 -7.85304e-5 0.00814629 0.00501089 -0.0105786 -8.7959e-5; 0.00319348 -0.00237591 0.000105998 -0.0169514 -0.0105786 0.0264267 0.00305833; 0.00552107 -0.00436646 -9.413e-6 0.000283384 -8.7959e-5 0.00305833 0.00566386]
Iteration: 1
Covariance:
[0.0202294 -0.011422 8.24782e-5 -0.00138699 -0.00124072 0.00459861 0.00795034; -0.011422 0.00734576 -3.6509e-5 0.0004092 0.00054006 -0.00342131 -0.0062877; 8.24782e-5 -3.6509e-5 2.15329e-5 -9.37526e-5 -0.000113084 0.000152638 -1.35547e-5; -0.00138699 0.0004092 -9.37526e-5 0.0217495 0.0117307 -0.02441 0.000408073; -0.00124072 0.00054006 -0.000113084 0.0117307 0.00721569 -0.0152332 -0.000126661; 0.00459861 -0.00342131 0.000152638 -0.02441 -0.0152332 0.0380544 0.004404; 0.00795034 -0.0062877 -1.35547e-5 0.000408073 -0.000126661 0.004404 0.00815595]
Iteration: 1
Covariance:
[0.0202294 -0.011422 8.24782e-5 -0.00138699 -0.00124072 0.00459861 0.00795034; -0.011422 0.00734576 -3.6509e-5 0.0004092 0.00054006 -0.00342131 -0.0062877; 8.24782e-5 -3.6509e-5 2.15329e-5 -9.37526e-5 -0.000113084 0.000152638 -1.35547e-5; -0.00138699 0.0004092 -9.37526e-5 0.0217495 0.0117307 -0.02441 0.000408073; -0.00124072 0.00054006 -0.000113084 0.0117307 0.00721569 -0.0152332 -0.000126661; 0.00459861 -0.00342131 0.000152638 -0.02441 -0.0152332 0.0380544 0.004404; 0.00795034 -0.0062877 -1.35547e-5 0.000408073 -0.000126661 0.004404 0.00815595]
Loglik start: -181350.8607 
elapsed time: 7863.539752797 seconds
Ending DA-GP-MCMC with adaptive RW estimating 7 parameters
Algorithm: MCWM
Adaptation algorithm: noAdaptation
Prior distribution: Normal
Particle filter: parallel_bootstrap
Time pre-er:  0
Time fit GP model:  0
Time er-part:  7864
Number early-rejections: 751
Number of cases directly to ordinary MH: 0
Number of cases directly to ordinary MH accepted: 0
Number cases in in DA part: 999
Number cases in second stage: 248
Number accepted in second stage: 14
Total number of evaluations of the particle filter: 248
Acceptance rate for ordinary MH accepted: NaN
Acceptance rate a_1: 24.8248
Acceptance rate a_2: 5.6452
Acceptance rate a_1*a_2: 1.4014
Acceptance rate a (for entier algorithm): 1.4000
#####################################################################
Iterstion:
3
#####################################################################
Starting DA-GP-MCMC estimating 7 parameters 
MCMC algorithm: MCWM
Adaptation algorithm: noAdaptation
Prior distribution: Normal
Particle filter: parallel_bootstrap, on 4 cores
Nbr particles for particle filter: 1200
Covariance - kernel_MH_direct:
[0.0140482 -0.00793197 5.72765e-5 -0.000963186 -0.000861613 0.00319348 0.00552107; -0.00793197 0.00510122 -2.53534e-5 0.000284167 0.000375042 -0.00237591 -0.00436646; 5.72765e-5 -2.53534e-5 1.49534e-5 -6.51059e-5 -7.85304e-5 0.000105998 -9.413e-6; -0.000963186 0.000284167 -6.51059e-5 0.0151038 0.00814629 -0.0169514 0.000283384; -0.000861613 0.000375042 -7.85304e-5 0.00814629 0.00501089 -0.0105786 -8.7959e-5; 0.00319348 -0.00237591 0.000105998 -0.0169514 -0.0105786 0.0264267 0.00305833; 0.00552107 -0.00436646 -9.413e-6 0.000283384 -8.7959e-5 0.00305833 0.00566386]
Iteration: 1
Covariance:
[0.0202294 -0.011422 8.24782e-5 -0.00138699 -0.00124072 0.00459861 0.00795034; -0.011422 0.00734576 -3.6509e-5 0.0004092 0.00054006 -0.00342131 -0.0062877; 8.24782e-5 -3.6509e-5 2.15329e-5 -9.37526e-5 -0.000113084 0.000152638 -1.35547e-5; -0.00138699 0.0004092 -9.37526e-5 0.0217495 0.0117307 -0.02441 0.000408073; -0.00124072 0.00054006 -0.000113084 0.0117307 0.00721569 -0.0152332 -0.000126661; 0.00459861 -0.00342131 0.000152638 -0.02441 -0.0152332 0.0380544 0.004404; 0.00795034 -0.0062877 -1.35547e-5 0.000408073 -0.000126661 0.004404 0.00815595]
Iteration: 1
Covariance:
[0.0202294 -0.011422 8.24782e-5 -0.00138699 -0.00124072 0.00459861 0.00795034; -0.011422 0.00734576 -3.6509e-5 0.0004092 0.00054006 -0.00342131 -0.0062877; 8.24782e-5 -3.6509e-5 2.15329e-5 -9.37526e-5 -0.000113084 0.000152638 -1.35547e-5; -0.00138699 0.0004092 -9.37526e-5 0.0217495 0.0117307 -0.02441 0.000408073; -0.00124072 0.00054006 -0.000113084 0.0117307 0.00721569 -0.0152332 -0.000126661; 0.00459861 -0.00342131 0.000152638 -0.02441 -0.0152332 0.0380544 0.004404; 0.00795034 -0.0062877 -1.35547e-5 0.000408073 -0.000126661 0.004404 0.00815595]
Loglik start: -181346.7452 
elapsed time: 8967.970376454 seconds
Ending DA-GP-MCMC with adaptive RW estimating 7 parameters
Algorithm: MCWM
Adaptation algorithm: noAdaptation
Prior distribution: Normal
Particle filter: parallel_bootstrap
Time pre-er:  0
Time fit GP model:  0
Time er-part:  8968
Number early-rejections: 716
Number of cases directly to ordinary MH: 0
Number of cases directly to ordinary MH accepted: 0
Number cases in in DA part: 999
Number cases in second stage: 283
Number accepted in second stage: 19
Total number of evaluations of the particle filter: 283
Acceptance rate for ordinary MH accepted: NaN
Acceptance rate a_1: 28.3283
Acceptance rate a_2: 6.7138
Acceptance rate a_1*a_2: 1.9019
Acceptance rate a (for entier algorithm): 1.9000
#####################################################################
Iterstion:
4
#####################################################################
Starting DA-GP-MCMC estimating 7 parameters 
MCMC algorithm: MCWM
Adaptation algorithm: noAdaptation
Prior distribution: Normal
Particle filter: parallel_bootstrap, on 4 cores
Nbr particles for particle filter: 1200
Covariance - kernel_MH_direct:
[0.0140482 -0.00793197 5.72765e-5 -0.000963186 -0.000861613 0.00319348 0.00552107; -0.00793197 0.00510122 -2.53534e-5 0.000284167 0.000375042 -0.00237591 -0.00436646; 5.72765e-5 -2.53534e-5 1.49534e-5 -6.51059e-5 -7.85304e-5 0.000105998 -9.413e-6; -0.000963186 0.000284167 -6.51059e-5 0.0151038 0.00814629 -0.0169514 0.000283384; -0.000861613 0.000375042 -7.85304e-5 0.00814629 0.00501089 -0.0105786 -8.7959e-5; 0.00319348 -0.00237591 0.000105998 -0.0169514 -0.0105786 0.0264267 0.00305833; 0.00552107 -0.00436646 -9.413e-6 0.000283384 -8.7959e-5 0.00305833 0.00566386]
Iteration: 1
Covariance:
[0.0202294 -0.011422 8.24782e-5 -0.00138699 -0.00124072 0.00459861 0.00795034; -0.011422 0.00734576 -3.6509e-5 0.0004092 0.00054006 -0.00342131 -0.0062877; 8.24782e-5 -3.6509e-5 2.15329e-5 -9.37526e-5 -0.000113084 0.000152638 -1.35547e-5; -0.00138699 0.0004092 -9.37526e-5 0.0217495 0.0117307 -0.02441 0.000408073; -0.00124072 0.00054006 -0.000113084 0.0117307 0.00721569 -0.0152332 -0.000126661; 0.00459861 -0.00342131 0.000152638 -0.02441 -0.0152332 0.0380544 0.004404; 0.00795034 -0.0062877 -1.35547e-5 0.000408073 -0.000126661 0.004404 0.00815595]
Iteration: 1
Covariance:
[0.0202294 -0.011422 8.24782e-5 -0.00138699 -0.00124072 0.00459861 0.00795034; -0.011422 0.00734576 -3.6509e-5 0.0004092 0.00054006 -0.00342131 -0.0062877; 8.24782e-5 -3.6509e-5 2.15329e-5 -9.37526e-5 -0.000113084 0.000152638 -1.35547e-5; -0.00138699 0.0004092 -9.37526e-5 0.0217495 0.0117307 -0.02441 0.000408073; -0.00124072 0.00054006 -0.000113084 0.0117307 0.00721569 -0.0152332 -0.000126661; 0.00459861 -0.00342131 0.000152638 -0.02441 -0.0152332 0.0380544 0.004404; 0.00795034 -0.0062877 -1.35547e-5 0.000408073 -0.000126661 0.004404 0.00815595]
Loglik start: -181342.3108 
elapsed time: 8261.108346955 seconds
Ending DA-GP-MCMC with adaptive RW estimating 7 parameters
Algorithm: MCWM
Adaptation algorithm: noAdaptation
Prior distribution: Normal
Particle filter: parallel_bootstrap
Time pre-er:  0
Time fit GP model:  0
Time er-part:  8261
Number early-rejections: 738
Number of cases directly to ordinary MH: 0
Number of cases directly to ordinary MH accepted: 0
Number cases in in DA part: 999
Number cases in second stage: 261
Number accepted in second stage: 9
Total number of evaluations of the particle filter: 261
Acceptance rate for ordinary MH accepted: NaN
Acceptance rate a_1: 26.1261
Acceptance rate a_2: 3.4483
Acceptance rate a_1*a_2: 0.9009
Acceptance rate a (for entier algorithm): 0.9000
#####################################################################
Iterstion:
5
#####################################################################
Starting DA-GP-MCMC estimating 7 parameters 
MCMC algorithm: MCWM
Adaptation algorithm: noAdaptation
Prior distribution: Normal
Particle filter: parallel_bootstrap, on 4 cores
Nbr particles for particle filter: 1200
Covariance - kernel_MH_direct:
[0.0140482 -0.00793197 5.72765e-5 -0.000963186 -0.000861613 0.00319348 0.00552107; -0.00793197 0.00510122 -2.53534e-5 0.000284167 0.000375042 -0.00237591 -0.00436646; 5.72765e-5 -2.53534e-5 1.49534e-5 -6.51059e-5 -7.85304e-5 0.000105998 -9.413e-6; -0.000963186 0.000284167 -6.51059e-5 0.0151038 0.00814629 -0.0169514 0.000283384; -0.000861613 0.000375042 -7.85304e-5 0.00814629 0.00501089 -0.0105786 -8.7959e-5; 0.00319348 -0.00237591 0.000105998 -0.0169514 -0.0105786 0.0264267 0.00305833; 0.00552107 -0.00436646 -9.413e-6 0.000283384 -8.7959e-5 0.00305833 0.00566386]
Iteration: 1
Covariance:
[0.0202294 -0.011422 8.24782e-5 -0.00138699 -0.00124072 0.00459861 0.00795034; -0.011422 0.00734576 -3.6509e-5 0.0004092 0.00054006 -0.00342131 -0.0062877; 8.24782e-5 -3.6509e-5 2.15329e-5 -9.37526e-5 -0.000113084 0.000152638 -1.35547e-5; -0.00138699 0.0004092 -9.37526e-5 0.0217495 0.0117307 -0.02441 0.000408073; -0.00124072 0.00054006 -0.000113084 0.0117307 0.00721569 -0.0152332 -0.000126661; 0.00459861 -0.00342131 0.000152638 -0.02441 -0.0152332 0.0380544 0.004404; 0.00795034 -0.0062877 -1.35547e-5 0.000408073 -0.000126661 0.004404 0.00815595]
Iteration: 1
Covariance:
[0.0202294 -0.011422 8.24782e-5 -0.00138699 -0.00124072 0.00459861 0.00795034; -0.011422 0.00734576 -3.6509e-5 0.0004092 0.00054006 -0.00342131 -0.0062877; 8.24782e-5 -3.6509e-5 2.15329e-5 -9.37526e-5 -0.000113084 0.000152638 -1.35547e-5; -0.00138699 0.0004092 -9.37526e-5 0.0217495 0.0117307 -0.02441 0.000408073; -0.00124072 0.00054006 -0.000113084 0.0117307 0.00721569 -0.0152332 -0.000126661; 0.00459861 -0.00342131 0.000152638 -0.02441 -0.0152332 0.0380544 0.004404; 0.00795034 -0.0062877 -1.35547e-5 0.000408073 -0.000126661 0.004404 0.00815595]
Loglik start: -181345.1580 
elapsed time: 7986.935396758 seconds
Ending DA-GP-MCMC with adaptive RW estimating 7 parameters
Algorithm: MCWM
Adaptation algorithm: noAdaptation
Prior distribution: Normal
Particle filter: parallel_bootstrap
Time pre-er:  0
Time fit GP model:  0
Time er-part:  7987
Number early-rejections: 747
Number of cases directly to ordinary MH: 0
Number of cases directly to ordinary MH accepted: 0
Number cases in in DA part: 999
Number cases in second stage: 252
Number accepted in second stage: 1
Total number of evaluations of the particle filter: 252
Acceptance rate for ordinary MH accepted: NaN
Acceptance rate a_1: 25.2252
Acceptance rate a_2: 0.3968
Acceptance rate a_1*a_2: 0.1001
Acceptance rate a (for entier algorithm): 0.1000
#####################################################################
Iterstion:
6
#####################################################################
Starting DA-GP-MCMC estimating 7 parameters 
MCMC algorithm: MCWM
Adaptation algorithm: noAdaptation
Prior distribution: Normal
Particle filter: parallel_bootstrap, on 4 cores
Nbr particles for particle filter: 1200
Covariance - kernel_MH_direct:
[0.0140482 -0.00793197 5.72765e-5 -0.000963186 -0.000861613 0.00319348 0.00552107; -0.00793197 0.00510122 -2.53534e-5 0.000284167 0.000375042 -0.00237591 -0.00436646; 5.72765e-5 -2.53534e-5 1.49534e-5 -6.51059e-5 -7.85304e-5 0.000105998 -9.413e-6; -0.000963186 0.000284167 -6.51059e-5 0.0151038 0.00814629 -0.0169514 0.000283384; -0.000861613 0.000375042 -7.85304e-5 0.00814629 0.00501089 -0.0105786 -8.7959e-5; 0.00319348 -0.00237591 0.000105998 -0.0169514 -0.0105786 0.0264267 0.00305833; 0.00552107 -0.00436646 -9.413e-6 0.000283384 -8.7959e-5 0.00305833 0.00566386]
Iteration: 1
Covariance:
[0.0202294 -0.011422 8.24782e-5 -0.00138699 -0.00124072 0.00459861 0.00795034; -0.011422 0.00734576 -3.6509e-5 0.0004092 0.00054006 -0.00342131 -0.0062877; 8.24782e-5 -3.6509e-5 2.15329e-5 -9.37526e-5 -0.000113084 0.000152638 -1.35547e-5; -0.00138699 0.0004092 -9.37526e-5 0.0217495 0.0117307 -0.02441 0.000408073; -0.00124072 0.00054006 -0.000113084 0.0117307 0.00721569 -0.0152332 -0.000126661; 0.00459861 -0.00342131 0.000152638 -0.02441 -0.0152332 0.0380544 0.004404; 0.00795034 -0.0062877 -1.35547e-5 0.000408073 -0.000126661 0.004404 0.00815595]
Iteration: 1
Covariance:
[0.0202294 -0.011422 8.24782e-5 -0.00138699 -0.00124072 0.00459861 0.00795034; -0.011422 0.00734576 -3.6509e-5 0.0004092 0.00054006 -0.00342131 -0.0062877; 8.24782e-5 -3.6509e-5 2.15329e-5 -9.37526e-5 -0.000113084 0.000152638 -1.35547e-5; -0.00138699 0.0004092 -9.37526e-5 0.0217495 0.0117307 -0.02441 0.000408073; -0.00124072 0.00054006 -0.000113084 0.0117307 0.00721569 -0.0152332 -0.000126661; 0.00459861 -0.00342131 0.000152638 -0.02441 -0.0152332 0.0380544 0.004404; 0.00795034 -0.0062877 -1.35547e-5 0.000408073 -0.000126661 0.004404 0.00815595]
Loglik start: -181351.8565 
elapsed time: 8833.497847786 seconds
Ending DA-GP-MCMC with adaptive RW estimating 7 parameters
Algorithm: MCWM
Adaptation algorithm: noAdaptation
Prior distribution: Normal
Particle filter: parallel_bootstrap
Time pre-er:  0
Time fit GP model:  0
Time er-part:  8833
Number early-rejections: 720
Number of cases directly to ordinary MH: 0
Number of cases directly to ordinary MH accepted: 0
Number cases in in DA part: 999
Number cases in second stage: 279
Number accepted in second stage: 14
Total number of evaluations of the particle filter: 279
Acceptance rate for ordinary MH accepted: NaN
Acceptance rate a_1: 27.9279
Acceptance rate a_2: 5.0179
Acceptance rate a_1*a_2: 1.4014
Acceptance rate a (for entier algorithm): 1.4000
#####################################################################
Iterstion:
7
#####################################################################
Starting DA-GP-MCMC estimating 7 parameters 
MCMC algorithm: MCWM
Adaptation algorithm: noAdaptation
Prior distribution: Normal
Particle filter: parallel_bootstrap, on 4 cores
Nbr particles for particle filter: 1200
Covariance - kernel_MH_direct:
[0.0140482 -0.00793197 5.72765e-5 -0.000963186 -0.000861613 0.00319348 0.00552107; -0.00793197 0.00510122 -2.53534e-5 0.000284167 0.000375042 -0.00237591 -0.00436646; 5.72765e-5 -2.53534e-5 1.49534e-5 -6.51059e-5 -7.85304e-5 0.000105998 -9.413e-6; -0.000963186 0.000284167 -6.51059e-5 0.0151038 0.00814629 -0.0169514 0.000283384; -0.000861613 0.000375042 -7.85304e-5 0.00814629 0.00501089 -0.0105786 -8.7959e-5; 0.00319348 -0.00237591 0.000105998 -0.0169514 -0.0105786 0.0264267 0.00305833; 0.00552107 -0.00436646 -9.413e-6 0.000283384 -8.7959e-5 0.00305833 0.00566386]
Iteration: 1
Covariance:
[0.0202294 -0.011422 8.24782e-5 -0.00138699 -0.00124072 0.00459861 0.00795034; -0.011422 0.00734576 -3.6509e-5 0.0004092 0.00054006 -0.00342131 -0.0062877; 8.24782e-5 -3.6509e-5 2.15329e-5 -9.37526e-5 -0.000113084 0.000152638 -1.35547e-5; -0.00138699 0.0004092 -9.37526e-5 0.0217495 0.0117307 -0.02441 0.000408073; -0.00124072 0.00054006 -0.000113084 0.0117307 0.00721569 -0.0152332 -0.000126661; 0.00459861 -0.00342131 0.000152638 -0.02441 -0.0152332 0.0380544 0.004404; 0.00795034 -0.0062877 -1.35547e-5 0.000408073 -0.000126661 0.004404 0.00815595]
Iteration: 1
Covariance:
[0.0202294 -0.011422 8.24782e-5 -0.00138699 -0.00124072 0.00459861 0.00795034; -0.011422 0.00734576 -3.6509e-5 0.0004092 0.00054006 -0.00342131 -0.0062877; 8.24782e-5 -3.6509e-5 2.15329e-5 -9.37526e-5 -0.000113084 0.000152638 -1.35547e-5; -0.00138699 0.0004092 -9.37526e-5 0.0217495 0.0117307 -0.02441 0.000408073; -0.00124072 0.00054006 -0.000113084 0.0117307 0.00721569 -0.0152332 -0.000126661; 0.00459861 -0.00342131 0.000152638 -0.02441 -0.0152332 0.0380544 0.004404; 0.00795034 -0.0062877 -1.35547e-5 0.000408073 -0.000126661 0.004404 0.00815595]
Loglik start: -181344.5453 
elapsed time: 8863.161100984 seconds
Ending DA-GP-MCMC with adaptive RW estimating 7 parameters
Algorithm: MCWM
Adaptation algorithm: noAdaptation
Prior distribution: Normal
Particle filter: parallel_bootstrap
Time pre-er:  0
Time fit GP model:  0
Time er-part:  8863
Number early-rejections: 719
Number of cases directly to ordinary MH: 0
Number of cases directly to ordinary MH accepted: 0
Number cases in in DA part: 999
Number cases in second stage: 280
Number accepted in second stage: 19
Total number of evaluations of the particle filter: 280
Acceptance rate for ordinary MH accepted: NaN
Acceptance rate a_1: 28.0280
Acceptance rate a_2: 6.7857
Acceptance rate a_1*a_2: 1.9019
Acceptance rate a (for entier algorithm): 1.9000
#####################################################################
Iterstion:
8
#####################################################################
Starting DA-GP-MCMC estimating 7 parameters 
MCMC algorithm: MCWM
Adaptation algorithm: noAdaptation
Prior distribution: Normal
Particle filter: parallel_bootstrap, on 4 cores
Nbr particles for particle filter: 1200
Covariance - kernel_MH_direct:
[0.0140482 -0.00793197 5.72765e-5 -0.000963186 -0.000861613 0.00319348 0.00552107; -0.00793197 0.00510122 -2.53534e-5 0.000284167 0.000375042 -0.00237591 -0.00436646; 5.72765e-5 -2.53534e-5 1.49534e-5 -6.51059e-5 -7.85304e-5 0.000105998 -9.413e-6; -0.000963186 0.000284167 -6.51059e-5 0.0151038 0.00814629 -0.0169514 0.000283384; -0.000861613 0.000375042 -7.85304e-5 0.00814629 0.00501089 -0.0105786 -8.7959e-5; 0.00319348 -0.00237591 0.000105998 -0.0169514 -0.0105786 0.0264267 0.00305833; 0.00552107 -0.00436646 -9.413e-6 0.000283384 -8.7959e-5 0.00305833 0.00566386]
Iteration: 1
Covariance:
[0.0202294 -0.011422 8.24782e-5 -0.00138699 -0.00124072 0.00459861 0.00795034; -0.011422 0.00734576 -3.6509e-5 0.0004092 0.00054006 -0.00342131 -0.0062877; 8.24782e-5 -3.6509e-5 2.15329e-5 -9.37526e-5 -0.000113084 0.000152638 -1.35547e-5; -0.00138699 0.0004092 -9.37526e-5 0.0217495 0.0117307 -0.02441 0.000408073; -0.00124072 0.00054006 -0.000113084 0.0117307 0.00721569 -0.0152332 -0.000126661; 0.00459861 -0.00342131 0.000152638 -0.02441 -0.0152332 0.0380544 0.004404; 0.00795034 -0.0062877 -1.35547e-5 0.000408073 -0.000126661 0.004404 0.00815595]
Iteration: 1
Covariance:
[0.0202294 -0.011422 8.24782e-5 -0.00138699 -0.00124072 0.00459861 0.00795034; -0.011422 0.00734576 -3.6509e-5 0.0004092 0.00054006 -0.00342131 -0.0062877; 8.24782e-5 -3.6509e-5 2.15329e-5 -9.37526e-5 -0.000113084 0.000152638 -1.35547e-5; -0.00138699 0.0004092 -9.37526e-5 0.0217495 0.0117307 -0.02441 0.000408073; -0.00124072 0.00054006 -0.000113084 0.0117307 0.00721569 -0.0152332 -0.000126661; 0.00459861 -0.00342131 0.000152638 -0.02441 -0.0152332 0.0380544 0.004404; 0.00795034 -0.0062877 -1.35547e-5 0.000408073 -0.000126661 0.004404 0.00815595]
Loglik start: -181340.5851 
elapsed time: 8850.393738107 seconds
Ending DA-GP-MCMC with adaptive RW estimating 7 parameters
Algorithm: MCWM
Adaptation algorithm: noAdaptation
Prior distribution: Normal
Particle filter: parallel_bootstrap
Time pre-er:  0
Time fit GP model:  0
Time er-part:  8850
Number early-rejections: 719
Number of cases directly to ordinary MH: 0
Number of cases directly to ordinary MH accepted: 0
Number cases in in DA part: 999
Number cases in second stage: 280
Number accepted in second stage: 15
Total number of evaluations of the particle filter: 280
Acceptance rate for ordinary MH accepted: NaN
Acceptance rate a_1: 28.0280
Acceptance rate a_2: 5.3571
Acceptance rate a_1*a_2: 1.5015
Acceptance rate a (for entier algorithm): 1.5000
#####################################################################
Iterstion:
9
#####################################################################
Starting DA-GP-MCMC estimating 7 parameters 
MCMC algorithm: MCWM
Adaptation algorithm: noAdaptation
Prior distribution: Normal
Particle filter: parallel_bootstrap, on 4 cores
Nbr particles for particle filter: 1200
Covariance - kernel_MH_direct:
[0.0140482 -0.00793197 5.72765e-5 -0.000963186 -0.000861613 0.00319348 0.00552107; -0.00793197 0.00510122 -2.53534e-5 0.000284167 0.000375042 -0.00237591 -0.00436646; 5.72765e-5 -2.53534e-5 1.49534e-5 -6.51059e-5 -7.85304e-5 0.000105998 -9.413e-6; -0.000963186 0.000284167 -6.51059e-5 0.0151038 0.00814629 -0.0169514 0.000283384; -0.000861613 0.000375042 -7.85304e-5 0.00814629 0.00501089 -0.0105786 -8.7959e-5; 0.00319348 -0.00237591 0.000105998 -0.0169514 -0.0105786 0.0264267 0.00305833; 0.00552107 -0.00436646 -9.413e-6 0.000283384 -8.7959e-5 0.00305833 0.00566386]
Iteration: 1
Covariance:
[0.0202294 -0.011422 8.24782e-5 -0.00138699 -0.00124072 0.00459861 0.00795034; -0.011422 0.00734576 -3.6509e-5 0.0004092 0.00054006 -0.00342131 -0.0062877; 8.24782e-5 -3.6509e-5 2.15329e-5 -9.37526e-5 -0.000113084 0.000152638 -1.35547e-5; -0.00138699 0.0004092 -9.37526e-5 0.0217495 0.0117307 -0.02441 0.000408073; -0.00124072 0.00054006 -0.000113084 0.0117307 0.00721569 -0.0152332 -0.000126661; 0.00459861 -0.00342131 0.000152638 -0.02441 -0.0152332 0.0380544 0.004404; 0.00795034 -0.0062877 -1.35547e-5 0.000408073 -0.000126661 0.004404 0.00815595]
Iteration: 1
Covariance:
[0.0202294 -0.011422 8.24782e-5 -0.00138699 -0.00124072 0.00459861 0.00795034; -0.011422 0.00734576 -3.6509e-5 0.0004092 0.00054006 -0.00342131 -0.0062877; 8.24782e-5 -3.6509e-5 2.15329e-5 -9.37526e-5 -0.000113084 0.000152638 -1.35547e-5; -0.00138699 0.0004092 -9.37526e-5 0.0217495 0.0117307 -0.02441 0.000408073; -0.00124072 0.00054006 -0.000113084 0.0117307 0.00721569 -0.0152332 -0.000126661; 0.00459861 -0.00342131 0.000152638 -0.02441 -0.0152332 0.0380544 0.004404; 0.00795034 -0.0062877 -1.35547e-5 0.000408073 -0.000126661 0.004404 0.00815595]
Loglik start: -181350.1952 
elapsed time: 9842.863491232 seconds
Ending DA-GP-MCMC with adaptive RW estimating 7 parameters
Algorithm: MCWM
Adaptation algorithm: noAdaptation
Prior distribution: Normal
Particle filter: parallel_bootstrap
Time pre-er:  0
Time fit GP model:  0
Time er-part:  9843
Number early-rejections: 688
Number of cases directly to ordinary MH: 0
Number of cases directly to ordinary MH accepted: 0
Number cases in in DA part: 999
Number cases in second stage: 311
Number accepted in second stage: 23
Total number of evaluations of the particle filter: 311
Acceptance rate for ordinary MH accepted: NaN
Acceptance rate a_1: 31.1311
Acceptance rate a_2: 7.3955
Acceptance rate a_1*a_2: 2.3023
Acceptance rate a (for entier algorithm): 2.3000
#####################################################################
Iterstion:
10
#####################################################################
Starting DA-GP-MCMC estimating 7 parameters 
MCMC algorithm: MCWM
Adaptation algorithm: noAdaptation
Prior distribution: Normal
Particle filter: parallel_bootstrap, on 4 cores
Nbr particles for particle filter: 1200
Covariance - kernel_MH_direct:
[0.0140482 -0.00793197 5.72765e-5 -0.000963186 -0.000861613 0.00319348 0.00552107; -0.00793197 0.00510122 -2.53534e-5 0.000284167 0.000375042 -0.00237591 -0.00436646; 5.72765e-5 -2.53534e-5 1.49534e-5 -6.51059e-5 -7.85304e-5 0.000105998 -9.413e-6; -0.000963186 0.000284167 -6.51059e-5 0.0151038 0.00814629 -0.0169514 0.000283384; -0.000861613 0.000375042 -7.85304e-5 0.00814629 0.00501089 -0.0105786 -8.7959e-5; 0.00319348 -0.00237591 0.000105998 -0.0169514 -0.0105786 0.0264267 0.00305833; 0.00552107 -0.00436646 -9.413e-6 0.000283384 -8.7959e-5 0.00305833 0.00566386]
Iteration: 1
Covariance:
[0.0202294 -0.011422 8.24782e-5 -0.00138699 -0.00124072 0.00459861 0.00795034; -0.011422 0.00734576 -3.6509e-5 0.0004092 0.00054006 -0.00342131 -0.0062877; 8.24782e-5 -3.6509e-5 2.15329e-5 -9.37526e-5 -0.000113084 0.000152638 -1.35547e-5; -0.00138699 0.0004092 -9.37526e-5 0.0217495 0.0117307 -0.02441 0.000408073; -0.00124072 0.00054006 -0.000113084 0.0117307 0.00721569 -0.0152332 -0.000126661; 0.00459861 -0.00342131 0.000152638 -0.02441 -0.0152332 0.0380544 0.004404; 0.00795034 -0.0062877 -1.35547e-5 0.000408073 -0.000126661 0.004404 0.00815595]
Iteration: 1
Covariance:
[0.0202294 -0.011422 8.24782e-5 -0.00138699 -0.00124072 0.00459861 0.00795034; -0.011422 0.00734576 -3.6509e-5 0.0004092 0.00054006 -0.00342131 -0.0062877; 8.24782e-5 -3.6509e-5 2.15329e-5 -9.37526e-5 -0.000113084 0.000152638 -1.35547e-5; -0.00138699 0.0004092 -9.37526e-5 0.0217495 0.0117307 -0.02441 0.000408073; -0.00124072 0.00054006 -0.000113084 0.0117307 0.00721569 -0.0152332 -0.000126661; 0.00459861 -0.00342131 0.000152638 -0.02441 -0.0152332 0.0380544 0.004404; 0.00795034 -0.0062877 -1.35547e-5 0.000408073 -0.000126661 0.004404 0.00815595]
Loglik start: -181351.3801 
elapsed time: 9302.844683227 seconds
Ending DA-GP-MCMC with adaptive RW estimating 7 parameters
Algorithm: MCWM
Adaptation algorithm: noAdaptation
Prior distribution: Normal
Particle filter: parallel_bootstrap
Time pre-er:  0
Time fit GP model:  0
Time er-part:  9303
Number early-rejections: 705
Number of cases directly to ordinary MH: 0
Number of cases directly to ordinary MH accepted: 0
Number cases in in DA part: 999
Number cases in second stage: 294
Number accepted in second stage: 24
Total number of evaluations of the particle filter: 294
Acceptance rate for ordinary MH accepted: NaN
Acceptance rate a_1: 29.4294
Acceptance rate a_2: 8.1633
Acceptance rate a_1*a_2: 2.4024
Acceptance rate a (for entier algorithm): 2.4000
#####################################################################
Est prob:
[0.183461,0.93822,0.816539,0.0617804]
Iterstion:
1
#####################################################################
Starting ADA-GP-MCMC with adaptive RW estimating 7 parameters
MCMC algorithm: MCWM
Adaptation algorithm: noAdaptation
Select case model: DT
Prior distribution: Normal
Particle filter: parallel_bootstrap, on 4 cores
Nbr particles for particle filter: 1200
Covariance - kernel_MH_direct:
[0.0140482 -0.00793197 5.72765e-5 -0.000963186 -0.000861613 0.00319348 0.00552107; -0.00793197 0.00510122 -2.53534e-5 0.000284167 0.000375042 -0.00237591 -0.00436646; 5.72765e-5 -2.53534e-5 1.49534e-5 -6.51059e-5 -7.85304e-5 0.000105998 -9.413e-6; -0.000963186 0.000284167 -6.51059e-5 0.0151038 0.00814629 -0.0169514 0.000283384; -0.000861613 0.000375042 -7.85304e-5 0.00814629 0.00501089 -0.0105786 -8.7959e-5; 0.00319348 -0.00237591 0.000105998 -0.0169514 -0.0105786 0.0264267 0.00305833; 0.00552107 -0.00436646 -9.413e-6 0.000283384 -8.7959e-5 0.00305833 0.00566386]
Iteration: 1
Covariance:
[0.0202294 -0.011422 8.24782e-5 -0.00138699 -0.00124072 0.00459861 0.00795034; -0.011422 0.00734576 -3.6509e-5 0.0004092 0.00054006 -0.00342131 -0.0062877; 8.24782e-5 -3.6509e-5 2.15329e-5 -9.37526e-5 -0.000113084 0.000152638 -1.35547e-5; -0.00138699 0.0004092 -9.37526e-5 0.0217495 0.0117307 -0.02441 0.000408073; -0.00124072 0.00054006 -0.000113084 0.0117307 0.00721569 -0.0152332 -0.000126661; 0.00459861 -0.00342131 0.000152638 -0.02441 -0.0152332 0.0380544 0.004404; 0.00795034 -0.0062877 -1.35547e-5 0.000408073 -0.000126661 0.004404 0.00815595]
Iteration: 1
Covariance:
[0.0202294 -0.011422 8.24782e-5 -0.00138699 -0.00124072 0.00459861 0.00795034; -0.011422 0.00734576 -3.6509e-5 0.0004092 0.00054006 -0.00342131 -0.0062877; 8.24782e-5 -3.6509e-5 2.15329e-5 -9.37526e-5 -0.000113084 0.000152638 -1.35547e-5; -0.00138699 0.0004092 -9.37526e-5 0.0217495 0.0117307 -0.02441 0.000408073; -0.00124072 0.00054006 -0.000113084 0.0117307 0.00721569 -0.0152332 -0.000126661; 0.00459861 -0.00342131 0.000152638 -0.02441 -0.0152332 0.0380544 0.004404; 0.00795034 -0.0062877 -1.35547e-5 0.000408073 -0.000126661 0.004404 0.00815595]
Loglik: -181347.1610 
elapsed time: 3518.213354948 seconds
Ending ADA-GP-MCMC with adaptive RW estimating 7 parameters
Algorithm: MCWM
Adaptation algorithm: noAdaptation
Prior distribution: Normal
Particel filter: parallel_bootstrap
Time consumption:Time pre-er:  0
Time fit GP model:  0
Time er-part:  3518
Number early-rejections: 721
Number of cases directly to ordinary MH: 0
Number split acceptance region early-accept: 2
Number split acceptance region early-reject: 164
Number cases in DA part: 999
Number cases in second stage: 278
Number accepted in second stage: 17
Total number of evaluations of the particle filter: 110
Acceptance rate for ordinary MH accepted: NaN
Acceptance rate a_1: 27.8278
Acceptance rate a_2: 6.1151
Acceptance rate a_1*a_2: 1.7017
Acceptance rate a (for entier algorithm): 1.7000
Number case 1 or 3: 221
Number case 2 or 4: 57
Number case 1: 47, 0.2127 % of all cases
Number case 2: 55, 0.9649 % of all cases
Number case 3: 174, 0.7873 % of all cases
Number case 4: 2, 0.0351 % of all cases
Number pf runs in case 1: 45, prob pf given case 1 95.7447 %
Number pf runs in case 2: 55, prob pf given case 2 100.0000 %
Number pf runs in case 3: 10, prob pf given case 3 5.7471 %
Number pf runs in case 4: 0, prob pf given case 4 0.0000 %
#####################################################################
Iterstion:
2
#####################################################################
Starting ADA-GP-MCMC with adaptive RW estimating 7 parameters
MCMC algorithm: MCWM
Adaptation algorithm: noAdaptation
Select case model: DT
Prior distribution: Normal
Particle filter: parallel_bootstrap, on 4 cores
Nbr particles for particle filter: 1200
Covariance - kernel_MH_direct:
[0.0140482 -0.00793197 5.72765e-5 -0.000963186 -0.000861613 0.00319348 0.00552107; -0.00793197 0.00510122 -2.53534e-5 0.000284167 0.000375042 -0.00237591 -0.00436646; 5.72765e-5 -2.53534e-5 1.49534e-5 -6.51059e-5 -7.85304e-5 0.000105998 -9.413e-6; -0.000963186 0.000284167 -6.51059e-5 0.0151038 0.00814629 -0.0169514 0.000283384; -0.000861613 0.000375042 -7.85304e-5 0.00814629 0.00501089 -0.0105786 -8.7959e-5; 0.00319348 -0.00237591 0.000105998 -0.0169514 -0.0105786 0.0264267 0.00305833; 0.00552107 -0.00436646 -9.413e-6 0.000283384 -8.7959e-5 0.00305833 0.00566386]
Iteration: 1
Covariance:
[0.0202294 -0.011422 8.24782e-5 -0.00138699 -0.00124072 0.00459861 0.00795034; -0.011422 0.00734576 -3.6509e-5 0.0004092 0.00054006 -0.00342131 -0.0062877; 8.24782e-5 -3.6509e-5 2.15329e-5 -9.37526e-5 -0.000113084 0.000152638 -1.35547e-5; -0.00138699 0.0004092 -9.37526e-5 0.0217495 0.0117307 -0.02441 0.000408073; -0.00124072 0.00054006 -0.000113084 0.0117307 0.00721569 -0.0152332 -0.000126661; 0.00459861 -0.00342131 0.000152638 -0.02441 -0.0152332 0.0380544 0.004404; 0.00795034 -0.0062877 -1.35547e-5 0.000408073 -0.000126661 0.004404 0.00815595]
Iteration: 1
Covariance:
[0.0202294 -0.011422 8.24782e-5 -0.00138699 -0.00124072 0.00459861 0.00795034; -0.011422 0.00734576 -3.6509e-5 0.0004092 0.00054006 -0.00342131 -0.0062877; 8.24782e-5 -3.6509e-5 2.15329e-5 -9.37526e-5 -0.000113084 0.000152638 -1.35547e-5; -0.00138699 0.0004092 -9.37526e-5 0.0217495 0.0117307 -0.02441 0.000408073; -0.00124072 0.00054006 -0.000113084 0.0117307 0.00721569 -0.0152332 -0.000126661; 0.00459861 -0.00342131 0.000152638 -0.02441 -0.0152332 0.0380544 0.004404; 0.00795034 -0.0062877 -1.35547e-5 0.000408073 -0.000126661 0.004404 0.00815595]
Loglik: -181347.5606 
elapsed time: 3217.809722695 seconds
Ending ADA-GP-MCMC with adaptive RW estimating 7 parameters
Algorithm: MCWM
Adaptation algorithm: noAdaptation
Prior distribution: Normal
Particel filter: parallel_bootstrap
Time consumption:Time pre-er:  0
Time fit GP model:  0
Time er-part:  3218
Number early-rejections: 674
Number of cases directly to ordinary MH: 0
Number split acceptance region early-accept: 2
Number split acceptance region early-reject: 219
Number cases in DA part: 999
Number cases in second stage: 325
Number accepted in second stage: 17
Total number of evaluations of the particle filter: 100
Acceptance rate for ordinary MH accepted: NaN
Acceptance rate a_1: 32.5325
Acceptance rate a_2: 5.2308
Acceptance rate a_1*a_2: 1.7017
Acceptance rate a (for entier algorithm): 1.7000
Number case 1 or 3: 272
Number case 2 or 4: 53
Number case 1: 43, 0.1581 % of all cases
Number case 2: 49, 0.9245 % of all cases
Number case 3: 229, 0.8419 % of all cases
Number case 4: 4, 0.0755 % of all cases
Number pf runs in case 1: 41, prob pf given case 1 95.3488 %
Number pf runs in case 2: 49, prob pf given case 2 100.0000 %
Number pf runs in case 3: 10, prob pf given case 3 4.3668 %
Number pf runs in case 4: 0, prob pf given case 4 0.0000 %
#####################################################################
Iterstion:
3
#####################################################################
Starting ADA-GP-MCMC with adaptive RW estimating 7 parameters
MCMC algorithm: MCWM
Adaptation algorithm: noAdaptation
Select case model: DT
Prior distribution: Normal
Particle filter: parallel_bootstrap, on 4 cores
Nbr particles for particle filter: 1200
Covariance - kernel_MH_direct:
[0.0140482 -0.00793197 5.72765e-5 -0.000963186 -0.000861613 0.00319348 0.00552107; -0.00793197 0.00510122 -2.53534e-5 0.000284167 0.000375042 -0.00237591 -0.00436646; 5.72765e-5 -2.53534e-5 1.49534e-5 -6.51059e-5 -7.85304e-5 0.000105998 -9.413e-6; -0.000963186 0.000284167 -6.51059e-5 0.0151038 0.00814629 -0.0169514 0.000283384; -0.000861613 0.000375042 -7.85304e-5 0.00814629 0.00501089 -0.0105786 -8.7959e-5; 0.00319348 -0.00237591 0.000105998 -0.0169514 -0.0105786 0.0264267 0.00305833; 0.00552107 -0.00436646 -9.413e-6 0.000283384 -8.7959e-5 0.00305833 0.00566386]
Iteration: 1
Covariance:
[0.0202294 -0.011422 8.24782e-5 -0.00138699 -0.00124072 0.00459861 0.00795034; -0.011422 0.00734576 -3.6509e-5 0.0004092 0.00054006 -0.00342131 -0.0062877; 8.24782e-5 -3.6509e-5 2.15329e-5 -9.37526e-5 -0.000113084 0.000152638 -1.35547e-5; -0.00138699 0.0004092 -9.37526e-5 0.0217495 0.0117307 -0.02441 0.000408073; -0.00124072 0.00054006 -0.000113084 0.0117307 0.00721569 -0.0152332 -0.000126661; 0.00459861 -0.00342131 0.000152638 -0.02441 -0.0152332 0.0380544 0.004404; 0.00795034 -0.0062877 -1.35547e-5 0.000408073 -0.000126661 0.004404 0.00815595]
Iteration: 1
Covariance:
[0.0202294 -0.011422 8.24782e-5 -0.00138699 -0.00124072 0.00459861 0.00795034; -0.011422 0.00734576 -3.6509e-5 0.0004092 0.00054006 -0.00342131 -0.0062877; 8.24782e-5 -3.6509e-5 2.15329e-5 -9.37526e-5 -0.000113084 0.000152638 -1.35547e-5; -0.00138699 0.0004092 -9.37526e-5 0.0217495 0.0117307 -0.02441 0.000408073; -0.00124072 0.00054006 -0.000113084 0.0117307 0.00721569 -0.0152332 -0.000126661; 0.00459861 -0.00342131 0.000152638 -0.02441 -0.0152332 0.0380544 0.004404; 0.00795034 -0.0062877 -1.35547e-5 0.000408073 -0.000126661 0.004404 0.00815595]
Loglik: -181346.7843 
elapsed time: 3512.53286631 seconds
