Mean:
[-1.14895; -0.147567; 3.34916; 1.43528; 0.429473; 0.54436; 0.688795]
Std:
[0.158764; 0.0923237; 0.00542194; 0.185747; 0.104187; 0.232117; 0.104036]
[-1.15597 -1.09099 -1.07286 -1.09281 -0.99141 -1.22307 -1.04742 -1.02491 -1.18789 -0.950855; -0.181067 -0.198142 -0.231612 -0.179879 -0.242153 -0.114977 -0.235622 -0.232284 -0.124784 -0.284238; 3.34827 3.35369 3.35359 3.35208 3.34811 3.35387 3.34917 3.35209 3.35098 3.35407; 1.52129 1.65623 1.5741 1.57108 1.57146 1.52946 1.23641 1.78406 1.76197 1.6442; 0.490824 0.500981 0.464878 0.52248 0.508929 0.524283 0.357845 0.612692 0.617113 0.579527; 0.474426 0.410375 0.528602 0.308163 0.458592 0.260934 0.660124 0.154637 0.108638 0.247919; 0.709019 0.750015 0.818421 0.678527 0.734991 0.646468 0.738768 0.746299 0.635516 0.804504; -1.53908e5 -153905.0 -1.53909e5 -1.53909e5 -153909.0 -1.5392e5 -153915.0 -1.53916e5 -1.53909e5 -1.53929e5]Starting ml estimationLength of training data: 4950Start values for optimization:
[-2.22559e6; -4108.38; -10918.9; 1.23482e6; -52986.8; 1.61179e5; 28039.3; -10364.1; -2268.8; -11601.6; -1.8434e5; -1592.0; -11753.8; -1064.0; -2398.48; -9633.55; -73.9242; -19.9231; -472.883; -221.488; -2836.84; 564.081; -176.859; 730.894; 189.807; -8230.07; 16250.6; -47834.5; -7898.66; 2220.77; 6686.71; 537.955; -110.936; -5367.41; 2850.83; 1246.95; 2.7328; 2.38622; -1.84827; -2.39488; -5.22343; -1.6888; -2.26669; -1.46775; -2.27935]Iter     Function value   Gradient norm 
     0     2.936596e+04     1.687718e+07
     1     2.900948e+04     5.731561e+06
     2     2.900951e+04     6.686027e+03
Estimated parameters of the GP model:
Estimated Β:s:
[-2.22559e6,-4108.38,-10918.9,1.23482e6,-52986.8,1.61179e5,28039.3,-10364.1,-2268.8,-11601.6,-1.8434e5,-1592.0,-11753.8,-1064.0,-2398.48,-9633.55,-73.9242,-19.9231,-472.883,-221.488,-2836.84,564.081,-176.859,730.894,189.807,-8230.07,16250.6,-47834.5,-7898.66,2220.77,6686.71,537.955,-110.936,-5367.41,2850.83,1246.95]
Estimated log Φ:s:
[2.73278,2.38393,-1.83533,-2.37859,-4.68697,-1.68001,-2.25361,-1.46056,-2.25682]
elapsed time: 988.902437397 seconds
Iterstion:
1
#####################################################################
Starting DA-GP-MCMC estimating 7 parameters 
MCMC algorithm: MCWM
Adaptation algorithm: noAdaptation
Prior distribution: Normal
Particle filter: parallel_bootstrap, on 4 cores
Nbr particles for particle filter: 1200
Covariance - kernel_MH_direct:
[0.0140482 -0.00793197 5.72765e-5 -0.000963186 -0.000861613 0.00319348 0.00552107; -0.00793197 0.00510122 -2.53534e-5 0.000284167 0.000375042 -0.00237591 -0.00436646; 5.72765e-5 -2.53534e-5 1.49534e-5 -6.51059e-5 -7.85304e-5 0.000105998 -9.413e-6; -0.000963186 0.000284167 -6.51059e-5 0.0151038 0.00814629 -0.0169514 0.000283384; -0.000861613 0.000375042 -7.85304e-5 0.00814629 0.00501089 -0.0105786 -8.7959e-5; 0.00319348 -0.00237591 0.000105998 -0.0169514 -0.0105786 0.0264267 0.00305833; 0.00552107 -0.00436646 -9.413e-6 0.000283384 -8.7959e-5 0.00305833 0.00566386]
Iteration: 1
Covariance:
[0.0202294 -0.011422 8.24782e-5 -0.00138699 -0.00124072 0.00459861 0.00795034; -0.011422 0.00734576 -3.6509e-5 0.0004092 0.00054006 -0.00342131 -0.0062877; 8.24782e-5 -3.6509e-5 2.15329e-5 -9.37526e-5 -0.000113084 0.000152638 -1.35547e-5; -0.00138699 0.0004092 -9.37526e-5 0.0217495 0.0117307 -0.02441 0.000408073; -0.00124072 0.00054006 -0.000113084 0.0117307 0.00721569 -0.0152332 -0.000126661; 0.00459861 -0.00342131 0.000152638 -0.02441 -0.0152332 0.0380544 0.004404; 0.00795034 -0.0062877 -1.35547e-5 0.000408073 -0.000126661 0.004404 0.00815595]
Iteration: 1
Covariance:
[0.0202294 -0.011422 8.24782e-5 -0.00138699 -0.00124072 0.00459861 0.00795034; -0.011422 0.00734576 -3.6509e-5 0.0004092 0.00054006 -0.00342131 -0.0062877; 8.24782e-5 -3.6509e-5 2.15329e-5 -9.37526e-5 -0.000113084 0.000152638 -1.35547e-5; -0.00138699 0.0004092 -9.37526e-5 0.0217495 0.0117307 -0.02441 0.000408073; -0.00124072 0.00054006 -0.000113084 0.0117307 0.00721569 -0.0152332 -0.000126661; 0.00459861 -0.00342131 0.000152638 -0.02441 -0.0152332 0.0380544 0.004404; 0.00795034 -0.0062877 -1.35547e-5 0.000408073 -0.000126661 0.004404 0.00815595]
Loglik start: -181345.7131 
elapsed time: 8234.75672562 seconds
Ending DA-GP-MCMC with adaptive RW estimating 7 parameters
Algorithm: MCWM
Adaptation algorithm: noAdaptation
Prior distribution: Normal
Particle filter: parallel_bootstrap
Time pre-er:  0
Time fit GP model:  0
Time er-part:  8235
Number early-rejections: 610
Number of cases directly to ordinary MH: 145
Number of cases directly to ordinary MH accepted: 4
Number cases in in DA part: 854
Number cases in second stage: 244
Number accepted in second stage: 6
Total number of evaluations of the particle filter: 389
Acceptance rate for ordinary MH accepted: 2.7586
Acceptance rate a_1: 28.5714
Acceptance rate a_2: 2.4590
Acceptance rate a_1*a_2: 0.7026
Acceptance rate a (for entier algorithm): 1.0000
#####################################################################
Iterstion:
2
#####################################################################
Starting DA-GP-MCMC estimating 7 parameters 
MCMC algorithm: MCWM
Adaptation algorithm: noAdaptation
Prior distribution: Normal
Particle filter: parallel_bootstrap, on 4 cores
Nbr particles for particle filter: 1200
Covariance - kernel_MH_direct:
[0.0140482 -0.00793197 5.72765e-5 -0.000963186 -0.000861613 0.00319348 0.00552107; -0.00793197 0.00510122 -2.53534e-5 0.000284167 0.000375042 -0.00237591 -0.00436646; 5.72765e-5 -2.53534e-5 1.49534e-5 -6.51059e-5 -7.85304e-5 0.000105998 -9.413e-6; -0.000963186 0.000284167 -6.51059e-5 0.0151038 0.00814629 -0.0169514 0.000283384; -0.000861613 0.000375042 -7.85304e-5 0.00814629 0.00501089 -0.0105786 -8.7959e-5; 0.00319348 -0.00237591 0.000105998 -0.0169514 -0.0105786 0.0264267 0.00305833; 0.00552107 -0.00436646 -9.413e-6 0.000283384 -8.7959e-5 0.00305833 0.00566386]
Iteration: 1
Covariance:
[0.0202294 -0.011422 8.24782e-5 -0.00138699 -0.00124072 0.00459861 0.00795034; -0.011422 0.00734576 -3.6509e-5 0.0004092 0.00054006 -0.00342131 -0.0062877; 8.24782e-5 -3.6509e-5 2.15329e-5 -9.37526e-5 -0.000113084 0.000152638 -1.35547e-5; -0.00138699 0.0004092 -9.37526e-5 0.0217495 0.0117307 -0.02441 0.000408073; -0.00124072 0.00054006 -0.000113084 0.0117307 0.00721569 -0.0152332 -0.000126661; 0.00459861 -0.00342131 0.000152638 -0.02441 -0.0152332 0.0380544 0.004404; 0.00795034 -0.0062877 -1.35547e-5 0.000408073 -0.000126661 0.004404 0.00815595]
Iteration: 1
Covariance:
[0.0202294 -0.011422 8.24782e-5 -0.00138699 -0.00124072 0.00459861 0.00795034; -0.011422 0.00734576 -3.6509e-5 0.0004092 0.00054006 -0.00342131 -0.0062877; 8.24782e-5 -3.6509e-5 2.15329e-5 -9.37526e-5 -0.000113084 0.000152638 -1.35547e-5; -0.00138699 0.0004092 -9.37526e-5 0.0217495 0.0117307 -0.02441 0.000408073; -0.00124072 0.00054006 -0.000113084 0.0117307 0.00721569 -0.0152332 -0.000126661; 0.00459861 -0.00342131 0.000152638 -0.02441 -0.0152332 0.0380544 0.004404; 0.00795034 -0.0062877 -1.35547e-5 0.000408073 -0.000126661 0.004404 0.00815595]
Loglik start: -181343.8004 
elapsed time: 8343.95742455 seconds
Ending DA-GP-MCMC with adaptive RW estimating 7 parameters
Algorithm: MCWM
Adaptation algorithm: noAdaptation
Prior distribution: Normal
Particle filter: parallel_bootstrap
Time pre-er:  0
Time fit GP model:  0
Time er-part:  8344
Number early-rejections: 604
Number of cases directly to ordinary MH: 160
Number of cases directly to ordinary MH accepted: 7
Number cases in in DA part: 839
Number cases in second stage: 235
Number accepted in second stage: 9
Total number of evaluations of the particle filter: 395
Acceptance rate for ordinary MH accepted: 4.3750
Acceptance rate a_1: 28.0095
Acceptance rate a_2: 3.8298
Acceptance rate a_1*a_2: 1.0727
Acceptance rate a (for entier algorithm): 1.6000
#####################################################################
Iterstion:
3
#####################################################################
Starting DA-GP-MCMC estimating 7 parameters 
MCMC algorithm: MCWM
Adaptation algorithm: noAdaptation
Prior distribution: Normal
Particle filter: parallel_bootstrap, on 4 cores
Nbr particles for particle filter: 1200
Covariance - kernel_MH_direct:
[0.0140482 -0.00793197 5.72765e-5 -0.000963186 -0.000861613 0.00319348 0.00552107; -0.00793197 0.00510122 -2.53534e-5 0.000284167 0.000375042 -0.00237591 -0.00436646; 5.72765e-5 -2.53534e-5 1.49534e-5 -6.51059e-5 -7.85304e-5 0.000105998 -9.413e-6; -0.000963186 0.000284167 -6.51059e-5 0.0151038 0.00814629 -0.0169514 0.000283384; -0.000861613 0.000375042 -7.85304e-5 0.00814629 0.00501089 -0.0105786 -8.7959e-5; 0.00319348 -0.00237591 0.000105998 -0.0169514 -0.0105786 0.0264267 0.00305833; 0.00552107 -0.00436646 -9.413e-6 0.000283384 -8.7959e-5 0.00305833 0.00566386]
Iteration: 1
Covariance:
[0.0202294 -0.011422 8.24782e-5 -0.00138699 -0.00124072 0.00459861 0.00795034; -0.011422 0.00734576 -3.6509e-5 0.0004092 0.00054006 -0.00342131 -0.0062877; 8.24782e-5 -3.6509e-5 2.15329e-5 -9.37526e-5 -0.000113084 0.000152638 -1.35547e-5; -0.00138699 0.0004092 -9.37526e-5 0.0217495 0.0117307 -0.02441 0.000408073; -0.00124072 0.00054006 -0.000113084 0.0117307 0.00721569 -0.0152332 -0.000126661; 0.00459861 -0.00342131 0.000152638 -0.02441 -0.0152332 0.0380544 0.004404; 0.00795034 -0.0062877 -1.35547e-5 0.000408073 -0.000126661 0.004404 0.00815595]
Iteration: 1
Covariance:
[0.0202294 -0.011422 8.24782e-5 -0.00138699 -0.00124072 0.00459861 0.00795034; -0.011422 0.00734576 -3.6509e-5 0.0004092 0.00054006 -0.00342131 -0.0062877; 8.24782e-5 -3.6509e-5 2.15329e-5 -9.37526e-5 -0.000113084 0.000152638 -1.35547e-5; -0.00138699 0.0004092 -9.37526e-5 0.0217495 0.0117307 -0.02441 0.000408073; -0.00124072 0.00054006 -0.000113084 0.0117307 0.00721569 -0.0152332 -0.000126661; 0.00459861 -0.00342131 0.000152638 -0.02441 -0.0152332 0.0380544 0.004404; 0.00795034 -0.0062877 -1.35547e-5 0.000408073 -0.000126661 0.004404 0.00815595]
Loglik start: -181347.9569 
elapsed time: 8925.780807873 seconds
Ending DA-GP-MCMC with adaptive RW estimating 7 parameters
Algorithm: MCWM
Adaptation algorithm: noAdaptation
Prior distribution: Normal
Particle filter: parallel_bootstrap
Time pre-er:  0
Time fit GP model:  0
Time er-part:  8926
Number early-rejections: 576
Number of cases directly to ordinary MH: 161
Number of cases directly to ordinary MH accepted: 19
Number cases in in DA part: 838
Number cases in second stage: 262
Number accepted in second stage: 15
Total number of evaluations of the particle filter: 423
Acceptance rate for ordinary MH accepted: 11.8012
Acceptance rate a_1: 31.2649
Acceptance rate a_2: 5.7252
Acceptance rate a_1*a_2: 1.7900
Acceptance rate a (for entier algorithm): 3.4000
#####################################################################
Iterstion:
4
#####################################################################
Starting DA-GP-MCMC estimating 7 parameters 
MCMC algorithm: MCWM
Adaptation algorithm: noAdaptation
Prior distribution: Normal
Particle filter: parallel_bootstrap, on 4 cores
Nbr particles for particle filter: 1200
Covariance - kernel_MH_direct:
[0.0140482 -0.00793197 5.72765e-5 -0.000963186 -0.000861613 0.00319348 0.00552107; -0.00793197 0.00510122 -2.53534e-5 0.000284167 0.000375042 -0.00237591 -0.00436646; 5.72765e-5 -2.53534e-5 1.49534e-5 -6.51059e-5 -7.85304e-5 0.000105998 -9.413e-6; -0.000963186 0.000284167 -6.51059e-5 0.0151038 0.00814629 -0.0169514 0.000283384; -0.000861613 0.000375042 -7.85304e-5 0.00814629 0.00501089 -0.0105786 -8.7959e-5; 0.00319348 -0.00237591 0.000105998 -0.0169514 -0.0105786 0.0264267 0.00305833; 0.00552107 -0.00436646 -9.413e-6 0.000283384 -8.7959e-5 0.00305833 0.00566386]
Iteration: 1
Covariance:
[0.0202294 -0.011422 8.24782e-5 -0.00138699 -0.00124072 0.00459861 0.00795034; -0.011422 0.00734576 -3.6509e-5 0.0004092 0.00054006 -0.00342131 -0.0062877; 8.24782e-5 -3.6509e-5 2.15329e-5 -9.37526e-5 -0.000113084 0.000152638 -1.35547e-5; -0.00138699 0.0004092 -9.37526e-5 0.0217495 0.0117307 -0.02441 0.000408073; -0.00124072 0.00054006 -0.000113084 0.0117307 0.00721569 -0.0152332 -0.000126661; 0.00459861 -0.00342131 0.000152638 -0.02441 -0.0152332 0.0380544 0.004404; 0.00795034 -0.0062877 -1.35547e-5 0.000408073 -0.000126661 0.004404 0.00815595]
Iteration: 1
Covariance:
[0.0202294 -0.011422 8.24782e-5 -0.00138699 -0.00124072 0.00459861 0.00795034; -0.011422 0.00734576 -3.6509e-5 0.0004092 0.00054006 -0.00342131 -0.0062877; 8.24782e-5 -3.6509e-5 2.15329e-5 -9.37526e-5 -0.000113084 0.000152638 -1.35547e-5; -0.00138699 0.0004092 -9.37526e-5 0.0217495 0.0117307 -0.02441 0.000408073; -0.00124072 0.00054006 -0.000113084 0.0117307 0.00721569 -0.0152332 -0.000126661; 0.00459861 -0.00342131 0.000152638 -0.02441 -0.0152332 0.0380544 0.004404; 0.00795034 -0.0062877 -1.35547e-5 0.000408073 -0.000126661 0.004404 0.00815595]
Loglik start: -181349.4562 
elapsed time: 7814.561016892 seconds
Ending DA-GP-MCMC with adaptive RW estimating 7 parameters
Algorithm: MCWM
Adaptation algorithm: noAdaptation
Prior distribution: Normal
Particle filter: parallel_bootstrap
Time pre-er:  0
Time fit GP model:  0
Time er-part:  7815
Number early-rejections: 629
Number of cases directly to ordinary MH: 146
Number of cases directly to ordinary MH accepted: 9
Number cases in in DA part: 853
Number cases in second stage: 224
Number accepted in second stage: 6
Total number of evaluations of the particle filter: 370
Acceptance rate for ordinary MH accepted: 6.1644
Acceptance rate a_1: 26.2603
Acceptance rate a_2: 2.6786
Acceptance rate a_1*a_2: 0.7034
Acceptance rate a (for entier algorithm): 1.5000
#####################################################################
Iterstion:
5
#####################################################################
Starting DA-GP-MCMC estimating 7 parameters 
MCMC algorithm: MCWM
Adaptation algorithm: noAdaptation
Prior distribution: Normal
Particle filter: parallel_bootstrap, on 4 cores
Nbr particles for particle filter: 1200
Covariance - kernel_MH_direct:
[0.0140482 -0.00793197 5.72765e-5 -0.000963186 -0.000861613 0.00319348 0.00552107; -0.00793197 0.00510122 -2.53534e-5 0.000284167 0.000375042 -0.00237591 -0.00436646; 5.72765e-5 -2.53534e-5 1.49534e-5 -6.51059e-5 -7.85304e-5 0.000105998 -9.413e-6; -0.000963186 0.000284167 -6.51059e-5 0.0151038 0.00814629 -0.0169514 0.000283384; -0.000861613 0.000375042 -7.85304e-5 0.00814629 0.00501089 -0.0105786 -8.7959e-5; 0.00319348 -0.00237591 0.000105998 -0.0169514 -0.0105786 0.0264267 0.00305833; 0.00552107 -0.00436646 -9.413e-6 0.000283384 -8.7959e-5 0.00305833 0.00566386]
Iteration: 1
Covariance:
[0.0202294 -0.011422 8.24782e-5 -0.00138699 -0.00124072 0.00459861 0.00795034; -0.011422 0.00734576 -3.6509e-5 0.0004092 0.00054006 -0.00342131 -0.0062877; 8.24782e-5 -3.6509e-5 2.15329e-5 -9.37526e-5 -0.000113084 0.000152638 -1.35547e-5; -0.00138699 0.0004092 -9.37526e-5 0.0217495 0.0117307 -0.02441 0.000408073; -0.00124072 0.00054006 -0.000113084 0.0117307 0.00721569 -0.0152332 -0.000126661; 0.00459861 -0.00342131 0.000152638 -0.02441 -0.0152332 0.0380544 0.004404; 0.00795034 -0.0062877 -1.35547e-5 0.000408073 -0.000126661 0.004404 0.00815595]
Iteration: 1
Covariance:
[0.0202294 -0.011422 8.24782e-5 -0.00138699 -0.00124072 0.00459861 0.00795034; -0.011422 0.00734576 -3.6509e-5 0.0004092 0.00054006 -0.00342131 -0.0062877; 8.24782e-5 -3.6509e-5 2.15329e-5 -9.37526e-5 -0.000113084 0.000152638 -1.35547e-5; -0.00138699 0.0004092 -9.37526e-5 0.0217495 0.0117307 -0.02441 0.000408073; -0.00124072 0.00054006 -0.000113084 0.0117307 0.00721569 -0.0152332 -0.000126661; 0.00459861 -0.00342131 0.000152638 -0.02441 -0.0152332 0.0380544 0.004404; 0.00795034 -0.0062877 -1.35547e-5 0.000408073 -0.000126661 0.004404 0.00815595]
Loglik start: -181347.6374 
elapsed time: 8004.224437891 seconds
Ending DA-GP-MCMC with adaptive RW estimating 7 parameters
Algorithm: MCWM
Adaptation algorithm: noAdaptation
Prior distribution: Normal
Particle filter: parallel_bootstrap
Time pre-er:  0
Time fit GP model:  0
Time er-part:  8004
Number early-rejections: 620
Number of cases directly to ordinary MH: 159
Number of cases directly to ordinary MH accepted: 22
Number cases in in DA part: 840
Number cases in second stage: 220
Number accepted in second stage: 8
Total number of evaluations of the particle filter: 379
Acceptance rate for ordinary MH accepted: 13.8365
Acceptance rate a_1: 26.1905
Acceptance rate a_2: 3.6364
Acceptance rate a_1*a_2: 0.9524
Acceptance rate a (for entier algorithm): 3.0000
#####################################################################
Iterstion:
6
#####################################################################
Starting DA-GP-MCMC estimating 7 parameters 
MCMC algorithm: MCWM
Adaptation algorithm: noAdaptation
Prior distribution: Normal
Particle filter: parallel_bootstrap, on 4 cores
Nbr particles for particle filter: 1200
Covariance - kernel_MH_direct:
[0.0140482 -0.00793197 5.72765e-5 -0.000963186 -0.000861613 0.00319348 0.00552107; -0.00793197 0.00510122 -2.53534e-5 0.000284167 0.000375042 -0.00237591 -0.00436646; 5.72765e-5 -2.53534e-5 1.49534e-5 -6.51059e-5 -7.85304e-5 0.000105998 -9.413e-6; -0.000963186 0.000284167 -6.51059e-5 0.0151038 0.00814629 -0.0169514 0.000283384; -0.000861613 0.000375042 -7.85304e-5 0.00814629 0.00501089 -0.0105786 -8.7959e-5; 0.00319348 -0.00237591 0.000105998 -0.0169514 -0.0105786 0.0264267 0.00305833; 0.00552107 -0.00436646 -9.413e-6 0.000283384 -8.7959e-5 0.00305833 0.00566386]
Iteration: 1
Covariance:
[0.0202294 -0.011422 8.24782e-5 -0.00138699 -0.00124072 0.00459861 0.00795034; -0.011422 0.00734576 -3.6509e-5 0.0004092 0.00054006 -0.00342131 -0.0062877; 8.24782e-5 -3.6509e-5 2.15329e-5 -9.37526e-5 -0.000113084 0.000152638 -1.35547e-5; -0.00138699 0.0004092 -9.37526e-5 0.0217495 0.0117307 -0.02441 0.000408073; -0.00124072 0.00054006 -0.000113084 0.0117307 0.00721569 -0.0152332 -0.000126661; 0.00459861 -0.00342131 0.000152638 -0.02441 -0.0152332 0.0380544 0.004404; 0.00795034 -0.0062877 -1.35547e-5 0.000408073 -0.000126661 0.004404 0.00815595]
Iteration: 1
Covariance:
[0.0202294 -0.011422 8.24782e-5 -0.00138699 -0.00124072 0.00459861 0.00795034; -0.011422 0.00734576 -3.6509e-5 0.0004092 0.00054006 -0.00342131 -0.0062877; 8.24782e-5 -3.6509e-5 2.15329e-5 -9.37526e-5 -0.000113084 0.000152638 -1.35547e-5; -0.00138699 0.0004092 -9.37526e-5 0.0217495 0.0117307 -0.02441 0.000408073; -0.00124072 0.00054006 -0.000113084 0.0117307 0.00721569 -0.0152332 -0.000126661; 0.00459861 -0.00342131 0.000152638 -0.02441 -0.0152332 0.0380544 0.004404; 0.00795034 -0.0062877 -1.35547e-5 0.000408073 -0.000126661 0.004404 0.00815595]
Loglik start: -181349.1138 
elapsed time: 8105.535114039 seconds
Ending DA-GP-MCMC with adaptive RW estimating 7 parameters
Algorithm: MCWM
Adaptation algorithm: noAdaptation
Prior distribution: Normal
Particle filter: parallel_bootstrap
Time pre-er:  0
Time fit GP model:  0
Time er-part:  8106
Number early-rejections: 615
Number of cases directly to ordinary MH: 146
Number of cases directly to ordinary MH accepted: 20
Number cases in in DA part: 853
Number cases in second stage: 238
Number accepted in second stage: 23
Total number of evaluations of the particle filter: 384
Acceptance rate for ordinary MH accepted: 13.6986
Acceptance rate a_1: 27.9015
Acceptance rate a_2: 9.6639
Acceptance rate a_1*a_2: 2.6964
Acceptance rate a (for entier algorithm): 4.3000
#####################################################################
Iterstion:
7
#####################################################################
Starting DA-GP-MCMC estimating 7 parameters 
MCMC algorithm: MCWM
Adaptation algorithm: noAdaptation
Prior distribution: Normal
Particle filter: parallel_bootstrap, on 4 cores
Nbr particles for particle filter: 1200
Covariance - kernel_MH_direct:
[0.0140482 -0.00793197 5.72765e-5 -0.000963186 -0.000861613 0.00319348 0.00552107; -0.00793197 0.00510122 -2.53534e-5 0.000284167 0.000375042 -0.00237591 -0.00436646; 5.72765e-5 -2.53534e-5 1.49534e-5 -6.51059e-5 -7.85304e-5 0.000105998 -9.413e-6; -0.000963186 0.000284167 -6.51059e-5 0.0151038 0.00814629 -0.0169514 0.000283384; -0.000861613 0.000375042 -7.85304e-5 0.00814629 0.00501089 -0.0105786 -8.7959e-5; 0.00319348 -0.00237591 0.000105998 -0.0169514 -0.0105786 0.0264267 0.00305833; 0.00552107 -0.00436646 -9.413e-6 0.000283384 -8.7959e-5 0.00305833 0.00566386]
Iteration: 1
Covariance:
[0.0202294 -0.011422 8.24782e-5 -0.00138699 -0.00124072 0.00459861 0.00795034; -0.011422 0.00734576 -3.6509e-5 0.0004092 0.00054006 -0.00342131 -0.0062877; 8.24782e-5 -3.6509e-5 2.15329e-5 -9.37526e-5 -0.000113084 0.000152638 -1.35547e-5; -0.00138699 0.0004092 -9.37526e-5 0.0217495 0.0117307 -0.02441 0.000408073; -0.00124072 0.00054006 -0.000113084 0.0117307 0.00721569 -0.0152332 -0.000126661; 0.00459861 -0.00342131 0.000152638 -0.02441 -0.0152332 0.0380544 0.004404; 0.00795034 -0.0062877 -1.35547e-5 0.000408073 -0.000126661 0.004404 0.00815595]
Iteration: 1
Covariance:
[0.0202294 -0.011422 8.24782e-5 -0.00138699 -0.00124072 0.00459861 0.00795034; -0.011422 0.00734576 -3.6509e-5 0.0004092 0.00054006 -0.00342131 -0.0062877; 8.24782e-5 -3.6509e-5 2.15329e-5 -9.37526e-5 -0.000113084 0.000152638 -1.35547e-5; -0.00138699 0.0004092 -9.37526e-5 0.0217495 0.0117307 -0.02441 0.000408073; -0.00124072 0.00054006 -0.000113084 0.0117307 0.00721569 -0.0152332 -0.000126661; 0.00459861 -0.00342131 0.000152638 -0.02441 -0.0152332 0.0380544 0.004404; 0.00795034 -0.0062877 -1.35547e-5 0.000408073 -0.000126661 0.004404 0.00815595]
Loglik start: -181345.6835 
elapsed time: 7624.149198687 seconds
Ending DA-GP-MCMC with adaptive RW estimating 7 parameters
Algorithm: MCWM
Adaptation algorithm: noAdaptation
Prior distribution: Normal
Particle filter: parallel_bootstrap
Time pre-er:  0
Time fit GP model:  0
Time er-part:  7624
Number early-rejections: 638
Number of cases directly to ordinary MH: 134
Number of cases directly to ordinary MH accepted: 11
Number cases in in DA part: 865
Number cases in second stage: 227
Number accepted in second stage: 5
Total number of evaluations of the particle filter: 361
Acceptance rate for ordinary MH accepted: 8.2090
Acceptance rate a_1: 26.2428
Acceptance rate a_2: 2.2026
Acceptance rate a_1*a_2: 0.5780
Acceptance rate a (for entier algorithm): 1.6000
#####################################################################
Iterstion:
8
#####################################################################
Starting DA-GP-MCMC estimating 7 parameters 
MCMC algorithm: MCWM
Adaptation algorithm: noAdaptation
Prior distribution: Normal
Particle filter: parallel_bootstrap, on 4 cores
Nbr particles for particle filter: 1200
Covariance - kernel_MH_direct:
[0.0140482 -0.00793197 5.72765e-5 -0.000963186 -0.000861613 0.00319348 0.00552107; -0.00793197 0.00510122 -2.53534e-5 0.000284167 0.000375042 -0.00237591 -0.00436646; 5.72765e-5 -2.53534e-5 1.49534e-5 -6.51059e-5 -7.85304e-5 0.000105998 -9.413e-6; -0.000963186 0.000284167 -6.51059e-5 0.0151038 0.00814629 -0.0169514 0.000283384; -0.000861613 0.000375042 -7.85304e-5 0.00814629 0.00501089 -0.0105786 -8.7959e-5; 0.00319348 -0.00237591 0.000105998 -0.0169514 -0.0105786 0.0264267 0.00305833; 0.00552107 -0.00436646 -9.413e-6 0.000283384 -8.7959e-5 0.00305833 0.00566386]
Iteration: 1
Covariance:
[0.0202294 -0.011422 8.24782e-5 -0.00138699 -0.00124072 0.00459861 0.00795034; -0.011422 0.00734576 -3.6509e-5 0.0004092 0.00054006 -0.00342131 -0.0062877; 8.24782e-5 -3.6509e-5 2.15329e-5 -9.37526e-5 -0.000113084 0.000152638 -1.35547e-5; -0.00138699 0.0004092 -9.37526e-5 0.0217495 0.0117307 -0.02441 0.000408073; -0.00124072 0.00054006 -0.000113084 0.0117307 0.00721569 -0.0152332 -0.000126661; 0.00459861 -0.00342131 0.000152638 -0.02441 -0.0152332 0.0380544 0.004404; 0.00795034 -0.0062877 -1.35547e-5 0.000408073 -0.000126661 0.004404 0.00815595]
Iteration: 1
Covariance:
[0.0202294 -0.011422 8.24782e-5 -0.00138699 -0.00124072 0.00459861 0.00795034; -0.011422 0.00734576 -3.6509e-5 0.0004092 0.00054006 -0.00342131 -0.0062877; 8.24782e-5 -3.6509e-5 2.15329e-5 -9.37526e-5 -0.000113084 0.000152638 -1.35547e-5; -0.00138699 0.0004092 -9.37526e-5 0.0217495 0.0117307 -0.02441 0.000408073; -0.00124072 0.00054006 -0.000113084 0.0117307 0.00721569 -0.0152332 -0.000126661; 0.00459861 -0.00342131 0.000152638 -0.02441 -0.0152332 0.0380544 0.004404; 0.00795034 -0.0062877 -1.35547e-5 0.000408073 -0.000126661 0.004404 0.00815595]
Loglik start: -181346.6713 
elapsed time: 8078.327438548 seconds
Ending DA-GP-MCMC with adaptive RW estimating 7 parameters
Algorithm: MCWM
Adaptation algorithm: noAdaptation
Prior distribution: Normal
Particle filter: parallel_bootstrap
Time pre-er:  0
Time fit GP model:  0
Time er-part:  8078
Number early-rejections: 617
Number of cases directly to ordinary MH: 134
Number of cases directly to ordinary MH accepted: 17
Number cases in in DA part: 865
Number cases in second stage: 248
Number accepted in second stage: 13
Total number of evaluations of the particle filter: 382
Acceptance rate for ordinary MH accepted: 12.6866
Acceptance rate a_1: 28.6705
Acceptance rate a_2: 5.2419
Acceptance rate a_1*a_2: 1.5029
Acceptance rate a (for entier algorithm): 3.0000
#####################################################################
Iterstion:
9
#####################################################################
Starting DA-GP-MCMC estimating 7 parameters 
MCMC algorithm: MCWM
Adaptation algorithm: noAdaptation
Prior distribution: Normal
Particle filter: parallel_bootstrap, on 4 cores
Nbr particles for particle filter: 1200
Covariance - kernel_MH_direct:
[0.0140482 -0.00793197 5.72765e-5 -0.000963186 -0.000861613 0.00319348 0.00552107; -0.00793197 0.00510122 -2.53534e-5 0.000284167 0.000375042 -0.00237591 -0.00436646; 5.72765e-5 -2.53534e-5 1.49534e-5 -6.51059e-5 -7.85304e-5 0.000105998 -9.413e-6; -0.000963186 0.000284167 -6.51059e-5 0.0151038 0.00814629 -0.0169514 0.000283384; -0.000861613 0.000375042 -7.85304e-5 0.00814629 0.00501089 -0.0105786 -8.7959e-5; 0.00319348 -0.00237591 0.000105998 -0.0169514 -0.0105786 0.0264267 0.00305833; 0.00552107 -0.00436646 -9.413e-6 0.000283384 -8.7959e-5 0.00305833 0.00566386]
Iteration: 1
Covariance:
[0.0202294 -0.011422 8.24782e-5 -0.00138699 -0.00124072 0.00459861 0.00795034; -0.011422 0.00734576 -3.6509e-5 0.0004092 0.00054006 -0.00342131 -0.0062877; 8.24782e-5 -3.6509e-5 2.15329e-5 -9.37526e-5 -0.000113084 0.000152638 -1.35547e-5; -0.00138699 0.0004092 -9.37526e-5 0.0217495 0.0117307 -0.02441 0.000408073; -0.00124072 0.00054006 -0.000113084 0.0117307 0.00721569 -0.0152332 -0.000126661; 0.00459861 -0.00342131 0.000152638 -0.02441 -0.0152332 0.0380544 0.004404; 0.00795034 -0.0062877 -1.35547e-5 0.000408073 -0.000126661 0.004404 0.00815595]
Iteration: 1
Covariance:
[0.0202294 -0.011422 8.24782e-5 -0.00138699 -0.00124072 0.00459861 0.00795034; -0.011422 0.00734576 -3.6509e-5 0.0004092 0.00054006 -0.00342131 -0.0062877; 8.24782e-5 -3.6509e-5 2.15329e-5 -9.37526e-5 -0.000113084 0.000152638 -1.35547e-5; -0.00138699 0.0004092 -9.37526e-5 0.0217495 0.0117307 -0.02441 0.000408073; -0.00124072 0.00054006 -0.000113084 0.0117307 0.00721569 -0.0152332 -0.000126661; 0.00459861 -0.00342131 0.000152638 -0.02441 -0.0152332 0.0380544 0.004404; 0.00795034 -0.0062877 -1.35547e-5 0.000408073 -0.000126661 0.004404 0.00815595]
Loglik start: -181347.5911 
elapsed time: 7372.017438259 seconds
Ending DA-GP-MCMC with adaptive RW estimating 7 parameters
Algorithm: MCWM
Adaptation algorithm: noAdaptation
Prior distribution: Normal
Particle filter: parallel_bootstrap
Time pre-er:  0
Time fit GP model:  0
Time er-part:  7372
Number early-rejections: 650
Number of cases directly to ordinary MH: 127
Number of cases directly to ordinary MH accepted: 10
Number cases in in DA part: 872
Number cases in second stage: 222
Number accepted in second stage: 6
Total number of evaluations of the particle filter: 349
Acceptance rate for ordinary MH accepted: 7.8740
Acceptance rate a_1: 25.4587
Acceptance rate a_2: 2.7027
Acceptance rate a_1*a_2: 0.6881
Acceptance rate a (for entier algorithm): 1.6000
#####################################################################
Iterstion:
10
#####################################################################
Starting DA-GP-MCMC estimating 7 parameters 
MCMC algorithm: MCWM
Adaptation algorithm: noAdaptation
Prior distribution: Normal
Particle filter: parallel_bootstrap, on 4 cores
Nbr particles for particle filter: 1200
Covariance - kernel_MH_direct:
[0.0140482 -0.00793197 5.72765e-5 -0.000963186 -0.000861613 0.00319348 0.00552107; -0.00793197 0.00510122 -2.53534e-5 0.000284167 0.000375042 -0.00237591 -0.00436646; 5.72765e-5 -2.53534e-5 1.49534e-5 -6.51059e-5 -7.85304e-5 0.000105998 -9.413e-6; -0.000963186 0.000284167 -6.51059e-5 0.0151038 0.00814629 -0.0169514 0.000283384; -0.000861613 0.000375042 -7.85304e-5 0.00814629 0.00501089 -0.0105786 -8.7959e-5; 0.00319348 -0.00237591 0.000105998 -0.0169514 -0.0105786 0.0264267 0.00305833; 0.00552107 -0.00436646 -9.413e-6 0.000283384 -8.7959e-5 0.00305833 0.00566386]
Iteration: 1
Covariance:
[0.0202294 -0.011422 8.24782e-5 -0.00138699 -0.00124072 0.00459861 0.00795034; -0.011422 0.00734576 -3.6509e-5 0.0004092 0.00054006 -0.00342131 -0.0062877; 8.24782e-5 -3.6509e-5 2.15329e-5 -9.37526e-5 -0.000113084 0.000152638 -1.35547e-5; -0.00138699 0.0004092 -9.37526e-5 0.0217495 0.0117307 -0.02441 0.000408073; -0.00124072 0.00054006 -0.000113084 0.0117307 0.00721569 -0.0152332 -0.000126661; 0.00459861 -0.00342131 0.000152638 -0.02441 -0.0152332 0.0380544 0.004404; 0.00795034 -0.0062877 -1.35547e-5 0.000408073 -0.000126661 0.004404 0.00815595]
Iteration: 1
Covariance:
[0.0202294 -0.011422 8.24782e-5 -0.00138699 -0.00124072 0.00459861 0.00795034; -0.011422 0.00734576 -3.6509e-5 0.0004092 0.00054006 -0.00342131 -0.0062877; 8.24782e-5 -3.6509e-5 2.15329e-5 -9.37526e-5 -0.000113084 0.000152638 -1.35547e-5; -0.00138699 0.0004092 -9.37526e-5 0.0217495 0.0117307 -0.02441 0.000408073; -0.00124072 0.00054006 -0.000113084 0.0117307 0.00721569 -0.0152332 -0.000126661; 0.00459861 -0.00342131 0.000152638 -0.02441 -0.0152332 0.0380544 0.004404; 0.00795034 -0.0062877 -1.35547e-5 0.000408073 -0.000126661 0.004404 0.00815595]
Loglik start: -181345.2524 
elapsed time: 7661.51978691 seconds
Ending DA-GP-MCMC with adaptive RW estimating 7 parameters
Algorithm: MCWM
Adaptation algorithm: noAdaptation
Prior distribution: Normal
Particle filter: parallel_bootstrap
Time pre-er:  0
Time fit GP model:  0
Time er-part:  7662
Number early-rejections: 636
Number of cases directly to ordinary MH: 139
Number of cases directly to ordinary MH accepted: 12
Number cases in in DA part: 860
Number cases in second stage: 224
Number accepted in second stage: 12
Total number of evaluations of the particle filter: 363
Acceptance rate for ordinary MH accepted: 8.6331
Acceptance rate a_1: 26.0465
Acceptance rate a_2: 5.3571
Acceptance rate a_1*a_2: 1.3953
Acceptance rate a (for entier algorithm): 2.4000
#####################################################################
Iterstion:
11
#####################################################################
Starting DA-GP-MCMC estimating 7 parameters 
MCMC algorithm: MCWM
Adaptation algorithm: noAdaptation
Prior distribution: Normal
Particle filter: parallel_bootstrap, on 4 cores
Nbr particles for particle filter: 1200
Covariance - kernel_MH_direct:
[0.0140482 -0.00793197 5.72765e-5 -0.000963186 -0.000861613 0.00319348 0.00552107; -0.00793197 0.00510122 -2.53534e-5 0.000284167 0.000375042 -0.00237591 -0.00436646; 5.72765e-5 -2.53534e-5 1.49534e-5 -6.51059e-5 -7.85304e-5 0.000105998 -9.413e-6; -0.000963186 0.000284167 -6.51059e-5 0.0151038 0.00814629 -0.0169514 0.000283384; -0.000861613 0.000375042 -7.85304e-5 0.00814629 0.00501089 -0.0105786 -8.7959e-5; 0.00319348 -0.00237591 0.000105998 -0.0169514 -0.0105786 0.0264267 0.00305833; 0.00552107 -0.00436646 -9.413e-6 0.000283384 -8.7959e-5 0.00305833 0.00566386]
Iteration: 1
Covariance:
[0.0202294 -0.011422 8.24782e-5 -0.00138699 -0.00124072 0.00459861 0.00795034; -0.011422 0.00734576 -3.6509e-5 0.0004092 0.00054006 -0.00342131 -0.0062877; 8.24782e-5 -3.6509e-5 2.15329e-5 -9.37526e-5 -0.000113084 0.000152638 -1.35547e-5; -0.00138699 0.0004092 -9.37526e-5 0.0217495 0.0117307 -0.02441 0.000408073; -0.00124072 0.00054006 -0.000113084 0.0117307 0.00721569 -0.0152332 -0.000126661; 0.00459861 -0.00342131 0.000152638 -0.02441 -0.0152332 0.0380544 0.004404; 0.00795034 -0.0062877 -1.35547e-5 0.000408073 -0.000126661 0.004404 0.00815595]
Iteration: 1
Covariance:
[0.0202294 -0.011422 8.24782e-5 -0.00138699 -0.00124072 0.00459861 0.00795034; -0.011422 0.00734576 -3.6509e-5 0.0004092 0.00054006 -0.00342131 -0.0062877; 8.24782e-5 -3.6509e-5 2.15329e-5 -9.37526e-5 -0.000113084 0.000152638 -1.35547e-5; -0.00138699 0.0004092 -9.37526e-5 0.0217495 0.0117307 -0.02441 0.000408073; -0.00124072 0.00054006 -0.000113084 0.0117307 0.00721569 -0.0152332 -0.000126661; 0.00459861 -0.00342131 0.000152638 -0.02441 -0.0152332 0.0380544 0.004404; 0.00795034 -0.0062877 -1.35547e-5 0.000408073 -0.000126661 0.004404 0.00815595]
Loglik start: -181349.4630 
elapsed time: 8267.63751847 seconds
Ending DA-GP-MCMC with adaptive RW estimating 7 parameters
Algorithm: MCWM
Adaptation algorithm: noAdaptation
Prior distribution: Normal
Particle filter: parallel_bootstrap
Time pre-er:  0
Time fit GP model:  0
Time er-part:  8268
Number early-rejections: 607
Number of cases directly to ordinary MH: 158
Number of cases directly to ordinary MH accepted: 13
Number cases in in DA part: 841
Number cases in second stage: 234
Number accepted in second stage: 11
Total number of evaluations of the particle filter: 392
Acceptance rate for ordinary MH accepted: 8.2278
Acceptance rate a_1: 27.8240
Acceptance rate a_2: 4.7009
Acceptance rate a_1*a_2: 1.3080
Acceptance rate a (for entier algorithm): 2.4000
#####################################################################
Iterstion:
12
#####################################################################
Starting DA-GP-MCMC estimating 7 parameters 
MCMC algorithm: MCWM
Adaptation algorithm: noAdaptation
Prior distribution: Normal
Particle filter: parallel_bootstrap, on 4 cores
Nbr particles for particle filter: 1200
Covariance - kernel_MH_direct:
[0.0140482 -0.00793197 5.72765e-5 -0.000963186 -0.000861613 0.00319348 0.00552107; -0.00793197 0.00510122 -2.53534e-5 0.000284167 0.000375042 -0.00237591 -0.00436646; 5.72765e-5 -2.53534e-5 1.49534e-5 -6.51059e-5 -7.85304e-5 0.000105998 -9.413e-6; -0.000963186 0.000284167 -6.51059e-5 0.0151038 0.00814629 -0.0169514 0.000283384; -0.000861613 0.000375042 -7.85304e-5 0.00814629 0.00501089 -0.0105786 -8.7959e-5; 0.00319348 -0.00237591 0.000105998 -0.0169514 -0.0105786 0.0264267 0.00305833; 0.00552107 -0.00436646 -9.413e-6 0.000283384 -8.7959e-5 0.00305833 0.00566386]
Iteration: 1
Covariance:
[0.0202294 -0.011422 8.24782e-5 -0.00138699 -0.00124072 0.00459861 0.00795034; -0.011422 0.00734576 -3.6509e-5 0.0004092 0.00054006 -0.00342131 -0.0062877; 8.24782e-5 -3.6509e-5 2.15329e-5 -9.37526e-5 -0.000113084 0.000152638 -1.35547e-5; -0.00138699 0.0004092 -9.37526e-5 0.0217495 0.0117307 -0.02441 0.000408073; -0.00124072 0.00054006 -0.000113084 0.0117307 0.00721569 -0.0152332 -0.000126661; 0.00459861 -0.00342131 0.000152638 -0.02441 -0.0152332 0.0380544 0.004404; 0.00795034 -0.0062877 -1.35547e-5 0.000408073 -0.000126661 0.004404 0.00815595]
Iteration: 1
Covariance:
[0.0202294 -0.011422 8.24782e-5 -0.00138699 -0.00124072 0.00459861 0.00795034; -0.011422 0.00734576 -3.6509e-5 0.0004092 0.00054006 -0.00342131 -0.0062877; 8.24782e-5 -3.6509e-5 2.15329e-5 -9.37526e-5 -0.000113084 0.000152638 -1.35547e-5; -0.00138699 0.0004092 -9.37526e-5 0.0217495 0.0117307 -0.02441 0.000408073; -0.00124072 0.00054006 -0.000113084 0.0117307 0.00721569 -0.0152332 -0.000126661; 0.00459861 -0.00342131 0.000152638 -0.02441 -0.0152332 0.0380544 0.004404; 0.00795034 -0.0062877 -1.35547e-5 0.000408073 -0.000126661 0.004404 0.00815595]
Loglik start: -181348.4594 
elapsed time: 7946.97172971 seconds
Ending DA-GP-MCMC with adaptive RW estimating 7 parameters
Algorithm: MCWM
Adaptation algorithm: noAdaptation
Prior distribution: Normal
Particle filter: parallel_bootstrap
Time pre-er:  0
Time fit GP model:  0
Time er-part:  7947
Number early-rejections: 622
Number of cases directly to ordinary MH: 155
Number of cases directly to ordinary MH accepted: 15
Number cases in in DA part: 844
Number cases in second stage: 222
Number accepted in second stage: 9
Total number of evaluations of the particle filter: 377
Acceptance rate for ordinary MH accepted: 9.6774
Acceptance rate a_1: 26.3033
Acceptance rate a_2: 4.0541
Acceptance rate a_1*a_2: 1.0664
Acceptance rate a (for entier algorithm): 2.4000
#####################################################################
Iterstion:
13
#####################################################################
Starting DA-GP-MCMC estimating 7 parameters 
MCMC algorithm: MCWM
Adaptation algorithm: noAdaptation
Prior distribution: Normal
Particle filter: parallel_bootstrap, on 4 cores
Nbr particles for particle filter: 1200
Covariance - kernel_MH_direct:
[0.0140482 -0.00793197 5.72765e-5 -0.000963186 -0.000861613 0.00319348 0.00552107; -0.00793197 0.00510122 -2.53534e-5 0.000284167 0.000375042 -0.00237591 -0.00436646; 5.72765e-5 -2.53534e-5 1.49534e-5 -6.51059e-5 -7.85304e-5 0.000105998 -9.413e-6; -0.000963186 0.000284167 -6.51059e-5 0.0151038 0.00814629 -0.0169514 0.000283384; -0.000861613 0.000375042 -7.85304e-5 0.00814629 0.00501089 -0.0105786 -8.7959e-5; 0.00319348 -0.00237591 0.000105998 -0.0169514 -0.0105786 0.0264267 0.00305833; 0.00552107 -0.00436646 -9.413e-6 0.000283384 -8.7959e-5 0.00305833 0.00566386]
Iteration: 1
Covariance:
[0.0202294 -0.011422 8.24782e-5 -0.00138699 -0.00124072 0.00459861 0.00795034; -0.011422 0.00734576 -3.6509e-5 0.0004092 0.00054006 -0.00342131 -0.0062877; 8.24782e-5 -3.6509e-5 2.15329e-5 -9.37526e-5 -0.000113084 0.000152638 -1.35547e-5; -0.00138699 0.0004092 -9.37526e-5 0.0217495 0.0117307 -0.02441 0.000408073; -0.00124072 0.00054006 -0.000113084 0.0117307 0.00721569 -0.0152332 -0.000126661; 0.00459861 -0.00342131 0.000152638 -0.02441 -0.0152332 0.0380544 0.004404; 0.00795034 -0.0062877 -1.35547e-5 0.000408073 -0.000126661 0.004404 0.00815595]
Iteration: 1
Covariance:
[0.0202294 -0.011422 8.24782e-5 -0.00138699 -0.00124072 0.00459861 0.00795034; -0.011422 0.00734576 -3.6509e-5 0.0004092 0.00054006 -0.00342131 -0.0062877; 8.24782e-5 -3.6509e-5 2.15329e-5 -9.37526e-5 -0.000113084 0.000152638 -1.35547e-5; -0.00138699 0.0004092 -9.37526e-5 0.0217495 0.0117307 -0.02441 0.000408073; -0.00124072 0.00054006 -0.000113084 0.0117307 0.00721569 -0.0152332 -0.000126661; 0.00459861 -0.00342131 0.000152638 -0.02441 -0.0152332 0.0380544 0.004404; 0.00795034 -0.0062877 -1.35547e-5 0.000408073 -0.000126661 0.004404 0.00815595]
Loglik start: -181349.0987 
elapsed time: 8806.387924421 seconds
Ending DA-GP-MCMC with adaptive RW estimating 7 parameters
Algorithm: MCWM
Adaptation algorithm: noAdaptation
Prior distribution: Normal
Particle filter: parallel_bootstrap
Time pre-er:  0
Time fit GP model:  0
Time er-part:  8806
Number early-rejections: 581
Number of cases directly to ordinary MH: 161
Number of cases directly to ordinary MH accepted: 13
Number cases in in DA part: 838
Number cases in second stage: 257
Number accepted in second stage: 15
Total number of evaluations of the particle filter: 418
Acceptance rate for ordinary MH accepted: 8.0745
Acceptance rate a_1: 30.6683
Acceptance rate a_2: 5.8366
Acceptance rate a_1*a_2: 1.7900
Acceptance rate a (for entier algorithm): 2.8000
#####################################################################
Iterstion:
14
#####################################################################
Starting DA-GP-MCMC estimating 7 parameters 
MCMC algorithm: MCWM
Adaptation algorithm: noAdaptation
Prior distribution: Normal
Particle filter: parallel_bootstrap, on 4 cores
Nbr particles for particle filter: 1200
Covariance - kernel_MH_direct:
