Mean:
[-1.14895; -0.147567; 3.34916; 1.43528; 0.429473; 0.54436; 0.688795]
Std:
[0.158764; 0.0923237; 0.00542194; 0.185747; 0.104187; 0.232117; 0.104036]
[-1.15597 -1.09099 -1.07286 -1.09281 -0.99141 -1.22307 -1.04742 -1.02491 -1.18789 -0.950855; -0.181067 -0.198142 -0.231612 -0.179879 -0.242153 -0.114977 -0.235622 -0.232284 -0.124784 -0.284238; 3.34827 3.35369 3.35359 3.35208 3.34811 3.35387 3.34917 3.35209 3.35098 3.35407; 1.52129 1.65623 1.5741 1.57108 1.57146 1.52946 1.23641 1.78406 1.76197 1.6442; 0.490824 0.500981 0.464878 0.52248 0.508929 0.524283 0.357845 0.612692 0.617113 0.579527; 0.474426 0.410375 0.528602 0.308163 0.458592 0.260934 0.660124 0.154637 0.108638 0.247919; 0.709019 0.750015 0.818421 0.678527 0.734991 0.646468 0.738768 0.746299 0.635516 0.804504; -1.53908e5 -153905.0 -1.53909e5 -1.53909e5 -153909.0 -1.5392e5 -153915.0 -1.53916e5 -1.53909e5 -1.53929e5]Starting ml estimationLength of training data: 4950Start values for optimization:
[-2.22559e6; -4108.38; -10918.9; 1.23482e6; -52986.8; 1.61179e5; 28039.3; -10364.1; -2268.8; -11601.6; -1.8434e5; -1592.0; -11753.8; -1064.0; -2398.48; -9633.55; -73.9242; -19.9231; -472.883; -221.488; -2836.84; 564.081; -176.859; 730.894; 189.807; -8230.07; 16250.6; -47834.5; -7898.66; 2220.77; 6686.71; 537.955; -110.936; -5367.41; 2850.83; 1246.95; 2.7328; 2.38622; -1.84827; -2.39488; -5.22343; -1.6888; -2.26669; -1.46775; -2.27935]Iter     Function value   Gradient norm 
     0     2.936596e+04     1.687718e+07
     1     2.900947e+04     5.731267e+06
     2     2.900950e+04     6.686092e+03
Estimated parameters of the GP model:
Estimated Β:s:
[-2.22559e6,-4108.38,-10918.9,1.23482e6,-52986.8,1.61179e5,28039.3,-10364.1,-2268.8,-11601.6,-1.8434e5,-1592.0,-11753.8,-1064.0,-2398.48,-9633.55,-73.9242,-19.9231,-472.883,-221.488,-2836.84,564.081,-176.859,730.894,189.807,-8230.07,16250.6,-47834.5,-7898.66,2220.77,6686.71,537.955,-110.936,-5367.41,2850.83,1246.95]
Estimated log Φ:s:
[2.73278,2.38393,-1.83533,-2.37859,-4.68695,-1.68001,-2.25361,-1.46056,-2.25681]
elapsed time: 982.562317784 seconds
Iterstion:
1
#####################################################################
Starting DA-GP-MCMC estimating 7 parameters 
MCMC algorithm: MCWM
Adaptation algorithm: noAdaptation
Prior distribution: Normal
Particle filter: parallel_bootstrap, on 4 cores
Nbr particles for particle filter: 1200
Covariance - kernel_MH_direct:
[0.0140482 -0.00793197 5.72765e-5 -0.000963186 -0.000861613 0.00319348 0.00552107; -0.00793197 0.00510122 -2.53534e-5 0.000284167 0.000375042 -0.00237591 -0.00436646; 5.72765e-5 -2.53534e-5 1.49534e-5 -6.51059e-5 -7.85304e-5 0.000105998 -9.413e-6; -0.000963186 0.000284167 -6.51059e-5 0.0151038 0.00814629 -0.0169514 0.000283384; -0.000861613 0.000375042 -7.85304e-5 0.00814629 0.00501089 -0.0105786 -8.7959e-5; 0.00319348 -0.00237591 0.000105998 -0.0169514 -0.0105786 0.0264267 0.00305833; 0.00552107 -0.00436646 -9.413e-6 0.000283384 -8.7959e-5 0.00305833 0.00566386]
Iteration: 1
Covariance:
[0.0202294 -0.011422 8.24782e-5 -0.00138699 -0.00124072 0.00459861 0.00795034; -0.011422 0.00734576 -3.6509e-5 0.0004092 0.00054006 -0.00342131 -0.0062877; 8.24782e-5 -3.6509e-5 2.15329e-5 -9.37526e-5 -0.000113084 0.000152638 -1.35547e-5; -0.00138699 0.0004092 -9.37526e-5 0.0217495 0.0117307 -0.02441 0.000408073; -0.00124072 0.00054006 -0.000113084 0.0117307 0.00721569 -0.0152332 -0.000126661; 0.00459861 -0.00342131 0.000152638 -0.02441 -0.0152332 0.0380544 0.004404; 0.00795034 -0.0062877 -1.35547e-5 0.000408073 -0.000126661 0.004404 0.00815595]
Iteration: 1
Covariance:
[0.0202294 -0.011422 8.24782e-5 -0.00138699 -0.00124072 0.00459861 0.00795034; -0.011422 0.00734576 -3.6509e-5 0.0004092 0.00054006 -0.00342131 -0.0062877; 8.24782e-5 -3.6509e-5 2.15329e-5 -9.37526e-5 -0.000113084 0.000152638 -1.35547e-5; -0.00138699 0.0004092 -9.37526e-5 0.0217495 0.0117307 -0.02441 0.000408073; -0.00124072 0.00054006 -0.000113084 0.0117307 0.00721569 -0.0152332 -0.000126661; 0.00459861 -0.00342131 0.000152638 -0.02441 -0.0152332 0.0380544 0.004404; 0.00795034 -0.0062877 -1.35547e-5 0.000408073 -0.000126661 0.004404 0.00815595]
Loglik start: -181348.6569 
elapsed time: 6074.404133004 seconds
Ending DA-GP-MCMC with adaptive RW estimating 7 parameters
Algorithm: MCWM
Adaptation algorithm: noAdaptation
Prior distribution: Normal
Particle filter: parallel_bootstrap
Time pre-er:  0
Time fit GP model:  0
Time er-part:  6074
Number early-rejections: 715
Number of cases directly to ordinary MH: 0
Number of cases directly to ordinary MH accepted: 0
Number cases in in DA part: 999
Number cases in second stage: 284
Number accepted in second stage: 10
Total number of evaluations of the particle filter: 284
Acceptance rate for ordinary MH accepted: NaN
Acceptance rate a_1: 28.4284
Acceptance rate a_2: 3.5211
Acceptance rate a_1*a_2: 1.0010
Acceptance rate a (for entier algorithm): 1.0000
#####################################################################
Iterstion:
2
#####################################################################
Starting DA-GP-MCMC estimating 7 parameters 
MCMC algorithm: MCWM
Adaptation algorithm: noAdaptation
Prior distribution: Normal
Particle filter: parallel_bootstrap, on 4 cores
Nbr particles for particle filter: 1200
Covariance - kernel_MH_direct:
[0.0140482 -0.00793197 5.72765e-5 -0.000963186 -0.000861613 0.00319348 0.00552107; -0.00793197 0.00510122 -2.53534e-5 0.000284167 0.000375042 -0.00237591 -0.00436646; 5.72765e-5 -2.53534e-5 1.49534e-5 -6.51059e-5 -7.85304e-5 0.000105998 -9.413e-6; -0.000963186 0.000284167 -6.51059e-5 0.0151038 0.00814629 -0.0169514 0.000283384; -0.000861613 0.000375042 -7.85304e-5 0.00814629 0.00501089 -0.0105786 -8.7959e-5; 0.00319348 -0.00237591 0.000105998 -0.0169514 -0.0105786 0.0264267 0.00305833; 0.00552107 -0.00436646 -9.413e-6 0.000283384 -8.7959e-5 0.00305833 0.00566386]
Iteration: 1
Covariance:
[0.0202294 -0.011422 8.24782e-5 -0.00138699 -0.00124072 0.00459861 0.00795034; -0.011422 0.00734576 -3.6509e-5 0.0004092 0.00054006 -0.00342131 -0.0062877; 8.24782e-5 -3.6509e-5 2.15329e-5 -9.37526e-5 -0.000113084 0.000152638 -1.35547e-5; -0.00138699 0.0004092 -9.37526e-5 0.0217495 0.0117307 -0.02441 0.000408073; -0.00124072 0.00054006 -0.000113084 0.0117307 0.00721569 -0.0152332 -0.000126661; 0.00459861 -0.00342131 0.000152638 -0.02441 -0.0152332 0.0380544 0.004404; 0.00795034 -0.0062877 -1.35547e-5 0.000408073 -0.000126661 0.004404 0.00815595]
Iteration: 1
Covariance:
[0.0202294 -0.011422 8.24782e-5 -0.00138699 -0.00124072 0.00459861 0.00795034; -0.011422 0.00734576 -3.6509e-5 0.0004092 0.00054006 -0.00342131 -0.0062877; 8.24782e-5 -3.6509e-5 2.15329e-5 -9.37526e-5 -0.000113084 0.000152638 -1.35547e-5; -0.00138699 0.0004092 -9.37526e-5 0.0217495 0.0117307 -0.02441 0.000408073; -0.00124072 0.00054006 -0.000113084 0.0117307 0.00721569 -0.0152332 -0.000126661; 0.00459861 -0.00342131 0.000152638 -0.02441 -0.0152332 0.0380544 0.004404; 0.00795034 -0.0062877 -1.35547e-5 0.000408073 -0.000126661 0.004404 0.00815595]
Loglik start: -181348.7653 
elapsed time: 5437.404017848 seconds
Ending DA-GP-MCMC with adaptive RW estimating 7 parameters
Algorithm: MCWM
Adaptation algorithm: noAdaptation
Prior distribution: Normal
Particle filter: parallel_bootstrap
Time pre-er:  0
Time fit GP model:  0
Time er-part:  5437
Number early-rejections: 745
Number of cases directly to ordinary MH: 0
Number of cases directly to ordinary MH accepted: 0
Number cases in in DA part: 999
Number cases in second stage: 254
Number accepted in second stage: 9
Total number of evaluations of the particle filter: 254
Acceptance rate for ordinary MH accepted: NaN
Acceptance rate a_1: 25.4254
Acceptance rate a_2: 3.5433
Acceptance rate a_1*a_2: 0.9009
Acceptance rate a (for entier algorithm): 0.9000
#####################################################################
Iterstion:
3
#####################################################################
Starting DA-GP-MCMC estimating 7 parameters 
MCMC algorithm: MCWM
Adaptation algorithm: noAdaptation
Prior distribution: Normal
Particle filter: parallel_bootstrap, on 4 cores
Nbr particles for particle filter: 1200
Covariance - kernel_MH_direct:
[0.0140482 -0.00793197 5.72765e-5 -0.000963186 -0.000861613 0.00319348 0.00552107; -0.00793197 0.00510122 -2.53534e-5 0.000284167 0.000375042 -0.00237591 -0.00436646; 5.72765e-5 -2.53534e-5 1.49534e-5 -6.51059e-5 -7.85304e-5 0.000105998 -9.413e-6; -0.000963186 0.000284167 -6.51059e-5 0.0151038 0.00814629 -0.0169514 0.000283384; -0.000861613 0.000375042 -7.85304e-5 0.00814629 0.00501089 -0.0105786 -8.7959e-5; 0.00319348 -0.00237591 0.000105998 -0.0169514 -0.0105786 0.0264267 0.00305833; 0.00552107 -0.00436646 -9.413e-6 0.000283384 -8.7959e-5 0.00305833 0.00566386]
Iteration: 1
Covariance:
[0.0202294 -0.011422 8.24782e-5 -0.00138699 -0.00124072 0.00459861 0.00795034; -0.011422 0.00734576 -3.6509e-5 0.0004092 0.00054006 -0.00342131 -0.0062877; 8.24782e-5 -3.6509e-5 2.15329e-5 -9.37526e-5 -0.000113084 0.000152638 -1.35547e-5; -0.00138699 0.0004092 -9.37526e-5 0.0217495 0.0117307 -0.02441 0.000408073; -0.00124072 0.00054006 -0.000113084 0.0117307 0.00721569 -0.0152332 -0.000126661; 0.00459861 -0.00342131 0.000152638 -0.02441 -0.0152332 0.0380544 0.004404; 0.00795034 -0.0062877 -1.35547e-5 0.000408073 -0.000126661 0.004404 0.00815595]
Iteration: 1
Covariance:
[0.0202294 -0.011422 8.24782e-5 -0.00138699 -0.00124072 0.00459861 0.00795034; -0.011422 0.00734576 -3.6509e-5 0.0004092 0.00054006 -0.00342131 -0.0062877; 8.24782e-5 -3.6509e-5 2.15329e-5 -9.37526e-5 -0.000113084 0.000152638 -1.35547e-5; -0.00138699 0.0004092 -9.37526e-5 0.0217495 0.0117307 -0.02441 0.000408073; -0.00124072 0.00054006 -0.000113084 0.0117307 0.00721569 -0.0152332 -0.000126661; 0.00459861 -0.00342131 0.000152638 -0.02441 -0.0152332 0.0380544 0.004404; 0.00795034 -0.0062877 -1.35547e-5 0.000408073 -0.000126661 0.004404 0.00815595]
Loglik start: -181343.8296 
elapsed time: 5983.423489823 seconds
Ending DA-GP-MCMC with adaptive RW estimating 7 parameters
Algorithm: MCWM
Adaptation algorithm: noAdaptation
Prior distribution: Normal
Particle filter: parallel_bootstrap
Time pre-er:  0
Time fit GP model:  0
Time er-part:  5983
Number early-rejections: 719
Number of cases directly to ordinary MH: 0
Number of cases directly to ordinary MH accepted: 0
Number cases in in DA part: 999
Number cases in second stage: 280
Number accepted in second stage: 14
Total number of evaluations of the particle filter: 280
Acceptance rate for ordinary MH accepted: NaN
Acceptance rate a_1: 28.0280
Acceptance rate a_2: 5.0000
Acceptance rate a_1*a_2: 1.4014
Acceptance rate a (for entier algorithm): 1.4000
#####################################################################
Iterstion:
4
#####################################################################
Starting DA-GP-MCMC estimating 7 parameters 
MCMC algorithm: MCWM
Adaptation algorithm: noAdaptation
Prior distribution: Normal
Particle filter: parallel_bootstrap, on 4 cores
Nbr particles for particle filter: 1200
Covariance - kernel_MH_direct:
[0.0140482 -0.00793197 5.72765e-5 -0.000963186 -0.000861613 0.00319348 0.00552107; -0.00793197 0.00510122 -2.53534e-5 0.000284167 0.000375042 -0.00237591 -0.00436646; 5.72765e-5 -2.53534e-5 1.49534e-5 -6.51059e-5 -7.85304e-5 0.000105998 -9.413e-6; -0.000963186 0.000284167 -6.51059e-5 0.0151038 0.00814629 -0.0169514 0.000283384; -0.000861613 0.000375042 -7.85304e-5 0.00814629 0.00501089 -0.0105786 -8.7959e-5; 0.00319348 -0.00237591 0.000105998 -0.0169514 -0.0105786 0.0264267 0.00305833; 0.00552107 -0.00436646 -9.413e-6 0.000283384 -8.7959e-5 0.00305833 0.00566386]
Iteration: 1
Covariance:
[0.0202294 -0.011422 8.24782e-5 -0.00138699 -0.00124072 0.00459861 0.00795034; -0.011422 0.00734576 -3.6509e-5 0.0004092 0.00054006 -0.00342131 -0.0062877; 8.24782e-5 -3.6509e-5 2.15329e-5 -9.37526e-5 -0.000113084 0.000152638 -1.35547e-5; -0.00138699 0.0004092 -9.37526e-5 0.0217495 0.0117307 -0.02441 0.000408073; -0.00124072 0.00054006 -0.000113084 0.0117307 0.00721569 -0.0152332 -0.000126661; 0.00459861 -0.00342131 0.000152638 -0.02441 -0.0152332 0.0380544 0.004404; 0.00795034 -0.0062877 -1.35547e-5 0.000408073 -0.000126661 0.004404 0.00815595]
Iteration: 1
Covariance:
[0.0202294 -0.011422 8.24782e-5 -0.00138699 -0.00124072 0.00459861 0.00795034; -0.011422 0.00734576 -3.6509e-5 0.0004092 0.00054006 -0.00342131 -0.0062877; 8.24782e-5 -3.6509e-5 2.15329e-5 -9.37526e-5 -0.000113084 0.000152638 -1.35547e-5; -0.00138699 0.0004092 -9.37526e-5 0.0217495 0.0117307 -0.02441 0.000408073; -0.00124072 0.00054006 -0.000113084 0.0117307 0.00721569 -0.0152332 -0.000126661; 0.00459861 -0.00342131 0.000152638 -0.02441 -0.0152332 0.0380544 0.004404; 0.00795034 -0.0062877 -1.35547e-5 0.000408073 -0.000126661 0.004404 0.00815595]
Loglik start: -181348.0444 
elapsed time: 5414.361681807 seconds
Ending DA-GP-MCMC with adaptive RW estimating 7 parameters
Algorithm: MCWM
Adaptation algorithm: noAdaptation
Prior distribution: Normal
Particle filter: parallel_bootstrap
Time pre-er:  0
Time fit GP model:  0
Time er-part:  5414
Number early-rejections: 746
Number of cases directly to ordinary MH: 0
Number of cases directly to ordinary MH accepted: 0
Number cases in in DA part: 999
Number cases in second stage: 253
Number accepted in second stage: 6
Total number of evaluations of the particle filter: 253
Acceptance rate for ordinary MH accepted: NaN
Acceptance rate a_1: 25.3253
Acceptance rate a_2: 2.3715
Acceptance rate a_1*a_2: 0.6006
Acceptance rate a (for entier algorithm): 0.6000
#####################################################################
Iterstion:
5
#####################################################################
Starting DA-GP-MCMC estimating 7 parameters 
MCMC algorithm: MCWM
Adaptation algorithm: noAdaptation
Prior distribution: Normal
Particle filter: parallel_bootstrap, on 4 cores
Nbr particles for particle filter: 1200
Covariance - kernel_MH_direct:
[0.0140482 -0.00793197 5.72765e-5 -0.000963186 -0.000861613 0.00319348 0.00552107; -0.00793197 0.00510122 -2.53534e-5 0.000284167 0.000375042 -0.00237591 -0.00436646; 5.72765e-5 -2.53534e-5 1.49534e-5 -6.51059e-5 -7.85304e-5 0.000105998 -9.413e-6; -0.000963186 0.000284167 -6.51059e-5 0.0151038 0.00814629 -0.0169514 0.000283384; -0.000861613 0.000375042 -7.85304e-5 0.00814629 0.00501089 -0.0105786 -8.7959e-5; 0.00319348 -0.00237591 0.000105998 -0.0169514 -0.0105786 0.0264267 0.00305833; 0.00552107 -0.00436646 -9.413e-6 0.000283384 -8.7959e-5 0.00305833 0.00566386]
Iteration: 1
Covariance:
[0.0202294 -0.011422 8.24782e-5 -0.00138699 -0.00124072 0.00459861 0.00795034; -0.011422 0.00734576 -3.6509e-5 0.0004092 0.00054006 -0.00342131 -0.0062877; 8.24782e-5 -3.6509e-5 2.15329e-5 -9.37526e-5 -0.000113084 0.000152638 -1.35547e-5; -0.00138699 0.0004092 -9.37526e-5 0.0217495 0.0117307 -0.02441 0.000408073; -0.00124072 0.00054006 -0.000113084 0.0117307 0.00721569 -0.0152332 -0.000126661; 0.00459861 -0.00342131 0.000152638 -0.02441 -0.0152332 0.0380544 0.004404; 0.00795034 -0.0062877 -1.35547e-5 0.000408073 -0.000126661 0.004404 0.00815595]
Iteration: 1
Covariance:
[0.0202294 -0.011422 8.24782e-5 -0.00138699 -0.00124072 0.00459861 0.00795034; -0.011422 0.00734576 -3.6509e-5 0.0004092 0.00054006 -0.00342131 -0.0062877; 8.24782e-5 -3.6509e-5 2.15329e-5 -9.37526e-5 -0.000113084 0.000152638 -1.35547e-5; -0.00138699 0.0004092 -9.37526e-5 0.0217495 0.0117307 -0.02441 0.000408073; -0.00124072 0.00054006 -0.000113084 0.0117307 0.00721569 -0.0152332 -0.000126661; 0.00459861 -0.00342131 0.000152638 -0.02441 -0.0152332 0.0380544 0.004404; 0.00795034 -0.0062877 -1.35547e-5 0.000408073 -0.000126661 0.004404 0.00815595]
Loglik start: -181348.8294 
elapsed time: 6372.305333169 seconds
Ending DA-GP-MCMC with adaptive RW estimating 7 parameters
Algorithm: MCWM
Adaptation algorithm: noAdaptation
Prior distribution: Normal
Particle filter: parallel_bootstrap
Time pre-er:  0
Time fit GP model:  0
Time er-part:  6372
Number early-rejections: 701
Number of cases directly to ordinary MH: 0
Number of cases directly to ordinary MH accepted: 0
Number cases in in DA part: 999
Number cases in second stage: 298
Number accepted in second stage: 16
Total number of evaluations of the particle filter: 298
Acceptance rate for ordinary MH accepted: NaN
Acceptance rate a_1: 29.8298
Acceptance rate a_2: 5.3691
Acceptance rate a_1*a_2: 1.6016
Acceptance rate a (for entier algorithm): 1.6000
#####################################################################
Iterstion:
6
#####################################################################
Starting DA-GP-MCMC estimating 7 parameters 
MCMC algorithm: MCWM
Adaptation algorithm: noAdaptation
Prior distribution: Normal
Particle filter: parallel_bootstrap, on 4 cores
Nbr particles for particle filter: 1200
Covariance - kernel_MH_direct:
[0.0140482 -0.00793197 5.72765e-5 -0.000963186 -0.000861613 0.00319348 0.00552107; -0.00793197 0.00510122 -2.53534e-5 0.000284167 0.000375042 -0.00237591 -0.00436646; 5.72765e-5 -2.53534e-5 1.49534e-5 -6.51059e-5 -7.85304e-5 0.000105998 -9.413e-6; -0.000963186 0.000284167 -6.51059e-5 0.0151038 0.00814629 -0.0169514 0.000283384; -0.000861613 0.000375042 -7.85304e-5 0.00814629 0.00501089 -0.0105786 -8.7959e-5; 0.00319348 -0.00237591 0.000105998 -0.0169514 -0.0105786 0.0264267 0.00305833; 0.00552107 -0.00436646 -9.413e-6 0.000283384 -8.7959e-5 0.00305833 0.00566386]
Iteration: 1
Covariance:
[0.0202294 -0.011422 8.24782e-5 -0.00138699 -0.00124072 0.00459861 0.00795034; -0.011422 0.00734576 -3.6509e-5 0.0004092 0.00054006 -0.00342131 -0.0062877; 8.24782e-5 -3.6509e-5 2.15329e-5 -9.37526e-5 -0.000113084 0.000152638 -1.35547e-5; -0.00138699 0.0004092 -9.37526e-5 0.0217495 0.0117307 -0.02441 0.000408073; -0.00124072 0.00054006 -0.000113084 0.0117307 0.00721569 -0.0152332 -0.000126661; 0.00459861 -0.00342131 0.000152638 -0.02441 -0.0152332 0.0380544 0.004404; 0.00795034 -0.0062877 -1.35547e-5 0.000408073 -0.000126661 0.004404 0.00815595]
Iteration: 1
Covariance:
[0.0202294 -0.011422 8.24782e-5 -0.00138699 -0.00124072 0.00459861 0.00795034; -0.011422 0.00734576 -3.6509e-5 0.0004092 0.00054006 -0.00342131 -0.0062877; 8.24782e-5 -3.6509e-5 2.15329e-5 -9.37526e-5 -0.000113084 0.000152638 -1.35547e-5; -0.00138699 0.0004092 -9.37526e-5 0.0217495 0.0117307 -0.02441 0.000408073; -0.00124072 0.00054006 -0.000113084 0.0117307 0.00721569 -0.0152332 -0.000126661; 0.00459861 -0.00342131 0.000152638 -0.02441 -0.0152332 0.0380544 0.004404; 0.00795034 -0.0062877 -1.35547e-5 0.000408073 -0.000126661 0.004404 0.00815595]
Loglik start: -181346.9643 
elapsed time: 5470.442628449 seconds
Ending DA-GP-MCMC with adaptive RW estimating 7 parameters
Algorithm: MCWM
Adaptation algorithm: noAdaptation
Prior distribution: Normal
Particle filter: parallel_bootstrap
Time pre-er:  0
Time fit GP model:  0
Time er-part:  5470
Number early-rejections: 743
Number of cases directly to ordinary MH: 0
Number of cases directly to ordinary MH accepted: 0
Number cases in in DA part: 999
Number cases in second stage: 256
Number accepted in second stage: 13
Total number of evaluations of the particle filter: 256
Acceptance rate for ordinary MH accepted: NaN
Acceptance rate a_1: 25.6256
Acceptance rate a_2: 5.0781
Acceptance rate a_1*a_2: 1.3013
Acceptance rate a (for entier algorithm): 1.3000
#####################################################################
Iterstion:
7
#####################################################################
Starting DA-GP-MCMC estimating 7 parameters 
MCMC algorithm: MCWM
Adaptation algorithm: noAdaptation
Prior distribution: Normal
Particle filter: parallel_bootstrap, on 4 cores
Nbr particles for particle filter: 1200
Covariance - kernel_MH_direct:
[0.0140482 -0.00793197 5.72765e-5 -0.000963186 -0.000861613 0.00319348 0.00552107; -0.00793197 0.00510122 -2.53534e-5 0.000284167 0.000375042 -0.00237591 -0.00436646; 5.72765e-5 -2.53534e-5 1.49534e-5 -6.51059e-5 -7.85304e-5 0.000105998 -9.413e-6; -0.000963186 0.000284167 -6.51059e-5 0.0151038 0.00814629 -0.0169514 0.000283384; -0.000861613 0.000375042 -7.85304e-5 0.00814629 0.00501089 -0.0105786 -8.7959e-5; 0.00319348 -0.00237591 0.000105998 -0.0169514 -0.0105786 0.0264267 0.00305833; 0.00552107 -0.00436646 -9.413e-6 0.000283384 -8.7959e-5 0.00305833 0.00566386]
Iteration: 1
Covariance:
[0.0202294 -0.011422 8.24782e-5 -0.00138699 -0.00124072 0.00459861 0.00795034; -0.011422 0.00734576 -3.6509e-5 0.0004092 0.00054006 -0.00342131 -0.0062877; 8.24782e-5 -3.6509e-5 2.15329e-5 -9.37526e-5 -0.000113084 0.000152638 -1.35547e-5; -0.00138699 0.0004092 -9.37526e-5 0.0217495 0.0117307 -0.02441 0.000408073; -0.00124072 0.00054006 -0.000113084 0.0117307 0.00721569 -0.0152332 -0.000126661; 0.00459861 -0.00342131 0.000152638 -0.02441 -0.0152332 0.0380544 0.004404; 0.00795034 -0.0062877 -1.35547e-5 0.000408073 -0.000126661 0.004404 0.00815595]
Iteration: 1
Covariance:
[0.0202294 -0.011422 8.24782e-5 -0.00138699 -0.00124072 0.00459861 0.00795034; -0.011422 0.00734576 -3.6509e-5 0.0004092 0.00054006 -0.00342131 -0.0062877; 8.24782e-5 -3.6509e-5 2.15329e-5 -9.37526e-5 -0.000113084 0.000152638 -1.35547e-5; -0.00138699 0.0004092 -9.37526e-5 0.0217495 0.0117307 -0.02441 0.000408073; -0.00124072 0.00054006 -0.000113084 0.0117307 0.00721569 -0.0152332 -0.000126661; 0.00459861 -0.00342131 0.000152638 -0.02441 -0.0152332 0.0380544 0.004404; 0.00795034 -0.0062877 -1.35547e-5 0.000408073 -0.000126661 0.004404 0.00815595]
Loglik start: -181347.1823 
elapsed time: 5933.810852344 seconds
Ending DA-GP-MCMC with adaptive RW estimating 7 parameters
Algorithm: MCWM
Adaptation algorithm: noAdaptation
Prior distribution: Normal
Particle filter: parallel_bootstrap
Time pre-er:  0
Time fit GP model:  0
Time er-part:  5934
Number early-rejections: 721
Number of cases directly to ordinary MH: 0
Number of cases directly to ordinary MH accepted: 0
Number cases in in DA part: 999
Number cases in second stage: 278
Number accepted in second stage: 12
Total number of evaluations of the particle filter: 278
Acceptance rate for ordinary MH accepted: NaN
Acceptance rate a_1: 27.8278
Acceptance rate a_2: 4.3165
Acceptance rate a_1*a_2: 1.2012
Acceptance rate a (for entier algorithm): 1.2000
#####################################################################
Iterstion:
8
#####################################################################
Starting DA-GP-MCMC estimating 7 parameters 
MCMC algorithm: MCWM
Adaptation algorithm: noAdaptation
Prior distribution: Normal
Particle filter: parallel_bootstrap, on 4 cores
Nbr particles for particle filter: 1200
Covariance - kernel_MH_direct:
[0.0140482 -0.00793197 5.72765e-5 -0.000963186 -0.000861613 0.00319348 0.00552107; -0.00793197 0.00510122 -2.53534e-5 0.000284167 0.000375042 -0.00237591 -0.00436646; 5.72765e-5 -2.53534e-5 1.49534e-5 -6.51059e-5 -7.85304e-5 0.000105998 -9.413e-6; -0.000963186 0.000284167 -6.51059e-5 0.0151038 0.00814629 -0.0169514 0.000283384; -0.000861613 0.000375042 -7.85304e-5 0.00814629 0.00501089 -0.0105786 -8.7959e-5; 0.00319348 -0.00237591 0.000105998 -0.0169514 -0.0105786 0.0264267 0.00305833; 0.00552107 -0.00436646 -9.413e-6 0.000283384 -8.7959e-5 0.00305833 0.00566386]
Iteration: 1
Covariance:
[0.0202294 -0.011422 8.24782e-5 -0.00138699 -0.00124072 0.00459861 0.00795034; -0.011422 0.00734576 -3.6509e-5 0.0004092 0.00054006 -0.00342131 -0.0062877; 8.24782e-5 -3.6509e-5 2.15329e-5 -9.37526e-5 -0.000113084 0.000152638 -1.35547e-5; -0.00138699 0.0004092 -9.37526e-5 0.0217495 0.0117307 -0.02441 0.000408073; -0.00124072 0.00054006 -0.000113084 0.0117307 0.00721569 -0.0152332 -0.000126661; 0.00459861 -0.00342131 0.000152638 -0.02441 -0.0152332 0.0380544 0.004404; 0.00795034 -0.0062877 -1.35547e-5 0.000408073 -0.000126661 0.004404 0.00815595]
Iteration: 1
Covariance:
[0.0202294 -0.011422 8.24782e-5 -0.00138699 -0.00124072 0.00459861 0.00795034; -0.011422 0.00734576 -3.6509e-5 0.0004092 0.00054006 -0.00342131 -0.0062877; 8.24782e-5 -3.6509e-5 2.15329e-5 -9.37526e-5 -0.000113084 0.000152638 -1.35547e-5; -0.00138699 0.0004092 -9.37526e-5 0.0217495 0.0117307 -0.02441 0.000408073; -0.00124072 0.00054006 -0.000113084 0.0117307 0.00721569 -0.0152332 -0.000126661; 0.00459861 -0.00342131 0.000152638 -0.02441 -0.0152332 0.0380544 0.004404; 0.00795034 -0.0062877 -1.35547e-5 0.000408073 -0.000126661 0.004404 0.00815595]
Loglik start: -181345.8244 
elapsed time: 5535.99925335 seconds
Ending DA-GP-MCMC with adaptive RW estimating 7 parameters
Algorithm: MCWM
Adaptation algorithm: noAdaptation
Prior distribution: Normal
Particle filter: parallel_bootstrap
Time pre-er:  0
Time fit GP model:  0
Time er-part:  5536
Number early-rejections: 740
Number of cases directly to ordinary MH: 0
Number of cases directly to ordinary MH accepted: 0
Number cases in in DA part: 999
Number cases in second stage: 259
Number accepted in second stage: 12
Total number of evaluations of the particle filter: 259
Acceptance rate for ordinary MH accepted: NaN
Acceptance rate a_1: 25.9259
Acceptance rate a_2: 4.6332
Acceptance rate a_1*a_2: 1.2012
Acceptance rate a (for entier algorithm): 1.2000
#####################################################################
Iterstion:
9
#####################################################################
Starting DA-GP-MCMC estimating 7 parameters 
MCMC algorithm: MCWM
Adaptation algorithm: noAdaptation
Prior distribution: Normal
Particle filter: parallel_bootstrap, on 4 cores
Nbr particles for particle filter: 1200
Covariance - kernel_MH_direct:
[0.0140482 -0.00793197 5.72765e-5 -0.000963186 -0.000861613 0.00319348 0.00552107; -0.00793197 0.00510122 -2.53534e-5 0.000284167 0.000375042 -0.00237591 -0.00436646; 5.72765e-5 -2.53534e-5 1.49534e-5 -6.51059e-5 -7.85304e-5 0.000105998 -9.413e-6; -0.000963186 0.000284167 -6.51059e-5 0.0151038 0.00814629 -0.0169514 0.000283384; -0.000861613 0.000375042 -7.85304e-5 0.00814629 0.00501089 -0.0105786 -8.7959e-5; 0.00319348 -0.00237591 0.000105998 -0.0169514 -0.0105786 0.0264267 0.00305833; 0.00552107 -0.00436646 -9.413e-6 0.000283384 -8.7959e-5 0.00305833 0.00566386]
Iteration: 1
Covariance:
[0.0202294 -0.011422 8.24782e-5 -0.00138699 -0.00124072 0.00459861 0.00795034; -0.011422 0.00734576 -3.6509e-5 0.0004092 0.00054006 -0.00342131 -0.0062877; 8.24782e-5 -3.6509e-5 2.15329e-5 -9.37526e-5 -0.000113084 0.000152638 -1.35547e-5; -0.00138699 0.0004092 -9.37526e-5 0.0217495 0.0117307 -0.02441 0.000408073; -0.00124072 0.00054006 -0.000113084 0.0117307 0.00721569 -0.0152332 -0.000126661; 0.00459861 -0.00342131 0.000152638 -0.02441 -0.0152332 0.0380544 0.004404; 0.00795034 -0.0062877 -1.35547e-5 0.000408073 -0.000126661 0.004404 0.00815595]
Iteration: 1
Covariance:
[0.0202294 -0.011422 8.24782e-5 -0.00138699 -0.00124072 0.00459861 0.00795034; -0.011422 0.00734576 -3.6509e-5 0.0004092 0.00054006 -0.00342131 -0.0062877; 8.24782e-5 -3.6509e-5 2.15329e-5 -9.37526e-5 -0.000113084 0.000152638 -1.35547e-5; -0.00138699 0.0004092 -9.37526e-5 0.0217495 0.0117307 -0.02441 0.000408073; -0.00124072 0.00054006 -0.000113084 0.0117307 0.00721569 -0.0152332 -0.000126661; 0.00459861 -0.00342131 0.000152638 -0.02441 -0.0152332 0.0380544 0.004404; 0.00795034 -0.0062877 -1.35547e-5 0.000408073 -0.000126661 0.004404 0.00815595]
Loglik start: -181351.2480 
elapsed time: 5494.838197616 seconds
Ending DA-GP-MCMC with adaptive RW estimating 7 parameters
Algorithm: MCWM
Adaptation algorithm: noAdaptation
Prior distribution: Normal
Particle filter: parallel_bootstrap
Time pre-er:  0
Time fit GP model:  0
Time er-part:  5495
Number early-rejections: 742
Number of cases directly to ordinary MH: 0
Number of cases directly to ordinary MH accepted: 0
Number cases in in DA part: 999
Number cases in second stage: 257
Number accepted in second stage: 9
Total number of evaluations of the particle filter: 257
Acceptance rate for ordinary MH accepted: NaN
Acceptance rate a_1: 25.7257
Acceptance rate a_2: 3.5019
Acceptance rate a_1*a_2: 0.9009
Acceptance rate a (for entier algorithm): 0.9000
#####################################################################
Iterstion:
10
#####################################################################
Starting DA-GP-MCMC estimating 7 parameters 
MCMC algorithm: MCWM
Adaptation algorithm: noAdaptation
Prior distribution: Normal
Particle filter: parallel_bootstrap, on 4 cores
Nbr particles for particle filter: 1200
Covariance - kernel_MH_direct:
[0.0140482 -0.00793197 5.72765e-5 -0.000963186 -0.000861613 0.00319348 0.00552107; -0.00793197 0.00510122 -2.53534e-5 0.000284167 0.000375042 -0.00237591 -0.00436646; 5.72765e-5 -2.53534e-5 1.49534e-5 -6.51059e-5 -7.85304e-5 0.000105998 -9.413e-6; -0.000963186 0.000284167 -6.51059e-5 0.0151038 0.00814629 -0.0169514 0.000283384; -0.000861613 0.000375042 -7.85304e-5 0.00814629 0.00501089 -0.0105786 -8.7959e-5; 0.00319348 -0.00237591 0.000105998 -0.0169514 -0.0105786 0.0264267 0.00305833; 0.00552107 -0.00436646 -9.413e-6 0.000283384 -8.7959e-5 0.00305833 0.00566386]
Iteration: 1
Covariance:
[0.0202294 -0.011422 8.24782e-5 -0.00138699 -0.00124072 0.00459861 0.00795034; -0.011422 0.00734576 -3.6509e-5 0.0004092 0.00054006 -0.00342131 -0.0062877; 8.24782e-5 -3.6509e-5 2.15329e-5 -9.37526e-5 -0.000113084 0.000152638 -1.35547e-5; -0.00138699 0.0004092 -9.37526e-5 0.0217495 0.0117307 -0.02441 0.000408073; -0.00124072 0.00054006 -0.000113084 0.0117307 0.00721569 -0.0152332 -0.000126661; 0.00459861 -0.00342131 0.000152638 -0.02441 -0.0152332 0.0380544 0.004404; 0.00795034 -0.0062877 -1.35547e-5 0.000408073 -0.000126661 0.004404 0.00815595]
Iteration: 1
Covariance:
[0.0202294 -0.011422 8.24782e-5 -0.00138699 -0.00124072 0.00459861 0.00795034; -0.011422 0.00734576 -3.6509e-5 0.0004092 0.00054006 -0.00342131 -0.0062877; 8.24782e-5 -3.6509e-5 2.15329e-5 -9.37526e-5 -0.000113084 0.000152638 -1.35547e-5; -0.00138699 0.0004092 -9.37526e-5 0.0217495 0.0117307 -0.02441 0.000408073; -0.00124072 0.00054006 -0.000113084 0.0117307 0.00721569 -0.0152332 -0.000126661; 0.00459861 -0.00342131 0.000152638 -0.02441 -0.0152332 0.0380544 0.004404; 0.00795034 -0.0062877 -1.35547e-5 0.000408073 -0.000126661 0.004404 0.00815595]
Loglik start: -181347.6448 
elapsed time: 5857.33182977 seconds
Ending DA-GP-MCMC with adaptive RW estimating 7 parameters
Algorithm: MCWM
Adaptation algorithm: noAdaptation
Prior distribution: Normal
Particle filter: parallel_bootstrap
Time pre-er:  0
Time fit GP model:  0
Time er-part:  5857
Number early-rejections: 725
Number of cases directly to ordinary MH: 0
Number of cases directly to ordinary MH accepted: 0
Number cases in in DA part: 999
Number cases in second stage: 274
Number accepted in second stage: 10
Total number of evaluations of the particle filter: 274
Acceptance rate for ordinary MH accepted: NaN
Acceptance rate a_1: 27.4274
Acceptance rate a_2: 3.6496
Acceptance rate a_1*a_2: 1.0010
Acceptance rate a (for entier algorithm): 1.0000
#####################################################################
Est prob:
[0.181449,0.938689,0.818551,0.0613114]
Iterstion:
1
#####################################################################
Starting ADA-GP-MCMC with adaptive RW estimating 7 parameters
MCMC algorithm: MCWM
Adaptation algorithm: noAdaptation
Select case model: DT
Prior distribution: Normal
Particle filter: parallel_bootstrap, on 4 cores
Nbr particles for particle filter: 1200
Covariance - kernel_MH_direct:
[0.0140482 -0.00793197 5.72765e-5 -0.000963186 -0.000861613 0.00319348 0.00552107; -0.00793197 0.00510122 -2.53534e-5 0.000284167 0.000375042 -0.00237591 -0.00436646; 5.72765e-5 -2.53534e-5 1.49534e-5 -6.51059e-5 -7.85304e-5 0.000105998 -9.413e-6; -0.000963186 0.000284167 -6.51059e-5 0.0151038 0.00814629 -0.0169514 0.000283384; -0.000861613 0.000375042 -7.85304e-5 0.00814629 0.00501089 -0.0105786 -8.7959e-5; 0.00319348 -0.00237591 0.000105998 -0.0169514 -0.0105786 0.0264267 0.00305833; 0.00552107 -0.00436646 -9.413e-6 0.000283384 -8.7959e-5 0.00305833 0.00566386]
Iteration: 1
Covariance:
[0.0202294 -0.011422 8.24782e-5 -0.00138699 -0.00124072 0.00459861 0.00795034; -0.011422 0.00734576 -3.6509e-5 0.0004092 0.00054006 -0.00342131 -0.0062877; 8.24782e-5 -3.6509e-5 2.15329e-5 -9.37526e-5 -0.000113084 0.000152638 -1.35547e-5; -0.00138699 0.0004092 -9.37526e-5 0.0217495 0.0117307 -0.02441 0.000408073; -0.00124072 0.00054006 -0.000113084 0.0117307 0.00721569 -0.0152332 -0.000126661; 0.00459861 -0.00342131 0.000152638 -0.02441 -0.0152332 0.0380544 0.004404; 0.00795034 -0.0062877 -1.35547e-5 0.000408073 -0.000126661 0.004404 0.00815595]
Iteration: 1
Covariance:
[0.0202294 -0.011422 8.24782e-5 -0.00138699 -0.00124072 0.00459861 0.00795034; -0.011422 0.00734576 -3.6509e-5 0.0004092 0.00054006 -0.00342131 -0.0062877; 8.24782e-5 -3.6509e-5 2.15329e-5 -9.37526e-5 -0.000113084 0.000152638 -1.35547e-5; -0.00138699 0.0004092 -9.37526e-5 0.0217495 0.0117307 -0.02441 0.000408073; -0.00124072 0.00054006 -0.000113084 0.0117307 0.00721569 -0.0152332 -0.000126661; 0.00459861 -0.00342131 0.000152638 -0.02441 -0.0152332 0.0380544 0.004404; 0.00795034 -0.0062877 -1.35547e-5 0.000408073 -0.000126661 0.004404 0.00815595]
Loglik: -181346.9756 
elapsed time: 2272.98602771 seconds
Ending ADA-GP-MCMC with adaptive RW estimating 7 parameters
Algorithm: MCWM
Adaptation algorithm: noAdaptation
Prior distribution: Normal
Particel filter: parallel_bootstrap
Time consumption:Time pre-er:  0
Time fit GP model:  0
Time er-part:  2273
Number early-rejections: 717
Number of cases directly to ordinary MH: 0
Number split acceptance region early-accept: 0
Number split acceptance region early-reject: 174
Number cases in DA part: 999
Number cases in second stage: 282
Number accepted in second stage: 16
Total number of evaluations of the particle filter: 105
Acceptance rate for ordinary MH accepted: NaN
Acceptance rate a_1: 28.2282
Acceptance rate a_2: 5.6738
Acceptance rate a_1*a_2: 1.6016
Acceptance rate a (for entier algorithm): 1.6000
Number case 1 or 3: 215
Number case 2 or 4: 67
Number case 1: 34, 0.1581 % of all cases
Number case 2: 64, 0.9552 % of all cases
Number case 3: 181, 0.8419 % of all cases
Number case 4: 3, 0.0448 % of all cases
Number pf runs in case 1: 34, prob pf given case 1 100.0000 %
Number pf runs in case 2: 64, prob pf given case 2 100.0000 %
Number pf runs in case 3: 7, prob pf given case 3 3.8674 %
Number pf runs in case 4: 0, prob pf given case 4 0.0000 %
#####################################################################
Iterstion:
2
#####################################################################
Starting ADA-GP-MCMC with adaptive RW estimating 7 parameters
MCMC algorithm: MCWM
Adaptation algorithm: noAdaptation
Select case model: DT
Prior distribution: Normal
Particle filter: parallel_bootstrap, on 4 cores
Nbr particles for particle filter: 1200
Covariance - kernel_MH_direct:
[0.0140482 -0.00793197 5.72765e-5 -0.000963186 -0.000861613 0.00319348 0.00552107; -0.00793197 0.00510122 -2.53534e-5 0.000284167 0.000375042 -0.00237591 -0.00436646; 5.72765e-5 -2.53534e-5 1.49534e-5 -6.51059e-5 -7.85304e-5 0.000105998 -9.413e-6; -0.000963186 0.000284167 -6.51059e-5 0.0151038 0.00814629 -0.0169514 0.000283384; -0.000861613 0.000375042 -7.85304e-5 0.00814629 0.00501089 -0.0105786 -8.7959e-5; 0.00319348 -0.00237591 0.000105998 -0.0169514 -0.0105786 0.0264267 0.00305833; 0.00552107 -0.00436646 -9.413e-6 0.000283384 -8.7959e-5 0.00305833 0.00566386]
Iteration: 1
Covariance:
[0.0202294 -0.011422 8.24782e-5 -0.00138699 -0.00124072 0.00459861 0.00795034; -0.011422 0.00734576 -3.6509e-5 0.0004092 0.00054006 -0.00342131 -0.0062877; 8.24782e-5 -3.6509e-5 2.15329e-5 -9.37526e-5 -0.000113084 0.000152638 -1.35547e-5; -0.00138699 0.0004092 -9.37526e-5 0.0217495 0.0117307 -0.02441 0.000408073; -0.00124072 0.00054006 -0.000113084 0.0117307 0.00721569 -0.0152332 -0.000126661; 0.00459861 -0.00342131 0.000152638 -0.02441 -0.0152332 0.0380544 0.004404; 0.00795034 -0.0062877 -1.35547e-5 0.000408073 -0.000126661 0.004404 0.00815595]
Iteration: 1
Covariance:
[0.0202294 -0.011422 8.24782e-5 -0.00138699 -0.00124072 0.00459861 0.00795034; -0.011422 0.00734576 -3.6509e-5 0.0004092 0.00054006 -0.00342131 -0.0062877; 8.24782e-5 -3.6509e-5 2.15329e-5 -9.37526e-5 -0.000113084 0.000152638 -1.35547e-5; -0.00138699 0.0004092 -9.37526e-5 0.0217495 0.0117307 -0.02441 0.000408073; -0.00124072 0.00054006 -0.000113084 0.0117307 0.00721569 -0.0152332 -0.000126661; 0.00459861 -0.00342131 0.000152638 -0.02441 -0.0152332 0.0380544 0.004404; 0.00795034 -0.0062877 -1.35547e-5 0.000408073 -0.000126661 0.004404 0.00815595]
Loglik: -181350.4433 
elapsed time: 2218.968267475 seconds
Ending ADA-GP-MCMC with adaptive RW estimating 7 parameters
Algorithm: MCWM
Adaptation algorithm: noAdaptation
Prior distribution: Normal
Particel filter: parallel_bootstrap
Time consumption:Time pre-er:  0
Time fit GP model:  0
Time er-part:  2219
Number early-rejections: 696
Number of cases directly to ordinary MH: 0
Number split acceptance region early-accept: 2
Number split acceptance region early-reject: 187
Number cases in DA part: 999
Number cases in second stage: 303
Number accepted in second stage: 33
Total number of evaluations of the particle filter: 102
Acceptance rate for ordinary MH accepted: NaN
Acceptance rate a_1: 30.3303
Acceptance rate a_2: 10.8911
Acceptance rate a_1*a_2: 3.3033
Acceptance rate a (for entier algorithm): 3.3000
Number case 1 or 3: 227
Number case 2 or 4: 76
Number case 1: 27, 0.1189 % of all cases
Number case 2: 64, 0.8421 % of all cases
Number case 3: 200, 0.8811 % of all cases
Number case 4: 12, 0.1579 % of all cases
Number pf runs in case 1: 25, prob pf given case 1 92.5926 %
Number pf runs in case 2: 64, prob pf given case 2 100.0000 %
Number pf runs in case 3: 13, prob pf given case 3 6.5000 %
Number pf runs in case 4: 0, prob pf given case 4 0.0000 %
#####################################################################
Iterstion:
3
#####################################################################
Starting ADA-GP-MCMC with adaptive RW estimating 7 parameters
MCMC algorithm: MCWM
Adaptation algorithm: noAdaptation
Select case model: DT
Prior distribution: Normal
Particle filter: parallel_bootstrap, on 4 cores
Nbr particles for particle filter: 1200
Covariance - kernel_MH_direct:
[0.0140482 -0.00793197 5.72765e-5 -0.000963186 -0.000861613 0.00319348 0.00552107; -0.00793197 0.00510122 -2.53534e-5 0.000284167 0.000375042 -0.00237591 -0.00436646; 5.72765e-5 -2.53534e-5 1.49534e-5 -6.51059e-5 -7.85304e-5 0.000105998 -9.413e-6; -0.000963186 0.000284167 -6.51059e-5 0.0151038 0.00814629 -0.0169514 0.000283384; -0.000861613 0.000375042 -7.85304e-5 0.00814629 0.00501089 -0.0105786 -8.7959e-5; 0.00319348 -0.00237591 0.000105998 -0.0169514 -0.0105786 0.0264267 0.00305833; 0.00552107 -0.00436646 -9.413e-6 0.000283384 -8.7959e-5 0.00305833 0.00566386]
Iteration: 1
Covariance:
[0.0202294 -0.011422 8.24782e-5 -0.00138699 -0.00124072 0.00459861 0.00795034; -0.011422 0.00734576 -3.6509e-5 0.0004092 0.00054006 -0.00342131 -0.0062877; 8.24782e-5 -3.6509e-5 2.15329e-5 -9.37526e-5 -0.000113084 0.000152638 -1.35547e-5; -0.00138699 0.0004092 -9.37526e-5 0.0217495 0.0117307 -0.02441 0.000408073; -0.00124072 0.00054006 -0.000113084 0.0117307 0.00721569 -0.0152332 -0.000126661; 0.00459861 -0.00342131 0.000152638 -0.02441 -0.0152332 0.0380544 0.004404; 0.00795034 -0.0062877 -1.35547e-5 0.000408073 -0.000126661 0.004404 0.00815595]
Iteration: 1
Covariance:
[0.0202294 -0.011422 8.24782e-5 -0.00138699 -0.00124072 0.00459861 0.00795034; -0.011422 0.00734576 -3.6509e-5 0.0004092 0.00054006 -0.00342131 -0.0062877; 8.24782e-5 -3.6509e-5 2.15329e-5 -9.37526e-5 -0.000113084 0.000152638 -1.35547e-5; -0.00138699 0.0004092 -9.37526e-5 0.0217495 0.0117307 -0.02441 0.000408073; -0.00124072 0.00054006 -0.000113084 0.0117307 0.00721569 -0.0152332 -0.000126661; 0.00459861 -0.00342131 0.000152638 -0.02441 -0.0152332 0.0380544 0.004404; 0.00795034 -0.0062877 -1.35547e-5 0.000408073 -0.000126661 0.004404 0.00815595]
Loglik: -181345.9720 
elapsed time: 2119.910641445 seconds
