test
Mean:
[0.88546; 0.499261; 3.09526; 3.37105; 0.459089; -0.071951; 0.699791]
Std:
[0.496836; 0.0502133; 0.00809642; 0.269862; 0.0662521; 0.111893; 0.0708817]
[1.02106 1.42469 1.22156 1.49718 0.363381 0.609193 0.814435 1.15156 0.644083 0.887115; 0.486018 0.458039 0.470227 0.406055 0.499876 0.466634 0.491061 0.492985 0.470248 0.484137; 3.08124 3.07371 3.0823 3.08472 3.07277 3.08064 3.0824 3.08928 3.08232 3.08421; 3.41264 3.20468 3.67049 3.62714 3.14427 3.32954 3.50375 3.7133 3.72394 3.38756; 0.467906 0.413376 0.529689 0.51864 0.402814 0.44427 0.494871 0.551268 0.552137 0.463503; -0.040553 0.0408396 -0.089536 -0.0470452 0.0316542 0.00669045 -0.0899239 -0.152199 -0.125499 -0.0128782; 0.741448 0.782478 0.774275 0.831164 0.727633 0.723624 0.69407 0.734363 0.723602 0.69667; -1.85927e5 -1.85993e5 -1.85976e5 -1.85984e5 -1.8607e5 -185972.0 -1.85927e5 -1.86014e5 -1.86057e5 -1.85958e5]Starting ml estimationLength of training data: 4950Start values for optimization:
[-2.42983e6; 2315.97; 37380.8; 1.32713e6; 2.3262e5; -9.25908e5; 7772.36; 1382.87; -73.8103; -10023.6; -2.00951e5; -22680.0; -3.97228e5; -6980.77; -6319.82; -384.181; -587.575; -41.751; -95.8014; -149.082; 137.644; -5745.86; -1481.29; 4563.26; 533.823; -8695.6; -52932.1; 2.10275e5; -2059.9; 2649.25; 1.85905e5; 321.802; -495.668; -20749.3; 12738.1; 8267.36; 4.32241; 3.97584; -0.723825; -2.99758; -4.81697; -1.3102; -2.71467; -2.1912; -2.64912]Iter     Function value   Gradient norm 
     0     4.434434e+04     1.309591e+08
     1     4.381941e+04     1.246458e+06
     2     4.380810e+04     9.514398e+05
     3     4.379478e+04     1.939786e+05
     4     4.379482e+04     1.939319e+05
Estimated parameters of the GP model:
Estimated Β:s:
[-2.42983e6,2315.97,37380.8,1.32713e6,2.3262e5,-9.25908e5,7772.36,1382.87,-73.8103,-10023.6,-2.00951e5,-22680.0,-3.97228e5,-6980.77,-6319.82,-384.181,-587.575,-41.751,-95.8014,-149.082,137.644,-5745.86,-1481.29,4563.26,533.823,-8695.6,-52932.1,2.10275e5,-2059.9,2649.25,1.85905e5,321.802,-495.668,-20749.3,12738.1,8267.36]
Estimated log Φ:s:
[4.32217,3.19355,-1.15356,13.858,136.713,0.633746,5.14307,3.99578,10.5]
elapsed time: 1126.440210665 seconds
#####################################################################
Starting DA-GP-MCMC estimating 7 parameters 
MCMC algorithm: MCWM
Adaptation algorithm: noAdaptation
Prior distribution: Normal
Particle filter: parallel_bootstrap, on 4 cores
Nbr particles for particle filter: 500
Covariance - kernel_MH_direct:
[0.0374089 -0.00404272 2.482e-5 0.00108014 0.000182999 0.00104582 0.00375643; -0.00404272 0.00109217 -1.67489e-5 -0.000827606 -0.000196084 -0.000259315 -0.00110525; 2.482e-5 -1.67489e-5 3.0123e-5 -5.62179e-5 -3.89701e-6 2.44438e-5 4.74235e-5; 0.00108014 -0.000827606 -5.62179e-5 0.0368117 0.00892814 -0.0112956 0.00105234; 0.000182999 -0.000196084 -3.89701e-6 0.00892814 0.00218008 -0.00275945 0.000269347; 0.00104582 -0.000259315 2.44438e-5 -0.0112956 -0.00275945 0.00502968 0.000984769; 0.00375643 -0.00110525 4.74235e-5 0.00105234 0.000269347 0.000984769 0.00242984]
Iteration: 1
Covariance:
[0.0538688 -0.00582151 3.57408e-5 0.0015554 0.000263519 0.00150598 0.00540926; -0.00582151 0.00157273 -2.41185e-5 -0.00119175 -0.000282361 -0.000373414 -0.00159155; 3.57408e-5 -2.41185e-5 4.33771e-5 -8.09538e-5 -5.61169e-6 3.51991e-5 6.82898e-5; 0.0015554 -0.00119175 -8.09538e-5 0.0530088 0.0128565 -0.0162657 0.00151537; 0.000263519 -0.000282361 -5.61169e-6 0.0128565 0.00313932 -0.00397361 0.00038786; 0.00150598 -0.000373414 3.51991e-5 -0.0162657 -0.00397361 0.00724273 0.00141807; 0.00540926 -0.00159155 6.82898e-5 0.00151537 0.00038786 0.00141807 0.00349897]
Iteration: 1
Covariance:
[0.0538688 -0.00582151 3.57408e-5 0.0015554 0.000263519 0.00150598 0.00540926; -0.00582151 0.00157273 -2.41185e-5 -0.00119175 -0.000282361 -0.000373414 -0.00159155; 3.57408e-5 -2.41185e-5 4.33771e-5 -8.09538e-5 -5.61169e-6 3.51991e-5 6.82898e-5; 0.0015554 -0.00119175 -8.09538e-5 0.0530088 0.0128565 -0.0162657 0.00151537; 0.000263519 -0.000282361 -5.61169e-6 0.0128565 0.00313932 -0.00397361 0.00038786; 0.00150598 -0.000373414 3.51991e-5 -0.0162657 -0.00397361 0.00724273 0.00141807; 0.00540926 -0.00159155 6.82898e-5 0.00151537 0.00038786 0.00141807 0.00349897]
Loglik start: -185865.4217 
Percentage done: 10.00 % 
Acceptance rate on iteration 1 to 1000 is 0.0240
Covariance:
[0.0538688 -0.00582151 3.57408e-5 0.0015554 0.000263519 0.00150598 0.00540926; -0.00582151 0.00157273 -2.41185e-5 -0.00119175 -0.000282361 -0.000373414 -0.00159155; 3.57408e-5 -2.41185e-5 4.33771e-5 -8.09538e-5 -5.61169e-6 3.51991e-5 6.82898e-5; 0.0015554 -0.00119175 -8.09538e-5 0.0530088 0.0128565 -0.0162657 0.00151537; 0.000263519 -0.000282361 -5.61169e-6 0.0128565 0.00313932 -0.00397361 0.00038786; 0.00150598 -0.000373414 3.51991e-5 -0.0162657 -0.00397361 0.00724273 0.00141807; 0.00540926 -0.00159155 6.82898e-5 0.00151537 0.00038786 0.00141807 0.00349897]
Loglik: -185902.64693799 
Loglik values on different cores:
[-1.85928e5,-185905.0,-1.85921e5,-1.85958e5]
Percentage done: 20.00 % 
Acceptance rate on iteration 1001 to 2000 is 0.0390
Covariance:
[0.0538688 -0.00582151 3.57408e-5 0.0015554 0.000263519 0.00150598 0.00540926; -0.00582151 0.00157273 -2.41185e-5 -0.00119175 -0.000282361 -0.000373414 -0.00159155; 3.57408e-5 -2.41185e-5 4.33771e-5 -8.09538e-5 -5.61169e-6 3.51991e-5 6.82898e-5; 0.0015554 -0.00119175 -8.09538e-5 0.0530088 0.0128565 -0.0162657 0.00151537; 0.000263519 -0.000282361 -5.61169e-6 0.0128565 0.00313932 -0.00397361 0.00038786; 0.00150598 -0.000373414 3.51991e-5 -0.0162657 -0.00397361 0.00724273 0.00141807; 0.00540926 -0.00159155 6.82898e-5 0.00151537 0.00038786 0.00141807 0.00349897]
Loglik: -185891.39824336 
Loglik values on different cores:
[-1.85928e5,-185898.0,-1.8589e5,-185909.0]
Percentage done: 30.00 % 
Acceptance rate on iteration 2001 to 3000 is 0.0340
Covariance:
[0.0538688 -0.00582151 3.57408e-5 0.0015554 0.000263519 0.00150598 0.00540926; -0.00582151 0.00157273 -2.41185e-5 -0.00119175 -0.000282361 -0.000373414 -0.00159155; 3.57408e-5 -2.41185e-5 4.33771e-5 -8.09538e-5 -5.61169e-6 3.51991e-5 6.82898e-5; 0.0015554 -0.00119175 -8.09538e-5 0.0530088 0.0128565 -0.0162657 0.00151537; 0.000263519 -0.000282361 -5.61169e-6 0.0128565 0.00313932 -0.00397361 0.00038786; 0.00150598 -0.000373414 3.51991e-5 -0.0162657 -0.00397361 0.00724273 0.00141807; 0.00540926 -0.00159155 6.82898e-5 0.00151537 0.00038786 0.00141807 0.00349897]
Loglik: -185881.77074877 
Loglik values on different cores:
[-1.8591e5,-1.85917e5,-1.85894e5,-1.859e5]
Percentage done: 40.00 % 
Acceptance rate on iteration 3001 to 4000 is 0.0370
Covariance:
[0.0538688 -0.00582151 3.57408e-5 0.0015554 0.000263519 0.00150598 0.00540926; -0.00582151 0.00157273 -2.41185e-5 -0.00119175 -0.000282361 -0.000373414 -0.00159155; 3.57408e-5 -2.41185e-5 4.33771e-5 -8.09538e-5 -5.61169e-6 3.51991e-5 6.82898e-5; 0.0015554 -0.00119175 -8.09538e-5 0.0530088 0.0128565 -0.0162657 0.00151537; 0.000263519 -0.000282361 -5.61169e-6 0.0128565 0.00313932 -0.00397361 0.00038786; 0.00150598 -0.000373414 3.51991e-5 -0.0162657 -0.00397361 0.00724273 0.00141807; 0.00540926 -0.00159155 6.82898e-5 0.00151537 0.00038786 0.00141807 0.00349897]
Loglik: -185891.53121635 
Loglik values on different cores:
[-1.85903e5,-1.8593e5,-1.85917e5,-185909.0]
Percentage done: 50.00 % 
Acceptance rate on iteration 4001 to 5000 is 0.0330
Covariance:
[0.0538688 -0.00582151 3.57408e-5 0.0015554 0.000263519 0.00150598 0.00540926; -0.00582151 0.00157273 -2.41185e-5 -0.00119175 -0.000282361 -0.000373414 -0.00159155; 3.57408e-5 -2.41185e-5 4.33771e-5 -8.09538e-5 -5.61169e-6 3.51991e-5 6.82898e-5; 0.0015554 -0.00119175 -8.09538e-5 0.0530088 0.0128565 -0.0162657 0.00151537; 0.000263519 -0.000282361 -5.61169e-6 0.0128565 0.00313932 -0.00397361 0.00038786; 0.00150598 -0.000373414 3.51991e-5 -0.0162657 -0.00397361 0.00724273 0.00141807; 0.00540926 -0.00159155 6.82898e-5 0.00151537 0.00038786 0.00141807 0.00349897]
Loglik: -185904.53767626 
Loglik values on different cores:
[-1.85935e5,-1.85934e5,-185939.0,-1.85924e5]
Percentage done: 60.00 % 
Acceptance rate on iteration 5001 to 6000 is 0.0300
Covariance:
[0.0538688 -0.00582151 3.57408e-5 0.0015554 0.000263519 0.00150598 0.00540926; -0.00582151 0.00157273 -2.41185e-5 -0.00119175 -0.000282361 -0.000373414 -0.00159155; 3.57408e-5 -2.41185e-5 4.33771e-5 -8.09538e-5 -5.61169e-6 3.51991e-5 6.82898e-5; 0.0015554 -0.00119175 -8.09538e-5 0.0530088 0.0128565 -0.0162657 0.00151537; 0.000263519 -0.000282361 -5.61169e-6 0.0128565 0.00313932 -0.00397361 0.00038786; 0.00150598 -0.000373414 3.51991e-5 -0.0162657 -0.00397361 0.00724273 0.00141807; 0.00540926 -0.00159155 6.82898e-5 0.00151537 0.00038786 0.00141807 0.00349897]
Loglik: -185883.94527988 
Loglik values on different cores:
[-1.85953e5,-1.85903e5,-1.85866e5,-1.8594e5]
Percentage done: 70.00 % 
Acceptance rate on iteration 6001 to 7000 is 0.0220
Covariance:
[0.0538688 -0.00582151 3.57408e-5 0.0015554 0.000263519 0.00150598 0.00540926; -0.00582151 0.00157273 -2.41185e-5 -0.00119175 -0.000282361 -0.000373414 -0.00159155; 3.57408e-5 -2.41185e-5 4.33771e-5 -8.09538e-5 -5.61169e-6 3.51991e-5 6.82898e-5; 0.0015554 -0.00119175 -8.09538e-5 0.0530088 0.0128565 -0.0162657 0.00151537; 0.000263519 -0.000282361 -5.61169e-6 0.0128565 0.00313932 -0.00397361 0.00038786; 0.00150598 -0.000373414 3.51991e-5 -0.0162657 -0.00397361 0.00724273 0.00141807; 0.00540926 -0.00159155 6.82898e-5 0.00151537 0.00038786 0.00141807 0.00349897]
Loglik: -185883.75424849 
Loglik values on different cores:
[-1.85925e5,-185896.0,-1.85916e5,-1.85902e5]
Percentage done: 80.00 % 
Acceptance rate on iteration 7001 to 8000 is 0.0390
Covariance:
[0.0538688 -0.00582151 3.57408e-5 0.0015554 0.000263519 0.00150598 0.00540926; -0.00582151 0.00157273 -2.41185e-5 -0.00119175 -0.000282361 -0.000373414 -0.00159155; 3.57408e-5 -2.41185e-5 4.33771e-5 -8.09538e-5 -5.61169e-6 3.51991e-5 6.82898e-5; 0.0015554 -0.00119175 -8.09538e-5 0.0530088 0.0128565 -0.0162657 0.00151537; 0.000263519 -0.000282361 -5.61169e-6 0.0128565 0.00313932 -0.00397361 0.00038786; 0.00150598 -0.000373414 3.51991e-5 -0.0162657 -0.00397361 0.00724273 0.00141807; 0.00540926 -0.00159155 6.82898e-5 0.00151537 0.00038786 0.00141807 0.00349897]
Loglik: -185868.19645534 
Loglik values on different cores:
[-1.85903e5,-1.85927e5,-1.85908e5,-185945.0]
Percentage done: 90.00 % 
Acceptance rate on iteration 8001 to 9000 is 0.0390
Covariance:
[0.0538688 -0.00582151 3.57408e-5 0.0015554 0.000263519 0.00150598 0.00540926; -0.00582151 0.00157273 -2.41185e-5 -0.00119175 -0.000282361 -0.000373414 -0.00159155; 3.57408e-5 -2.41185e-5 4.33771e-5 -8.09538e-5 -5.61169e-6 3.51991e-5 6.82898e-5; 0.0015554 -0.00119175 -8.09538e-5 0.0530088 0.0128565 -0.0162657 0.00151537; 0.000263519 -0.000282361 -5.61169e-6 0.0128565 0.00313932 -0.00397361 0.00038786; 0.00150598 -0.000373414 3.51991e-5 -0.0162657 -0.00397361 0.00724273 0.00141807; 0.00540926 -0.00159155 6.82898e-5 0.00151537 0.00038786 0.00141807 0.00349897]
Loglik: -185902.53359324 
Loglik values on different cores:
[-1.85946e5,-1.85893e5,-1.85941e5,-1.85927e5]
elapsed time: 30870.051828043 seconds
Ending DA-GP-MCMC with adaptive RW estimating 7 parameters
Algorithm: MCWM
Adaptation algorithm: noAdaptation
Prior distribution: Normal
Particle filter: parallel_bootstrap
Time pre-er:  0
Time fit GP model:  0
Time er-part:  30870
Number early-rejections: 6590
Number of cases directly to ordinary MH: 1516
Number of cases directly to ordinary MH accepted: 223
Number cases in in DA part: 8483
Number cases in second stage: 1893
Number accepted in second stage: 109
Total number of evaluations of the particle filter: 3409
Acceptance rate for ordinary MH accepted: 14.7098
Acceptance rate a_1: 22.3152
Acceptance rate a_2: 5.7581
Acceptance rate a_1*a_2: 1.2849
Acceptance rate a (for entier algorithm): 3.3200
#####################################################################
Est prob:
[0.183899,0.947763,0.816101,0.0522368]
#####################################################################
Starting ADA-GP-MCMC with adaptive RW estimating 7 parameters
MCMC algorithm: MCWM
Adaptation algorithm: noAdaptation
Select case model: DT
Prior distribution: Normal
Particle filter: parallel_bootstrap, on 4 cores
Nbr particles for particle filter: 500
Covariance - kernel_MH_direct:
[0.0374089 -0.00404272 2.482e-5 0.00108014 0.000182999 0.00104582 0.00375643; -0.00404272 0.00109217 -1.67489e-5 -0.000827606 -0.000196084 -0.000259315 -0.00110525; 2.482e-5 -1.67489e-5 3.0123e-5 -5.62179e-5 -3.89701e-6 2.44438e-5 4.74235e-5; 0.00108014 -0.000827606 -5.62179e-5 0.0368117 0.00892814 -0.0112956 0.00105234; 0.000182999 -0.000196084 -3.89701e-6 0.00892814 0.00218008 -0.00275945 0.000269347; 0.00104582 -0.000259315 2.44438e-5 -0.0112956 -0.00275945 0.00502968 0.000984769; 0.00375643 -0.00110525 4.74235e-5 0.00105234 0.000269347 0.000984769 0.00242984]
Iteration: 1
Covariance:
[0.0538688 -0.00582151 3.57408e-5 0.0015554 0.000263519 0.00150598 0.00540926; -0.00582151 0.00157273 -2.41185e-5 -0.00119175 -0.000282361 -0.000373414 -0.00159155; 3.57408e-5 -2.41185e-5 4.33771e-5 -8.09538e-5 -5.61169e-6 3.51991e-5 6.82898e-5; 0.0015554 -0.00119175 -8.09538e-5 0.0530088 0.0128565 -0.0162657 0.00151537; 0.000263519 -0.000282361 -5.61169e-6 0.0128565 0.00313932 -0.00397361 0.00038786; 0.00150598 -0.000373414 3.51991e-5 -0.0162657 -0.00397361 0.00724273 0.00141807; 0.00540926 -0.00159155 6.82898e-5 0.00151537 0.00038786 0.00141807 0.00349897]
Iteration: 1
Covariance:
[0.0538688 -0.00582151 3.57408e-5 0.0015554 0.000263519 0.00150598 0.00540926; -0.00582151 0.00157273 -2.41185e-5 -0.00119175 -0.000282361 -0.000373414 -0.00159155; 3.57408e-5 -2.41185e-5 4.33771e-5 -8.09538e-5 -5.61169e-6 3.51991e-5 6.82898e-5; 0.0015554 -0.00119175 -8.09538e-5 0.0530088 0.0128565 -0.0162657 0.00151537; 0.000263519 -0.000282361 -5.61169e-6 0.0128565 0.00313932 -0.00397361 0.00038786; 0.00150598 -0.000373414 3.51991e-5 -0.0162657 -0.00397361 0.00724273 0.00141807; 0.00540926 -0.00159155 6.82898e-5 0.00151537 0.00038786 0.00141807 0.00349897]
Loglik: -185888.0877 
Percentage done: 10.00 % 
Acceptance rate on iteration 1 to 1000 is 0.0330
Covariance:
[0.0538688 -0.00582151 3.57408e-5 0.0015554 0.000263519 0.00150598 0.00540926; -0.00582151 0.00157273 -2.41185e-5 -0.00119175 -0.000282361 -0.000373414 -0.00159155; 3.57408e-5 -2.41185e-5 4.33771e-5 -8.09538e-5 -5.61169e-6 3.51991e-5 6.82898e-5; 0.0015554 -0.00119175 -8.09538e-5 0.0530088 0.0128565 -0.0162657 0.00151537; 0.000263519 -0.000282361 -5.61169e-6 0.0128565 0.00313932 -0.00397361 0.00038786; 0.00150598 -0.000373414 3.51991e-5 -0.0162657 -0.00397361 0.00724273 0.00141807; 0.00540926 -0.00159155 6.82898e-5 0.00151537 0.00038786 0.00141807 0.00349897]
Loglik: -185941.9188 
Loglik values on different cores:
[-1.86006e5,-1.85957e5,-1.85973e5,-1.85962e5]
Percentage done: 20.00 % 
Acceptance rate on iteration 1001 to 2000 is 0.0310
Covariance:
[0.0538688 -0.00582151 3.57408e-5 0.0015554 0.000263519 0.00150598 0.00540926; -0.00582151 0.00157273 -2.41185e-5 -0.00119175 -0.000282361 -0.000373414 -0.00159155; 3.57408e-5 -2.41185e-5 4.33771e-5 -8.09538e-5 -5.61169e-6 3.51991e-5 6.82898e-5; 0.0015554 -0.00119175 -8.09538e-5 0.0530088 0.0128565 -0.0162657 0.00151537; 0.000263519 -0.000282361 -5.61169e-6 0.0128565 0.00313932 -0.00397361 0.00038786; 0.00150598 -0.000373414 3.51991e-5 -0.0162657 -0.00397361 0.00724273 0.00141807; 0.00540926 -0.00159155 6.82898e-5 0.00151537 0.00038786 0.00141807 0.00349897]
Loglik: -185914.2897 
Loglik values on different cores:
[-1.8591e5,-185965.0,-1.85933e5,-1.85946e5]
Percentage done: 30.00 % 
Acceptance rate on iteration 2001 to 3000 is 0.0220
Covariance:
[0.0538688 -0.00582151 3.57408e-5 0.0015554 0.000263519 0.00150598 0.00540926; -0.00582151 0.00157273 -2.41185e-5 -0.00119175 -0.000282361 -0.000373414 -0.00159155; 3.57408e-5 -2.41185e-5 4.33771e-5 -8.09538e-5 -5.61169e-6 3.51991e-5 6.82898e-5; 0.0015554 -0.00119175 -8.09538e-5 0.0530088 0.0128565 -0.0162657 0.00151537; 0.000263519 -0.000282361 -5.61169e-6 0.0128565 0.00313932 -0.00397361 0.00038786; 0.00150598 -0.000373414 3.51991e-5 -0.0162657 -0.00397361 0.00724273 0.00141807; 0.00540926 -0.00159155 6.82898e-5 0.00151537 0.00038786 0.00141807 0.00349897]
Loglik: -185899.6281 
Loglik values on different cores:
[-1.85922e5,-185894.0,-1.85891e5,-185890.0]
Percentage done: 40.00 % 
Acceptance rate on iteration 3001 to 4000 is 0.0340
Covariance:
[0.0538688 -0.00582151 3.57408e-5 0.0015554 0.000263519 0.00150598 0.00540926; -0.00582151 0.00157273 -2.41185e-5 -0.00119175 -0.000282361 -0.000373414 -0.00159155; 3.57408e-5 -2.41185e-5 4.33771e-5 -8.09538e-5 -5.61169e-6 3.51991e-5 6.82898e-5; 0.0015554 -0.00119175 -8.09538e-5 0.0530088 0.0128565 -0.0162657 0.00151537; 0.000263519 -0.000282361 -5.61169e-6 0.0128565 0.00313932 -0.00397361 0.00038786; 0.00150598 -0.000373414 3.51991e-5 -0.0162657 -0.00397361 0.00724273 0.00141807; 0.00540926 -0.00159155 6.82898e-5 0.00151537 0.00038786 0.00141807 0.00349897]
Loglik: -185901.4269 
Loglik values on different cores:
[-1.85921e5,-1.85916e5,-1.85906e5,-1.85933e5]
Percentage done: 50.00 % 
Acceptance rate on iteration 4001 to 5000 is 0.0270
Covariance:
[0.0538688 -0.00582151 3.57408e-5 0.0015554 0.000263519 0.00150598 0.00540926; -0.00582151 0.00157273 -2.41185e-5 -0.00119175 -0.000282361 -0.000373414 -0.00159155; 3.57408e-5 -2.41185e-5 4.33771e-5 -8.09538e-5 -5.61169e-6 3.51991e-5 6.82898e-5; 0.0015554 -0.00119175 -8.09538e-5 0.0530088 0.0128565 -0.0162657 0.00151537; 0.000263519 -0.000282361 -5.61169e-6 0.0128565 0.00313932 -0.00397361 0.00038786; 0.00150598 -0.000373414 3.51991e-5 -0.0162657 -0.00397361 0.00724273 0.00141807; 0.00540926 -0.00159155 6.82898e-5 0.00151537 0.00038786 0.00141807 0.00349897]
Loglik: -185898.0336 
Loglik values on different cores:
[-1.85928e5,-1.85933e5,-1.85933e5,-1.85912e5]
Percentage done: 60.00 % 
Acceptance rate on iteration 5001 to 6000 is 0.0220
Covariance:
[0.0538688 -0.00582151 3.57408e-5 0.0015554 0.000263519 0.00150598 0.00540926; -0.00582151 0.00157273 -2.41185e-5 -0.00119175 -0.000282361 -0.000373414 -0.00159155; 3.57408e-5 -2.41185e-5 4.33771e-5 -8.09538e-5 -5.61169e-6 3.51991e-5 6.82898e-5; 0.0015554 -0.00119175 -8.09538e-5 0.0530088 0.0128565 -0.0162657 0.00151537; 0.000263519 -0.000282361 -5.61169e-6 0.0128565 0.00313932 -0.00397361 0.00038786; 0.00150598 -0.000373414 3.51991e-5 -0.0162657 -0.00397361 0.00724273 0.00141807; 0.00540926 -0.00159155 6.82898e-5 0.00151537 0.00038786 0.00141807 0.00349897]
Loglik: NaN 
Loglik values on different cores:
[-1.85898e5,-1.85876e5,-1.85916e5,-1.85885e5]
Percentage done: 70.00 % 
Acceptance rate on iteration 6001 to 7000 is 0.0250
Covariance:
[0.0538688 -0.00582151 3.57408e-5 0.0015554 0.000263519 0.00150598 0.00540926; -0.00582151 0.00157273 -2.41185e-5 -0.00119175 -0.000282361 -0.000373414 -0.00159155; 3.57408e-5 -2.41185e-5 4.33771e-5 -8.09538e-5 -5.61169e-6 3.51991e-5 6.82898e-5; 0.0015554 -0.00119175 -8.09538e-5 0.0530088 0.0128565 -0.0162657 0.00151537; 0.000263519 -0.000282361 -5.61169e-6 0.0128565 0.00313932 -0.00397361 0.00038786; 0.00150598 -0.000373414 3.51991e-5 -0.0162657 -0.00397361 0.00724273 0.00141807; 0.00540926 -0.00159155 6.82898e-5 0.00151537 0.00038786 0.00141807 0.00349897]
Loglik: -185866.5864 
Loglik values on different cores:
[-1.85904e5,-1.85883e5,-1.85904e5,-185911.0]
Percentage done: 80.00 % 
Acceptance rate on iteration 7001 to 8000 is 0.0200
Covariance:
[0.0538688 -0.00582151 3.57408e-5 0.0015554 0.000263519 0.00150598 0.00540926; -0.00582151 0.00157273 -2.41185e-5 -0.00119175 -0.000282361 -0.000373414 -0.00159155; 3.57408e-5 -2.41185e-5 4.33771e-5 -8.09538e-5 -5.61169e-6 3.51991e-5 6.82898e-5; 0.0015554 -0.00119175 -8.09538e-5 0.0530088 0.0128565 -0.0162657 0.00151537; 0.000263519 -0.000282361 -5.61169e-6 0.0128565 0.00313932 -0.00397361 0.00038786; 0.00150598 -0.000373414 3.51991e-5 -0.0162657 -0.00397361 0.00724273 0.00141807; 0.00540926 -0.00159155 6.82898e-5 0.00151537 0.00038786 0.00141807 0.00349897]
Loglik: -185882.5872 
Loglik values on different cores:
[-1.85903e5,-1.85891e5,-1.85922e5,-1.85932e5]
Percentage done: 90.00 % 
Acceptance rate on iteration 8001 to 9000 is 0.0370
Covariance:
[0.0538688 -0.00582151 3.57408e-5 0.0015554 0.000263519 0.00150598 0.00540926; -0.00582151 0.00157273 -2.41185e-5 -0.00119175 -0.000282361 -0.000373414 -0.00159155; 3.57408e-5 -2.41185e-5 4.33771e-5 -8.09538e-5 -5.61169e-6 3.51991e-5 6.82898e-5; 0.0015554 -0.00119175 -8.09538e-5 0.0530088 0.0128565 -0.0162657 0.00151537; 0.000263519 -0.000282361 -5.61169e-6 0.0128565 0.00313932 -0.00397361 0.00038786; 0.00150598 -0.000373414 3.51991e-5 -0.0162657 -0.00397361 0.00724273 0.00141807; 0.00540926 -0.00159155 6.82898e-5 0.00151537 0.00038786 0.00141807 0.00349897]
Loglik: -185940.0081 
Loglik values on different cores:
[-185949.0,-185974.0,-1.85936e5,-1.8596e5]
elapsed time: 18013.683632948 seconds
Ending ADA-GP-MCMC with adaptive RW estimating 7 parameters
Algorithm: MCWM
Adaptation algorithm: noAdaptation
Prior distribution: Normal
Particel filter: parallel_bootstrap
Time consumption:Time pre-er:  0
Time fit GP model:  0
Time er-part:  18014
Number early-rejections: 6574
Number of cases directly to ordinary MH: 1505
Number split acceptance region early-accept: 0
Number split acceptance region early-reject: 1443
Number cases in DA part: 8494
Number cases in second stage: 1920
Number accepted in second stage: 59
Total number of evaluations of the particle filter: 1969
Acceptance rate for ordinary MH accepted: 14.6844
Acceptance rate a_1: 22.6042
Acceptance rate a_2: 3.0729
Acceptance rate a_1*a_2: 0.6946
Acceptance rate a (for entier algorithm): 2.8000
Number case 1 or 3: 1807
Number case 2 or 4: 113
Number case 1: 341, 0.1887 % of all cases
Number case 2: 100, 0.8850 % of all cases
Number case 3: 1466, 0.8113 % of all cases
Number case 4: 13, 0.1150 % of all cases
Number pf runs in case 1: 341, prob pf given case 1 100.0000 %
Number pf runs in case 2: 100, prob pf given case 2 100.0000 %
Number pf runs in case 3: 23, prob pf given case 3 1.5689 %
Number pf runs in case 4: 0, prob pf given case 4 0.0000 %
#####################################################################
