Mean:
[-1.14895; -0.147567; 3.34916; 1.43528; 0.429473; 0.54436; 0.688795]
Std:
[0.158764; 0.0923237; 0.00542194; 0.185747; 0.104187; 0.232117; 0.104036]
[-1.15597 -1.09099 -1.07286 -1.09281 -0.99141 -1.22307 -1.04742 -1.02491 -1.18789 -0.950855; -0.181067 -0.198142 -0.231612 -0.179879 -0.242153 -0.114977 -0.235622 -0.232284 -0.124784 -0.284238; 3.34827 3.35369 3.35359 3.35208 3.34811 3.35387 3.34917 3.35209 3.35098 3.35407; 1.52129 1.65623 1.5741 1.57108 1.57146 1.52946 1.23641 1.78406 1.76197 1.6442; 0.490824 0.500981 0.464878 0.52248 0.508929 0.524283 0.357845 0.612692 0.617113 0.579527; 0.474426 0.410375 0.528602 0.308163 0.458592 0.260934 0.660124 0.154637 0.108638 0.247919; 0.709019 0.750015 0.818421 0.678527 0.734991 0.646468 0.738768 0.746299 0.635516 0.804504; -1.53908e5 -153905.0 -1.53909e5 -1.53909e5 -153909.0 -1.5392e5 -153915.0 -1.53916e5 -1.53909e5 -1.53929e5]Starting ml estimationLength of training data: 4950Start values for optimization:
[-2.22559e6; -4108.38; -10918.9; 1.23482e6; -52986.8; 1.61179e5; 28039.3; -10364.1; -2268.8; -11601.6; -1.8434e5; -1592.0; -11753.8; -1064.0; -2398.48; -9633.55; -73.9242; -19.9231; -472.883; -221.488; -2836.84; 564.081; -176.859; 730.894; 189.807; -8230.07; 16250.6; -47834.5; -7898.66; 2220.77; 6686.71; 537.955; -110.936; -5367.41; 2850.83; 1246.95; 2.7328; 2.38622; -1.84827; -2.39488; -5.22343; -1.6888; -2.26669; -1.46775; -2.27935]Iter     Function value   Gradient norm 
     0     2.936596e+04     1.687718e+07
     1     2.900947e+04     5.731414e+06
     2     2.900950e+04     6.686059e+03
Estimated parameters of the GP model:
Estimated Β:s:
[-2.22559e6,-4108.38,-10918.9,1.23482e6,-52986.8,1.61179e5,28039.3,-10364.1,-2268.8,-11601.6,-1.8434e5,-1592.0,-11753.8,-1064.0,-2398.48,-9633.55,-73.9242,-19.9231,-472.883,-221.488,-2836.84,564.081,-176.859,730.894,189.807,-8230.07,16250.6,-47834.5,-7898.66,2220.77,6686.71,537.955,-110.936,-5367.41,2850.83,1246.95]
Estimated log Φ:s:
[2.73278,2.38393,-1.83533,-2.37859,-4.68696,-1.68001,-2.25361,-1.46056,-2.25681]
elapsed time: 974.820202951 seconds
#####################################################################
Starting DA-GP-MCMC estimating 7 parameters 
MCMC algorithm: MCWM
Adaptation algorithm: noAdaptation
Prior distribution: Normal
Particle filter: parallel_bootstrap, on 4 cores
Nbr particles for particle filter: 1200
Covariance - kernel_MH_direct:
[0.0140482 -0.00793197 5.72765e-5 -0.000963186 -0.000861613 0.00319348 0.00552107; -0.00793197 0.00510122 -2.53534e-5 0.000284167 0.000375042 -0.00237591 -0.00436646; 5.72765e-5 -2.53534e-5 1.49534e-5 -6.51059e-5 -7.85304e-5 0.000105998 -9.413e-6; -0.000963186 0.000284167 -6.51059e-5 0.0151038 0.00814629 -0.0169514 0.000283384; -0.000861613 0.000375042 -7.85304e-5 0.00814629 0.00501089 -0.0105786 -8.7959e-5; 0.00319348 -0.00237591 0.000105998 -0.0169514 -0.0105786 0.0264267 0.00305833; 0.00552107 -0.00436646 -9.413e-6 0.000283384 -8.7959e-5 0.00305833 0.00566386]
Iteration: 1
Covariance:
[0.0202294 -0.011422 8.24782e-5 -0.00138699 -0.00124072 0.00459861 0.00795034; -0.011422 0.00734576 -3.6509e-5 0.0004092 0.00054006 -0.00342131 -0.0062877; 8.24782e-5 -3.6509e-5 2.15329e-5 -9.37526e-5 -0.000113084 0.000152638 -1.35547e-5; -0.00138699 0.0004092 -9.37526e-5 0.0217495 0.0117307 -0.02441 0.000408073; -0.00124072 0.00054006 -0.000113084 0.0117307 0.00721569 -0.0152332 -0.000126661; 0.00459861 -0.00342131 0.000152638 -0.02441 -0.0152332 0.0380544 0.004404; 0.00795034 -0.0062877 -1.35547e-5 0.000408073 -0.000126661 0.004404 0.00815595]
Iteration: 1
Covariance:
[0.0202294 -0.011422 8.24782e-5 -0.00138699 -0.00124072 0.00459861 0.00795034; -0.011422 0.00734576 -3.6509e-5 0.0004092 0.00054006 -0.00342131 -0.0062877; 8.24782e-5 -3.6509e-5 2.15329e-5 -9.37526e-5 -0.000113084 0.000152638 -1.35547e-5; -0.00138699 0.0004092 -9.37526e-5 0.0217495 0.0117307 -0.02441 0.000408073; -0.00124072 0.00054006 -0.000113084 0.0117307 0.00721569 -0.0152332 -0.000126661; 0.00459861 -0.00342131 0.000152638 -0.02441 -0.0152332 0.0380544 0.004404; 0.00795034 -0.0062877 -1.35547e-5 0.000408073 -0.000126661 0.004404 0.00815595]
Loglik start: -181340.7882 
Percentage done: 10.00 % 
Acceptance rate on iteration 1 to 1000 is 0.0190
Covariance:
[0.0202294 -0.011422 8.24782e-5 -0.00138699 -0.00124072 0.00459861 0.00795034; -0.011422 0.00734576 -3.6509e-5 0.0004092 0.00054006 -0.00342131 -0.0062877; 8.24782e-5 -3.6509e-5 2.15329e-5 -9.37526e-5 -0.000113084 0.000152638 -1.35547e-5; -0.00138699 0.0004092 -9.37526e-5 0.0217495 0.0117307 -0.02441 0.000408073; -0.00124072 0.00054006 -0.000113084 0.0117307 0.00721569 -0.0152332 -0.000126661; 0.00459861 -0.00342131 0.000152638 -0.02441 -0.0152332 0.0380544 0.004404; 0.00795034 -0.0062877 -1.35547e-5 0.000408073 -0.000126661 0.004404 0.00815595]
Loglik: -181358.89744664 
Loglik values on different cores:
[-181365.0,-1.81365e5,-1.81364e5,-181356.0]
Percentage done: 20.00 % 
Acceptance rate on iteration 1001 to 2000 is 0.0090
Covariance:
[0.0202294 -0.011422 8.24782e-5 -0.00138699 -0.00124072 0.00459861 0.00795034; -0.011422 0.00734576 -3.6509e-5 0.0004092 0.00054006 -0.00342131 -0.0062877; 8.24782e-5 -3.6509e-5 2.15329e-5 -9.37526e-5 -0.000113084 0.000152638 -1.35547e-5; -0.00138699 0.0004092 -9.37526e-5 0.0217495 0.0117307 -0.02441 0.000408073; -0.00124072 0.00054006 -0.000113084 0.0117307 0.00721569 -0.0152332 -0.000126661; 0.00459861 -0.00342131 0.000152638 -0.02441 -0.0152332 0.0380544 0.004404; 0.00795034 -0.0062877 -1.35547e-5 0.000408073 -0.000126661 0.004404 0.00815595]
Loglik: -181348.27122368 
Loglik values on different cores:
[-1.81356e5,-1.81355e5,-1.81351e5,-1.81353e5]
Percentage done: 30.00 % 
Acceptance rate on iteration 2001 to 3000 is 0.0240
Covariance:
[0.0202294 -0.011422 8.24782e-5 -0.00138699 -0.00124072 0.00459861 0.00795034; -0.011422 0.00734576 -3.6509e-5 0.0004092 0.00054006 -0.00342131 -0.0062877; 8.24782e-5 -3.6509e-5 2.15329e-5 -9.37526e-5 -0.000113084 0.000152638 -1.35547e-5; -0.00138699 0.0004092 -9.37526e-5 0.0217495 0.0117307 -0.02441 0.000408073; -0.00124072 0.00054006 -0.000113084 0.0117307 0.00721569 -0.0152332 -0.000126661; 0.00459861 -0.00342131 0.000152638 -0.02441 -0.0152332 0.0380544 0.004404; 0.00795034 -0.0062877 -1.35547e-5 0.000408073 -0.000126661 0.004404 0.00815595]
Loglik: -181357.66001386 
Loglik values on different cores:
[-1.81369e5,-1.81364e5,-1.81364e5,-1.81361e5]
Percentage done: 40.00 % 
Acceptance rate on iteration 3001 to 4000 is 0.0360
Covariance:
[0.0202294 -0.011422 8.24782e-5 -0.00138699 -0.00124072 0.00459861 0.00795034; -0.011422 0.00734576 -3.6509e-5 0.0004092 0.00054006 -0.00342131 -0.0062877; 8.24782e-5 -3.6509e-5 2.15329e-5 -9.37526e-5 -0.000113084 0.000152638 -1.35547e-5; -0.00138699 0.0004092 -9.37526e-5 0.0217495 0.0117307 -0.02441 0.000408073; -0.00124072 0.00054006 -0.000113084 0.0117307 0.00721569 -0.0152332 -0.000126661; 0.00459861 -0.00342131 0.000152638 -0.02441 -0.0152332 0.0380544 0.004404; 0.00795034 -0.0062877 -1.35547e-5 0.000408073 -0.000126661 0.004404 0.00815595]
Loglik: -181355.97223976 
Loglik values on different cores:
[-1.81357e5,-1.81353e5,-1.81365e5,-1.81355e5]
Percentage done: 50.00 % 
Acceptance rate on iteration 4001 to 5000 is 0.0320
Covariance:
[0.0202294 -0.011422 8.24782e-5 -0.00138699 -0.00124072 0.00459861 0.00795034; -0.011422 0.00734576 -3.6509e-5 0.0004092 0.00054006 -0.00342131 -0.0062877; 8.24782e-5 -3.6509e-5 2.15329e-5 -9.37526e-5 -0.000113084 0.000152638 -1.35547e-5; -0.00138699 0.0004092 -9.37526e-5 0.0217495 0.0117307 -0.02441 0.000408073; -0.00124072 0.00054006 -0.000113084 0.0117307 0.00721569 -0.0152332 -0.000126661; 0.00459861 -0.00342131 0.000152638 -0.02441 -0.0152332 0.0380544 0.004404; 0.00795034 -0.0062877 -1.35547e-5 0.000408073 -0.000126661 0.004404 0.00815595]
Loglik: -181352.56409153 
Loglik values on different cores:
[-1.81366e5,-1.81358e5,-181365.0,-1.81362e5]
Percentage done: 60.00 % 
Acceptance rate on iteration 5001 to 6000 is 0.0290
Covariance:
[0.0202294 -0.011422 8.24782e-5 -0.00138699 -0.00124072 0.00459861 0.00795034; -0.011422 0.00734576 -3.6509e-5 0.0004092 0.00054006 -0.00342131 -0.0062877; 8.24782e-5 -3.6509e-5 2.15329e-5 -9.37526e-5 -0.000113084 0.000152638 -1.35547e-5; -0.00138699 0.0004092 -9.37526e-5 0.0217495 0.0117307 -0.02441 0.000408073; -0.00124072 0.00054006 -0.000113084 0.0117307 0.00721569 -0.0152332 -0.000126661; 0.00459861 -0.00342131 0.000152638 -0.02441 -0.0152332 0.0380544 0.004404; 0.00795034 -0.0062877 -1.35547e-5 0.000408073 -0.000126661 0.004404 0.00815595]
Loglik: -181360.18446155 
Loglik values on different cores:
[-1.81365e5,-1.81359e5,-1.81368e5,-1.81362e5]
Percentage done: 70.00 % 
Acceptance rate on iteration 6001 to 7000 is 0.0380
Covariance:
[0.0202294 -0.011422 8.24782e-5 -0.00138699 -0.00124072 0.00459861 0.00795034; -0.011422 0.00734576 -3.6509e-5 0.0004092 0.00054006 -0.00342131 -0.0062877; 8.24782e-5 -3.6509e-5 2.15329e-5 -9.37526e-5 -0.000113084 0.000152638 -1.35547e-5; -0.00138699 0.0004092 -9.37526e-5 0.0217495 0.0117307 -0.02441 0.000408073; -0.00124072 0.00054006 -0.000113084 0.0117307 0.00721569 -0.0152332 -0.000126661; 0.00459861 -0.00342131 0.000152638 -0.02441 -0.0152332 0.0380544 0.004404; 0.00795034 -0.0062877 -1.35547e-5 0.000408073 -0.000126661 0.004404 0.00815595]
Loglik: -181356.49138393 
Loglik values on different cores:
[-181365.0,-1.81367e5,-1.81357e5,-1.81361e5]
Percentage done: 80.00 % 
Acceptance rate on iteration 7001 to 8000 is 0.0260
Covariance:
[0.0202294 -0.011422 8.24782e-5 -0.00138699 -0.00124072 0.00459861 0.00795034; -0.011422 0.00734576 -3.6509e-5 0.0004092 0.00054006 -0.00342131 -0.0062877; 8.24782e-5 -3.6509e-5 2.15329e-5 -9.37526e-5 -0.000113084 0.000152638 -1.35547e-5; -0.00138699 0.0004092 -9.37526e-5 0.0217495 0.0117307 -0.02441 0.000408073; -0.00124072 0.00054006 -0.000113084 0.0117307 0.00721569 -0.0152332 -0.000126661; 0.00459861 -0.00342131 0.000152638 -0.02441 -0.0152332 0.0380544 0.004404; 0.00795034 -0.0062877 -1.35547e-5 0.000408073 -0.000126661 0.004404 0.00815595]
Loglik: -181342.33947793 
Loglik values on different cores:
[-1.81358e5,-1.81358e5,-1.81352e5,-1.81355e5]
Percentage done: 90.00 % 
Acceptance rate on iteration 8001 to 9000 is 0.0390
Covariance:
[0.0202294 -0.011422 8.24782e-5 -0.00138699 -0.00124072 0.00459861 0.00795034; -0.011422 0.00734576 -3.6509e-5 0.0004092 0.00054006 -0.00342131 -0.0062877; 8.24782e-5 -3.6509e-5 2.15329e-5 -9.37526e-5 -0.000113084 0.000152638 -1.35547e-5; -0.00138699 0.0004092 -9.37526e-5 0.0217495 0.0117307 -0.02441 0.000408073; -0.00124072 0.00054006 -0.000113084 0.0117307 0.00721569 -0.0152332 -0.000126661; 0.00459861 -0.00342131 0.000152638 -0.02441 -0.0152332 0.0380544 0.004404; 0.00795034 -0.0062877 -1.35547e-5 0.000408073 -0.000126661 0.004404 0.00815595]
Loglik: -181353.28371074 
Loglik values on different cores:
[-1.81355e5,-1.81356e5,-1.81354e5,-1.81355e5]
elapsed time: 80930.917530518 seconds
Ending DA-GP-MCMC with adaptive RW estimating 7 parameters
Algorithm: MCWM
Adaptation algorithm: noAdaptation
Prior distribution: Normal
Particle filter: parallel_bootstrap
Time pre-er:  0
Time fit GP model:  0
Time er-part:  80931
Number early-rejections: 6180
Number of cases directly to ordinary MH: 1516
Number of cases directly to ordinary MH accepted: 141
Number cases in in DA part: 8483
Number cases in second stage: 2303
Number accepted in second stage: 132
Total number of evaluations of the particle filter: 3819
Acceptance rate for ordinary MH accepted: 9.3008
Acceptance rate a_1: 27.1484
Acceptance rate a_2: 5.7317
Acceptance rate a_1*a_2: 1.5561
Acceptance rate a (for entier algorithm): 2.7300
#####################################################################
Est prob:
[0.169538,0.932939,0.830462,0.0670611]
#####################################################################
Starting ADA-GP-MCMC with adaptive RW estimating 7 parameters
MCMC algorithm: MCWM
Adaptation algorithm: noAdaptation
Select case model: DT
Prior distribution: Normal
Particle filter: parallel_bootstrap, on 4 cores
Nbr particles for particle filter: 1200
Covariance - kernel_MH_direct:
[0.0140482 -0.00793197 5.72765e-5 -0.000963186 -0.000861613 0.00319348 0.00552107; -0.00793197 0.00510122 -2.53534e-5 0.000284167 0.000375042 -0.00237591 -0.00436646; 5.72765e-5 -2.53534e-5 1.49534e-5 -6.51059e-5 -7.85304e-5 0.000105998 -9.413e-6; -0.000963186 0.000284167 -6.51059e-5 0.0151038 0.00814629 -0.0169514 0.000283384; -0.000861613 0.000375042 -7.85304e-5 0.00814629 0.00501089 -0.0105786 -8.7959e-5; 0.00319348 -0.00237591 0.000105998 -0.0169514 -0.0105786 0.0264267 0.00305833; 0.00552107 -0.00436646 -9.413e-6 0.000283384 -8.7959e-5 0.00305833 0.00566386]
Iteration: 1
Covariance:
[0.0202294 -0.011422 8.24782e-5 -0.00138699 -0.00124072 0.00459861 0.00795034; -0.011422 0.00734576 -3.6509e-5 0.0004092 0.00054006 -0.00342131 -0.0062877; 8.24782e-5 -3.6509e-5 2.15329e-5 -9.37526e-5 -0.000113084 0.000152638 -1.35547e-5; -0.00138699 0.0004092 -9.37526e-5 0.0217495 0.0117307 -0.02441 0.000408073; -0.00124072 0.00054006 -0.000113084 0.0117307 0.00721569 -0.0152332 -0.000126661; 0.00459861 -0.00342131 0.000152638 -0.02441 -0.0152332 0.0380544 0.004404; 0.00795034 -0.0062877 -1.35547e-5 0.000408073 -0.000126661 0.004404 0.00815595]
Iteration: 1
Covariance:
[0.0202294 -0.011422 8.24782e-5 -0.00138699 -0.00124072 0.00459861 0.00795034; -0.011422 0.00734576 -3.6509e-5 0.0004092 0.00054006 -0.00342131 -0.0062877; 8.24782e-5 -3.6509e-5 2.15329e-5 -9.37526e-5 -0.000113084 0.000152638 -1.35547e-5; -0.00138699 0.0004092 -9.37526e-5 0.0217495 0.0117307 -0.02441 0.000408073; -0.00124072 0.00054006 -0.000113084 0.0117307 0.00721569 -0.0152332 -0.000126661; 0.00459861 -0.00342131 0.000152638 -0.02441 -0.0152332 0.0380544 0.004404; 0.00795034 -0.0062877 -1.35547e-5 0.000408073 -0.000126661 0.004404 0.00815595]
Loglik: -181344.0466 
Percentage done: 10.00 % 
Acceptance rate on iteration 1 to 1000 is 0.0320
Covariance:
[0.0202294 -0.011422 8.24782e-5 -0.00138699 -0.00124072 0.00459861 0.00795034; -0.011422 0.00734576 -3.6509e-5 0.0004092 0.00054006 -0.00342131 -0.0062877; 8.24782e-5 -3.6509e-5 2.15329e-5 -9.37526e-5 -0.000113084 0.000152638 -1.35547e-5; -0.00138699 0.0004092 -9.37526e-5 0.0217495 0.0117307 -0.02441 0.000408073; -0.00124072 0.00054006 -0.000113084 0.0117307 0.00721569 -0.0152332 -0.000126661; 0.00459861 -0.00342131 0.000152638 -0.02441 -0.0152332 0.0380544 0.004404; 0.00795034 -0.0062877 -1.35547e-5 0.000408073 -0.000126661 0.004404 0.00815595]
Loglik: -181360.7079 
Loglik values on different cores:
[-1.8136e5,-1.8136e5,-1.81366e5,-1.81366e5]
Percentage done: 20.00 % 
Acceptance rate on iteration 1001 to 2000 is 0.0320
Covariance:
[0.0202294 -0.011422 8.24782e-5 -0.00138699 -0.00124072 0.00459861 0.00795034; -0.011422 0.00734576 -3.6509e-5 0.0004092 0.00054006 -0.00342131 -0.0062877; 8.24782e-5 -3.6509e-5 2.15329e-5 -9.37526e-5 -0.000113084 0.000152638 -1.35547e-5; -0.00138699 0.0004092 -9.37526e-5 0.0217495 0.0117307 -0.02441 0.000408073; -0.00124072 0.00054006 -0.000113084 0.0117307 0.00721569 -0.0152332 -0.000126661; 0.00459861 -0.00342131 0.000152638 -0.02441 -0.0152332 0.0380544 0.004404; 0.00795034 -0.0062877 -1.35547e-5 0.000408073 -0.000126661 0.004404 0.00815595]
Loglik: -181355.5851 
Loglik values on different cores:
[-1.8136e5,-1.8136e5,-1.81358e5,-1.8136e5]
Percentage done: 30.00 % 
Acceptance rate on iteration 2001 to 3000 is 0.0340
Covariance:
[0.0202294 -0.011422 8.24782e-5 -0.00138699 -0.00124072 0.00459861 0.00795034; -0.011422 0.00734576 -3.6509e-5 0.0004092 0.00054006 -0.00342131 -0.0062877; 8.24782e-5 -3.6509e-5 2.15329e-5 -9.37526e-5 -0.000113084 0.000152638 -1.35547e-5; -0.00138699 0.0004092 -9.37526e-5 0.0217495 0.0117307 -0.02441 0.000408073; -0.00124072 0.00054006 -0.000113084 0.0117307 0.00721569 -0.0152332 -0.000126661; 0.00459861 -0.00342131 0.000152638 -0.02441 -0.0152332 0.0380544 0.004404; 0.00795034 -0.0062877 -1.35547e-5 0.000408073 -0.000126661 0.004404 0.00815595]
Loglik: NaN 
Loglik values on different cores:
[-1.81353e5,-1.81356e5,-1.81357e5,-1.81349e5]
Percentage done: 40.00 % 
Acceptance rate on iteration 3001 to 4000 is 0.0390
Covariance:
[0.0202294 -0.011422 8.24782e-5 -0.00138699 -0.00124072 0.00459861 0.00795034; -0.011422 0.00734576 -3.6509e-5 0.0004092 0.00054006 -0.00342131 -0.0062877; 8.24782e-5 -3.6509e-5 2.15329e-5 -9.37526e-5 -0.000113084 0.000152638 -1.35547e-5; -0.00138699 0.0004092 -9.37526e-5 0.0217495 0.0117307 -0.02441 0.000408073; -0.00124072 0.00054006 -0.000113084 0.0117307 0.00721569 -0.0152332 -0.000126661; 0.00459861 -0.00342131 0.000152638 -0.02441 -0.0152332 0.0380544 0.004404; 0.00795034 -0.0062877 -1.35547e-5 0.000408073 -0.000126661 0.004404 0.00815595]
Loglik: -181356.2838 
Loglik values on different cores:
[-1.81361e5,-1.81356e5,-1.8136e5,-1.81362e5]
Percentage done: 50.00 % 
Acceptance rate on iteration 4001 to 5000 is 0.0420
Covariance:
[0.0202294 -0.011422 8.24782e-5 -0.00138699 -0.00124072 0.00459861 0.00795034; -0.011422 0.00734576 -3.6509e-5 0.0004092 0.00054006 -0.00342131 -0.0062877; 8.24782e-5 -3.6509e-5 2.15329e-5 -9.37526e-5 -0.000113084 0.000152638 -1.35547e-5; -0.00138699 0.0004092 -9.37526e-5 0.0217495 0.0117307 -0.02441 0.000408073; -0.00124072 0.00054006 -0.000113084 0.0117307 0.00721569 -0.0152332 -0.000126661; 0.00459861 -0.00342131 0.000152638 -0.02441 -0.0152332 0.0380544 0.004404; 0.00795034 -0.0062877 -1.35547e-5 0.000408073 -0.000126661 0.004404 0.00815595]
Loglik: -181353.0670 
Loglik values on different cores:
[-1.8136e5,-1.81352e5,-1.81356e5,-181356.0]
Percentage done: 60.00 % 
Acceptance rate on iteration 5001 to 6000 is 0.0430
Covariance:
[0.0202294 -0.011422 8.24782e-5 -0.00138699 -0.00124072 0.00459861 0.00795034; -0.011422 0.00734576 -3.6509e-5 0.0004092 0.00054006 -0.00342131 -0.0062877; 8.24782e-5 -3.6509e-5 2.15329e-5 -9.37526e-5 -0.000113084 0.000152638 -1.35547e-5; -0.00138699 0.0004092 -9.37526e-5 0.0217495 0.0117307 -0.02441 0.000408073; -0.00124072 0.00054006 -0.000113084 0.0117307 0.00721569 -0.0152332 -0.000126661; 0.00459861 -0.00342131 0.000152638 -0.02441 -0.0152332 0.0380544 0.004404; 0.00795034 -0.0062877 -1.35547e-5 0.000408073 -0.000126661 0.004404 0.00815595]
Loglik: -181352.3255 
Loglik values on different cores:
[-1.81355e5,-181359.0,-1.81354e5,-181352.0]
Percentage done: 70.00 % 
Acceptance rate on iteration 6001 to 7000 is 0.0631
Covariance:
[0.0202294 -0.011422 8.24782e-5 -0.00138699 -0.00124072 0.00459861 0.00795034; -0.011422 0.00734576 -3.6509e-5 0.0004092 0.00054006 -0.00342131 -0.0062877; 8.24782e-5 -3.6509e-5 2.15329e-5 -9.37526e-5 -0.000113084 0.000152638 -1.35547e-5; -0.00138699 0.0004092 -9.37526e-5 0.0217495 0.0117307 -0.02441 0.000408073; -0.00124072 0.00054006 -0.000113084 0.0117307 0.00721569 -0.0152332 -0.000126661; 0.00459861 -0.00342131 0.000152638 -0.02441 -0.0152332 0.0380544 0.004404; 0.00795034 -0.0062877 -1.35547e-5 0.000408073 -0.000126661 0.004404 0.00815595]
Loglik: NaN 
Loglik values on different cores:
[-1.81355e5,-1.81359e5,-1.81359e5,-1.81355e5]
Percentage done: 80.00 % 
Acceptance rate on iteration 7001 to 8000 is 0.0380
Covariance:
[0.0202294 -0.011422 8.24782e-5 -0.00138699 -0.00124072 0.00459861 0.00795034; -0.011422 0.00734576 -3.6509e-5 0.0004092 0.00054006 -0.00342131 -0.0062877; 8.24782e-5 -3.6509e-5 2.15329e-5 -9.37526e-5 -0.000113084 0.000152638 -1.35547e-5; -0.00138699 0.0004092 -9.37526e-5 0.0217495 0.0117307 -0.02441 0.000408073; -0.00124072 0.00054006 -0.000113084 0.0117307 0.00721569 -0.0152332 -0.000126661; 0.00459861 -0.00342131 0.000152638 -0.02441 -0.0152332 0.0380544 0.004404; 0.00795034 -0.0062877 -1.35547e-5 0.000408073 -0.000126661 0.004404 0.00815595]
Loglik: NaN 
Loglik values on different cores:
[-1.81357e5,-1.81361e5,-181361.0,-1.81352e5]
Percentage done: 90.00 % 
Acceptance rate on iteration 8001 to 9000 is 0.0370
Covariance:
[0.0202294 -0.011422 8.24782e-5 -0.00138699 -0.00124072 0.00459861 0.00795034; -0.011422 0.00734576 -3.6509e-5 0.0004092 0.00054006 -0.00342131 -0.0062877; 8.24782e-5 -3.6509e-5 2.15329e-5 -9.37526e-5 -0.000113084 0.000152638 -1.35547e-5; -0.00138699 0.0004092 -9.37526e-5 0.0217495 0.0117307 -0.02441 0.000408073; -0.00124072 0.00054006 -0.000113084 0.0117307 0.00721569 -0.0152332 -0.000126661; 0.00459861 -0.00342131 0.000152638 -0.02441 -0.0152332 0.0380544 0.004404; 0.00795034 -0.0062877 -1.35547e-5 0.000408073 -0.000126661 0.004404 0.00815595]
Loglik: -181352.9158 
Loglik values on different cores:
[-1.8136e5,-1.81356e5,-1.81352e5,-1.81356e5]
elapsed time: 50108.087805918 seconds
Ending ADA-GP-MCMC with adaptive RW estimating 7 parameters
Algorithm: MCWM
Adaptation algorithm: noAdaptation
Prior distribution: Normal
Particel filter: parallel_bootstrap
Time consumption:Time pre-er:  0
Time fit GP model:  0
Time er-part:  50108
Number early-rejections: 6032
Number of cases directly to ordinary MH: 1444
Number split acceptance region early-accept: 16
Number split acceptance region early-reject: 1528
Number cases in DA part: 8555
Number cases in second stage: 2523
Number accepted in second stage: 208
Total number of evaluations of the particle filter: 2357
Acceptance rate for ordinary MH accepted: 14.3352
Acceptance rate a_1: 29.4915
Acceptance rate a_2: 8.2442
Acceptance rate a_1*a_2: 2.4313
Acceptance rate a (for entier algorithm): 4.1500
Number case 1 or 3: 1954
Number case 2 or 4: 569
Number case 1: 354, 0.1812 % of all cases
Number case 2: 503, 0.8840 % of all cases
Number case 3: 1600, 0.8188 % of all cases
Number case 4: 66, 0.1160 % of all cases
Number pf runs in case 1: 338, prob pf given case 1 95.4802 %
Number pf runs in case 2: 503, prob pf given case 2 100.0000 %
Number pf runs in case 3: 72, prob pf given case 3 4.5000 %
Number pf runs in case 4: 0, prob pf given case 4 0.0000 %
#####################################################################
