run Normal prior model
#####################################################################
Starting MCMC with adaptive RW estimating 7 parameters
Algorithm: PMCMC
Adaptation algorithm: AMUpdate_gen
Prior distribution: Normal
Particel filter: parallel_bootstrap, on 4 cores
Nbr particles for particel filter: 1200
Iteration: 1
Covariance:
[0.142857 0.0 0.0 0.0 0.0 0.0 0.0; 0.0 0.142857 0.0 0.0 0.0 0.0 0.0; 0.0 0.0 0.142857 0.0 0.0 0.0 0.0; 0.0 0.0 0.0 0.142857 0.0 0.0 0.0; 0.0 0.0 0.0 0.0 0.142857 0.0 0.0; 0.0 0.0 0.0 0.0 0.0 0.142857 0.0; 0.0 0.0 0.0 0.0 0.0 0.0 0.142857]
Loglik: -204577.4964 
Percentage done: 3.33 % 
Acceptance rate on iteration 1 to 1000 is 0.1271
Covariance:
[0.00049256 -0.000277565 1.41085e-5 -0.000883543 -0.000520423 -0.000344642 0.000278849; -0.000277565 0.000163022 -6.85473e-6 0.000514563 0.000307077 0.000202323 -0.000166517; 1.41085e-5 -6.85473e-6 4.60917e-6 -1.58867e-5 -9.28162e-6 -6.35947e-6 2.1854e-6; -0.000883543 0.000514563 -1.58867e-5 0.00167686 0.00100463 0.000651476 -0.000559204; -0.000520423 0.000307077 -9.28162e-6 0.00100463 0.000611386 0.000389946 -0.000340724; -0.000344642 0.000202323 -6.35947e-6 0.000651476 0.000389946 0.000258731 -0.000213893; 0.000278849 -0.000166517 2.1854e-6 -0.000559204 -0.000340724 -0.000213893 0.000201517]
Loglik: -181548.8510 
Loglik values on different cores:
[-1.81555e5,-1.81552e5,-1.81561e5,-1.81552e5]
	From worker 5:	ESS: 1171.5519
	From worker 5:	Nbr resample: 25000 
	From worker 4:	ESS: 1176.9342
	From worker 4:	Nbr resample: 25000 
	From worker 2:	ESS: 1167.7525
	From worker 2:	Nbr resample: 25000 
	From worker 3:	ESS: 1175.1404
	From worker 3:	Nbr resample: 25000 
Percentage done: 6.67 % 
Acceptance rate on iteration 1001 to 2000 is 0.1161
Covariance:
[2.06129e-5 -1.20037e-5 -4.66484e-8 -3.71786e-5 -2.15006e-5 -1.5094e-5 1.20247e-5; -1.20037e-5 7.44379e-6 4.28142e-7 2.32614e-5 1.35202e-5 9.5744e-6 -8.01482e-6; -4.66484e-8 4.28142e-7 8.89112e-7 2.42273e-6 1.23713e-6 1.14862e-6 -1.53375e-6; -3.71786e-5 2.32614e-5 2.42273e-6 7.67619e-5 4.47549e-5 3.12886e-5 -2.79649e-5; -2.15006e-5 1.35202e-5 1.23713e-6 4.47549e-5 2.65037e-5 1.81367e-5 -1.64167e-5; -1.5094e-5 9.5744e-6 1.14862e-6 3.12886e-5 1.81367e-5 1.30363e-5 -1.13535e-5; 1.20247e-5 -8.01482e-6 -1.53375e-6 -2.79649e-5 -1.64167e-5 -1.13535e-5 1.13018e-5]
Loglik: -181547.9169 
Loglik values on different cores:
[-1.81556e5,-1.81557e5,-1.81562e5,-1.81558e5]
	From worker 5:	ESS: 1172.6262
	From worker 5:	Nbr resample: 25000 
	From worker 4:	ESS: 1164.3058
	From worker 4:	Nbr resample: 25000 
	From worker 2:	ESS: 1169.6872
	From worker 2:	Nbr resample: 25000 
	From worker 3:	ESS: 1169.4001
	From worker 3:	Nbr resample: 25000 
Percentage done: 10.00 % 
Acceptance rate on iteration 2001 to 3000 is 0.1051
Covariance:
[3.61894e-6 -2.09792e-6 -2.18679e-7 -7.87097e-6 -4.52478e-6 -3.21363e-6 2.94484e-6; -2.09792e-6 1.26363e-6 1.71572e-7 4.74158e-6 2.73442e-6 1.95118e-6 -1.81908e-6; -2.18679e-7 1.71572e-7 1.4394e-7 9.10303e-7 5.0847e-7 4.04042e-7 -4.49299e-7; -7.87097e-6 4.74158e-6 9.10303e-7 1.93359e-5 1.11564e-5 7.98179e-6 -7.75965e-6; -4.52478e-6 2.73442e-6 5.0847e-7 1.11564e-5 6.48355e-6 4.59458e-6 -4.48886e-6; -3.21363e-6 1.95118e-6 4.04042e-7 7.98179e-6 4.59458e-6 3.33553e-6 -3.21015e-6; 2.94484e-6 -1.81908e-6 -4.49299e-7 -7.75965e-6 -4.48886e-6 -3.21015e-6 3.25432e-6]
Loglik: -181546.0518 
Loglik values on different cores:
[-1.81556e5,-1.81557e5,-181556.0,-1.81556e5]
	From worker 2:	ESS: 1166.9547
	From worker 2:	Nbr resample: 25000 
	From worker 3:	ESS: 1166.5157
	From worker 3:	Nbr resample: 25000 
	From worker 5:	ESS: 1170.6649
	From worker 5:	Nbr resample: 25000 
	From worker 4:	ESS: 1169.1604
	From worker 4:	Nbr resample: 25000 
Percentage done: 13.33 % 
Acceptance rate on iteration 3001 to 4000 is 0.1702
Covariance:
[1.0725e-6 -6.09275e-7 -8.59179e-8 -2.41351e-6 -1.37653e-6 -9.65937e-7 9.28005e-7; -6.09275e-7 3.64865e-7 6.33832e-8 1.4412e-6 8.25028e-7 5.90337e-7 -5.71086e-7; -8.59179e-8 6.33832e-8 4.05007e-8 3.15935e-7 1.77306e-7 1.4024e-7 -1.51048e-7; -2.41351e-6 1.4412e-6 3.15935e-7 6.14361e-6 3.5351e-6 2.51039e-6 -2.53451e-6; -1.37653e-6 8.25028e-7 1.77306e-7 3.5351e-6 2.04977e-6 1.4408e-6 -1.46732e-6; -9.65937e-7 5.90337e-7 1.4024e-7 2.51039e-6 1.4408e-6 1.04908e-6 -1.04201e-6; 9.28005e-7 -5.71086e-7 -1.51048e-7 -2.53451e-6 -1.46732e-6 -1.04201e-6 1.09034e-6]
Loglik: -181548.2234 
Loglik values on different cores:
[-1.81559e5,-181557.0,-1.81554e5,-1.81555e5]
	From worker 2:	ESS: 1171.3691
	From worker 2:	Nbr resample: 25000 
	From worker 3:	ESS: 1169.7113
	From worker 3:	Nbr resample: 25000 
	From worker 5:	ESS: 1174.8872
	From worker 5:	Nbr resample: 25000 
	From worker 4:	ESS: 1168.6833
	From worker 4:	Nbr resample: 25000 
Percentage done: 16.67 % 
Acceptance rate on iteration 4001 to 5000 is 0.0611
Covariance:
[3.89914e-7 -1.89112e-7 -3.97587e-8 -8.61599e-7 -5.03433e-7 -3.05679e-7 3.43721e-7; -1.89112e-7 1.00208e-7 2.16119e-8 4.36101e-7 2.53728e-7 1.6378e-7 -1.76125e-7; -3.97587e-8 2.16119e-8 1.25198e-8 1.17774e-7 6.8521e-8 4.4975e-8 -5.45678e-8; -8.61599e-7 4.36101e-7 1.17774e-7 2.07832e-6 1.21998e-6 7.59068e-7 -8.68821e-7; -5.03433e-7 2.53728e-7 6.8521e-8 1.21998e-6 7.20256e-7 4.42863e-7 -5.12526e-7; -3.05679e-7 1.6378e-7 4.4975e-8 7.59068e-7 4.42863e-7 2.90282e-7 -3.18355e-7; 3.43721e-7 -1.76125e-7 -5.45678e-8 -8.68821e-7 -5.12526e-7 -3.18355e-7 3.74369e-7]
Loglik: -181545.1075 
Loglik values on different cores:
[-1.81553e5,-1.81554e5,-1.81553e5,-1.81548e5]
	From worker 2:	ESS: 1164.4013
	From worker 2:	Nbr resample: 25000 
	From worker 3:	ESS: 1168.3224
	From worker 3:	Nbr resample: 25000 
	From worker 5:	ESS: 1166.1069
	From worker 5:	Nbr resample: 25000 
	From worker 4:	ESS: 1170.7172
	From worker 4:	Nbr resample: 25000 
Percentage done: 20.00 % 
Acceptance rate on iteration 5001 to 6000 is 0.0831
Covariance:
[1.24712e-7 -5.94433e-8 -1.60259e-8 -2.9494e-7 -1.74185e-7 -1.01405e-7 1.2375e-7; -5.94433e-8 3.11055e-8 8.13907e-9 1.45459e-7 8.54516e-8 5.30671e-8 -6.12907e-8; -1.60259e-8 8.13907e-9 5.6861e-9 5.39367e-8 3.21578e-8 1.85714e-8 -2.67401e-8; -2.9494e-7 1.45459e-7 5.39367e-8 7.9505e-7 4.73474e-7 2.74603e-7 -3.57122e-7; -1.74185e-7 8.54516e-8 3.21578e-8 4.73474e-7 2.83309e-7 1.62351e-7 -2.13983e-7; -1.01405e-7 5.30671e-8 1.85714e-8 2.74603e-7 1.62351e-7 9.98349e-8 -1.22e-7; 1.2375e-7 -6.12907e-8 -2.67401e-8 -3.57122e-7 -2.13983e-7 -1.22e-7 1.66418e-7]
Loglik: -181545.7596 
Loglik values on different cores:
[-1.81557e5,-1.81557e5,-1.81552e5,-1.81557e5]
	From worker 5:	ESS: 1167.1607
	From worker 5:	Nbr resample: 25000 
	From worker 4:	ESS: 1171.1223
	From worker 4:	Nbr resample: 25000 
	From worker 2:	ESS: 1163.3278
	From worker 2:	Nbr resample: 25000 
	From worker 3:	ESS: 1172.5754
	From worker 3:	Nbr resample: 25000 
Percentage done: 23.33 % 
Acceptance rate on iteration 6001 to 7000 is 0.1031
Covariance:
[5.23838e-8 -2.46671e-8 -8.37864e-9 -1.39203e-7 -8.38259e-8 -4.55774e-8 6.24609e-8; -2.46671e-8 1.25738e-8 4.07194e-9 6.6751e-8 3.99659e-8 2.29915e-8 -2.98837e-8; -8.37864e-9 4.07194e-9 3.01949e-9 3.13336e-8 1.92152e-8 9.92612e-9 -1.61504e-8; -1.39203e-7 6.6751e-8 3.13336e-8 4.33749e-7 2.64947e-7 1.39203e-7 -2.08884e-7; -8.38259e-8 3.99659e-8 1.92152e-8 2.64947e-7 1.62535e-7 8.42977e-8 -1.2849e-7; -4.55774e-8 2.29915e-8 9.92612e-9 1.39203e-7 8.42977e-8 4.68668e-8 -6.5895e-8; 6.24609e-8 -2.98837e-8 -1.61504e-8 -2.08884e-7 -1.2849e-7 -6.5895e-8 1.03668e-7]
Loglik: -181547.2399 
Loglik values on different cores:
[-1.81559e5,-181556.0,-1.81558e5,-1.81556e5]
	From worker 2:	ESS: 1170.2556
	From worker 2:	Nbr resample: 25000 
	From worker 3:	ESS: 1168.0531
	From worker 3:	Nbr resample: 25000 
	From worker 5:	ESS: 1171.2962
	From worker 5:	Nbr resample: 25000 
	From worker 4:	ESS: 1167.6327
	From worker 4:	Nbr resample: 25000 
Percentage done: 26.67 % 
Acceptance rate on iteration 7001 to 8000 is 0.0951
Covariance:
[2.29983e-8 -1.0525e-8 -3.62445e-9 -6.18173e-8 -3.76657e-8 -1.98243e-8 2.78652e-8; -1.0525e-8 5.22421e-9 1.6986e-9 2.85509e-8 1.72473e-8 9.64776e-9 -1.27991e-8; -3.62445e-9 1.6986e-9 1.30351e-9 1.39754e-8 8.68515e-9 4.32375e-9 -7.27113e-9; -6.18173e-8 2.85509e-8 1.39754e-8 1.97712e-7 1.22473e-7 6.18432e-8 -9.61826e-8; -3.76657e-8 1.72473e-8 8.68515e-9 1.22473e-7 7.62317e-8 3.79402e-8 -6.00275e-8; -1.98243e-8 9.64776e-9 4.32375e-9 6.18432e-8 3.79402e-8 2.02702e-8 -2.95583e-8; 2.78652e-8 -1.27991e-8 -7.27113e-9 -9.61826e-8 -6.00275e-8 -2.95583e-8 4.82583e-8]
Loglik: -181545.5936 
Loglik values on different cores:
[-181557.0,-1.81556e5,-1.81558e5,-1.81551e5]
	From worker 2:	ESS: 1164.2746
	From worker 2:	Nbr resample: 25000 
	From worker 3:	ESS: 1164.9088
	From worker 3:	Nbr resample: 25000 
	From worker 5:	ESS: 1169.8715
	From worker 5:	Nbr resample: 25000 
	From worker 4:	ESS: 1170.4238
	From worker 4:	Nbr resample: 25000 
Percentage done: 30.00 % 
Acceptance rate on iteration 8001 to 9000 is 0.0150
Covariance:
[1.03562e-8 -4.61756e-9 -1.42504e-9 -2.6918e-8 -1.65506e-8 -8.49891e-9 1.1912e-8; -4.61756e-9 2.21998e-9 6.62521e-10 1.21542e-8 7.407e-9 4.03175e-9 -5.36632e-9; -1.42504e-9 6.62521e-10 4.95915e-10 5.40705e-9 3.36417e-9 1.66939e-9 -2.79858e-9; -2.6918e-8 1.21542e-8 5.40705e-9 8.23448e-8 5.1251e-8 2.55314e-8 -3.93189e-8; -1.65506e-8 7.407e-9 3.36417e-9 5.1251e-8 3.20427e-8 1.57454e-8 -2.46193e-8; -8.49891e-9 4.03175e-9 1.66939e-9 2.55314e-8 1.57454e-8 8.27109e-9 -1.20121e-8; 1.1912e-8 -5.36632e-9 -2.79858e-9 -3.93189e-8 -2.46193e-8 -1.20121e-8 1.93961e-8]
Loglik: -181547.9732 
Loglik values on different cores:
[-1.81549e5,-1.81554e5,-1.81547e5,-1.81557e5]
	From worker 5:	ESS: 1168.0467
	From worker 5:	Nbr resample: 25000 
	From worker 4:	ESS: 1172.4963
	From worker 4:	Nbr resample: 25000 
	From worker 3:	ESS: 1163.3992
	From worker 3:	Nbr resample: 25000 
	From worker 2:	ESS: 1170.4462
	From worker 2:	Nbr resample: 25000 
Percentage done: 33.33 % 
Acceptance rate on iteration 9001 to 10000 is 0.0190
Covariance:
[4.31067e-9 -1.91762e-9 -5.7972e-10 -1.11469e-8 -6.85953e-9 -3.51424e-9 4.92343e-9; -1.91762e-9 9.19153e-10 2.69681e-10 5.02381e-9 3.06415e-9 1.66356e-9 -2.21442e-9; -5.7972e-10 2.69681e-10 2.04117e-10 2.20843e-9 1.37377e-9 6.81922e-10 -1.14374e-9; -1.11469e-8 5.02381e-9 2.20843e-9 3.39359e-8 2.11303e-8 1.05132e-8 -1.61778e-8; -6.85953e-9 3.06415e-9 1.37377e-9 2.11303e-8 1.32162e-8 6.48642e-9 -1.01326e-8; -3.51424e-9 1.66356e-9 6.81922e-10 1.05132e-8 6.48642e-9 3.40233e-9 -4.93937e-9; 4.92343e-9 -2.21442e-9 -1.14374e-9 -1.61778e-8 -1.01326e-8 -4.93937e-9 7.96918e-9]
Loglik: -181543.7182 
Loglik values on different cores:
[-1.81557e5,-1.81553e5,-1.81557e5,-1.81559e5]
	From worker 5:	ESS: 1170.7791
	From worker 5:	Nbr resample: 25000 
	From worker 4:	ESS: 1167.5352
	From worker 4:	Nbr resample: 25000 
	From worker 3:	ESS: 1168.8800
	From worker 3:	Nbr resample: 25000 
	From worker 2:	ESS: 1165.8661
	From worker 2:	Nbr resample: 25000 
Percentage done: 36.67 % 
Acceptance rate on iteration 10001 to 11000 is 0.0400
Covariance:
[1.94316e-9 -8.65461e-10 -2.5954e-10 -5.02049e-9 -3.08985e-9 -1.58457e-9 2.21628e-9; -8.65461e-10 4.15346e-10 1.20888e-10 2.26509e-9 1.38169e-9 7.51057e-10 -9.97707e-10; -2.5954e-10 1.20888e-10 9.19188e-11 9.89911e-10 6.15543e-10 3.0593e-10 -5.12661e-10; -5.02049e-9 2.26509e-9 9.89911e-10 1.52679e-8 9.50702e-9 4.73447e-9 -7.27434e-9; -3.08985e-9 1.38169e-9 6.15543e-10 9.50702e-9 5.94664e-9 2.92111e-9 -4.55634e-9; -1.58457e-9 7.51057e-10 3.0593e-10 4.73447e-9 2.92111e-9 1.53406e-9 -2.22272e-9; 2.21628e-9 -9.97707e-10 -5.12661e-10 -7.27434e-9 -4.55634e-9 -2.22272e-9 3.58155e-9]
Loglik: -181550.2579 
Loglik values on different cores:
[-1.81552e5,-1.81551e5,-1.81557e5,-181549.0]
	From worker 2:	ESS: 1164.2604
	From worker 2:	Nbr resample: 25000 
	From worker 3:	ESS: 1170.7131
	From worker 3:	Nbr resample: 25000 
	From worker 5:	ESS: 1162.3822
	From worker 5:	Nbr resample: 25000 
	From worker 4:	ESS: 1166.9850
	From worker 4:	Nbr resample: 25000 
Percentage done: 40.00 % 
Acceptance rate on iteration 11001 to 12000 is 0.0300
Covariance:
[9.42026e-10 -4.25149e-10 -1.24651e-10 -2.45504e-9 -1.51459e-9 -7.81038e-10 1.08562e-9; -4.25149e-10 2.06965e-10 5.85061e-11 1.12585e-9 6.89504e-10 3.76244e-10 -4.97211e-10; -1.24651e-10 5.85061e-11 4.34361e-11 4.73807e-10 2.94861e-10 1.47062e-10 -2.4483e-10; -2.45504e-9 1.12585e-9 4.73807e-10 7.4944e-9 4.67707e-9 2.34626e-9 -3.56602e-9; -1.51459e-9 6.89504e-10 2.94861e-10 4.67707e-9 2.93187e-9 1.45226e-9 -2.23798e-9; -7.81038e-10 3.76244e-10 1.47062e-10 2.34626e-9 1.45226e-9 7.66961e-10 -1.10059e-9; 1.08562e-9 -4.97211e-10 -2.4483e-10 -3.56602e-9 -2.23798e-9 -1.10059e-9 1.75128e-9]
Loglik: -181544.0620 
Loglik values on different cores:
[-1.8156e5,-1.81558e5,-181557.0,-1.81556e5]
	From worker 5:	ESS: 1167.6758
	From worker 5:	Nbr resample: 25000 
	From worker 4:	ESS: 1168.7684
	From worker 4:	Nbr resample: 25000 
	From worker 2:	ESS: 1164.6380
	From worker 2:	Nbr resample: 25000 
	From worker 3:	ESS: 1165.1182
	From worker 3:	Nbr resample: 25000 
Percentage done: 43.33 % 
Acceptance rate on iteration 12001 to 13000 is 0.0000
Covariance:
[4.56747e-10 -2.07496e-10 -6.01212e-11 -1.19635e-9 -7.39184e-10 -3.81968e-10 5.29692e-10; -2.07496e-10 1.0176e-10 2.8322e-11 5.53279e-10 3.39651e-10 1.8556e-10 -2.44793e-10; -6.01212e-11 2.8322e-11 2.08077e-11 2.28384e-10 1.42211e-10 7.1015e-11 -1.17926e-10; -1.19635e-9 5.53279e-10 2.28384e-10 3.66312e-9 2.28944e-9 1.15205e-9 -1.74263e-9; -7.39184e-10 3.39651e-10 1.42211e-10 2.28944e-9 1.43726e-9 7.14512e-10 -1.09511e-9; -3.81968e-10 1.8556e-10 7.1015e-11 1.15205e-9 7.14512e-10 3.78149e-10 -5.40473e-10; 5.29692e-10 -2.44793e-10 -1.17926e-10 -1.74263e-9 -1.09511e-9 -5.40473e-10 8.55057e-10]
Loglik: -181544.0620 
Loglik values on different cores:
[-181552.0,-1.81553e5,-1.81555e5,-1.81555e5]
	From worker 5:	ESS: 1167.2129
	From worker 5:	Nbr resample: 25000 
	From worker 4:	ESS: 1168.6331
	From worker 4:	Nbr resample: 25000 
	From worker 2:	ESS: 1164.1366
	From worker 2:	Nbr resample: 25000 
	From worker 3:	ESS: 1166.8825
	From worker 3:	Nbr resample: 25000 
Percentage done: 46.67 % 
Acceptance rate on iteration 13001 to 14000 is 0.0300
Covariance:
[2.36205e-10 -1.07613e-10 -3.10303e-11 -6.2036e-10 -3.83642e-10 -1.98363e-10 2.74891e-10; -1.07613e-10 5.29419e-11 1.46447e-11 2.87984e-10 1.77022e-10 9.67199e-11 -1.2756e-10; -3.10303e-11 1.46447e-11 1.07037e-11 1.17878e-10 7.34347e-11 3.66867e-11 -6.08494e-11; -6.2036e-10 2.87984e-10 1.17878e-10 1.90318e-9 1.19061e-9 5.99741e-10 -9.05526e-10; -3.83642e-10 1.77022e-10 7.34347e-11 1.19061e-9 7.48159e-10 3.72413e-10 -5.69563e-10; -1.98363e-10 9.67199e-11 3.66867e-11 5.99741e-10 3.72413e-10 1.97195e-10 -2.81464e-10; 2.74891e-10 -1.2756e-10 -6.08494e-11 -9.05526e-10 -5.69563e-10 -2.81464e-10 4.44229e-10]
Loglik: -181548.6004 
Loglik values on different cores:
[-1.81555e5,-1.8156e5,-1.81555e5,-1.81558e5]
	From worker 3:	ESS: 1168.9270
	From worker 3:	Nbr resample: 25000 
	From worker 2:	ESS: 1165.0087
	From worker 2:	Nbr resample: 25000 
	From worker 5:	ESS: 1164.3760
	From worker 5:	Nbr resample: 25000 
	From worker 4:	ESS: 1170.5286
	From worker 4:	Nbr resample: 25000 
Percentage done: 50.00 % 
Acceptance rate on iteration 14001 to 15000 is 0.0791
Covariance:
[1.34738e-10 -6.18825e-11 -1.71701e-11 -3.51641e-10 -2.16907e-10 -1.13046e-10 1.5506e-10; -6.18825e-11 3.07413e-11 8.04571e-12 1.63996e-10 1.00422e-10 5.54673e-11 -7.21167e-11; -1.71701e-11 8.04571e-12 6.05119e-12 6.58348e-11 4.10881e-11 2.04083e-11 -3.41129e-11; -3.51641e-10 1.63996e-10 6.58348e-11 1.07412e-9 6.71047e-10 3.39436e-10 -5.0977e-10; -2.16907e-10 1.00422e-10 4.10881e-11 6.71047e-10 4.21277e-10 2.10323e-10 -3.20441e-10; -1.13046e-10 5.54673e-11 2.04083e-11 3.39436e-10 2.10323e-10 1.12066e-10 -1.58646e-10; 1.5506e-10 -7.21167e-11 -3.41129e-11 -5.0977e-10 -3.20441e-10 -1.58646e-10 2.49819e-10]
Loglik: -181545.7820 
Loglik values on different cores:
[-1.81553e5,-1.81552e5,-1.81555e5,-1.81558e5]
	From worker 5:	ESS: 1168.2015
	From worker 5:	Nbr resample: 25000 
	From worker 4:	ESS: 1166.6329
	From worker 4:	Nbr resample: 25000 
	From worker 2:	ESS: 1170.3160
	From worker 2:	Nbr resample: 25000 
	From worker 3:	ESS: 1168.7076
	From worker 3:	Nbr resample: 25000 
Percentage done: 53.33 % 
Acceptance rate on iteration 15001 to 16000 is 0.0991
Covariance:
[8.02987e-11 -3.69644e-11 -9.97893e-12 -2.08631e-10 -1.28497e-10 -6.71879e-11 9.17222e-11; -3.69644e-11 1.84057e-11 4.63572e-12 9.71916e-11 5.9398e-11 3.296e-11 -4.25121e-11; -9.97893e-12 4.63572e-12 3.60395e-12 3.88062e-11 2.42585e-11 1.19557e-11 -2.02391e-11; -2.08631e-10 9.71916e-11 3.88062e-11 6.37092e-10 3.97787e-10 2.01113e-10 -3.0251e-10; -1.28497e-10 5.9398e-11 2.42585e-11 3.97787e-10 2.49616e-10 1.245e-10 -1.90146e-10; -6.71879e-11 3.296e-11 1.19557e-11 2.01113e-10 1.245e-10 6.63898e-11 -9.3882e-11; 9.17222e-11 -4.25121e-11 -2.02391e-11 -3.0251e-10 -1.90146e-10 -9.3882e-11 1.48618e-10]
Loglik: -181548.0214 
Loglik values on different cores:
[-1.81557e5,-1.81561e5,-181556.0,-1.81555e5]
	From worker 2:	ESS: 1166.2585
	From worker 2:	Nbr resample: 25000 
	From worker 3:	ESS: 1167.9457
	From worker 3:	Nbr resample: 25000 
	From worker 5:	ESS: 1166.5214
	From worker 5:	Nbr resample: 25000 
	From worker 4:	ESS: 1165.1686
	From worker 4:	Nbr resample: 25000 
Percentage done: 56.67 % 
Acceptance rate on iteration 16001 to 17000 is 0.1291
Covariance:
[4.9609e-11 -2.2852e-11 -6.03921e-12 -1.27722e-10 -7.86373e-11 -4.12519e-11 5.58232e-11; -2.2852e-11 1.1389e-11 2.8066e-12 5.95057e-11 3.63468e-11 2.02571e-11 -2.58586e-11; -6.03921e-12 2.8066e-12 2.2734e-12 2.42512e-11 1.51674e-11 7.42479e-12 -1.27887e-11; -1.27722e-10 5.95057e-11 2.42512e-11 3.94611e-10 2.46434e-10 1.24225e-10 -1.88446e-10; -7.86373e-11 3.63468e-11 1.51674e-11 2.46434e-10 1.54671e-10 7.69006e-11 -1.18494e-10; -4.12519e-11 2.02571e-11 7.42479e-12 1.24225e-10 7.69006e-11 4.09765e-11 -5.81538e-11; 5.58232e-11 -2.58586e-11 -1.27887e-11 -1.88446e-10 -1.18494e-10 -5.81538e-11 9.35365e-11]
Loglik: -181548.0798 
Loglik values on different cores:
[-1.81557e5,-1.81557e5,-1.81559e5,-1.81549e5]
	From worker 5:	ESS: 1169.0317
	From worker 5:	Nbr resample: 25000 
	From worker 4:	ESS: 1170.6409
	From worker 4:	Nbr resample: 25000 
	From worker 2:	ESS: 1168.1694
	From worker 2:	Nbr resample: 25000 
	From worker 3:	ESS: 1166.8347
	From worker 3:	Nbr resample: 25000 
Percentage done: 60.00 % 
Acceptance rate on iteration 17001 to 18000 is 0.0340
Covariance:
[2.9087e-11 -1.34086e-11 -3.5356e-12 -7.46809e-11 -4.59454e-11 -2.41776e-11 3.25674e-11; -1.34086e-11 6.68861e-12 1.64264e-12 3.47718e-11 2.12147e-11 1.18778e-11 -1.50593e-11; -3.5356e-12 1.64264e-12 1.33096e-12 1.41942e-11 8.87709e-12 4.34592e-12 -7.48468e-12; -7.46809e-11 3.47718e-11 1.41942e-11 2.31216e-10 1.44468e-10 7.26617e-11 -1.10566e-10; -4.59454e-11 2.12147e-11 8.87709e-12 1.44468e-10 9.07462e-11 4.49587e-11 -6.96128e-11; -2.41776e-11 1.18778e-11 4.34592e-12 7.26617e-11 4.49587e-11 2.4004e-11 -3.39701e-11; 3.25674e-11 -1.50593e-11 -7.48468e-12 -1.10566e-10 -6.96128e-11 -3.39701e-11 5.5058e-11]
Loglik: -181548.5161 
Loglik values on different cores:
[-1.81557e5,-1.81549e5,-1.81554e5,-1.81558e5]
	From worker 2:	ESS: 1168.9703
	From worker 2:	Nbr resample: 25000 
	From worker 3:	ESS: 1166.2918
	From worker 3:	Nbr resample: 25000 
	From worker 5:	ESS: 1167.5787
	From worker 5:	Nbr resample: 25000 
	From worker 4:	ESS: 1168.0002
	From worker 4:	Nbr resample: 25000 
Percentage done: 63.33 % 
Acceptance rate on iteration 18001 to 19000 is 0.1121
Covariance:
[1.87807e-11 -8.66167e-12 -2.36675e-12 -4.83546e-11 -2.97154e-11 -1.5724e-11 2.1093e-11; -8.66167e-12 4.31784e-12 1.1021e-12 2.25263e-11 1.37295e-11 7.72147e-12 -9.76075e-12; -2.36675e-12 1.1021e-12 9.20757e-13 9.50847e-12 5.9316e-12 2.95203e-12 -5.00288e-12; -4.83546e-11 2.25263e-11 9.50847e-12 1.505e-10 9.39637e-11 4.74951e-11 -7.20721e-11; -2.97154e-11 1.37295e-11 5.9316e-12 9.39637e-11 5.89842e-11 2.9351e-11 -4.53538e-11; -1.5724e-11 7.72147e-12 2.95203e-12 4.74951e-11 2.9351e-11 1.57688e-11 -2.22292e-11; 2.1093e-11 -9.76075e-12 -5.00288e-12 -7.20721e-11 -4.53538e-11 -2.22292e-11 3.59547e-11]
Loglik: -181546.1550 
Loglik values on different cores:
[-181553.0,-1.81563e5,-1.81553e5,-1.81561e5]
	From worker 5:	ESS: 1167.8918
	From worker 5:	Nbr resample: 25000 
	From worker 4:	ESS: 1172.0261
	From worker 4:	Nbr resample: 25000 
	From worker 3:	ESS: 1173.8448
	From worker 3:	Nbr resample: 25000 
	From worker 2:	ESS: 1174.2484
	From worker 2:	Nbr resample: 25000 
Percentage done: 66.67 % 
Acceptance rate on iteration 19001 to 20000 is 0.0851
Covariance:
[1.23811e-11 -5.78557e-12 -1.74598e-12 -3.26836e-11 -2.00801e-11 -1.08001e-11 1.4408e-11; -5.78557e-12 2.92005e-12 8.5033e-13 1.55359e-11 9.47192e-12 5.41004e-12 -6.82833e-12; -1.74598e-12 8.5033e-13 7.19558e-13 7.11752e-12 4.42915e-12 2.31312e-12 -3.73757e-12; -3.26836e-11 1.55359e-11 7.11752e-12 1.04264e-10 6.49966e-11 3.37165e-11 -5.02558e-11; -2.00801e-11 9.47192e-12 4.42915e-12 6.49966e-11 4.07214e-11 2.08172e-11 -3.1553e-11; -1.08001e-11 5.41004e-12 2.31312e-12 3.37165e-11 2.08172e-11 1.14685e-11 -1.5947e-11; 1.4408e-11 -6.82833e-12 -3.73757e-12 -5.02558e-11 -3.1553e-11 -1.5947e-11 2.51576e-11]
Loglik: -181547.9715 
Loglik values on different cores:
[-1.81555e5,-1.81554e5,-1.81554e5,-1.81554e5]
	From worker 5:	ESS: 1165.2945
	From worker 5:	Nbr resample: 25000 
	From worker 4:	ESS: 1167.2704
	From worker 4:	Nbr resample: 25000 
	From worker 3:	ESS: 1167.1073
	From worker 3:	Nbr resample: 25000 
	From worker 2:	ESS: 1171.2140
	From worker 2:	Nbr resample: 25000 
Percentage done: 70.00 % 
Acceptance rate on iteration 20001 to 21000 is 0.0841
Covariance:
[8.35832e-12 -3.96537e-12 -1.28627e-12 -2.22992e-11 -1.36692e-11 -7.52868e-12 9.84796e-12; -3.96537e-12 2.03157e-12 6.51003e-13 1.07885e-11 6.56097e-12 3.84772e-12 -4.7536e-12; -1.28627e-12 6.51003e-13 5.37155e-13 5.12267e-12 3.16903e-12 1.74285e-12 -2.65303e-12; -2.22992e-11 1.07885e-11 5.12267e-12 7.12787e-11 4.42973e-11 2.3608e-11 -3.42567e-11; -1.36692e-11 6.56097e-12 3.16903e-12 4.42973e-11 2.76659e-11 1.45212e-11 -2.14383e-11; -7.52868e-12 3.84772e-12 1.74285e-12 2.3608e-11 1.45212e-11 8.26861e-12 -1.11337e-11; 9.84796e-12 -4.7536e-12 -2.65303e-12 -3.42567e-11 -2.14383e-11 -1.11337e-11 1.70709e-11]
Loglik: -181546.7075 
Loglik values on different cores:
[-1.81554e5,-1.8156e5,-1.81554e5,-1.81556e5]
	From worker 2:	ESS: 1169.8564
	From worker 2:	Nbr resample: 25000 
	From worker 3:	ESS: 1170.7718
	From worker 3:	Nbr resample: 25000 
	From worker 4:	ESS: 1164.0554
	From worker 4:	Nbr resample: 25000 
	From worker 5:	ESS: 1163.6368
	From worker 5:	Nbr resample: 25000 
Percentage done: 73.33 % 
Acceptance rate on iteration 21001 to 22000 is 0.1041
Covariance:
[5.56464e-12 -2.64566e-12 -8.65222e-13 -1.48457e-11 -9.09791e-12 -5.03136e-12 6.55243e-12; -2.64566e-12 1.3652e-12 4.49262e-13 7.19207e-12 4.36822e-12 2.59966e-12 -3.16075e-12; -8.65222e-13 4.49262e-13 3.75129e-13 3.42394e-12 2.1111e-12 1.20486e-12 -1.76186e-12; -1.48457e-11 7.19207e-12 3.42394e-12 4.7438e-11 2.94766e-11 1.57455e-11 -2.2789e-11; -9.09791e-12 4.36822e-12 2.1111e-12 2.94766e-11 1.84096e-11 9.66787e-12 -1.42634e-11; -5.03136e-12 2.59966e-12 1.20486e-12 1.57455e-11 9.66787e-12 5.61466e-12 -7.39962e-12; 6.55243e-12 -3.16075e-12 -1.76186e-12 -2.2789e-11 -1.42634e-11 -7.39962e-12 1.13569e-11]
Loglik: -181547.0054 
Loglik values on different cores:
[-1.81557e5,-1.81554e5,-1.8156e5,-1.81557e5]
	From worker 2:	ESS: 1171.5482
	From worker 2:	Nbr resample: 25000 
	From worker 3:	ESS: 1164.1863
	From worker 3:	Nbr resample: 25000 
	From worker 5:	ESS: 1171.4505
	From worker 5:	Nbr resample: 25000 
	From worker 4:	ESS: 1169.5172
	From worker 4:	Nbr resample: 25000 
Percentage done: 76.67 % 
Acceptance rate on iteration 22001 to 23000 is 0.0851
Covariance:
[3.71796e-12 -1.76945e-12 -5.79571e-13 -9.918e-12 -6.07682e-12 -3.36668e-12 4.37594e-12; -1.76945e-12 9.21421e-13 3.08293e-13 4.80687e-12 2.91373e-12 1.76264e-12 -2.10564e-12; -5.79571e-13 3.08293e-13 2.57944e-13 2.29001e-12 1.40695e-12 8.27711e-13 -1.17247e-12; -9.918e-12 4.80687e-12 2.29001e-12 3.16969e-11 1.96945e-11 1.05262e-11 -1.52265e-11; -6.07682e-12 2.91373e-12 1.40695e-12 1.96945e-11 1.23032e-11 6.44724e-12 -9.534e-12; -3.36668e-12 1.76264e-12 8.27711e-13 1.05262e-11 6.44724e-12 3.82271e-12 -4.92799e-12; 4.37594e-12 -2.10564e-12 -1.17247e-12 -1.52265e-11 -9.534e-12 -4.92799e-12 7.5932e-12]
Loglik: -181547.9545 
Loglik values on different cores:
[-1.81558e5,-1.81554e5,-1.81551e5,-1.81555e5]
	From worker 2:	ESS: 1167.3424
	From worker 2:	Nbr resample: 25000 
	From worker 3:	ESS: 1168.6050
	From worker 3:	Nbr resample: 25000 
	From worker 4:	ESS: 1172.6890
	From worker 4:	Nbr resample: 25000 
	From worker 5:	ESS: 1172.2069
	From worker 5:	Nbr resample: 25000 
Percentage done: 80.00 % 
Acceptance rate on iteration 23001 to 24000 is 0.1221
Covariance:
[2.64632e-12 -1.24783e-12 -4.03546e-13 -7.0831e-12 -4.34797e-12 -2.37472e-12 3.13321e-12; -1.24783e-12 6.45384e-13 2.14424e-13 3.39565e-12 2.06102e-12 1.23491e-12 -1.48987e-12; -4.03546e-13 2.14424e-13 1.78924e-13 1.59184e-12 9.78018e-13 5.75216e-13 -8.1446e-13; -7.0831e-12 3.39565e-12 1.59184e-12 2.25929e-11 1.40569e-11 7.41718e-12 -1.08521e-11; -4.34797e-12 2.06102e-12 9.78018e-13 1.40569e-11 8.79247e-12 4.54718e-12 -6.8028e-12; -2.37472e-12 1.23491e-12 5.75216e-13 7.41718e-12 4.54718e-12 2.67534e-12 -3.47275e-12; 3.13321e-12 -1.48987e-12 -8.1446e-13 -1.08521e-11 -6.8028e-12 -3.47275e-12 5.40588e-12]
Loglik: -181550.5307 
Loglik values on different cores:
[-1.81559e5,-1.81557e5,-1.81557e5,-1.81549e5]
	From worker 5:	ESS: 1170.4938
	From worker 5:	Nbr resample: 25000 
	From worker 4:	ESS: 1168.5417
	From worker 4:	Nbr resample: 25000 
	From worker 2:	ESS: 1171.6644
	From worker 2:	Nbr resample: 25000 
	From worker 3:	ESS: 1165.8879
	From worker 3:	Nbr resample: 25000 
Percentage done: 83.33 % 
Acceptance rate on iteration 24001 to 25000 is 0.1642
Covariance:
[1.96078e-12 -9.17118e-13 -2.81734e-13 -5.20362e-12 -3.19756e-12 -1.73419e-12 2.28956e-12; -9.17118e-13 4.70983e-13 1.50946e-13 2.4782e-12 1.50562e-12 8.96898e-13 -1.08288e-12; -2.81734e-13 1.50946e-13 1.29973e-13 1.1287e-12 6.93079e-13 4.09251e-13 -5.8054e-13; -5.20362e-12 2.4782e-12 1.1287e-12 1.64556e-11 1.02429e-11 5.38189e-12 -7.87311e-12; -3.19756e-12 1.50562e-12 6.93079e-13 1.02429e-11 6.40932e-12 3.30112e-12 -4.93658e-12; -1.73419e-12 8.96898e-13 4.09251e-13 5.38189e-12 3.30112e-12 1.93495e-12 -2.51246e-12; 2.28956e-12 -1.08288e-12 -5.8054e-13 -7.87311e-12 -4.93658e-12 -2.51246e-12 3.91061e-12]
Loglik: -181548.2291 
Loglik values on different cores:
[-1.81553e5,-1.81557e5,-1.81554e5,-1.81554e5]
	From worker 5:	ESS: 1167.9631
	From worker 5:	Nbr resample: 25000 
	From worker 4:	ESS: 1168.4635
	From worker 4:	Nbr resample: 25000 
	From worker 3:	ESS: 1171.3521
	From worker 3:	Nbr resample: 25000 
	From worker 2:	ESS: 1171.3777
	From worker 2:	Nbr resample: 25000 
Percentage done: 86.67 % 
Acceptance rate on iteration 25001 to 26000 is 0.0180
Covariance:
[1.3963e-12 -6.53262e-13 -1.84283e-13 -3.64439e-12 -2.24299e-12 -1.22152e-12 1.58181e-12; -6.53262e-13 3.33655e-13 9.89746e-14 1.73448e-12 1.05602e-12 6.28672e-13 -7.47964e-13; -1.84283e-13 9.89746e-14 8.68704e-14 7.45835e-13 4.57835e-13 2.70351e-13 -3.85059e-13; -3.64439e-12 1.73448e-12 7.45835e-13 1.13169e-11 7.04862e-12 3.71709e-12 -5.35898e-12; -2.24299e-12 1.05602e-12 4.57835e-13 7.04862e-12 4.41254e-12 2.28273e-12 -3.36103e-12; -1.22152e-12 6.28672e-13 2.70351e-13 3.71709e-12 2.28273e-12 1.33817e-12 -1.716e-12; 1.58181e-12 -7.47964e-13 -3.85059e-13 -5.35898e-12 -3.36103e-12 -1.716e-12 2.6424e-12]
Loglik: -181546.1556 
Loglik values on different cores:
[-1.81553e5,-1.81551e5,-1.81558e5,-1.8155e5]
	From worker 2:	ESS: 1163.0485
	From worker 2:	Nbr resample: 25000 
	From worker 3:	ESS: 1167.9021
	From worker 3:	Nbr resample: 25000 
	From worker 5:	ESS: 1167.4904
	From worker 5:	Nbr resample: 25000 
	From worker 4:	ESS: 1173.1832
	From worker 4:	Nbr resample: 25000 
Percentage done: 90.00 % 
Acceptance rate on iteration 26001 to 27000 is 0.0911
Covariance:
[1.05185e-12 -4.8928e-13 -1.28404e-13 -2.68722e-12 -1.65582e-12 -9.07967e-13 1.14799e-12; -4.8928e-13 2.47384e-13 6.90648e-14 1.27288e-12 7.7618e-13 4.62953e-13 -5.41213e-13; -1.28404e-13 6.90648e-14 6.10558e-14 5.22138e-13 3.20486e-13 1.89175e-13 -2.70023e-13; -2.68722e-12 1.27288e-12 5.22138e-13 8.17864e-12 5.09582e-12 2.70062e-12 -3.83125e-12; -1.65582e-12 7.7618e-13 3.20486e-13 5.09582e-12 3.19078e-12 1.65999e-12 -2.40315e-12; -9.07967e-13 4.62953e-13 1.89175e-13 2.70062e-12 1.65999e-12 9.75029e-13 -1.23142e-12; 1.14799e-12 -5.41213e-13 -2.70023e-13 -3.83125e-12 -2.40315e-12 -1.23142e-12 1.87587e-12]
Loglik: -181544.8801 
Loglik values on different cores:
[-1.81554e5,-1.81556e5,-1.81551e5,-181556.0]
	From worker 5:	ESS: 1165.3046
	From worker 5:	Nbr resample: 25000 
	From worker 4:	ESS: 1171.0649
	From worker 4:	Nbr resample: 25000 
	From worker 2:	ESS: 1164.7978
	From worker 2:	Nbr resample: 25000 
	From worker 3:	ESS: 1165.3188
	From worker 3:	Nbr resample: 25000 
Percentage done: 93.33 % 
Acceptance rate on iteration 27001 to 28000 is 0.0220
Covariance:
[7.69022e-13 -3.54354e-13 -8.68463e-14 -1.92083e-12 -1.18451e-12 -6.5329e-13 8.06996e-13; -3.54354e-13 1.77053e-13 4.68565e-14 9.03521e-13 5.51516e-13 3.29501e-13 -3.78821e-13; -8.68463e-14 4.68565e-14 4.18217e-14 3.55688e-13 2.18299e-13 1.28812e-13 -1.84395e-13; -1.92083e-12 9.03521e-13 3.55688e-13 5.73377e-12 3.57316e-12 1.90132e-12 -2.65788e-12; -1.18451e-12 5.51516e-13 2.18299e-13 3.57316e-12 2.23751e-12 1.16936e-12 -1.6672e-12; -6.5329e-13 3.29501e-13 1.28812e-13 1.90132e-12 1.16936e-12 6.88018e-13 -8.56616e-13; 8.06996e-13 -3.78821e-13 -1.84395e-13 -2.65788e-12 -1.6672e-12 -8.56616e-13 1.29334e-12]
Loglik: -181546.2352 
Loglik values on different cores:
[-1.81555e5,-1.81556e5,-1.81558e5,-1.81555e5]
	From worker 2:	ESS: 1167.8331
	From worker 2:	Nbr resample: 25000 
	From worker 3:	ESS: 1170.7352
	From worker 3:	Nbr resample: 25000 
	From worker 5:	ESS: 1168.4461
	From worker 5:	Nbr resample: 25000 
	From worker 4:	ESS: 1169.4281
	From worker 4:	Nbr resample: 25000 
Percentage done: 96.67 % 
Acceptance rate on iteration 28001 to 29000 is 0.0210
Covariance:
[5.5703e-13 -2.55384e-13 -5.94919e-14 -1.36272e-12 -8.40071e-13 -4.6754e-13 5.63216e-13; -2.55384e-13 1.26649e-13 3.21527e-14 6.3881e-13 3.89919e-13 2.34264e-13 -2.64014e-13; -5.94919e-14 3.21527e-14 2.88635e-14 2.44821e-13 1.50259e-13 8.86061e-14 -1.27135e-13; -1.36272e-12 6.3881e-13 2.44821e-13 4.00953e-12 2.49796e-12 1.33568e-12 -1.8433e-12; -8.40071e-13 3.89919e-13 1.50259e-13 2.49796e-12 1.56371e-12 8.2135e-13 -1.15611e-12; -4.6754e-13 2.34264e-13 8.86061e-14 1.33568e-12 8.2135e-13 4.85387e-13 -5.95163e-13; 5.63216e-13 -2.64014e-13 -1.27135e-13 -1.8433e-12 -1.15611e-12 -5.95163e-13 8.94203e-13]
Loglik: -181543.7712 
Loglik values on different cores:
[-1.81561e5,-1.81557e5,-1.81556e5,-1.81552e5]
	From worker 5:	ESS: 1175.4379
	From worker 5:	Nbr resample: 25000 
	From worker 4:	ESS: 1168.4558
	From worker 4:	Nbr resample: 25000 
	From worker 2:	ESS: 1170.6431
	From worker 2:	Nbr resample: 25000 
	From worker 3:	ESS: 1170.6369
	From worker 3:	Nbr resample: 25000 
Ending MCMC with adaptive RW estimating 7 parameters
Algorithm: PMCMC
Adaptation algorithm: AMUpdate_gen
Prior distribution: Normal
Particel filter: parallel_bootstrap, on 4 cores
#####################################################################
elapsed time: 315552.84324927 seconds
