test
Mean:
[0.88546; 0.499261; 3.09526; 3.37105; 0.459089; -0.071951; 0.699791]
Std:
[0.496836; 0.0502133; 0.00809642; 0.269862; 0.0662521; 0.111893; 0.0708817]
[1.02106 1.42469 1.22156 1.49718 0.363381 0.609193 0.814435 1.15156 0.644083 0.887115; 0.486018 0.458039 0.470227 0.406055 0.499876 0.466634 0.491061 0.492985 0.470248 0.484137; 3.08124 3.07371 3.0823 3.08472 3.07277 3.08064 3.0824 3.08928 3.08232 3.08421; 3.41264 3.20468 3.67049 3.62714 3.14427 3.32954 3.50375 3.7133 3.72394 3.38756; 0.467906 0.413376 0.529689 0.51864 0.402814 0.44427 0.494871 0.551268 0.552137 0.463503; -0.040553 0.0408396 -0.089536 -0.0470452 0.0316542 0.00669045 -0.0899239 -0.152199 -0.125499 -0.0128782; 0.741448 0.782478 0.774275 0.831164 0.727633 0.723624 0.69407 0.734363 0.723602 0.69667; -1.85927e5 -1.85993e5 -1.85976e5 -1.85984e5 -1.8607e5 -185972.0 -1.85927e5 -1.86014e5 -1.86057e5 -1.85958e5]Starting ml estimationLength of training data: 4950Start values for optimization:
[-2.42983e6; 2315.97; 37380.8; 1.32713e6; 2.3262e5; -9.25908e5; 7772.36; 1382.87; -73.8103; -10023.6; -2.00951e5; -22680.0; -3.97228e5; -6980.77; -6319.82; -384.181; -587.575; -41.751; -95.8014; -149.082; 137.644; -5745.86; -1481.29; 4563.26; 533.823; -8695.6; -52932.1; 2.10275e5; -2059.9; 2649.25; 1.85905e5; 321.802; -495.668; -20749.3; 12738.1; 8267.36; 4.32241; 3.97584; -0.723825; -2.99758; -4.81697; -1.3102; -2.71467; -2.1912; -2.64912]Iter     Function value   Gradient norm 
     0     4.434434e+04     1.309591e+08
     1     4.381941e+04     1.246458e+06
     2     4.380810e+04     9.514398e+05
     3     4.379478e+04     1.939786e+05
     4     4.379482e+04     1.939319e+05
Estimated parameters of the GP model:
Estimated Β:s:
[-2.42983e6,2315.97,37380.8,1.32713e6,2.3262e5,-9.25908e5,7772.36,1382.87,-73.8103,-10023.6,-2.00951e5,-22680.0,-3.97228e5,-6980.77,-6319.82,-384.181,-587.575,-41.751,-95.8014,-149.082,137.644,-5745.86,-1481.29,4563.26,533.823,-8695.6,-52932.1,2.10275e5,-2059.9,2649.25,1.85905e5,321.802,-495.668,-20749.3,12738.1,8267.36]
Estimated log Φ:s:
[4.32217,3.19355,-1.15356,13.858,136.713,0.633746,5.14307,3.99578,10.5]
elapsed time: 1335.110980527 seconds
Iterstion:
1
#####################################################################
Starting DA-GP-MCMC estimating 7 parameters 
MCMC algorithm: MCWM
Adaptation algorithm: noAdaptation
Prior distribution: Normal
Particle filter: parallel_bootstrap, on 4 cores
Nbr particles for particle filter: 500
Covariance - kernel_MH_direct:
[0.0374089 -0.00404272 2.482e-5 0.00108014 0.000182999 0.00104582 0.00375643; -0.00404272 0.00109217 -1.67489e-5 -0.000827606 -0.000196084 -0.000259315 -0.00110525; 2.482e-5 -1.67489e-5 3.0123e-5 -5.62179e-5 -3.89701e-6 2.44438e-5 4.74235e-5; 0.00108014 -0.000827606 -5.62179e-5 0.0368117 0.00892814 -0.0112956 0.00105234; 0.000182999 -0.000196084 -3.89701e-6 0.00892814 0.00218008 -0.00275945 0.000269347; 0.00104582 -0.000259315 2.44438e-5 -0.0112956 -0.00275945 0.00502968 0.000984769; 0.00375643 -0.00110525 4.74235e-5 0.00105234 0.000269347 0.000984769 0.00242984]
Iteration: 1
Covariance:
[0.0538688 -0.00582151 3.57408e-5 0.0015554 0.000263519 0.00150598 0.00540926; -0.00582151 0.00157273 -2.41185e-5 -0.00119175 -0.000282361 -0.000373414 -0.00159155; 3.57408e-5 -2.41185e-5 4.33771e-5 -8.09538e-5 -5.61169e-6 3.51991e-5 6.82898e-5; 0.0015554 -0.00119175 -8.09538e-5 0.0530088 0.0128565 -0.0162657 0.00151537; 0.000263519 -0.000282361 -5.61169e-6 0.0128565 0.00313932 -0.00397361 0.00038786; 0.00150598 -0.000373414 3.51991e-5 -0.0162657 -0.00397361 0.00724273 0.00141807; 0.00540926 -0.00159155 6.82898e-5 0.00151537 0.00038786 0.00141807 0.00349897]
Iteration: 1
Covariance:
[0.0538688 -0.00582151 3.57408e-5 0.0015554 0.000263519 0.00150598 0.00540926; -0.00582151 0.00157273 -2.41185e-5 -0.00119175 -0.000282361 -0.000373414 -0.00159155; 3.57408e-5 -2.41185e-5 4.33771e-5 -8.09538e-5 -5.61169e-6 3.51991e-5 6.82898e-5; 0.0015554 -0.00119175 -8.09538e-5 0.0530088 0.0128565 -0.0162657 0.00151537; 0.000263519 -0.000282361 -5.61169e-6 0.0128565 0.00313932 -0.00397361 0.00038786; 0.00150598 -0.000373414 3.51991e-5 -0.0162657 -0.00397361 0.00724273 0.00141807; 0.00540926 -0.00159155 6.82898e-5 0.00151537 0.00038786 0.00141807 0.00349897]
Loglik start: -185857.2151 
elapsed time: 4833.380829823 seconds
Ending DA-GP-MCMC with adaptive RW estimating 7 parameters
Algorithm: MCWM
Adaptation algorithm: noAdaptation
Prior distribution: Normal
Particle filter: parallel_bootstrap
Time pre-er:  0
Time fit GP model:  0
Time er-part:  4833
Number early-rejections: 641
Number of cases directly to ordinary MH: 145
Number of cases directly to ordinary MH accepted: 18
Number cases in in DA part: 854
Number cases in second stage: 213
Number accepted in second stage: 14
Total number of evaluations of the particle filter: 358
Acceptance rate for ordinary MH accepted: 12.4138
Acceptance rate a_1: 24.9415
Acceptance rate a_2: 6.5728
Acceptance rate a_1*a_2: 1.6393
Acceptance rate a (for entier algorithm): 3.2000
#####################################################################
Iterstion:
2
#####################################################################
Starting DA-GP-MCMC estimating 7 parameters 
MCMC algorithm: MCWM
Adaptation algorithm: noAdaptation
Prior distribution: Normal
Particle filter: parallel_bootstrap, on 4 cores
Nbr particles for particle filter: 500
Covariance - kernel_MH_direct:
[0.0374089 -0.00404272 2.482e-5 0.00108014 0.000182999 0.00104582 0.00375643; -0.00404272 0.00109217 -1.67489e-5 -0.000827606 -0.000196084 -0.000259315 -0.00110525; 2.482e-5 -1.67489e-5 3.0123e-5 -5.62179e-5 -3.89701e-6 2.44438e-5 4.74235e-5; 0.00108014 -0.000827606 -5.62179e-5 0.0368117 0.00892814 -0.0112956 0.00105234; 0.000182999 -0.000196084 -3.89701e-6 0.00892814 0.00218008 -0.00275945 0.000269347; 0.00104582 -0.000259315 2.44438e-5 -0.0112956 -0.00275945 0.00502968 0.000984769; 0.00375643 -0.00110525 4.74235e-5 0.00105234 0.000269347 0.000984769 0.00242984]
Iteration: 1
Covariance:
[0.0538688 -0.00582151 3.57408e-5 0.0015554 0.000263519 0.00150598 0.00540926; -0.00582151 0.00157273 -2.41185e-5 -0.00119175 -0.000282361 -0.000373414 -0.00159155; 3.57408e-5 -2.41185e-5 4.33771e-5 -8.09538e-5 -5.61169e-6 3.51991e-5 6.82898e-5; 0.0015554 -0.00119175 -8.09538e-5 0.0530088 0.0128565 -0.0162657 0.00151537; 0.000263519 -0.000282361 -5.61169e-6 0.0128565 0.00313932 -0.00397361 0.00038786; 0.00150598 -0.000373414 3.51991e-5 -0.0162657 -0.00397361 0.00724273 0.00141807; 0.00540926 -0.00159155 6.82898e-5 0.00151537 0.00038786 0.00141807 0.00349897]
Iteration: 1
Covariance:
[0.0538688 -0.00582151 3.57408e-5 0.0015554 0.000263519 0.00150598 0.00540926; -0.00582151 0.00157273 -2.41185e-5 -0.00119175 -0.000282361 -0.000373414 -0.00159155; 3.57408e-5 -2.41185e-5 4.33771e-5 -8.09538e-5 -5.61169e-6 3.51991e-5 6.82898e-5; 0.0015554 -0.00119175 -8.09538e-5 0.0530088 0.0128565 -0.0162657 0.00151537; 0.000263519 -0.000282361 -5.61169e-6 0.0128565 0.00313932 -0.00397361 0.00038786; 0.00150598 -0.000373414 3.51991e-5 -0.0162657 -0.00397361 0.00724273 0.00141807; 0.00540926 -0.00159155 6.82898e-5 0.00151537 0.00038786 0.00141807 0.00349897]
Loglik start: -185875.4218 
elapsed time: 4260.532024273 seconds
Ending DA-GP-MCMC with adaptive RW estimating 7 parameters
Algorithm: MCWM
Adaptation algorithm: noAdaptation
Prior distribution: Normal
Particle filter: parallel_bootstrap
Time pre-er:  0
Time fit GP model:  0
Time er-part:  4261
Number early-rejections: 683
Number of cases directly to ordinary MH: 140
Number of cases directly to ordinary MH accepted: 16
Number cases in in DA part: 859
Number cases in second stage: 176
Number accepted in second stage: 11
Total number of evaluations of the particle filter: 316
Acceptance rate for ordinary MH accepted: 11.4286
Acceptance rate a_1: 20.4889
Acceptance rate a_2: 6.2500
Acceptance rate a_1*a_2: 1.2806
Acceptance rate a (for entier algorithm): 2.7000
#####################################################################
Iterstion:
3
#####################################################################
Starting DA-GP-MCMC estimating 7 parameters 
MCMC algorithm: MCWM
Adaptation algorithm: noAdaptation
Prior distribution: Normal
Particle filter: parallel_bootstrap, on 4 cores
Nbr particles for particle filter: 500
Covariance - kernel_MH_direct:
[0.0374089 -0.00404272 2.482e-5 0.00108014 0.000182999 0.00104582 0.00375643; -0.00404272 0.00109217 -1.67489e-5 -0.000827606 -0.000196084 -0.000259315 -0.00110525; 2.482e-5 -1.67489e-5 3.0123e-5 -5.62179e-5 -3.89701e-6 2.44438e-5 4.74235e-5; 0.00108014 -0.000827606 -5.62179e-5 0.0368117 0.00892814 -0.0112956 0.00105234; 0.000182999 -0.000196084 -3.89701e-6 0.00892814 0.00218008 -0.00275945 0.000269347; 0.00104582 -0.000259315 2.44438e-5 -0.0112956 -0.00275945 0.00502968 0.000984769; 0.00375643 -0.00110525 4.74235e-5 0.00105234 0.000269347 0.000984769 0.00242984]
Iteration: 1
Covariance:
[0.0538688 -0.00582151 3.57408e-5 0.0015554 0.000263519 0.00150598 0.00540926; -0.00582151 0.00157273 -2.41185e-5 -0.00119175 -0.000282361 -0.000373414 -0.00159155; 3.57408e-5 -2.41185e-5 4.33771e-5 -8.09538e-5 -5.61169e-6 3.51991e-5 6.82898e-5; 0.0015554 -0.00119175 -8.09538e-5 0.0530088 0.0128565 -0.0162657 0.00151537; 0.000263519 -0.000282361 -5.61169e-6 0.0128565 0.00313932 -0.00397361 0.00038786; 0.00150598 -0.000373414 3.51991e-5 -0.0162657 -0.00397361 0.00724273 0.00141807; 0.00540926 -0.00159155 6.82898e-5 0.00151537 0.00038786 0.00141807 0.00349897]
Iteration: 1
Covariance:
[0.0538688 -0.00582151 3.57408e-5 0.0015554 0.000263519 0.00150598 0.00540926; -0.00582151 0.00157273 -2.41185e-5 -0.00119175 -0.000282361 -0.000373414 -0.00159155; 3.57408e-5 -2.41185e-5 4.33771e-5 -8.09538e-5 -5.61169e-6 3.51991e-5 6.82898e-5; 0.0015554 -0.00119175 -8.09538e-5 0.0530088 0.0128565 -0.0162657 0.00151537; 0.000263519 -0.000282361 -5.61169e-6 0.0128565 0.00313932 -0.00397361 0.00038786; 0.00150598 -0.000373414 3.51991e-5 -0.0162657 -0.00397361 0.00724273 0.00141807; 0.00540926 -0.00159155 6.82898e-5 0.00151537 0.00038786 0.00141807 0.00349897]
Loglik start: -185873.5772 
elapsed time: 4028.112719828 seconds
Ending DA-GP-MCMC with adaptive RW estimating 7 parameters
Algorithm: MCWM
Adaptation algorithm: noAdaptation
Prior distribution: Normal
Particle filter: parallel_bootstrap
Time pre-er:  0
Time fit GP model:  0
Time er-part:  4028
Number early-rejections: 701
Number of cases directly to ordinary MH: 131
Number of cases directly to ordinary MH accepted: 21
Number cases in in DA part: 868
Number cases in second stage: 167
Number accepted in second stage: 10
Total number of evaluations of the particle filter: 298
Acceptance rate for ordinary MH accepted: 16.0305
Acceptance rate a_1: 19.2396
Acceptance rate a_2: 5.9880
Acceptance rate a_1*a_2: 1.1521
Acceptance rate a (for entier algorithm): 3.1000
#####################################################################
Iterstion:
4
#####################################################################
Starting DA-GP-MCMC estimating 7 parameters 
MCMC algorithm: MCWM
Adaptation algorithm: noAdaptation
Prior distribution: Normal
Particle filter: parallel_bootstrap, on 4 cores
Nbr particles for particle filter: 500
Covariance - kernel_MH_direct:
[0.0374089 -0.00404272 2.482e-5 0.00108014 0.000182999 0.00104582 0.00375643; -0.00404272 0.00109217 -1.67489e-5 -0.000827606 -0.000196084 -0.000259315 -0.00110525; 2.482e-5 -1.67489e-5 3.0123e-5 -5.62179e-5 -3.89701e-6 2.44438e-5 4.74235e-5; 0.00108014 -0.000827606 -5.62179e-5 0.0368117 0.00892814 -0.0112956 0.00105234; 0.000182999 -0.000196084 -3.89701e-6 0.00892814 0.00218008 -0.00275945 0.000269347; 0.00104582 -0.000259315 2.44438e-5 -0.0112956 -0.00275945 0.00502968 0.000984769; 0.00375643 -0.00110525 4.74235e-5 0.00105234 0.000269347 0.000984769 0.00242984]
Iteration: 1
Covariance:
[0.0538688 -0.00582151 3.57408e-5 0.0015554 0.000263519 0.00150598 0.00540926; -0.00582151 0.00157273 -2.41185e-5 -0.00119175 -0.000282361 -0.000373414 -0.00159155; 3.57408e-5 -2.41185e-5 4.33771e-5 -8.09538e-5 -5.61169e-6 3.51991e-5 6.82898e-5; 0.0015554 -0.00119175 -8.09538e-5 0.0530088 0.0128565 -0.0162657 0.00151537; 0.000263519 -0.000282361 -5.61169e-6 0.0128565 0.00313932 -0.00397361 0.00038786; 0.00150598 -0.000373414 3.51991e-5 -0.0162657 -0.00397361 0.00724273 0.00141807; 0.00540926 -0.00159155 6.82898e-5 0.00151537 0.00038786 0.00141807 0.00349897]
Iteration: 1
Covariance:
[0.0538688 -0.00582151 3.57408e-5 0.0015554 0.000263519 0.00150598 0.00540926; -0.00582151 0.00157273 -2.41185e-5 -0.00119175 -0.000282361 -0.000373414 -0.00159155; 3.57408e-5 -2.41185e-5 4.33771e-5 -8.09538e-5 -5.61169e-6 3.51991e-5 6.82898e-5; 0.0015554 -0.00119175 -8.09538e-5 0.0530088 0.0128565 -0.0162657 0.00151537; 0.000263519 -0.000282361 -5.61169e-6 0.0128565 0.00313932 -0.00397361 0.00038786; 0.00150598 -0.000373414 3.51991e-5 -0.0162657 -0.00397361 0.00724273 0.00141807; 0.00540926 -0.00159155 6.82898e-5 0.00151537 0.00038786 0.00141807 0.00349897]
Loglik start: -185863.1831 
elapsed time: 4622.282334459 seconds
Ending DA-GP-MCMC with adaptive RW estimating 7 parameters
Algorithm: MCWM
Adaptation algorithm: noAdaptation
Prior distribution: Normal
Particle filter: parallel_bootstrap
Time pre-er:  0
Time fit GP model:  0
Time er-part:  4622
Number early-rejections: 655
Number of cases directly to ordinary MH: 156
Number of cases directly to ordinary MH accepted: 32
Number cases in in DA part: 843
Number cases in second stage: 188
Number accepted in second stage: 14
Total number of evaluations of the particle filter: 344
Acceptance rate for ordinary MH accepted: 20.5128
Acceptance rate a_1: 22.3013
Acceptance rate a_2: 7.4468
Acceptance rate a_1*a_2: 1.6607
Acceptance rate a (for entier algorithm): 4.6000
#####################################################################
Iterstion:
5
#####################################################################
Starting DA-GP-MCMC estimating 7 parameters 
MCMC algorithm: MCWM
Adaptation algorithm: noAdaptation
Prior distribution: Normal
Particle filter: parallel_bootstrap, on 4 cores
Nbr particles for particle filter: 500
Covariance - kernel_MH_direct:
[0.0374089 -0.00404272 2.482e-5 0.00108014 0.000182999 0.00104582 0.00375643; -0.00404272 0.00109217 -1.67489e-5 -0.000827606 -0.000196084 -0.000259315 -0.00110525; 2.482e-5 -1.67489e-5 3.0123e-5 -5.62179e-5 -3.89701e-6 2.44438e-5 4.74235e-5; 0.00108014 -0.000827606 -5.62179e-5 0.0368117 0.00892814 -0.0112956 0.00105234; 0.000182999 -0.000196084 -3.89701e-6 0.00892814 0.00218008 -0.00275945 0.000269347; 0.00104582 -0.000259315 2.44438e-5 -0.0112956 -0.00275945 0.00502968 0.000984769; 0.00375643 -0.00110525 4.74235e-5 0.00105234 0.000269347 0.000984769 0.00242984]
Iteration: 1
Covariance:
[0.0538688 -0.00582151 3.57408e-5 0.0015554 0.000263519 0.00150598 0.00540926; -0.00582151 0.00157273 -2.41185e-5 -0.00119175 -0.000282361 -0.000373414 -0.00159155; 3.57408e-5 -2.41185e-5 4.33771e-5 -8.09538e-5 -5.61169e-6 3.51991e-5 6.82898e-5; 0.0015554 -0.00119175 -8.09538e-5 0.0530088 0.0128565 -0.0162657 0.00151537; 0.000263519 -0.000282361 -5.61169e-6 0.0128565 0.00313932 -0.00397361 0.00038786; 0.00150598 -0.000373414 3.51991e-5 -0.0162657 -0.00397361 0.00724273 0.00141807; 0.00540926 -0.00159155 6.82898e-5 0.00151537 0.00038786 0.00141807 0.00349897]
Iteration: 1
Covariance:
[0.0538688 -0.00582151 3.57408e-5 0.0015554 0.000263519 0.00150598 0.00540926; -0.00582151 0.00157273 -2.41185e-5 -0.00119175 -0.000282361 -0.000373414 -0.00159155; 3.57408e-5 -2.41185e-5 4.33771e-5 -8.09538e-5 -5.61169e-6 3.51991e-5 6.82898e-5; 0.0015554 -0.00119175 -8.09538e-5 0.0530088 0.0128565 -0.0162657 0.00151537; 0.000263519 -0.000282361 -5.61169e-6 0.0128565 0.00313932 -0.00397361 0.00038786; 0.00150598 -0.000373414 3.51991e-5 -0.0162657 -0.00397361 0.00724273 0.00141807; 0.00540926 -0.00159155 6.82898e-5 0.00151537 0.00038786 0.00141807 0.00349897]
Loglik start: -185867.0044 
elapsed time: 4058.878101548 seconds
Ending DA-GP-MCMC with adaptive RW estimating 7 parameters
Algorithm: MCWM
Adaptation algorithm: noAdaptation
Prior distribution: Normal
Particle filter: parallel_bootstrap
Time pre-er:  0
Time fit GP model:  0
Time er-part:  4059
Number early-rejections: 698
Number of cases directly to ordinary MH: 123
Number of cases directly to ordinary MH accepted: 17
Number cases in in DA part: 876
Number cases in second stage: 178
Number accepted in second stage: 8
Total number of evaluations of the particle filter: 301
Acceptance rate for ordinary MH accepted: 13.8211
Acceptance rate a_1: 20.3196
Acceptance rate a_2: 4.4944
Acceptance rate a_1*a_2: 0.9132
Acceptance rate a (for entier algorithm): 2.5000
#####################################################################
Iterstion:
6
#####################################################################
Starting DA-GP-MCMC estimating 7 parameters 
MCMC algorithm: MCWM
Adaptation algorithm: noAdaptation
Prior distribution: Normal
Particle filter: parallel_bootstrap, on 4 cores
Nbr particles for particle filter: 500
Covariance - kernel_MH_direct:
[0.0374089 -0.00404272 2.482e-5 0.00108014 0.000182999 0.00104582 0.00375643; -0.00404272 0.00109217 -1.67489e-5 -0.000827606 -0.000196084 -0.000259315 -0.00110525; 2.482e-5 -1.67489e-5 3.0123e-5 -5.62179e-5 -3.89701e-6 2.44438e-5 4.74235e-5; 0.00108014 -0.000827606 -5.62179e-5 0.0368117 0.00892814 -0.0112956 0.00105234; 0.000182999 -0.000196084 -3.89701e-6 0.00892814 0.00218008 -0.00275945 0.000269347; 0.00104582 -0.000259315 2.44438e-5 -0.0112956 -0.00275945 0.00502968 0.000984769; 0.00375643 -0.00110525 4.74235e-5 0.00105234 0.000269347 0.000984769 0.00242984]
Iteration: 1
Covariance:
[0.0538688 -0.00582151 3.57408e-5 0.0015554 0.000263519 0.00150598 0.00540926; -0.00582151 0.00157273 -2.41185e-5 -0.00119175 -0.000282361 -0.000373414 -0.00159155; 3.57408e-5 -2.41185e-5 4.33771e-5 -8.09538e-5 -5.61169e-6 3.51991e-5 6.82898e-5; 0.0015554 -0.00119175 -8.09538e-5 0.0530088 0.0128565 -0.0162657 0.00151537; 0.000263519 -0.000282361 -5.61169e-6 0.0128565 0.00313932 -0.00397361 0.00038786; 0.00150598 -0.000373414 3.51991e-5 -0.0162657 -0.00397361 0.00724273 0.00141807; 0.00540926 -0.00159155 6.82898e-5 0.00151537 0.00038786 0.00141807 0.00349897]
Iteration: 1
Covariance:
[0.0538688 -0.00582151 3.57408e-5 0.0015554 0.000263519 0.00150598 0.00540926; -0.00582151 0.00157273 -2.41185e-5 -0.00119175 -0.000282361 -0.000373414 -0.00159155; 3.57408e-5 -2.41185e-5 4.33771e-5 -8.09538e-5 -5.61169e-6 3.51991e-5 6.82898e-5; 0.0015554 -0.00119175 -8.09538e-5 0.0530088 0.0128565 -0.0162657 0.00151537; 0.000263519 -0.000282361 -5.61169e-6 0.0128565 0.00313932 -0.00397361 0.00038786; 0.00150598 -0.000373414 3.51991e-5 -0.0162657 -0.00397361 0.00724273 0.00141807; 0.00540926 -0.00159155 6.82898e-5 0.00151537 0.00038786 0.00141807 0.00349897]
Loglik start: -185885.1885 
elapsed time: 4941.76051446 seconds
Ending DA-GP-MCMC with adaptive RW estimating 7 parameters
Algorithm: MCWM
Adaptation algorithm: noAdaptation
Prior distribution: Normal
Particle filter: parallel_bootstrap
Time pre-er:  0
Time fit GP model:  0
Time er-part:  4942
Number early-rejections: 631
Number of cases directly to ordinary MH: 172
Number of cases directly to ordinary MH accepted: 30
Number cases in in DA part: 827
Number cases in second stage: 196
Number accepted in second stage: 11
Total number of evaluations of the particle filter: 368
Acceptance rate for ordinary MH accepted: 17.4419
Acceptance rate a_1: 23.7001
Acceptance rate a_2: 5.6122
Acceptance rate a_1*a_2: 1.3301
Acceptance rate a (for entier algorithm): 4.1000
#####################################################################
Iterstion:
7
#####################################################################
Starting DA-GP-MCMC estimating 7 parameters 
MCMC algorithm: MCWM
Adaptation algorithm: noAdaptation
Prior distribution: Normal
Particle filter: parallel_bootstrap, on 4 cores
Nbr particles for particle filter: 500
Covariance - kernel_MH_direct:
[0.0374089 -0.00404272 2.482e-5 0.00108014 0.000182999 0.00104582 0.00375643; -0.00404272 0.00109217 -1.67489e-5 -0.000827606 -0.000196084 -0.000259315 -0.00110525; 2.482e-5 -1.67489e-5 3.0123e-5 -5.62179e-5 -3.89701e-6 2.44438e-5 4.74235e-5; 0.00108014 -0.000827606 -5.62179e-5 0.0368117 0.00892814 -0.0112956 0.00105234; 0.000182999 -0.000196084 -3.89701e-6 0.00892814 0.00218008 -0.00275945 0.000269347; 0.00104582 -0.000259315 2.44438e-5 -0.0112956 -0.00275945 0.00502968 0.000984769; 0.00375643 -0.00110525 4.74235e-5 0.00105234 0.000269347 0.000984769 0.00242984]
Iteration: 1
Covariance:
[0.0538688 -0.00582151 3.57408e-5 0.0015554 0.000263519 0.00150598 0.00540926; -0.00582151 0.00157273 -2.41185e-5 -0.00119175 -0.000282361 -0.000373414 -0.00159155; 3.57408e-5 -2.41185e-5 4.33771e-5 -8.09538e-5 -5.61169e-6 3.51991e-5 6.82898e-5; 0.0015554 -0.00119175 -8.09538e-5 0.0530088 0.0128565 -0.0162657 0.00151537; 0.000263519 -0.000282361 -5.61169e-6 0.0128565 0.00313932 -0.00397361 0.00038786; 0.00150598 -0.000373414 3.51991e-5 -0.0162657 -0.00397361 0.00724273 0.00141807; 0.00540926 -0.00159155 6.82898e-5 0.00151537 0.00038786 0.00141807 0.00349897]
Iteration: 1
Covariance:
[0.0538688 -0.00582151 3.57408e-5 0.0015554 0.000263519 0.00150598 0.00540926; -0.00582151 0.00157273 -2.41185e-5 -0.00119175 -0.000282361 -0.000373414 -0.00159155; 3.57408e-5 -2.41185e-5 4.33771e-5 -8.09538e-5 -5.61169e-6 3.51991e-5 6.82898e-5; 0.0015554 -0.00119175 -8.09538e-5 0.0530088 0.0128565 -0.0162657 0.00151537; 0.000263519 -0.000282361 -5.61169e-6 0.0128565 0.00313932 -0.00397361 0.00038786; 0.00150598 -0.000373414 3.51991e-5 -0.0162657 -0.00397361 0.00724273 0.00141807; 0.00540926 -0.00159155 6.82898e-5 0.00151537 0.00038786 0.00141807 0.00349897]
Loglik start: -185871.6605 
elapsed time: 4481.702060671 seconds
Ending DA-GP-MCMC with adaptive RW estimating 7 parameters
Algorithm: MCWM
Adaptation algorithm: noAdaptation
Prior distribution: Normal
Particle filter: parallel_bootstrap
Time pre-er:  0
Time fit GP model:  0
Time er-part:  4482
Number early-rejections: 667
Number of cases directly to ordinary MH: 139
Number of cases directly to ordinary MH accepted: 17
Number cases in in DA part: 860
Number cases in second stage: 193
Number accepted in second stage: 12
Total number of evaluations of the particle filter: 332
Acceptance rate for ordinary MH accepted: 12.2302
Acceptance rate a_1: 22.4419
Acceptance rate a_2: 6.2176
Acceptance rate a_1*a_2: 1.3953
Acceptance rate a (for entier algorithm): 2.9000
#####################################################################
Iterstion:
8
#####################################################################
Starting DA-GP-MCMC estimating 7 parameters 
MCMC algorithm: MCWM
Adaptation algorithm: noAdaptation
Prior distribution: Normal
Particle filter: parallel_bootstrap, on 4 cores
Nbr particles for particle filter: 500
Covariance - kernel_MH_direct:
[0.0374089 -0.00404272 2.482e-5 0.00108014 0.000182999 0.00104582 0.00375643; -0.00404272 0.00109217 -1.67489e-5 -0.000827606 -0.000196084 -0.000259315 -0.00110525; 2.482e-5 -1.67489e-5 3.0123e-5 -5.62179e-5 -3.89701e-6 2.44438e-5 4.74235e-5; 0.00108014 -0.000827606 -5.62179e-5 0.0368117 0.00892814 -0.0112956 0.00105234; 0.000182999 -0.000196084 -3.89701e-6 0.00892814 0.00218008 -0.00275945 0.000269347; 0.00104582 -0.000259315 2.44438e-5 -0.0112956 -0.00275945 0.00502968 0.000984769; 0.00375643 -0.00110525 4.74235e-5 0.00105234 0.000269347 0.000984769 0.00242984]
Iteration: 1
Covariance:
[0.0538688 -0.00582151 3.57408e-5 0.0015554 0.000263519 0.00150598 0.00540926; -0.00582151 0.00157273 -2.41185e-5 -0.00119175 -0.000282361 -0.000373414 -0.00159155; 3.57408e-5 -2.41185e-5 4.33771e-5 -8.09538e-5 -5.61169e-6 3.51991e-5 6.82898e-5; 0.0015554 -0.00119175 -8.09538e-5 0.0530088 0.0128565 -0.0162657 0.00151537; 0.000263519 -0.000282361 -5.61169e-6 0.0128565 0.00313932 -0.00397361 0.00038786; 0.00150598 -0.000373414 3.51991e-5 -0.0162657 -0.00397361 0.00724273 0.00141807; 0.00540926 -0.00159155 6.82898e-5 0.00151537 0.00038786 0.00141807 0.00349897]
Iteration: 1
Covariance:
[0.0538688 -0.00582151 3.57408e-5 0.0015554 0.000263519 0.00150598 0.00540926; -0.00582151 0.00157273 -2.41185e-5 -0.00119175 -0.000282361 -0.000373414 -0.00159155; 3.57408e-5 -2.41185e-5 4.33771e-5 -8.09538e-5 -5.61169e-6 3.51991e-5 6.82898e-5; 0.0015554 -0.00119175 -8.09538e-5 0.0530088 0.0128565 -0.0162657 0.00151537; 0.000263519 -0.000282361 -5.61169e-6 0.0128565 0.00313932 -0.00397361 0.00038786; 0.00150598 -0.000373414 3.51991e-5 -0.0162657 -0.00397361 0.00724273 0.00141807; 0.00540926 -0.00159155 6.82898e-5 0.00151537 0.00038786 0.00141807 0.00349897]
Loglik start: -185853.1311 
elapsed time: 4818.002305664 seconds
Ending DA-GP-MCMC with adaptive RW estimating 7 parameters
Algorithm: MCWM
Adaptation algorithm: noAdaptation
Prior distribution: Normal
Particle filter: parallel_bootstrap
Time pre-er:  0
Time fit GP model:  0
Time er-part:  4818
Number early-rejections: 640
Number of cases directly to ordinary MH: 163
Number of cases directly to ordinary MH accepted: 29
Number cases in in DA part: 836
Number cases in second stage: 196
Number accepted in second stage: 14
Total number of evaluations of the particle filter: 359
Acceptance rate for ordinary MH accepted: 17.7914
Acceptance rate a_1: 23.4450
Acceptance rate a_2: 7.1429
Acceptance rate a_1*a_2: 1.6746
Acceptance rate a (for entier algorithm): 4.3000
#####################################################################
Iterstion:
9
#####################################################################
Starting DA-GP-MCMC estimating 7 parameters 
MCMC algorithm: MCWM
Adaptation algorithm: noAdaptation
Prior distribution: Normal
Particle filter: parallel_bootstrap, on 4 cores
Nbr particles for particle filter: 500
Covariance - kernel_MH_direct:
[0.0374089 -0.00404272 2.482e-5 0.00108014 0.000182999 0.00104582 0.00375643; -0.00404272 0.00109217 -1.67489e-5 -0.000827606 -0.000196084 -0.000259315 -0.00110525; 2.482e-5 -1.67489e-5 3.0123e-5 -5.62179e-5 -3.89701e-6 2.44438e-5 4.74235e-5; 0.00108014 -0.000827606 -5.62179e-5 0.0368117 0.00892814 -0.0112956 0.00105234; 0.000182999 -0.000196084 -3.89701e-6 0.00892814 0.00218008 -0.00275945 0.000269347; 0.00104582 -0.000259315 2.44438e-5 -0.0112956 -0.00275945 0.00502968 0.000984769; 0.00375643 -0.00110525 4.74235e-5 0.00105234 0.000269347 0.000984769 0.00242984]
Iteration: 1
Covariance:
[0.0538688 -0.00582151 3.57408e-5 0.0015554 0.000263519 0.00150598 0.00540926; -0.00582151 0.00157273 -2.41185e-5 -0.00119175 -0.000282361 -0.000373414 -0.00159155; 3.57408e-5 -2.41185e-5 4.33771e-5 -8.09538e-5 -5.61169e-6 3.51991e-5 6.82898e-5; 0.0015554 -0.00119175 -8.09538e-5 0.0530088 0.0128565 -0.0162657 0.00151537; 0.000263519 -0.000282361 -5.61169e-6 0.0128565 0.00313932 -0.00397361 0.00038786; 0.00150598 -0.000373414 3.51991e-5 -0.0162657 -0.00397361 0.00724273 0.00141807; 0.00540926 -0.00159155 6.82898e-5 0.00151537 0.00038786 0.00141807 0.00349897]
Iteration: 1
Covariance:
[0.0538688 -0.00582151 3.57408e-5 0.0015554 0.000263519 0.00150598 0.00540926; -0.00582151 0.00157273 -2.41185e-5 -0.00119175 -0.000282361 -0.000373414 -0.00159155; 3.57408e-5 -2.41185e-5 4.33771e-5 -8.09538e-5 -5.61169e-6 3.51991e-5 6.82898e-5; 0.0015554 -0.00119175 -8.09538e-5 0.0530088 0.0128565 -0.0162657 0.00151537; 0.000263519 -0.000282361 -5.61169e-6 0.0128565 0.00313932 -0.00397361 0.00038786; 0.00150598 -0.000373414 3.51991e-5 -0.0162657 -0.00397361 0.00724273 0.00141807; 0.00540926 -0.00159155 6.82898e-5 0.00151537 0.00038786 0.00141807 0.00349897]
Loglik start: -185879.2927 
elapsed time: 4651.548161309 seconds
Ending DA-GP-MCMC with adaptive RW estimating 7 parameters
Algorithm: MCWM
Adaptation algorithm: noAdaptation
Prior distribution: Normal
Particle filter: parallel_bootstrap
Time pre-er:  0
Time fit GP model:  0
Time er-part:  4652
Number early-rejections: 653
Number of cases directly to ordinary MH: 152
Number of cases directly to ordinary MH accepted: 21
Number cases in in DA part: 847
Number cases in second stage: 194
Number accepted in second stage: 11
Total number of evaluations of the particle filter: 346
Acceptance rate for ordinary MH accepted: 13.8158
Acceptance rate a_1: 22.9044
Acceptance rate a_2: 5.6701
Acceptance rate a_1*a_2: 1.2987
Acceptance rate a (for entier algorithm): 3.2000
#####################################################################
Iterstion:
10
#####################################################################
Starting DA-GP-MCMC estimating 7 parameters 
MCMC algorithm: MCWM
Adaptation algorithm: noAdaptation
Prior distribution: Normal
Particle filter: parallel_bootstrap, on 4 cores
Nbr particles for particle filter: 500
Covariance - kernel_MH_direct:
[0.0374089 -0.00404272 2.482e-5 0.00108014 0.000182999 0.00104582 0.00375643; -0.00404272 0.00109217 -1.67489e-5 -0.000827606 -0.000196084 -0.000259315 -0.00110525; 2.482e-5 -1.67489e-5 3.0123e-5 -5.62179e-5 -3.89701e-6 2.44438e-5 4.74235e-5; 0.00108014 -0.000827606 -5.62179e-5 0.0368117 0.00892814 -0.0112956 0.00105234; 0.000182999 -0.000196084 -3.89701e-6 0.00892814 0.00218008 -0.00275945 0.000269347; 0.00104582 -0.000259315 2.44438e-5 -0.0112956 -0.00275945 0.00502968 0.000984769; 0.00375643 -0.00110525 4.74235e-5 0.00105234 0.000269347 0.000984769 0.00242984]
Iteration: 1
Covariance:
[0.0538688 -0.00582151 3.57408e-5 0.0015554 0.000263519 0.00150598 0.00540926; -0.00582151 0.00157273 -2.41185e-5 -0.00119175 -0.000282361 -0.000373414 -0.00159155; 3.57408e-5 -2.41185e-5 4.33771e-5 -8.09538e-5 -5.61169e-6 3.51991e-5 6.82898e-5; 0.0015554 -0.00119175 -8.09538e-5 0.0530088 0.0128565 -0.0162657 0.00151537; 0.000263519 -0.000282361 -5.61169e-6 0.0128565 0.00313932 -0.00397361 0.00038786; 0.00150598 -0.000373414 3.51991e-5 -0.0162657 -0.00397361 0.00724273 0.00141807; 0.00540926 -0.00159155 6.82898e-5 0.00151537 0.00038786 0.00141807 0.00349897]
Iteration: 1
Covariance:
[0.0538688 -0.00582151 3.57408e-5 0.0015554 0.000263519 0.00150598 0.00540926; -0.00582151 0.00157273 -2.41185e-5 -0.00119175 -0.000282361 -0.000373414 -0.00159155; 3.57408e-5 -2.41185e-5 4.33771e-5 -8.09538e-5 -5.61169e-6 3.51991e-5 6.82898e-5; 0.0015554 -0.00119175 -8.09538e-5 0.0530088 0.0128565 -0.0162657 0.00151537; 0.000263519 -0.000282361 -5.61169e-6 0.0128565 0.00313932 -0.00397361 0.00038786; 0.00150598 -0.000373414 3.51991e-5 -0.0162657 -0.00397361 0.00724273 0.00141807; 0.00540926 -0.00159155 6.82898e-5 0.00151537 0.00038786 0.00141807 0.00349897]
Loglik start: -185882.7452 
elapsed time: 4605.783113405 seconds
Ending DA-GP-MCMC with adaptive RW estimating 7 parameters
Algorithm: MCWM
Adaptation algorithm: noAdaptation
Prior distribution: Normal
Particle filter: parallel_bootstrap
Time pre-er:  0
Time fit GP model:  0
Time er-part:  4606
Number early-rejections: 657
Number of cases directly to ordinary MH: 141
Number of cases directly to ordinary MH accepted: 18
Number cases in in DA part: 858
Number cases in second stage: 201
Number accepted in second stage: 17
Total number of evaluations of the particle filter: 342
Acceptance rate for ordinary MH accepted: 12.7660
Acceptance rate a_1: 23.4266
Acceptance rate a_2: 8.4577
Acceptance rate a_1*a_2: 1.9814
Acceptance rate a (for entier algorithm): 3.5000
#####################################################################
Iterstion:
11
#####################################################################
Starting DA-GP-MCMC estimating 7 parameters 
MCMC algorithm: MCWM
Adaptation algorithm: noAdaptation
Prior distribution: Normal
Particle filter: parallel_bootstrap, on 4 cores
Nbr particles for particle filter: 500
Covariance - kernel_MH_direct:
[0.0374089 -0.00404272 2.482e-5 0.00108014 0.000182999 0.00104582 0.00375643; -0.00404272 0.00109217 -1.67489e-5 -0.000827606 -0.000196084 -0.000259315 -0.00110525; 2.482e-5 -1.67489e-5 3.0123e-5 -5.62179e-5 -3.89701e-6 2.44438e-5 4.74235e-5; 0.00108014 -0.000827606 -5.62179e-5 0.0368117 0.00892814 -0.0112956 0.00105234; 0.000182999 -0.000196084 -3.89701e-6 0.00892814 0.00218008 -0.00275945 0.000269347; 0.00104582 -0.000259315 2.44438e-5 -0.0112956 -0.00275945 0.00502968 0.000984769; 0.00375643 -0.00110525 4.74235e-5 0.00105234 0.000269347 0.000984769 0.00242984]
Iteration: 1
Covariance:
[0.0538688 -0.00582151 3.57408e-5 0.0015554 0.000263519 0.00150598 0.00540926; -0.00582151 0.00157273 -2.41185e-5 -0.00119175 -0.000282361 -0.000373414 -0.00159155; 3.57408e-5 -2.41185e-5 4.33771e-5 -8.09538e-5 -5.61169e-6 3.51991e-5 6.82898e-5; 0.0015554 -0.00119175 -8.09538e-5 0.0530088 0.0128565 -0.0162657 0.00151537; 0.000263519 -0.000282361 -5.61169e-6 0.0128565 0.00313932 -0.00397361 0.00038786; 0.00150598 -0.000373414 3.51991e-5 -0.0162657 -0.00397361 0.00724273 0.00141807; 0.00540926 -0.00159155 6.82898e-5 0.00151537 0.00038786 0.00141807 0.00349897]
Iteration: 1
Covariance:
[0.0538688 -0.00582151 3.57408e-5 0.0015554 0.000263519 0.00150598 0.00540926; -0.00582151 0.00157273 -2.41185e-5 -0.00119175 -0.000282361 -0.000373414 -0.00159155; 3.57408e-5 -2.41185e-5 4.33771e-5 -8.09538e-5 -5.61169e-6 3.51991e-5 6.82898e-5; 0.0015554 -0.00119175 -8.09538e-5 0.0530088 0.0128565 -0.0162657 0.00151537; 0.000263519 -0.000282361 -5.61169e-6 0.0128565 0.00313932 -0.00397361 0.00038786; 0.00150598 -0.000373414 3.51991e-5 -0.0162657 -0.00397361 0.00724273 0.00141807; 0.00540926 -0.00159155 6.82898e-5 0.00151537 0.00038786 0.00141807 0.00349897]
Loglik start: -185867.2174 
elapsed time: 4548.969843009 seconds
Ending DA-GP-MCMC with adaptive RW estimating 7 parameters
Algorithm: MCWM
Adaptation algorithm: noAdaptation
Prior distribution: Normal
Particle filter: parallel_bootstrap
Time pre-er:  0
Time fit GP model:  0
Time er-part:  4549
Number early-rejections: 660
Number of cases directly to ordinary MH: 137
Number of cases directly to ordinary MH accepted: 29
Number cases in in DA part: 862
Number cases in second stage: 202
Number accepted in second stage: 15
Total number of evaluations of the particle filter: 339
Acceptance rate for ordinary MH accepted: 21.1679
Acceptance rate a_1: 23.4339
Acceptance rate a_2: 7.4257
Acceptance rate a_1*a_2: 1.7401
Acceptance rate a (for entier algorithm): 4.4000
#####################################################################
Iterstion:
12
#####################################################################
Starting DA-GP-MCMC estimating 7 parameters 
MCMC algorithm: MCWM
Adaptation algorithm: noAdaptation
Prior distribution: Normal
Particle filter: parallel_bootstrap, on 4 cores
Nbr particles for particle filter: 500
Covariance - kernel_MH_direct:
[0.0374089 -0.00404272 2.482e-5 0.00108014 0.000182999 0.00104582 0.00375643; -0.00404272 0.00109217 -1.67489e-5 -0.000827606 -0.000196084 -0.000259315 -0.00110525; 2.482e-5 -1.67489e-5 3.0123e-5 -5.62179e-5 -3.89701e-6 2.44438e-5 4.74235e-5; 0.00108014 -0.000827606 -5.62179e-5 0.0368117 0.00892814 -0.0112956 0.00105234; 0.000182999 -0.000196084 -3.89701e-6 0.00892814 0.00218008 -0.00275945 0.000269347; 0.00104582 -0.000259315 2.44438e-5 -0.0112956 -0.00275945 0.00502968 0.000984769; 0.00375643 -0.00110525 4.74235e-5 0.00105234 0.000269347 0.000984769 0.00242984]
Iteration: 1
Covariance:
[0.0538688 -0.00582151 3.57408e-5 0.0015554 0.000263519 0.00150598 0.00540926; -0.00582151 0.00157273 -2.41185e-5 -0.00119175 -0.000282361 -0.000373414 -0.00159155; 3.57408e-5 -2.41185e-5 4.33771e-5 -8.09538e-5 -5.61169e-6 3.51991e-5 6.82898e-5; 0.0015554 -0.00119175 -8.09538e-5 0.0530088 0.0128565 -0.0162657 0.00151537; 0.000263519 -0.000282361 -5.61169e-6 0.0128565 0.00313932 -0.00397361 0.00038786; 0.00150598 -0.000373414 3.51991e-5 -0.0162657 -0.00397361 0.00724273 0.00141807; 0.00540926 -0.00159155 6.82898e-5 0.00151537 0.00038786 0.00141807 0.00349897]
Iteration: 1
Covariance:
[0.0538688 -0.00582151 3.57408e-5 0.0015554 0.000263519 0.00150598 0.00540926; -0.00582151 0.00157273 -2.41185e-5 -0.00119175 -0.000282361 -0.000373414 -0.00159155; 3.57408e-5 -2.41185e-5 4.33771e-5 -8.09538e-5 -5.61169e-6 3.51991e-5 6.82898e-5; 0.0015554 -0.00119175 -8.09538e-5 0.0530088 0.0128565 -0.0162657 0.00151537; 0.000263519 -0.000282361 -5.61169e-6 0.0128565 0.00313932 -0.00397361 0.00038786; 0.00150598 -0.000373414 3.51991e-5 -0.0162657 -0.00397361 0.00724273 0.00141807; 0.00540926 -0.00159155 6.82898e-5 0.00151537 0.00038786 0.00141807 0.00349897]
Loglik start: -185882.7582 
elapsed time: 4546.402784302 seconds
Ending DA-GP-MCMC with adaptive RW estimating 7 parameters
Algorithm: MCWM
Adaptation algorithm: noAdaptation
Prior distribution: Normal
Particle filter: parallel_bootstrap
Time pre-er:  0
Time fit GP model:  0
Time er-part:  4546
Number early-rejections: 661
Number of cases directly to ordinary MH: 151
Number of cases directly to ordinary MH accepted: 23
Number cases in in DA part: 848
Number cases in second stage: 187
Number accepted in second stage: 13
Total number of evaluations of the particle filter: 338
Acceptance rate for ordinary MH accepted: 15.2318
Acceptance rate a_1: 22.0519
Acceptance rate a_2: 6.9519
Acceptance rate a_1*a_2: 1.5330
Acceptance rate a (for entier algorithm): 3.6000
#####################################################################
Iterstion:
13
#####################################################################
Starting DA-GP-MCMC estimating 7 parameters 
MCMC algorithm: MCWM
Adaptation algorithm: noAdaptation
Prior distribution: Normal
Particle filter: parallel_bootstrap, on 4 cores
Nbr particles for particle filter: 500
Covariance - kernel_MH_direct:
[0.0374089 -0.00404272 2.482e-5 0.00108014 0.000182999 0.00104582 0.00375643; -0.00404272 0.00109217 -1.67489e-5 -0.000827606 -0.000196084 -0.000259315 -0.00110525; 2.482e-5 -1.67489e-5 3.0123e-5 -5.62179e-5 -3.89701e-6 2.44438e-5 4.74235e-5; 0.00108014 -0.000827606 -5.62179e-5 0.0368117 0.00892814 -0.0112956 0.00105234; 0.000182999 -0.000196084 -3.89701e-6 0.00892814 0.00218008 -0.00275945 0.000269347; 0.00104582 -0.000259315 2.44438e-5 -0.0112956 -0.00275945 0.00502968 0.000984769; 0.00375643 -0.00110525 4.74235e-5 0.00105234 0.000269347 0.000984769 0.00242984]
Iteration: 1
Covariance:
[0.0538688 -0.00582151 3.57408e-5 0.0015554 0.000263519 0.00150598 0.00540926; -0.00582151 0.00157273 -2.41185e-5 -0.00119175 -0.000282361 -0.000373414 -0.00159155; 3.57408e-5 -2.41185e-5 4.33771e-5 -8.09538e-5 -5.61169e-6 3.51991e-5 6.82898e-5; 0.0015554 -0.00119175 -8.09538e-5 0.0530088 0.0128565 -0.0162657 0.00151537; 0.000263519 -0.000282361 -5.61169e-6 0.0128565 0.00313932 -0.00397361 0.00038786; 0.00150598 -0.000373414 3.51991e-5 -0.0162657 -0.00397361 0.00724273 0.00141807; 0.00540926 -0.00159155 6.82898e-5 0.00151537 0.00038786 0.00141807 0.00349897]
Iteration: 1
Covariance:
[0.0538688 -0.00582151 3.57408e-5 0.0015554 0.000263519 0.00150598 0.00540926; -0.00582151 0.00157273 -2.41185e-5 -0.00119175 -0.000282361 -0.000373414 -0.00159155; 3.57408e-5 -2.41185e-5 4.33771e-5 -8.09538e-5 -5.61169e-6 3.51991e-5 6.82898e-5; 0.0015554 -0.00119175 -8.09538e-5 0.0530088 0.0128565 -0.0162657 0.00151537; 0.000263519 -0.000282361 -5.61169e-6 0.0128565 0.00313932 -0.00397361 0.00038786; 0.00150598 -0.000373414 3.51991e-5 -0.0162657 -0.00397361 0.00724273 0.00141807; 0.00540926 -0.00159155 6.82898e-5 0.00151537 0.00038786 0.00141807 0.00349897]
Loglik start: -185878.0326 
elapsed time: 4621.497849058 seconds
Ending DA-GP-MCMC with adaptive RW estimating 7 parameters
Algorithm: MCWM
Adaptation algorithm: noAdaptation
Prior distribution: Normal
Particle filter: parallel_bootstrap
Time pre-er:  0
Time fit GP model:  0
Time er-part:  4621
Number early-rejections: 655
Number of cases directly to ordinary MH: 158
Number of cases directly to ordinary MH accepted: 35
Number cases in in DA part: 841
Number cases in second stage: 186
Number accepted in second stage: 10
Total number of evaluations of the particle filter: 344
Acceptance rate for ordinary MH accepted: 22.1519
Acceptance rate a_1: 22.1165
Acceptance rate a_2: 5.3763
Acceptance rate a_1*a_2: 1.1891
