Mean:
[-0.0204992; -0.14289; 3.35337; 1.14329; 0.422595; 0.33909; 0.457317]
Std:
[0.126213; 0.0437335; 0.0110536; 0.349131; 0.252847; 0.547202; 0.113775]
[0.0732083 0.0400627 0.00567912 0.0254292 -0.116359 -0.106515 0.0188869 -0.0832154 -0.00129165 0.100079; -0.150607 -0.130015 -0.101748 -0.137555 -0.109199 -0.0767987 -0.126911 -0.0921852 -0.131143 -0.159596; 3.36734 3.36778 3.38073 3.37308 3.3679 3.3667 3.36177 3.35813 3.36548 3.35806; 0.417443 1.2639 1.18287 1.25155 1.20131 1.23613 1.39442 1.63028 1.21079 1.49922; 0.0887209 0.460915 0.320188 0.391937 0.444754 0.455095 0.565737 0.789704 0.416572 0.720432; 0.982695 0.193554 0.520887 0.466483 0.237205 0.16632 0.0677287 -0.487998 0.330711 -0.195006; 0.545791 0.374198 0.330507 0.35757 0.309401 0.234075 0.399692 0.319269 0.404029 0.469964; -1.41605e5 -1.41554e5 -1.41629e5 -1.41604e5 -1.41573e5 -1.41599e5 -1.41573e5 -1.41569e5 -1.41555e5 -1.41552e5]Starting ml estimationLength of training data: 4900Start values for optimization:
[-1.0144e6; -401.216; -3793.93; 5.22792e5; -13979.5; 16465.9; -4539.02; 6209.87; -1816.84; -18335.2; -78324.7; -468.091; -2901.11; -353.432; -1646.29; -8202.11; -261.842; -94.2121; 279.0; 100.403; 12.4082; 138.245; -165.417; 636.824; 321.148; -4803.62; 4241.7; -4825.47; 1454.67; -1801.52; 1835.35; 248.778; -124.227; -1652.96; 1370.62; 686.466; 3.71393; 3.36735; -2.0767; -3.13456; -4.5103; -1.05218; -1.37111; -0.603284; -2.18434]Iter     Function value   Gradient norm 
     0     3.828684e+04     1.649317e+07
     1     3.813770e+04     3.903803e+06
     2     3.813774e+04     2.869923e+04
Estimated parameters of the GP model:
Estimated Β:s:
[-1.0144e6,-401.216,-3793.93,5.22792e5,-13979.5,16465.9,-4539.02,6209.87,-1816.84,-18335.2,-78324.7,-468.091,-2901.11,-353.432,-1646.29,-8202.11,-261.842,-94.2121,279.0,100.403,12.4082,138.245,-165.417,636.824,321.148,-4803.62,4241.7,-4825.47,1454.67,-1801.52,1835.35,248.778,-124.227,-1652.96,1370.62,686.466]
Estimated log Φ:s:
[3.71392,3.35922,-2.02596,-2.99734,-3.90014,-1.04478,-1.36295,-0.600246,-2.12712]
elapsed time: 862.769241357 seconds
#####################################################################
Starting DA-GP-MCMC estimating 7 parameters 
MCMC algorithm: MCWM
Adaptation algorithm: noAdaptation
Prior distribution: Normal
Particel filter: parallel_bootstrap
Covariance - kernel_MH_direct:
[0.0111391 -0.00336344 -0.000117357 0.00124617 0.000563799 0.00575807 0.00677716; -0.00336344 0.00141736 3.0564e-5 0.000373119 0.000794567 -0.00472533 -0.00288989; -0.000117357 3.0564e-5 0.000112944 -0.000631216 -0.00100984 0.00286918 -0.000167337; 0.00124617 0.000373119 -0.000631216 0.204976 0.117158 -0.156676 -0.00936634; 0.000563799 0.000794567 -0.00100984 0.117158 0.108388 -0.233247 -0.0111872; 0.00575807 -0.00472533 0.00286918 -0.156676 -0.233247 0.737507 0.0411808; 0.00677716 -0.00288989 -0.000167337 -0.00936634 -0.0111872 0.0411808 0.01403]
Iteration: 1
Covariance:
[0.0077355 -0.00233572 -8.14976e-5 0.000865398 0.000391527 0.00399866 0.00470636; -0.00233572 0.000984277 2.1225e-5 0.00025911 0.000551782 -0.00328148 -0.00200686; -8.14976e-5 2.1225e-5 7.84332e-5 -0.000438345 -0.000701281 0.00199248 -0.000116206; 0.000865398 0.00025911 -0.000438345 0.142345 0.0813597 -0.108803 -0.0065044; 0.000391527 0.000551782 -0.000701281 0.0813597 0.0752695 -0.161977 -0.00776891; 0.00399866 -0.00328148 0.00199248 -0.108803 -0.161977 0.512158 0.0285978; 0.00470636 -0.00200686 -0.000116206 -0.0065044 -0.00776891 0.0285978 0.00974309]
Iteration: 1
Covariance:
[0.0077355 -0.00233572 -8.14976e-5 0.000865398 0.000391527 0.00399866 0.00470636; -0.00233572 0.000984277 2.1225e-5 0.00025911 0.000551782 -0.00328148 -0.00200686; -8.14976e-5 2.1225e-5 7.84332e-5 -0.000438345 -0.000701281 0.00199248 -0.000116206; 0.000865398 0.00025911 -0.000438345 0.142345 0.0813597 -0.108803 -0.0065044; 0.000391527 0.000551782 -0.000701281 0.0813597 0.0752695 -0.161977 -0.00776891; 0.00399866 -0.00328148 0.00199248 -0.108803 -0.161977 0.512158 0.0285978; 0.00470636 -0.00200686 -0.000116206 -0.0065044 -0.00776891 0.0285978 0.00974309]
	From worker 7:	ESS: 153.8921
	From worker 7:	Nbr resample: 24841 
	From worker 2:	ESS: 148.7427
	From worker 2:	Nbr resample: 24841 
	From worker 4:	ESS: 156.4948
	From worker 4:	Nbr resample: 24841 
	From worker 8:	ESS: 149.8995
	From worker 8:	Nbr resample: 24841 
	From worker 3:	ESS: 152.4907
	From worker 3:	Nbr resample: 24841 
	From worker 11:	ESS: 161.9169
	From worker 11:	Nbr resample: 24841 
	From worker 6:	ESS: 156.1483
	From worker 6:	Nbr resample: 24841 
	From worker 10:	ESS: 155.7260
	From worker 5:	ESS: 152.9238
	From worker 10:	Nbr resample: 24841 
	From worker 5:	Nbr resample: 24841 
	From worker 9:	ESS: 153.8636
	From worker 9:	Nbr resample: 24841 
Loglik start: -141517.1551 
Percentage done: 1.00 % 
Acceptance rate on iteration 1 to 100 is 0.0000
Covariance:
[0.0077355 -0.00233572 -8.14976e-5 0.000865398 0.000391527 0.00399866 0.00470636; -0.00233572 0.000984277 2.1225e-5 0.00025911 0.000551782 -0.00328148 -0.00200686; -8.14976e-5 2.1225e-5 7.84332e-5 -0.000438345 -0.000701281 0.00199248 -0.000116206; 0.000865398 0.00025911 -0.000438345 0.142345 0.0813597 -0.108803 -0.0065044; 0.000391527 0.000551782 -0.000701281 0.0813597 0.0752695 -0.161977 -0.00776891; 0.00399866 -0.00328148 0.00199248 -0.108803 -0.161977 0.512158 0.0285978; 0.00470636 -0.00200686 -0.000116206 -0.0065044 -0.00776891 0.0285978 0.00974309]
Loglik: -141517.1551 
Loglik values on different cores:
[-1.41553e5,-1.41581e5,-1.41554e5,-1.4155e5,-1.41533e5,-1.41548e5,-1.4155e5,-1.41566e5,-1.4155e5,-1.41501e5]
Percentage done: 2.00 % 
Acceptance rate on iteration 101 to 200 is 0.0000
Covariance:
[0.0077355 -0.00233572 -8.14976e-5 0.000865398 0.000391527 0.00399866 0.00470636; -0.00233572 0.000984277 2.1225e-5 0.00025911 0.000551782 -0.00328148 -0.00200686; -8.14976e-5 2.1225e-5 7.84332e-5 -0.000438345 -0.000701281 0.00199248 -0.000116206; 0.000865398 0.00025911 -0.000438345 0.142345 0.0813597 -0.108803 -0.0065044; 0.000391527 0.000551782 -0.000701281 0.0813597 0.0752695 -0.161977 -0.00776891; 0.00399866 -0.00328148 0.00199248 -0.108803 -0.161977 0.512158 0.0285978; 0.00470636 -0.00200686 -0.000116206 -0.0065044 -0.00776891 0.0285978 0.00974309]
Loglik: -141517.1551 
Loglik values on different cores:
[-1.41552e5,-1.4155e5,-1.41554e5,-1.4154e5,-1.4152e5,-1.41567e5,-1.41571e5,-1.41567e5,-1.41564e5,-141546.0]
Percentage done: 3.00 % 
Acceptance rate on iteration 201 to 300 is 0.0000
Covariance:
[0.0077355 -0.00233572 -8.14976e-5 0.000865398 0.000391527 0.00399866 0.00470636; -0.00233572 0.000984277 2.1225e-5 0.00025911 0.000551782 -0.00328148 -0.00200686; -8.14976e-5 2.1225e-5 7.84332e-5 -0.000438345 -0.000701281 0.00199248 -0.000116206; 0.000865398 0.00025911 -0.000438345 0.142345 0.0813597 -0.108803 -0.0065044; 0.000391527 0.000551782 -0.000701281 0.0813597 0.0752695 -0.161977 -0.00776891; 0.00399866 -0.00328148 0.00199248 -0.108803 -0.161977 0.512158 0.0285978; 0.00470636 -0.00200686 -0.000116206 -0.0065044 -0.00776891 0.0285978 0.00974309]
Loglik: -141517.1551 
Loglik values on different cores:
[-1.41574e5,-1.41541e5,-1.41566e5,-141559.0,-1.41532e5,-1.41571e5,-1.41554e5,-1.41571e5,-1.41555e5,-1.4155e5]
Percentage done: 4.00 % 
Acceptance rate on iteration 301 to 400 is 0.0000
Covariance:
[0.0077355 -0.00233572 -8.14976e-5 0.000865398 0.000391527 0.00399866 0.00470636; -0.00233572 0.000984277 2.1225e-5 0.00025911 0.000551782 -0.00328148 -0.00200686; -8.14976e-5 2.1225e-5 7.84332e-5 -0.000438345 -0.000701281 0.00199248 -0.000116206; 0.000865398 0.00025911 -0.000438345 0.142345 0.0813597 -0.108803 -0.0065044; 0.000391527 0.000551782 -0.000701281 0.0813597 0.0752695 -0.161977 -0.00776891; 0.00399866 -0.00328148 0.00199248 -0.108803 -0.161977 0.512158 0.0285978; 0.00470636 -0.00200686 -0.000116206 -0.0065044 -0.00776891 0.0285978 0.00974309]
Loglik: -141517.1551 
Loglik values on different cores:
[-1.41567e5,-1.41529e5,-1.41589e5,-1.41566e5,-1.41532e5,-141553.0,-1.41572e5,-1.41548e5,-1.41546e5,-1.41509e5]
Percentage done: 5.00 % 
Acceptance rate on iteration 401 to 500 is 0.0000
Covariance:
[0.0077355 -0.00233572 -8.14976e-5 0.000865398 0.000391527 0.00399866 0.00470636; -0.00233572 0.000984277 2.1225e-5 0.00025911 0.000551782 -0.00328148 -0.00200686; -8.14976e-5 2.1225e-5 7.84332e-5 -0.000438345 -0.000701281 0.00199248 -0.000116206; 0.000865398 0.00025911 -0.000438345 0.142345 0.0813597 -0.108803 -0.0065044; 0.000391527 0.000551782 -0.000701281 0.0813597 0.0752695 -0.161977 -0.00776891; 0.00399866 -0.00328148 0.00199248 -0.108803 -0.161977 0.512158 0.0285978; 0.00470636 -0.00200686 -0.000116206 -0.0065044 -0.00776891 0.0285978 0.00974309]
Loglik: -141517.1551 
Loglik values on different cores:
[-1.41543e5,-1.41536e5,-1.41535e5,-1.41553e5,-1.41587e5,-1.41528e5,-1.41528e5,-1.41569e5,-1.41552e5,-1.41587e5]
Percentage done: 6.00 % 
Acceptance rate on iteration 501 to 600 is 0.0000
Covariance:
[0.0077355 -0.00233572 -8.14976e-5 0.000865398 0.000391527 0.00399866 0.00470636; -0.00233572 0.000984277 2.1225e-5 0.00025911 0.000551782 -0.00328148 -0.00200686; -8.14976e-5 2.1225e-5 7.84332e-5 -0.000438345 -0.000701281 0.00199248 -0.000116206; 0.000865398 0.00025911 -0.000438345 0.142345 0.0813597 -0.108803 -0.0065044; 0.000391527 0.000551782 -0.000701281 0.0813597 0.0752695 -0.161977 -0.00776891; 0.00399866 -0.00328148 0.00199248 -0.108803 -0.161977 0.512158 0.0285978; 0.00470636 -0.00200686 -0.000116206 -0.0065044 -0.00776891 0.0285978 0.00974309]
Loglik: -141517.1551 
Loglik values on different cores:
[-1.41557e5,-1.41536e5,-1.41572e5,-1.41556e5,-1.41548e5,-1.41541e5,-141561.0,-141558.0,-1.4158e5,-1.41542e5]
Percentage done: 7.00 % 
Acceptance rate on iteration 601 to 700 is 0.0000
Covariance:
[0.0077355 -0.00233572 -8.14976e-5 0.000865398 0.000391527 0.00399866 0.00470636; -0.00233572 0.000984277 2.1225e-5 0.00025911 0.000551782 -0.00328148 -0.00200686; -8.14976e-5 2.1225e-5 7.84332e-5 -0.000438345 -0.000701281 0.00199248 -0.000116206; 0.000865398 0.00025911 -0.000438345 0.142345 0.0813597 -0.108803 -0.0065044; 0.000391527 0.000551782 -0.000701281 0.0813597 0.0752695 -0.161977 -0.00776891; 0.00399866 -0.00328148 0.00199248 -0.108803 -0.161977 0.512158 0.0285978; 0.00470636 -0.00200686 -0.000116206 -0.0065044 -0.00776891 0.0285978 0.00974309]
Loglik: -141517.1551 
Loglik values on different cores:
[-1.41564e5,-1.41547e5,-1.41525e5,-1.41561e5,-1.41602e5,-1.41555e5,-1.4156e5,-141583.0,-141560.0,-1.41542e5]
Percentage done: 8.00 % 
Acceptance rate on iteration 701 to 800 is 0.0000
Covariance:
[0.0077355 -0.00233572 -8.14976e-5 0.000865398 0.000391527 0.00399866 0.00470636; -0.00233572 0.000984277 2.1225e-5 0.00025911 0.000551782 -0.00328148 -0.00200686; -8.14976e-5 2.1225e-5 7.84332e-5 -0.000438345 -0.000701281 0.00199248 -0.000116206; 0.000865398 0.00025911 -0.000438345 0.142345 0.0813597 -0.108803 -0.0065044; 0.000391527 0.000551782 -0.000701281 0.0813597 0.0752695 -0.161977 -0.00776891; 0.00399866 -0.00328148 0.00199248 -0.108803 -0.161977 0.512158 0.0285978; 0.00470636 -0.00200686 -0.000116206 -0.0065044 -0.00776891 0.0285978 0.00974309]
Loglik: -141517.1551 
Loglik values on different cores:
[-1.41541e5,-1.41609e5,-1.41561e5,-1.41557e5,-1.41553e5,-141541.0,-1.41561e5,-1.41546e5,-1.41583e5,-1.4156e5]
Percentage done: 9.00 % 
Acceptance rate on iteration 801 to 900 is 0.0000
Covariance:
[0.0077355 -0.00233572 -8.14976e-5 0.000865398 0.000391527 0.00399866 0.00470636; -0.00233572 0.000984277 2.1225e-5 0.00025911 0.000551782 -0.00328148 -0.00200686; -8.14976e-5 2.1225e-5 7.84332e-5 -0.000438345 -0.000701281 0.00199248 -0.000116206; 0.000865398 0.00025911 -0.000438345 0.142345 0.0813597 -0.108803 -0.0065044; 0.000391527 0.000551782 -0.000701281 0.0813597 0.0752695 -0.161977 -0.00776891; 0.00399866 -0.00328148 0.00199248 -0.108803 -0.161977 0.512158 0.0285978; 0.00470636 -0.00200686 -0.000116206 -0.0065044 -0.00776891 0.0285978 0.00974309]
Loglik: -141517.1551 
Loglik values on different cores:
[-141567.0,-1.41583e5,-1.41578e5,-1.41509e5,-1.41544e5,-141559.0,-1.41545e5,-1.41552e5,-1.41531e5,-141548.0]
Percentage done: 10.00 % 
Acceptance rate on iteration 901 to 1000 is 0.0101
Covariance:
[0.0077355 -0.00233572 -8.14976e-5 0.000865398 0.000391527 0.00399866 0.00470636; -0.00233572 0.000984277 2.1225e-5 0.00025911 0.000551782 -0.00328148 -0.00200686; -8.14976e-5 2.1225e-5 7.84332e-5 -0.000438345 -0.000701281 0.00199248 -0.000116206; 0.000865398 0.00025911 -0.000438345 0.142345 0.0813597 -0.108803 -0.0065044; 0.000391527 0.000551782 -0.000701281 0.0813597 0.0752695 -0.161977 -0.00776891; 0.00399866 -0.00328148 0.00199248 -0.108803 -0.161977 0.512158 0.0285978; 0.00470636 -0.00200686 -0.000116206 -0.0065044 -0.00776891 0.0285978 0.00974309]
Loglik: -141498.8986 
Loglik values on different cores:
[-1.41533e5,-1.41541e5,-1.41606e5,-1.41604e5,-141568.0,-1.41527e5,-1.4158e5,-1.41581e5,-1.41578e5,-1.41574e5]
	From worker 2:	ESS: 155.3738
	From worker 2:	Nbr resample: 24841 
	From worker 3:	ESS: 151.9623
	From worker 3:	Nbr resample: 24841 
	From worker 4:	ESS: 154.9760
	From worker 4:	Nbr resample: 24841 
	From worker 8:	ESS: 141.3648
	From worker 8:	Nbr resample: 24841 
	From worker 10:	ESS: 150.0457
	From worker 10:	Nbr resample: 24841 
	From worker 7:	ESS: 157.4073
	From worker 7:	Nbr resample: 24841 
	From worker 11:	ESS: 159.0069
	From worker 11:	Nbr resample: 24841 
	From worker 6:	ESS: 144.7188
	From worker 6:	Nbr resample: 24841 
	From worker 5:	ESS: 148.0635
	From worker 5:	Nbr resample: 24841 
	From worker 9:	ESS: 139.5004
	From worker 9:	Nbr resample: 24841 
Percentage done: 11.00 % 
Acceptance rate on iteration 1001 to 1100 is 0.0000
Covariance:
[0.0077355 -0.00233572 -8.14976e-5 0.000865398 0.000391527 0.00399866 0.00470636; -0.00233572 0.000984277 2.1225e-5 0.00025911 0.000551782 -0.00328148 -0.00200686; -8.14976e-5 2.1225e-5 7.84332e-5 -0.000438345 -0.000701281 0.00199248 -0.000116206; 0.000865398 0.00025911 -0.000438345 0.142345 0.0813597 -0.108803 -0.0065044; 0.000391527 0.000551782 -0.000701281 0.0813597 0.0752695 -0.161977 -0.00776891; 0.00399866 -0.00328148 0.00199248 -0.108803 -0.161977 0.512158 0.0285978; 0.00470636 -0.00200686 -0.000116206 -0.0065044 -0.00776891 0.0285978 0.00974309]
Loglik: -141498.8986 
Loglik values on different cores:
[-1.41565e5,-1.41565e5,-1.4161e5,-1.41565e5,-1.4156e5,-1.41537e5,-1.41599e5,-1.41557e5,-1.41547e5,-1.41557e5]
Percentage done: 12.00 % 
Acceptance rate on iteration 1101 to 1200 is 0.0000
Covariance:
[0.0077355 -0.00233572 -8.14976e-5 0.000865398 0.000391527 0.00399866 0.00470636; -0.00233572 0.000984277 2.1225e-5 0.00025911 0.000551782 -0.00328148 -0.00200686; -8.14976e-5 2.1225e-5 7.84332e-5 -0.000438345 -0.000701281 0.00199248 -0.000116206; 0.000865398 0.00025911 -0.000438345 0.142345 0.0813597 -0.108803 -0.0065044; 0.000391527 0.000551782 -0.000701281 0.0813597 0.0752695 -0.161977 -0.00776891; 0.00399866 -0.00328148 0.00199248 -0.108803 -0.161977 0.512158 0.0285978; 0.00470636 -0.00200686 -0.000116206 -0.0065044 -0.00776891 0.0285978 0.00974309]
Loglik: -141498.8986 
Loglik values on different cores:
[-1.4158e5,-1.41549e5,-1.41595e5,-141520.0,-1.41539e5,-1.4162e5,-1.41578e5,-1.41591e5,-1.41581e5,-1.41541e5]
Percentage done: 13.00 % 
Acceptance rate on iteration 1201 to 1300 is 0.0000
Covariance:
[0.0077355 -0.00233572 -8.14976e-5 0.000865398 0.000391527 0.00399866 0.00470636; -0.00233572 0.000984277 2.1225e-5 0.00025911 0.000551782 -0.00328148 -0.00200686; -8.14976e-5 2.1225e-5 7.84332e-5 -0.000438345 -0.000701281 0.00199248 -0.000116206; 0.000865398 0.00025911 -0.000438345 0.142345 0.0813597 -0.108803 -0.0065044; 0.000391527 0.000551782 -0.000701281 0.0813597 0.0752695 -0.161977 -0.00776891; 0.00399866 -0.00328148 0.00199248 -0.108803 -0.161977 0.512158 0.0285978; 0.00470636 -0.00200686 -0.000116206 -0.0065044 -0.00776891 0.0285978 0.00974309]
Loglik: -141498.8986 
Loglik values on different cores:
[-1.41572e5,-1.41562e5,-1.41562e5,-1.41563e5,-1.41558e5,-1.41562e5,-1.41552e5,-1.41566e5,-1.41575e5,-1.41556e5]
Percentage done: 14.00 % 
Acceptance rate on iteration 1301 to 1400 is 0.0000
Covariance:
[0.0077355 -0.00233572 -8.14976e-5 0.000865398 0.000391527 0.00399866 0.00470636; -0.00233572 0.000984277 2.1225e-5 0.00025911 0.000551782 -0.00328148 -0.00200686; -8.14976e-5 2.1225e-5 7.84332e-5 -0.000438345 -0.000701281 0.00199248 -0.000116206; 0.000865398 0.00025911 -0.000438345 0.142345 0.0813597 -0.108803 -0.0065044; 0.000391527 0.000551782 -0.000701281 0.0813597 0.0752695 -0.161977 -0.00776891; 0.00399866 -0.00328148 0.00199248 -0.108803 -0.161977 0.512158 0.0285978; 0.00470636 -0.00200686 -0.000116206 -0.0065044 -0.00776891 0.0285978 0.00974309]
Loglik: -141498.8986 
Loglik values on different cores:
[-1.4155e5,-1.41561e5,-1.41556e5,-1.41559e5,-141576.0,-1.41582e5,-1.41551e5,-1.41542e5,-1.41553e5,-1.41527e5]
Percentage done: 15.00 % 
Acceptance rate on iteration 1401 to 1500 is 0.0202
Covariance:
[0.0077355 -0.00233572 -8.14976e-5 0.000865398 0.000391527 0.00399866 0.00470636; -0.00233572 0.000984277 2.1225e-5 0.00025911 0.000551782 -0.00328148 -0.00200686; -8.14976e-5 2.1225e-5 7.84332e-5 -0.000438345 -0.000701281 0.00199248 -0.000116206; 0.000865398 0.00025911 -0.000438345 0.142345 0.0813597 -0.108803 -0.0065044; 0.000391527 0.000551782 -0.000701281 0.0813597 0.0752695 -0.161977 -0.00776891; 0.00399866 -0.00328148 0.00199248 -0.108803 -0.161977 0.512158 0.0285978; 0.00470636 -0.00200686 -0.000116206 -0.0065044 -0.00776891 0.0285978 0.00974309]
Loglik: -141542.4395 
Loglik values on different cores:
[-1.41587e5,-1.41585e5,-1.41619e5,-1.41564e5,-1.41607e5,-1.41581e5,-1.4159e5,-1.41582e5,-1.4154e5,-1.41574e5]
Percentage done: 16.00 % 
Acceptance rate on iteration 1501 to 1600 is 0.0202
Covariance:
[0.0077355 -0.00233572 -8.14976e-5 0.000865398 0.000391527 0.00399866 0.00470636; -0.00233572 0.000984277 2.1225e-5 0.00025911 0.000551782 -0.00328148 -0.00200686; -8.14976e-5 2.1225e-5 7.84332e-5 -0.000438345 -0.000701281 0.00199248 -0.000116206; 0.000865398 0.00025911 -0.000438345 0.142345 0.0813597 -0.108803 -0.0065044; 0.000391527 0.000551782 -0.000701281 0.0813597 0.0752695 -0.161977 -0.00776891; 0.00399866 -0.00328148 0.00199248 -0.108803 -0.161977 0.512158 0.0285978; 0.00470636 -0.00200686 -0.000116206 -0.0065044 -0.00776891 0.0285978 0.00974309]
Loglik: -141564.0949 
Loglik values on different cores:
[-1.41602e5,-141582.0,-1.41588e5,-1.41599e5,-1.41583e5,-1.41557e5,-141576.0,-141569.0,-1.41558e5,-1.41602e5]
Percentage done: 17.00 % 
Acceptance rate on iteration 1601 to 1700 is 0.0303
Covariance:
[0.0077355 -0.00233572 -8.14976e-5 0.000865398 0.000391527 0.00399866 0.00470636; -0.00233572 0.000984277 2.1225e-5 0.00025911 0.000551782 -0.00328148 -0.00200686; -8.14976e-5 2.1225e-5 7.84332e-5 -0.000438345 -0.000701281 0.00199248 -0.000116206; 0.000865398 0.00025911 -0.000438345 0.142345 0.0813597 -0.108803 -0.0065044; 0.000391527 0.000551782 -0.000701281 0.0813597 0.0752695 -0.161977 -0.00776891; 0.00399866 -0.00328148 0.00199248 -0.108803 -0.161977 0.512158 0.0285978; 0.00470636 -0.00200686 -0.000116206 -0.0065044 -0.00776891 0.0285978 0.00974309]
Loglik: -141525.6264 
Loglik values on different cores:
[-1.41619e5,-141624.0,-1.41601e5,-1.41634e5,-141613.0,-1.4159e5,-1.41608e5,-1.41596e5,-1.41595e5,-1.41579e5]
Percentage done: 18.00 % 
Acceptance rate on iteration 1701 to 1800 is 0.0202
Covariance:
[0.0077355 -0.00233572 -8.14976e-5 0.000865398 0.000391527 0.00399866 0.00470636; -0.00233572 0.000984277 2.1225e-5 0.00025911 0.000551782 -0.00328148 -0.00200686; -8.14976e-5 2.1225e-5 7.84332e-5 -0.000438345 -0.000701281 0.00199248 -0.000116206; 0.000865398 0.00025911 -0.000438345 0.142345 0.0813597 -0.108803 -0.0065044; 0.000391527 0.000551782 -0.000701281 0.0813597 0.0752695 -0.161977 -0.00776891; 0.00399866 -0.00328148 0.00199248 -0.108803 -0.161977 0.512158 0.0285978; 0.00470636 -0.00200686 -0.000116206 -0.0065044 -0.00776891 0.0285978 0.00974309]
Loglik: -141518.0606 
Loglik values on different cores:
[-1.41593e5,-1.41573e5,-1.41599e5,-1.41583e5,-1.41587e5,-1.41587e5,-141575.0,-1.41528e5,-1.41566e5,-1.41555e5]
	From worker 3:	ESS: 158.2835
	From worker 3:	Nbr resample: 24841 
	From worker 4:	ESS: 147.3105
	From worker 4:	Nbr resample: 24841 
	From worker 8:	ESS: 156.0137
	From worker 8:	Nbr resample: 24841 
	From worker 11:	ESS: 143.9488
	From worker 11:	Nbr resample: 24841 
	From worker 10:	ESS: 152.6825
	From worker 10:	Nbr resample: 24841 
	From worker 2:	ESS: 155.6630
	From worker 2:	Nbr resample: 24841 
	From worker 7:	ESS: 156.3004
	From worker 7:	Nbr resample: 24841 
	From worker 6:	ESS: 147.9667
	From worker 6:	Nbr resample: 24841 
	From worker 9:	ESS: 150.1749
	From worker 9:	Nbr resample: 24841 
	From worker 5:	ESS: 149.8314
	From worker 5:	Nbr resample: 24841 
Percentage done: 19.00 % 
Acceptance rate on iteration 1801 to 1900 is 0.0303
Covariance:
[0.0077355 -0.00233572 -8.14976e-5 0.000865398 0.000391527 0.00399866 0.00470636; -0.00233572 0.000984277 2.1225e-5 0.00025911 0.000551782 -0.00328148 -0.00200686; -8.14976e-5 2.1225e-5 7.84332e-5 -0.000438345 -0.000701281 0.00199248 -0.000116206; 0.000865398 0.00025911 -0.000438345 0.142345 0.0813597 -0.108803 -0.0065044; 0.000391527 0.000551782 -0.000701281 0.0813597 0.0752695 -0.161977 -0.00776891; 0.00399866 -0.00328148 0.00199248 -0.108803 -0.161977 0.512158 0.0285978; 0.00470636 -0.00200686 -0.000116206 -0.0065044 -0.00776891 0.0285978 0.00974309]
Loglik: -141538.7061 
Loglik values on different cores:
[-1.41615e5,-1.41575e5,-1.41576e5,-1.41554e5,-1.41573e5,-1.41573e5,-1.4158e5,-1.41565e5,-1.41574e5,-1.41559e5]
Percentage done: 20.00 % 
Acceptance rate on iteration 1901 to 2000 is 0.0202
Covariance:
[0.0077355 -0.00233572 -8.14976e-5 0.000865398 0.000391527 0.00399866 0.00470636; -0.00233572 0.000984277 2.1225e-5 0.00025911 0.000551782 -0.00328148 -0.00200686; -8.14976e-5 2.1225e-5 7.84332e-5 -0.000438345 -0.000701281 0.00199248 -0.000116206; 0.000865398 0.00025911 -0.000438345 0.142345 0.0813597 -0.108803 -0.0065044; 0.000391527 0.000551782 -0.000701281 0.0813597 0.0752695 -0.161977 -0.00776891; 0.00399866 -0.00328148 0.00199248 -0.108803 -0.161977 0.512158 0.0285978; 0.00470636 -0.00200686 -0.000116206 -0.0065044 -0.00776891 0.0285978 0.00974309]
Loglik: -141521.9746 
Loglik values on different cores:
[-1.41598e5,-141538.0,-1.41572e5,-1.41557e5,-1.41553e5,-1.41556e5,-1.41556e5,-1.41554e5,-1.41526e5,-141562.0]
Percentage done: 21.00 % 
Acceptance rate on iteration 2001 to 2100 is 0.0000
Covariance:
[0.0077355 -0.00233572 -8.14976e-5 0.000865398 0.000391527 0.00399866 0.00470636; -0.00233572 0.000984277 2.1225e-5 0.00025911 0.000551782 -0.00328148 -0.00200686; -8.14976e-5 2.1225e-5 7.84332e-5 -0.000438345 -0.000701281 0.00199248 -0.000116206; 0.000865398 0.00025911 -0.000438345 0.142345 0.0813597 -0.108803 -0.0065044; 0.000391527 0.000551782 -0.000701281 0.0813597 0.0752695 -0.161977 -0.00776891; 0.00399866 -0.00328148 0.00199248 -0.108803 -0.161977 0.512158 0.0285978; 0.00470636 -0.00200686 -0.000116206 -0.0065044 -0.00776891 0.0285978 0.00974309]
Loglik: -141521.9746 
Loglik values on different cores:
[-1.41541e5,-1.41534e5,-1.416e5,-1.4155e5,-1.41547e5,-1.4154e5,-1.41554e5,-1.4161e5,-1.41587e5,-1.41549e5]
Percentage done: 22.00 % 
Acceptance rate on iteration 2101 to 2200 is 0.0000
Covariance:
[0.0077355 -0.00233572 -8.14976e-5 0.000865398 0.000391527 0.00399866 0.00470636; -0.00233572 0.000984277 2.1225e-5 0.00025911 0.000551782 -0.00328148 -0.00200686; -8.14976e-5 2.1225e-5 7.84332e-5 -0.000438345 -0.000701281 0.00199248 -0.000116206; 0.000865398 0.00025911 -0.000438345 0.142345 0.0813597 -0.108803 -0.0065044; 0.000391527 0.000551782 -0.000701281 0.0813597 0.0752695 -0.161977 -0.00776891; 0.00399866 -0.00328148 0.00199248 -0.108803 -0.161977 0.512158 0.0285978; 0.00470636 -0.00200686 -0.000116206 -0.0065044 -0.00776891 0.0285978 0.00974309]
Loglik: -141521.9746 
Loglik values on different cores:
[-1.41566e5,-1.41589e5,-1.41569e5,-1.41536e5,-1.41523e5,-1.41536e5,-1.41546e5,-1.41582e5,-1.41565e5,-1.41553e5]
	From worker 7:	ESS: 161.1409
	From worker 7:	Nbr resample: 24841 
	From worker 3:	ESS: 159.8061
	From worker 3:	Nbr resample: 24841 
	From worker 4:	ESS: 160.7090
	From worker 4:	Nbr resample: 24841 
	From worker 8:	ESS: 160.4022
	From worker 8:	Nbr resample: 24841 
	From worker 2:	ESS: 159.2978
	From worker 2:	Nbr resample: 24841 
	From worker 10:	ESS: 162.9917
	From worker 10:	Nbr resample: 24841 
	From worker 11:	ESS: 164.4000
	From worker 11:	Nbr resample: 24841 
	From worker 6:	ESS: 162.1102
	From worker 6:	Nbr resample: 24841 
	From worker 9:	ESS: 159.4694
	From worker 9:	Nbr resample: 24841 
	From worker 5:	ESS: 159.1585
	From worker 5:	Nbr resample: 24841 
Percentage done: 23.00 % 
Acceptance rate on iteration 2201 to 2300 is 0.0000
Covariance:
[0.0077355 -0.00233572 -8.14976e-5 0.000865398 0.000391527 0.00399866 0.00470636; -0.00233572 0.000984277 2.1225e-5 0.00025911 0.000551782 -0.00328148 -0.00200686; -8.14976e-5 2.1225e-5 7.84332e-5 -0.000438345 -0.000701281 0.00199248 -0.000116206; 0.000865398 0.00025911 -0.000438345 0.142345 0.0813597 -0.108803 -0.0065044; 0.000391527 0.000551782 -0.000701281 0.0813597 0.0752695 -0.161977 -0.00776891; 0.00399866 -0.00328148 0.00199248 -0.108803 -0.161977 0.512158 0.0285978; 0.00470636 -0.00200686 -0.000116206 -0.0065044 -0.00776891 0.0285978 0.00974309]
Loglik: -141521.9746 
Loglik values on different cores:
[-1.41531e5,-1.41554e5,-1.41579e5,-1.41547e5,-1.41552e5,-1.41564e5,-1.41516e5,-1.41573e5,-1.41588e5,-1.41549e5]
Percentage done: 24.00 % 
Acceptance rate on iteration 2301 to 2400 is 0.0000
Covariance:
[0.0077355 -0.00233572 -8.14976e-5 0.000865398 0.000391527 0.00399866 0.00470636; -0.00233572 0.000984277 2.1225e-5 0.00025911 0.000551782 -0.00328148 -0.00200686; -8.14976e-5 2.1225e-5 7.84332e-5 -0.000438345 -0.000701281 0.00199248 -0.000116206; 0.000865398 0.00025911 -0.000438345 0.142345 0.0813597 -0.108803 -0.0065044; 0.000391527 0.000551782 -0.000701281 0.0813597 0.0752695 -0.161977 -0.00776891; 0.00399866 -0.00328148 0.00199248 -0.108803 -0.161977 0.512158 0.0285978; 0.00470636 -0.00200686 -0.000116206 -0.0065044 -0.00776891 0.0285978 0.00974309]
Loglik: -141521.9746 
Loglik values on different cores:
[-1.41587e5,-1.41606e5,-1.41575e5,-141555.0,-141599.0,-1.4157e5,-1.41585e5,-1.41601e5,-1.41594e5,-1.41585e5]
	From worker 3:	ESS: 156.3931
	From worker 3:	Nbr resample: 24841 
	From worker 4:	ESS: 155.6810
	From worker 4:	Nbr resample: 24841 
	From worker 8:	ESS: 155.7659
	From worker 8:	Nbr resample: 24841 
	From worker 2:	ESS: 156.2410
	From worker 2:	Nbr resample: 24841 
	From worker 7:	ESS: 155.0461
	From worker 7:	Nbr resample: 24841 
	From worker 11:	ESS: 153.3101
	From worker 11:	Nbr resample: 24841 
	From worker 10:	ESS: 160.4285
	From worker 10:	Nbr resample: 24841 
	From worker 6:	ESS: 149.6159
	From worker 6:	Nbr resample: 24841 
	From worker 9:	ESS: 160.6328
	From worker 9:	Nbr resample: 24841 
	From worker 5:	ESS: 154.7047
	From worker 5:	Nbr resample: 24841 
Percentage done: 25.00 % 
Acceptance rate on iteration 2401 to 2500 is 0.0404
Covariance:
[0.0077355 -0.00233572 -8.14976e-5 0.000865398 0.000391527 0.00399866 0.00470636; -0.00233572 0.000984277 2.1225e-5 0.00025911 0.000551782 -0.00328148 -0.00200686; -8.14976e-5 2.1225e-5 7.84332e-5 -0.000438345 -0.000701281 0.00199248 -0.000116206; 0.000865398 0.00025911 -0.000438345 0.142345 0.0813597 -0.108803 -0.0065044; 0.000391527 0.000551782 -0.000701281 0.0813597 0.0752695 -0.161977 -0.00776891; 0.00399866 -0.00328148 0.00199248 -0.108803 -0.161977 0.512158 0.0285978; 0.00470636 -0.00200686 -0.000116206 -0.0065044 -0.00776891 0.0285978 0.00974309]
Loglik: -141521.0398 
Loglik values on different cores:
[-141564.0,-1.41548e5,-1.4156e5,-1.41575e5,-1.41547e5,-1.41574e5,-1.41558e5,-1.41574e5,-1.41555e5,-1.41596e5]
Percentage done: 26.00 % 
Acceptance rate on iteration 2501 to 2600 is 0.0101
Covariance:
[0.0077355 -0.00233572 -8.14976e-5 0.000865398 0.000391527 0.00399866 0.00470636; -0.00233572 0.000984277 2.1225e-5 0.00025911 0.000551782 -0.00328148 -0.00200686; -8.14976e-5 2.1225e-5 7.84332e-5 -0.000438345 -0.000701281 0.00199248 -0.000116206; 0.000865398 0.00025911 -0.000438345 0.142345 0.0813597 -0.108803 -0.0065044; 0.000391527 0.000551782 -0.000701281 0.0813597 0.0752695 -0.161977 -0.00776891; 0.00399866 -0.00328148 0.00199248 -0.108803 -0.161977 0.512158 0.0285978; 0.00470636 -0.00200686 -0.000116206 -0.0065044 -0.00776891 0.0285978 0.00974309]
Loglik: -141521.1767 
Loglik values on different cores:
[-1.41604e5,-1.41563e5,-1.41553e5,-1.41606e5,-1.41565e5,-1.41581e5,-1.41574e5,-1.41531e5,-1.41576e5,-1.41595e5]
Percentage done: 27.00 % 
Acceptance rate on iteration 2601 to 2700 is 0.0101
Covariance:
[0.0077355 -0.00233572 -8.14976e-5 0.000865398 0.000391527 0.00399866 0.00470636; -0.00233572 0.000984277 2.1225e-5 0.00025911 0.000551782 -0.00328148 -0.00200686; -8.14976e-5 2.1225e-5 7.84332e-5 -0.000438345 -0.000701281 0.00199248 -0.000116206; 0.000865398 0.00025911 -0.000438345 0.142345 0.0813597 -0.108803 -0.0065044; 0.000391527 0.000551782 -0.000701281 0.0813597 0.0752695 -0.161977 -0.00776891; 0.00399866 -0.00328148 0.00199248 -0.108803 -0.161977 0.512158 0.0285978; 0.00470636 -0.00200686 -0.000116206 -0.0065044 -0.00776891 0.0285978 0.00974309]
Loglik: -141523.5564 
Loglik values on different cores:
[-1.41565e5,-1.41608e5,-1.41554e5,-1.41564e5,-1.41587e5,-1.41567e5,-1.41561e5,-1.41557e5,-141609.0,-1.41534e5]
	From worker 4:	ESS: 141.2772
	From worker 3:	ESS: 142.4072
	From worker 3:	Nbr resample: 24841 
	From worker 4:	Nbr resample: 24841 
	From worker 8:	ESS: 150.4421
	From worker 8:	Nbr resample: 24841 
	From worker 2:	ESS: 140.1743
	From worker 2:	Nbr resample: 24841 
	From worker 11:	ESS: 140.5233
	From worker 11:	Nbr resample: 24841 
	From worker 10:	ESS: 142.0130
	From worker 10:	Nbr resample: 24841 
	From worker 7:	ESS: 139.6251
	From worker 7:	Nbr resample: 24841 
	From worker 6:	ESS: 144.1912
	From worker 6:	Nbr resample: 24841 
	From worker 9:	ESS: 141.9962
	From worker 9:	Nbr resample: 24841 
	From worker 5:	ESS: 145.4561
	From worker 5:	Nbr resample: 24841 
Percentage done: 28.00 % 
Acceptance rate on iteration 2701 to 2800 is 0.0101
Covariance:
[0.0077355 -0.00233572 -8.14976e-5 0.000865398 0.000391527 0.00399866 0.00470636; -0.00233572 0.000984277 2.1225e-5 0.00025911 0.000551782 -0.00328148 -0.00200686; -8.14976e-5 2.1225e-5 7.84332e-5 -0.000438345 -0.000701281 0.00199248 -0.000116206; 0.000865398 0.00025911 -0.000438345 0.142345 0.0813597 -0.108803 -0.0065044; 0.000391527 0.000551782 -0.000701281 0.0813597 0.0752695 -0.161977 -0.00776891; 0.00399866 -0.00328148 0.00199248 -0.108803 -0.161977 0.512158 0.0285978; 0.00470636 -0.00200686 -0.000116206 -0.0065044 -0.00776891 0.0285978 0.00974309]
Loglik: -141553.7839 
Loglik values on different cores:
[-1.41599e5,-1.41563e5,-1.41617e5,-1.41608e5,-141632.0,-1.41574e5,-1.41619e5,-141600.0,-1.41558e5,-1.41611e5]
Percentage done: 29.00 % 
Acceptance rate on iteration 2801 to 2900 is 0.0303
Covariance:
[0.0077355 -0.00233572 -8.14976e-5 0.000865398 0.000391527 0.00399866 0.00470636; -0.00233572 0.000984277 2.1225e-5 0.00025911 0.000551782 -0.00328148 -0.00200686; -8.14976e-5 2.1225e-5 7.84332e-5 -0.000438345 -0.000701281 0.00199248 -0.000116206; 0.000865398 0.00025911 -0.000438345 0.142345 0.0813597 -0.108803 -0.0065044; 0.000391527 0.000551782 -0.000701281 0.0813597 0.0752695 -0.161977 -0.00776891; 0.00399866 -0.00328148 0.00199248 -0.108803 -0.161977 0.512158 0.0285978; 0.00470636 -0.00200686 -0.000116206 -0.0065044 -0.00776891 0.0285978 0.00974309]
Loglik: -141531.3137 
Loglik values on different cores:
[-1.41579e5,-1.41565e5,-1.41556e5,-1.41543e5,-1.41582e5,-1.41551e5,-1.41566e5,-1.41554e5,-1.41538e5,-1.4157e5]
	From worker 4:	ESS: 164.3445
	From worker 4:	Nbr resample: 24841 
	From worker 3:	ESS: 160.5062
	From worker 3:	Nbr resample: 24841 
	From worker 8:	ESS: 158.9389
	From worker 8:	Nbr resample: 24841 
	From worker 11:	ESS: 158.0852
	From worker 11:	Nbr resample: 24841 
	From worker 2:	ESS: 156.4264
	From worker 2:	Nbr resample: 24841 
	From worker 10:	ESS: 160.5938
	From worker 10:	Nbr resample: 24841 
	From worker 7:	ESS: 159.9519
	From worker 7:	Nbr resample: 24841 
	From worker 6:	ESS: 163.6479
	From worker 6:	Nbr resample: 24841 
	From worker 5:	ESS: 159.7196
	From worker 5:	Nbr resample: 24841 
	From worker 9:	ESS: 165.4138
	From worker 9:	Nbr resample: 24841 
Percentage done: 30.00 % 
Acceptance rate on iteration 2901 to 3000 is 0.0101
Covariance:
[0.0077355 -0.00233572 -8.14976e-5 0.000865398 0.000391527 0.00399866 0.00470636; -0.00233572 0.000984277 2.1225e-5 0.00025911 0.000551782 -0.00328148 -0.00200686; -8.14976e-5 2.1225e-5 7.84332e-5 -0.000438345 -0.000701281 0.00199248 -0.000116206; 0.000865398 0.00025911 -0.000438345 0.142345 0.0813597 -0.108803 -0.0065044; 0.000391527 0.000551782 -0.000701281 0.0813597 0.0752695 -0.161977 -0.00776891; 0.00399866 -0.00328148 0.00199248 -0.108803 -0.161977 0.512158 0.0285978; 0.00470636 -0.00200686 -0.000116206 -0.0065044 -0.00776891 0.0285978 0.00974309]
Loglik: -141553.0289 
Loglik values on different cores:
[-1.4154e5,-1.41552e5,-141555.0,-1.41588e5,-141595.0,-1.41565e5,-1.41569e5,-1.41551e5,-1.41554e5,-141592.0]
Percentage done: 31.00 % 
Acceptance rate on iteration 3001 to 3100 is 0.0000
Covariance:
[0.0077355 -0.00233572 -8.14976e-5 0.000865398 0.000391527 0.00399866 0.00470636; -0.00233572 0.000984277 2.1225e-5 0.00025911 0.000551782 -0.00328148 -0.00200686; -8.14976e-5 2.1225e-5 7.84332e-5 -0.000438345 -0.000701281 0.00199248 -0.000116206; 0.000865398 0.00025911 -0.000438345 0.142345 0.0813597 -0.108803 -0.0065044; 0.000391527 0.000551782 -0.000701281 0.0813597 0.0752695 -0.161977 -0.00776891; 0.00399866 -0.00328148 0.00199248 -0.108803 -0.161977 0.512158 0.0285978; 0.00470636 -0.00200686 -0.000116206 -0.0065044 -0.00776891 0.0285978 0.00974309]
Loglik: -141553.0289 
Loglik values on different cores:
[-1.4159e5,-1.41561e5,-1.41574e5,-1.4155e5,-1.41567e5,-1.41592e5,-1.4154e5,-1.41578e5,-1.41534e5,-1.41573e5]
	From worker 4:	ESS: 150.2165
	From worker 4:	Nbr resample: 24841 
	From worker 3:	ESS: 154.2438
	From worker 3:	Nbr resample: 24841 
	From worker 8:	ESS: 157.7054
	From worker 8:	Nbr resample: 24841 
	From worker 2:	ESS: 160.1703
	From worker 2:	Nbr resample: 24841 
	From worker 11:	ESS: 146.8402
	From worker 11:	Nbr resample: 24841 
	From worker 10:	ESS: 152.8677
	From worker 10:	Nbr resample: 24841 
	From worker 7:	ESS: 156.7190
	From worker 7:	Nbr resample: 24841 
	From worker 6:	ESS: 160.3965
	From worker 6:	Nbr resample: 24841 
	From worker 5:	ESS: 154.2878
	From worker 5:	Nbr resample: 24841 
	From worker 9:	ESS: 165.0794
	From worker 9:	Nbr resample: 24841 
Percentage done: 32.00 % 
Acceptance rate on iteration 3101 to 3200 is 0.0000
Covariance:
[0.0077355 -0.00233572 -8.14976e-5 0.000865398 0.000391527 0.00399866 0.00470636; -0.00233572 0.000984277 2.1225e-5 0.00025911 0.000551782 -0.00328148 -0.00200686; -8.14976e-5 2.1225e-5 7.84332e-5 -0.000438345 -0.000701281 0.00199248 -0.000116206; 0.000865398 0.00025911 -0.000438345 0.142345 0.0813597 -0.108803 -0.0065044; 0.000391527 0.000551782 -0.000701281 0.0813597 0.0752695 -0.161977 -0.00776891; 0.00399866 -0.00328148 0.00199248 -0.108803 -0.161977 0.512158 0.0285978; 0.00470636 -0.00200686 -0.000116206 -0.0065044 -0.00776891 0.0285978 0.00974309]
Loglik: -141553.0289 
Loglik values on different cores:
[-1.41609e5,-1.41572e5,-1.41552e5,-1.41597e5,-1.41579e5,-1.41562e5,-1.416e5,-1.41546e5,-1.41555e5,-1.41566e5]
Percentage done: 33.00 % 
Acceptance rate on iteration 3201 to 3300 is 0.0000
Covariance:
[0.0077355 -0.00233572 -8.14976e-5 0.000865398 0.000391527 0.00399866 0.00470636; -0.00233572 0.000984277 2.1225e-5 0.00025911 0.000551782 -0.00328148 -0.00200686; -8.14976e-5 2.1225e-5 7.84332e-5 -0.000438345 -0.000701281 0.00199248 -0.000116206; 0.000865398 0.00025911 -0.000438345 0.142345 0.0813597 -0.108803 -0.0065044; 0.000391527 0.000551782 -0.000701281 0.0813597 0.0752695 -0.161977 -0.00776891; 0.00399866 -0.00328148 0.00199248 -0.108803 -0.161977 0.512158 0.0285978; 0.00470636 -0.00200686 -0.000116206 -0.0065044 -0.00776891 0.0285978 0.00974309]
Loglik: -141553.0289 
Loglik values on different cores:
[-1.41583e5,-1.41578e5,-141551.0,-141586.0,-1.416e5,-1.41576e5,-1.41613e5,-1.41511e5,-1.41613e5,-1.41616e5]
	From worker 4:	ESS: 153.7898
	From worker 4:	Nbr resample: 24841 
	From worker 3:	ESS: 153.4948
	From worker 3:	Nbr resample: 24841 
	From worker 8:	ESS: 153.1618
	From worker 8:	Nbr resample: 24841 
	From worker 11:	ESS: 155.0493
	From worker 11:	Nbr resample: 24841 
	From worker 10:	ESS: 153.1540
	From worker 10:	Nbr resample: 24841 
	From worker 2:	ESS: 159.8147
	From worker 2:	Nbr resample: 24841 
	From worker 7:	ESS: 142.4107
	From worker 7:	Nbr resample: 24841 
	From worker 5:	ESS: 155.6709
	From worker 5:	Nbr resample: 24841 
	From worker 6:	ESS: 149.0542
	From worker 6:	Nbr resample: 24841 
	From worker 9:	ESS: 156.4519
	From worker 9:	Nbr resample: 24841 
	From worker 3:	ESS: 159.1686
	From worker 3:	Nbr resample: 24841 
	From worker 7:	ESS: 146.9244
	From worker 7:	Nbr resample: 24841 
	From worker 4:	ESS: 157.3734
	From worker 4:	Nbr resample: 24841 
	From worker 8:	ESS: 156.0032
	From worker 8:	Nbr resample: 24841 
	From worker 6:	ESS: 163.5612
	From worker 6:	Nbr resample: 24841 
	From worker 2:	ESS: 157.7169
	From worker 2:	Nbr resample: 24841 
	From worker 9:	ESS: 156.8331
	From worker 9:	Nbr resample: 24841 
	From worker 5:	ESS: 150.5595
	From worker 5:	Nbr resample: 24841 
	From worker 11:	ESS: 159.0009
	From worker 11:	Nbr resample: 24841 
	From worker 10:	ESS: 152.2451
	From worker 10:	Nbr resample: 24841 
Percentage done: 34.00 % 
Acceptance rate on iteration 3301 to 3400 is 0.0000
Covariance:
[0.0077355 -0.00233572 -8.14976e-5 0.000865398 0.000391527 0.00399866 0.00470636; -0.00233572 0.000984277 2.1225e-5 0.00025911 0.000551782 -0.00328148 -0.00200686; -8.14976e-5 2.1225e-5 7.84332e-5 -0.000438345 -0.000701281 0.00199248 -0.000116206; 0.000865398 0.00025911 -0.000438345 0.142345 0.0813597 -0.108803 -0.0065044; 0.000391527 0.000551782 -0.000701281 0.0813597 0.0752695 -0.161977 -0.00776891; 0.00399866 -0.00328148 0.00199248 -0.108803 -0.161977 0.512158 0.0285978; 0.00470636 -0.00200686 -0.000116206 -0.0065044 -0.00776891 0.0285978 0.00974309]
Loglik: -141553.0289 
Loglik values on different cores:
[-1.4158e5,-1.41602e5,-1.41555e5,-141573.0,-1.41577e5,-1.41574e5,-1.41582e5,-1.41579e5,-1.41547e5,-1.41569e5]
Percentage done: 35.00 % 
Acceptance rate on iteration 3401 to 3500 is 0.0000
Covariance:
[0.0077355 -0.00233572 -8.14976e-5 0.000865398 0.000391527 0.00399866 0.00470636; -0.00233572 0.000984277 2.1225e-5 0.00025911 0.000551782 -0.00328148 -0.00200686; -8.14976e-5 2.1225e-5 7.84332e-5 -0.000438345 -0.000701281 0.00199248 -0.000116206; 0.000865398 0.00025911 -0.000438345 0.142345 0.0813597 -0.108803 -0.0065044; 0.000391527 0.000551782 -0.000701281 0.0813597 0.0752695 -0.161977 -0.00776891; 0.00399866 -0.00328148 0.00199248 -0.108803 -0.161977 0.512158 0.0285978; 0.00470636 -0.00200686 -0.000116206 -0.0065044 -0.00776891 0.0285978 0.00974309]
Loglik: -141553.0289 
Loglik values on different cores:
[-1.41556e5,-1.41559e5,-1.41606e5,-1.41582e5,-1.41568e5,-1.41587e5,-1.41586e5,-1.41567e5,-1.41564e5,-1.41564e5]
Percentage done: 36.00 % 
Acceptance rate on iteration 3501 to 3600 is 0.0000
Covariance:
