Mean:
[-1.19474; -0.115413; 3.34929; 1.41993; 0.423864; 0.524684; 0.647563]
Std:
[0.154594; 0.0915249; 0.00561732; 0.200285; 0.11075; 0.23941; 0.110742]
[-1.05702 -0.954911 -0.966449 -0.925236 -0.926215 -1.2054 -1.11233 -1.13475 -1.09365 -1.203; -0.254592 -0.289722 -0.241129 -0.28801 -0.285948 -0.168635 -0.167598 -0.124351 -0.181036 -0.0887189; 3.35337 3.34876 3.35298 3.35389 3.35726 3.35049 3.34377 3.34396 3.34769 3.34831; 1.76978 1.69278 1.65428 1.50996 1.40042 1.67623 1.8717 2.05664 1.84133 1.66576; 0.63292 0.547622 0.531843 0.46163 0.36411 0.550366 0.660388 0.73099 0.620384 0.564654; 0.267598 0.508042 0.39971 0.553505 0.776789 0.449141 0.116444 -0.0279099 0.235111 0.291064; 0.825946 0.915464 0.774959 0.802593 0.826623 0.808955 0.756642 0.719464 0.815954 0.638883; -1.36642e5 -1.36662e5 -1.36601e5 -136603.0 -1.3662e5 -1.36616e5 -1.36591e5 -1.36626e5 -1.36615e5 -1.36598e5]Starting ml estimationLength of training data: 4950Start values for optimization:
[-1.97728e6; -7144.72; -15955.0; 1.09702e6; -44081.6; 1.27114e5; 18686.7; -7520.36; -2376.92; -12434.3; -1.63804e5; -1468.9; -9910.0; -828.519; -2106.89; -10263.8; 669.135; 141.499; -696.726; -228.968; -2701.68; 1701.0; 178.623; -135.484; -7.00858; -7809.33; 13629.6; -38045.8; -5252.65; 1381.16; 6065.27; 404.901; 22.9465; -4110.11; 2180.76; 1029.18; 2.84244; 2.49587; -1.8784; -2.40378; -5.19031; -1.61402; -2.20503; -1.43719; -2.21311]Iter     Function value   Gradient norm 
     0     2.998729e+04     1.040755e+07
     1     2.978418e+04     3.313242e+06
     2     2.978421e+04     6.660500e+03
Estimated parameters of the GP model:
Estimated Β:s:
[-1.97728e6,-7144.72,-15955.0,1.09702e6,-44081.6,1.27114e5,18686.7,-7520.36,-2376.92,-12434.3,-1.63804e5,-1468.9,-9910.0,-828.519,-2106.89,-10263.8,669.135,141.499,-696.726,-228.968,-2701.68,1701.0,178.623,-135.484,-7.00858,-7809.33,13629.6,-38045.8,-5252.65,1381.16,6065.27,404.901,22.9465,-4110.11,2180.76,1029.18]
Estimated log Φ:s:
[2.84242,2.49063,-1.86366,-2.38731,-4.59791,-1.60457,-2.19151,-1.42955,-2.19044]
elapsed time: 1017.474945974 seconds
#####################################################################
Starting DA-GP-MCMC estimating 7 parameters 
MCMC algorithm: MCWM
Adaptation algorithm: noAdaptation
Prior distribution: Normal
Particle filter: parallel_bootstrap, on 4 cores
Nbr particles for particle filter: 200
Covariance - kernel_MH_direct:
[0.0161117 -0.00863341 2.66693e-5 -0.00506119 -0.00289389 0.00813033 0.00637247; -0.00863341 0.00546783 3.5914e-6 0.00241083 0.00139394 -0.00525582 -0.00541592; 2.66693e-5 3.5914e-6 1.82367e-5 -3.97142e-5 -7.43151e-5 6.58272e-5 -5.00135e-6; -0.00506119 0.00241083 -3.97142e-5 0.029185 0.0146502 -0.0294034 -0.00190708; -0.00289389 0.00139394 -7.43151e-5 0.0146502 0.00805734 -0.0163729 -0.00113595; 0.00813033 -0.00525582 6.58272e-5 -0.0294034 -0.0163729 0.0394531 0.00700566; 0.00637247 -0.00541592 -5.00135e-6 -0.00190708 -0.00113595 0.00700566 0.00883558]
Iteration: 1
Covariance:
[0.0232008 -0.0124321 3.84038e-5 -0.00728811 -0.0041672 0.0117077 0.00917636; -0.0124321 0.00787367 5.17161e-6 0.0034716 0.00200727 -0.00756839 -0.00779892; 3.84038e-5 5.17161e-6 2.62608e-5 -5.71884e-5 -0.000107014 9.47912e-5 -7.20195e-6; -0.00728811 0.0034716 -5.71884e-5 0.0420264 0.0210962 -0.0423408 -0.0027462; -0.0041672 0.00200727 -0.000107014 0.0210962 0.0116026 -0.023577 -0.00163577; 0.0117077 -0.00756839 9.47912e-5 -0.0423408 -0.023577 0.0568125 0.0100881; 0.00917636 -0.00779892 -7.20195e-6 -0.0027462 -0.00163577 0.0100881 0.0127232]
Iteration: 1
Covariance:
[0.0232008 -0.0124321 3.84038e-5 -0.00728811 -0.0041672 0.0117077 0.00917636; -0.0124321 0.00787367 5.17161e-6 0.0034716 0.00200727 -0.00756839 -0.00779892; 3.84038e-5 5.17161e-6 2.62608e-5 -5.71884e-5 -0.000107014 9.47912e-5 -7.20195e-6; -0.00728811 0.0034716 -5.71884e-5 0.0420264 0.0210962 -0.0423408 -0.0027462; -0.0041672 0.00200727 -0.000107014 0.0210962 0.0116026 -0.023577 -0.00163577; 0.0117077 -0.00756839 9.47912e-5 -0.0423408 -0.023577 0.0568125 0.0100881; 0.00917636 -0.00779892 -7.20195e-6 -0.0027462 -0.00163577 0.0100881 0.0127232]
Loglik start: -136577.6834 
Percentage done: 10.00 % 
Acceptance rate on iteration 1 to 1000 is 0.0410
Covariance:
[0.0232008 -0.0124321 3.84038e-5 -0.00728811 -0.0041672 0.0117077 0.00917636; -0.0124321 0.00787367 5.17161e-6 0.0034716 0.00200727 -0.00756839 -0.00779892; 3.84038e-5 5.17161e-6 2.62608e-5 -5.71884e-5 -0.000107014 9.47912e-5 -7.20195e-6; -0.00728811 0.0034716 -5.71884e-5 0.0420264 0.0210962 -0.0423408 -0.0027462; -0.0041672 0.00200727 -0.000107014 0.0210962 0.0116026 -0.023577 -0.00163577; 0.0117077 -0.00756839 9.47912e-5 -0.0423408 -0.023577 0.0568125 0.0100881; 0.00917636 -0.00779892 -7.20195e-6 -0.0027462 -0.00163577 0.0100881 0.0127232]
Loglik: -136593.83388858 
Loglik values on different cores:
[-1.36592e5,-136601.0,-1.36604e5,-1.36623e5]
Percentage done: 20.00 % 
Acceptance rate on iteration 1001 to 2000 is 0.0420
Covariance:
[0.0232008 -0.0124321 3.84038e-5 -0.00728811 -0.0041672 0.0117077 0.00917636; -0.0124321 0.00787367 5.17161e-6 0.0034716 0.00200727 -0.00756839 -0.00779892; 3.84038e-5 5.17161e-6 2.62608e-5 -5.71884e-5 -0.000107014 9.47912e-5 -7.20195e-6; -0.00728811 0.0034716 -5.71884e-5 0.0420264 0.0210962 -0.0423408 -0.0027462; -0.0041672 0.00200727 -0.000107014 0.0210962 0.0116026 -0.023577 -0.00163577; 0.0117077 -0.00756839 9.47912e-5 -0.0423408 -0.023577 0.0568125 0.0100881; 0.00917636 -0.00779892 -7.20195e-6 -0.0027462 -0.00163577 0.0100881 0.0127232]
Loglik: -136608.98942127 
Loglik values on different cores:
[-1.36625e5,-1.36626e5,-1.36618e5,-1.36626e5]
Percentage done: 30.00 % 
Acceptance rate on iteration 2001 to 3000 is 0.0430
Covariance:
[0.0232008 -0.0124321 3.84038e-5 -0.00728811 -0.0041672 0.0117077 0.00917636; -0.0124321 0.00787367 5.17161e-6 0.0034716 0.00200727 -0.00756839 -0.00779892; 3.84038e-5 5.17161e-6 2.62608e-5 -5.71884e-5 -0.000107014 9.47912e-5 -7.20195e-6; -0.00728811 0.0034716 -5.71884e-5 0.0420264 0.0210962 -0.0423408 -0.0027462; -0.0041672 0.00200727 -0.000107014 0.0210962 0.0116026 -0.023577 -0.00163577; 0.0117077 -0.00756839 9.47912e-5 -0.0423408 -0.023577 0.0568125 0.0100881; 0.00917636 -0.00779892 -7.20195e-6 -0.0027462 -0.00163577 0.0100881 0.0127232]
Loglik: -136604.24629816 
Loglik values on different cores:
[-1.36604e5,-136600.0,-1.36608e5,-1.366e5]
Percentage done: 40.00 % 
Acceptance rate on iteration 3001 to 4000 is 0.0400
Covariance:
[0.0232008 -0.0124321 3.84038e-5 -0.00728811 -0.0041672 0.0117077 0.00917636; -0.0124321 0.00787367 5.17161e-6 0.0034716 0.00200727 -0.00756839 -0.00779892; 3.84038e-5 5.17161e-6 2.62608e-5 -5.71884e-5 -0.000107014 9.47912e-5 -7.20195e-6; -0.00728811 0.0034716 -5.71884e-5 0.0420264 0.0210962 -0.0423408 -0.0027462; -0.0041672 0.00200727 -0.000107014 0.0210962 0.0116026 -0.023577 -0.00163577; 0.0117077 -0.00756839 9.47912e-5 -0.0423408 -0.023577 0.0568125 0.0100881; 0.00917636 -0.00779892 -7.20195e-6 -0.0027462 -0.00163577 0.0100881 0.0127232]
Loglik: -136593.10951245 
Loglik values on different cores:
[-1.36604e5,-136606.0,-1.36608e5,-1.36608e5]
Percentage done: 50.00 % 
Acceptance rate on iteration 4001 to 5000 is 0.0420
Covariance:
[0.0232008 -0.0124321 3.84038e-5 -0.00728811 -0.0041672 0.0117077 0.00917636; -0.0124321 0.00787367 5.17161e-6 0.0034716 0.00200727 -0.00756839 -0.00779892; 3.84038e-5 5.17161e-6 2.62608e-5 -5.71884e-5 -0.000107014 9.47912e-5 -7.20195e-6; -0.00728811 0.0034716 -5.71884e-5 0.0420264 0.0210962 -0.0423408 -0.0027462; -0.0041672 0.00200727 -0.000107014 0.0210962 0.0116026 -0.023577 -0.00163577; 0.0117077 -0.00756839 9.47912e-5 -0.0423408 -0.023577 0.0568125 0.0100881; 0.00917636 -0.00779892 -7.20195e-6 -0.0027462 -0.00163577 0.0100881 0.0127232]
Loglik: -136594.13347377 
Loglik values on different cores:
[-1.36597e5,-1.36586e5,-1.3659e5,-1.3659e5]
Percentage done: 60.00 % 
Acceptance rate on iteration 5001 to 6000 is 0.0310
Covariance:
[0.0232008 -0.0124321 3.84038e-5 -0.00728811 -0.0041672 0.0117077 0.00917636; -0.0124321 0.00787367 5.17161e-6 0.0034716 0.00200727 -0.00756839 -0.00779892; 3.84038e-5 5.17161e-6 2.62608e-5 -5.71884e-5 -0.000107014 9.47912e-5 -7.20195e-6; -0.00728811 0.0034716 -5.71884e-5 0.0420264 0.0210962 -0.0423408 -0.0027462; -0.0041672 0.00200727 -0.000107014 0.0210962 0.0116026 -0.023577 -0.00163577; 0.0117077 -0.00756839 9.47912e-5 -0.0423408 -0.023577 0.0568125 0.0100881; 0.00917636 -0.00779892 -7.20195e-6 -0.0027462 -0.00163577 0.0100881 0.0127232]
Loglik: -136596.39016096 
Loglik values on different cores:
[-1.36593e5,-1.36603e5,-1.36596e5,-1.36595e5]
Percentage done: 70.00 % 
Acceptance rate on iteration 6001 to 7000 is 0.0400
Covariance:
[0.0232008 -0.0124321 3.84038e-5 -0.00728811 -0.0041672 0.0117077 0.00917636; -0.0124321 0.00787367 5.17161e-6 0.0034716 0.00200727 -0.00756839 -0.00779892; 3.84038e-5 5.17161e-6 2.62608e-5 -5.71884e-5 -0.000107014 9.47912e-5 -7.20195e-6; -0.00728811 0.0034716 -5.71884e-5 0.0420264 0.0210962 -0.0423408 -0.0027462; -0.0041672 0.00200727 -0.000107014 0.0210962 0.0116026 -0.023577 -0.00163577; 0.0117077 -0.00756839 9.47912e-5 -0.0423408 -0.023577 0.0568125 0.0100881; 0.00917636 -0.00779892 -7.20195e-6 -0.0027462 -0.00163577 0.0100881 0.0127232]
Loglik: -136599.47800114 
Loglik values on different cores:
[-1.36608e5,-1.36621e5,-1.36595e5,-1.36603e5]
Percentage done: 80.00 % 
Acceptance rate on iteration 7001 to 8000 is 0.0440
Covariance:
[0.0232008 -0.0124321 3.84038e-5 -0.00728811 -0.0041672 0.0117077 0.00917636; -0.0124321 0.00787367 5.17161e-6 0.0034716 0.00200727 -0.00756839 -0.00779892; 3.84038e-5 5.17161e-6 2.62608e-5 -5.71884e-5 -0.000107014 9.47912e-5 -7.20195e-6; -0.00728811 0.0034716 -5.71884e-5 0.0420264 0.0210962 -0.0423408 -0.0027462; -0.0041672 0.00200727 -0.000107014 0.0210962 0.0116026 -0.023577 -0.00163577; 0.0117077 -0.00756839 9.47912e-5 -0.0423408 -0.023577 0.0568125 0.0100881; 0.00917636 -0.00779892 -7.20195e-6 -0.0027462 -0.00163577 0.0100881 0.0127232]
Loglik: -136574.15663001 
Loglik values on different cores:
[-1.36589e5,-1.36584e5,-1.36602e5,-1.36584e5]
Percentage done: 90.00 % 
Acceptance rate on iteration 8001 to 9000 is 0.0450
Covariance:
[0.0232008 -0.0124321 3.84038e-5 -0.00728811 -0.0041672 0.0117077 0.00917636; -0.0124321 0.00787367 5.17161e-6 0.0034716 0.00200727 -0.00756839 -0.00779892; 3.84038e-5 5.17161e-6 2.62608e-5 -5.71884e-5 -0.000107014 9.47912e-5 -7.20195e-6; -0.00728811 0.0034716 -5.71884e-5 0.0420264 0.0210962 -0.0423408 -0.0027462; -0.0041672 0.00200727 -0.000107014 0.0210962 0.0116026 -0.023577 -0.00163577; 0.0117077 -0.00756839 9.47912e-5 -0.0423408 -0.023577 0.0568125 0.0100881; 0.00917636 -0.00779892 -7.20195e-6 -0.0027462 -0.00163577 0.0100881 0.0127232]
Loglik: -136594.04965074 
Loglik values on different cores:
[-1.36603e5,-1.3659e5,-1.3661e5,-1.36614e5]
elapsed time: 12404.341007817 seconds
Ending DA-GP-MCMC with adaptive RW estimating 7 parameters
Algorithm: MCWM
Adaptation algorithm: noAdaptation
Prior distribution: Normal
Particle filter: parallel_bootstrap
Time pre-er:  0
Time fit GP model:  0
Time er-part:  12404
Number early-rejections: 6703
Number of cases directly to ordinary MH: 1501
Number of cases directly to ordinary MH accepted: 234
Number cases in in DA part: 8498
Number cases in second stage: 1795
Number accepted in second stage: 164
Total number of evaluations of the particle filter: 3296
Acceptance rate for ordinary MH accepted: 15.5896
Acceptance rate a_1: 21.1226
Acceptance rate a_2: 9.1365
Acceptance rate a_1*a_2: 1.9299
Acceptance rate a (for entier algorithm): 3.9800
#####################################################################
Est prob:
[0.223781,0.901798,0.776219,0.0982015]
#####################################################################
Starting ADA-GP-MCMC with adaptive RW estimating 7 parameters
MCMC algorithm: MCWM
Adaptation algorithm: noAdaptation
Select case model: DT
Prior distribution: Normal
Particle filter: parallel_bootstrap, on 4 cores
Nbr particles for particle filter: 200
Covariance - kernel_MH_direct:
[0.0161117 -0.00863341 2.66693e-5 -0.00506119 -0.00289389 0.00813033 0.00637247; -0.00863341 0.00546783 3.5914e-6 0.00241083 0.00139394 -0.00525582 -0.00541592; 2.66693e-5 3.5914e-6 1.82367e-5 -3.97142e-5 -7.43151e-5 6.58272e-5 -5.00135e-6; -0.00506119 0.00241083 -3.97142e-5 0.029185 0.0146502 -0.0294034 -0.00190708; -0.00289389 0.00139394 -7.43151e-5 0.0146502 0.00805734 -0.0163729 -0.00113595; 0.00813033 -0.00525582 6.58272e-5 -0.0294034 -0.0163729 0.0394531 0.00700566; 0.00637247 -0.00541592 -5.00135e-6 -0.00190708 -0.00113595 0.00700566 0.00883558]
Iteration: 1
Covariance:
[0.0232008 -0.0124321 3.84038e-5 -0.00728811 -0.0041672 0.0117077 0.00917636; -0.0124321 0.00787367 5.17161e-6 0.0034716 0.00200727 -0.00756839 -0.00779892; 3.84038e-5 5.17161e-6 2.62608e-5 -5.71884e-5 -0.000107014 9.47912e-5 -7.20195e-6; -0.00728811 0.0034716 -5.71884e-5 0.0420264 0.0210962 -0.0423408 -0.0027462; -0.0041672 0.00200727 -0.000107014 0.0210962 0.0116026 -0.023577 -0.00163577; 0.0117077 -0.00756839 9.47912e-5 -0.0423408 -0.023577 0.0568125 0.0100881; 0.00917636 -0.00779892 -7.20195e-6 -0.0027462 -0.00163577 0.0100881 0.0127232]
Iteration: 1
Covariance:
[0.0232008 -0.0124321 3.84038e-5 -0.00728811 -0.0041672 0.0117077 0.00917636; -0.0124321 0.00787367 5.17161e-6 0.0034716 0.00200727 -0.00756839 -0.00779892; 3.84038e-5 5.17161e-6 2.62608e-5 -5.71884e-5 -0.000107014 9.47912e-5 -7.20195e-6; -0.00728811 0.0034716 -5.71884e-5 0.0420264 0.0210962 -0.0423408 -0.0027462; -0.0041672 0.00200727 -0.000107014 0.0210962 0.0116026 -0.023577 -0.00163577; 0.0117077 -0.00756839 9.47912e-5 -0.0423408 -0.023577 0.0568125 0.0100881; 0.00917636 -0.00779892 -7.20195e-6 -0.0027462 -0.00163577 0.0100881 0.0127232]
Loglik: -136583.5573 
Percentage done: 10.00 % 
Acceptance rate on iteration 1 to 1000 is 0.0300
Covariance:
[0.0232008 -0.0124321 3.84038e-5 -0.00728811 -0.0041672 0.0117077 0.00917636; -0.0124321 0.00787367 5.17161e-6 0.0034716 0.00200727 -0.00756839 -0.00779892; 3.84038e-5 5.17161e-6 2.62608e-5 -5.71884e-5 -0.000107014 9.47912e-5 -7.20195e-6; -0.00728811 0.0034716 -5.71884e-5 0.0420264 0.0210962 -0.0423408 -0.0027462; -0.0041672 0.00200727 -0.000107014 0.0210962 0.0116026 -0.023577 -0.00163577; 0.0117077 -0.00756839 9.47912e-5 -0.0423408 -0.023577 0.0568125 0.0100881; 0.00917636 -0.00779892 -7.20195e-6 -0.0027462 -0.00163577 0.0100881 0.0127232]
Loglik: NaN 
Loglik values on different cores:
[-1.36597e5,-1.3661e5,-136593.0,-1.3661e5]
Percentage done: 20.00 % 
Acceptance rate on iteration 1001 to 2000 is 0.0320
Covariance:
[0.0232008 -0.0124321 3.84038e-5 -0.00728811 -0.0041672 0.0117077 0.00917636; -0.0124321 0.00787367 5.17161e-6 0.0034716 0.00200727 -0.00756839 -0.00779892; 3.84038e-5 5.17161e-6 2.62608e-5 -5.71884e-5 -0.000107014 9.47912e-5 -7.20195e-6; -0.00728811 0.0034716 -5.71884e-5 0.0420264 0.0210962 -0.0423408 -0.0027462; -0.0041672 0.00200727 -0.000107014 0.0210962 0.0116026 -0.023577 -0.00163577; 0.0117077 -0.00756839 9.47912e-5 -0.0423408 -0.023577 0.0568125 0.0100881; 0.00917636 -0.00779892 -7.20195e-6 -0.0027462 -0.00163577 0.0100881 0.0127232]
Loglik: NaN 
Loglik values on different cores:
[-1.36643e5,-1.36641e5,-1.36654e5,-1.36639e5]
Percentage done: 30.00 % 
Acceptance rate on iteration 2001 to 3000 is 0.0400
Covariance:
[0.0232008 -0.0124321 3.84038e-5 -0.00728811 -0.0041672 0.0117077 0.00917636; -0.0124321 0.00787367 5.17161e-6 0.0034716 0.00200727 -0.00756839 -0.00779892; 3.84038e-5 5.17161e-6 2.62608e-5 -5.71884e-5 -0.000107014 9.47912e-5 -7.20195e-6; -0.00728811 0.0034716 -5.71884e-5 0.0420264 0.0210962 -0.0423408 -0.0027462; -0.0041672 0.00200727 -0.000107014 0.0210962 0.0116026 -0.023577 -0.00163577; 0.0117077 -0.00756839 9.47912e-5 -0.0423408 -0.023577 0.0568125 0.0100881; 0.00917636 -0.00779892 -7.20195e-6 -0.0027462 -0.00163577 0.0100881 0.0127232]
Loglik: NaN 
Loglik values on different cores:
[-1.36611e5,-1.36603e5,-1.36596e5,-1.36595e5]
Percentage done: 40.00 % 
Acceptance rate on iteration 3001 to 4000 is 0.0420
Covariance:
[0.0232008 -0.0124321 3.84038e-5 -0.00728811 -0.0041672 0.0117077 0.00917636; -0.0124321 0.00787367 5.17161e-6 0.0034716 0.00200727 -0.00756839 -0.00779892; 3.84038e-5 5.17161e-6 2.62608e-5 -5.71884e-5 -0.000107014 9.47912e-5 -7.20195e-6; -0.00728811 0.0034716 -5.71884e-5 0.0420264 0.0210962 -0.0423408 -0.0027462; -0.0041672 0.00200727 -0.000107014 0.0210962 0.0116026 -0.023577 -0.00163577; 0.0117077 -0.00756839 9.47912e-5 -0.0423408 -0.023577 0.0568125 0.0100881; 0.00917636 -0.00779892 -7.20195e-6 -0.0027462 -0.00163577 0.0100881 0.0127232]
Loglik: -136590.6367 
Loglik values on different cores:
[-1.36597e5,-1.36605e5,-1.36599e5,-1.366e5]
Percentage done: 50.00 % 
Acceptance rate on iteration 4001 to 5000 is 0.0521
Covariance:
[0.0232008 -0.0124321 3.84038e-5 -0.00728811 -0.0041672 0.0117077 0.00917636; -0.0124321 0.00787367 5.17161e-6 0.0034716 0.00200727 -0.00756839 -0.00779892; 3.84038e-5 5.17161e-6 2.62608e-5 -5.71884e-5 -0.000107014 9.47912e-5 -7.20195e-6; -0.00728811 0.0034716 -5.71884e-5 0.0420264 0.0210962 -0.0423408 -0.0027462; -0.0041672 0.00200727 -0.000107014 0.0210962 0.0116026 -0.023577 -0.00163577; 0.0117077 -0.00756839 9.47912e-5 -0.0423408 -0.023577 0.0568125 0.0100881; 0.00917636 -0.00779892 -7.20195e-6 -0.0027462 -0.00163577 0.0100881 0.0127232]
Loglik: NaN 
Loglik values on different cores:
[-1.36666e5,-1.36648e5,-1.36637e5,-1.36639e5]
Percentage done: 60.00 % 
Acceptance rate on iteration 5001 to 6000 is 0.0531
Covariance:
[0.0232008 -0.0124321 3.84038e-5 -0.00728811 -0.0041672 0.0117077 0.00917636; -0.0124321 0.00787367 5.17161e-6 0.0034716 0.00200727 -0.00756839 -0.00779892; 3.84038e-5 5.17161e-6 2.62608e-5 -5.71884e-5 -0.000107014 9.47912e-5 -7.20195e-6; -0.00728811 0.0034716 -5.71884e-5 0.0420264 0.0210962 -0.0423408 -0.0027462; -0.0041672 0.00200727 -0.000107014 0.0210962 0.0116026 -0.023577 -0.00163577; 0.0117077 -0.00756839 9.47912e-5 -0.0423408 -0.023577 0.0568125 0.0100881; 0.00917636 -0.00779892 -7.20195e-6 -0.0027462 -0.00163577 0.0100881 0.0127232]
Loglik: NaN 
Loglik values on different cores:
[-1.36588e5,-1.36593e5,-1.36582e5,-1.36576e5]
Percentage done: 70.00 % 
Acceptance rate on iteration 6001 to 7000 is 0.0470
Covariance:
[0.0232008 -0.0124321 3.84038e-5 -0.00728811 -0.0041672 0.0117077 0.00917636; -0.0124321 0.00787367 5.17161e-6 0.0034716 0.00200727 -0.00756839 -0.00779892; 3.84038e-5 5.17161e-6 2.62608e-5 -5.71884e-5 -0.000107014 9.47912e-5 -7.20195e-6; -0.00728811 0.0034716 -5.71884e-5 0.0420264 0.0210962 -0.0423408 -0.0027462; -0.0041672 0.00200727 -0.000107014 0.0210962 0.0116026 -0.023577 -0.00163577; 0.0117077 -0.00756839 9.47912e-5 -0.0423408 -0.023577 0.0568125 0.0100881; 0.00917636 -0.00779892 -7.20195e-6 -0.0027462 -0.00163577 0.0100881 0.0127232]
Loglik: NaN 
Loglik values on different cores:
[-136608.0,-1.36609e5,-1.36604e5,-1.3661e5]
Percentage done: 80.00 % 
Acceptance rate on iteration 7001 to 8000 is 0.0260
Covariance:
[0.0232008 -0.0124321 3.84038e-5 -0.00728811 -0.0041672 0.0117077 0.00917636; -0.0124321 0.00787367 5.17161e-6 0.0034716 0.00200727 -0.00756839 -0.00779892; 3.84038e-5 5.17161e-6 2.62608e-5 -5.71884e-5 -0.000107014 9.47912e-5 -7.20195e-6; -0.00728811 0.0034716 -5.71884e-5 0.0420264 0.0210962 -0.0423408 -0.0027462; -0.0041672 0.00200727 -0.000107014 0.0210962 0.0116026 -0.023577 -0.00163577; 0.0117077 -0.00756839 9.47912e-5 -0.0423408 -0.023577 0.0568125 0.0100881; 0.00917636 -0.00779892 -7.20195e-6 -0.0027462 -0.00163577 0.0100881 0.0127232]
Loglik: -136589.3338 
Loglik values on different cores:
[-1.36603e5,-136599.0,-1.36608e5,-1.36594e5]
Percentage done: 90.00 % 
Acceptance rate on iteration 8001 to 9000 is 0.0390
Covariance:
[0.0232008 -0.0124321 3.84038e-5 -0.00728811 -0.0041672 0.0117077 0.00917636; -0.0124321 0.00787367 5.17161e-6 0.0034716 0.00200727 -0.00756839 -0.00779892; 3.84038e-5 5.17161e-6 2.62608e-5 -5.71884e-5 -0.000107014 9.47912e-5 -7.20195e-6; -0.00728811 0.0034716 -5.71884e-5 0.0420264 0.0210962 -0.0423408 -0.0027462; -0.0041672 0.00200727 -0.000107014 0.0210962 0.0116026 -0.023577 -0.00163577; 0.0117077 -0.00756839 9.47912e-5 -0.0423408 -0.023577 0.0568125 0.0100881; 0.00917636 -0.00779892 -7.20195e-6 -0.0027462 -0.00163577 0.0100881 0.0127232]
Loglik: -136612.8741 
Loglik values on different cores:
[-1.36635e5,-136614.0,-1.36636e5,-1.36647e5]
elapsed time: 8033.527101273 seconds
Ending ADA-GP-MCMC with adaptive RW estimating 7 parameters
Algorithm: MCWM
Adaptation algorithm: noAdaptation
Prior distribution: Normal
Particel filter: parallel_bootstrap
Time consumption:Time pre-er:  0
Time fit GP model:  0
Time er-part:  8034
Number early-rejections: 6701
Number of cases directly to ordinary MH: 1510
Number split acceptance region early-accept: 7
Number split acceptance region early-reject: 1155
Number cases in DA part: 8489
Number cases in second stage: 1788
Number accepted in second stage: 159
Total number of evaluations of the particle filter: 2089
Acceptance rate for ordinary MH accepted: 16.0927
Acceptance rate a_1: 21.0626
Acceptance rate a_2: 8.8926
Acceptance rate a_1*a_2: 1.8730
Acceptance rate a (for entier algorithm): 4.0200
Number case 1 or 3: 1511
Number case 2 or 4: 277
Number case 1: 284, 0.1880 % of all cases
Number case 2: 230, 0.8303 % of all cases
Number case 3: 1227, 0.8120 % of all cases
Number case 4: 47, 0.1697 % of all cases
Number pf runs in case 1: 277, prob pf given case 1 97.5352 %
Number pf runs in case 2: 230, prob pf given case 2 100.0000 %
Number pf runs in case 3: 72, prob pf given case 3 5.8680 %
Number pf runs in case 4: 0, prob pf given case 4 0.0000 %
#####################################################################
