Mean:
[-0.0309735; -0.135865; 3.35548; 1.07856; 0.391401; 0.354221; 0.434672]
Std:
[0.112225; 0.0404521; 0.0132121; 0.362979; 0.317725; 0.713118; 0.113645]
[0.0708699 0.134704 0.0289443 0.0755403 0.00235629 0.0982512 0.0788205 0.144373 0.0470099 -0.0328219; -0.131041 -0.153339 -0.151618 -0.113699 -0.116393 -0.13052 -0.140618 -0.147207 -0.122129 -0.0850618; 3.36016 3.37828 3.37109 3.36697 3.33301 3.36375 3.35331 3.35586 3.33892 3.3419; 0.900135 0.679501 0.929233 0.773301 1.13798 1.09364 0.879772 0.542441 0.222394 1.03217; 0.230987 0.040941 0.154138 0.158208 0.502389 0.244643 0.335777 -0.0333289 -0.261956 0.262998; 0.815095 1.18609 1.00591 0.853861 0.141933 0.897546 0.639898 1.37421 1.56164 0.509194; 0.464236 0.471063 0.543649 0.407295 0.348052 0.449649 0.505878 0.472396 0.4284 0.384436; -1.41527e5 -1.41602e5 -1.41556e5 -1.4159e5 -1.41614e5 -1.41602e5 -141573.0 -1.41619e5 -1.41653e5 -1.41616e5]Starting ml estimationLength of training data: 4900Start values for optimization:
[-7.36262e5; -3067.6; -15763.9; 3.51638e5; -3023.21; 17500.5; 4618.45; 5229.94; -1791.73; -18545.6; -52021.0; -139.24; -802.066; -157.09; -1283.87; -8192.15; 480.257; -24.5269; 252.607; 83.9371; 219.273; 3567.15; -320.927; 978.328; 313.248; -3807.99; 944.516; -5131.27; -1324.29; -1429.63; 333.765; 30.4712; -123.219; -632.856; 618.48; 304.401; 3.94033; 3.59376; -2.19171; -3.21317; -4.33706; -1.01177; -1.14296; -0.339655; -2.17898]Iter     Function value   Gradient norm 
     0     4.119080e+04     2.474939e+07
     1     4.110430e+04     2.204151e+05
     2     4.108781e+04     1.627791e+05
     3     4.108207e+04     3.521402e+04
     4     4.108211e+04     3.520804e+04
Estimated parameters of the GP model:
Estimated Β:s:
[-7.36262e5,-3067.6,-15763.9,3.51638e5,-3023.21,17500.5,4618.45,5229.94,-1791.73,-18545.6,-52021.0,-139.24,-802.066,-157.09,-1283.87,-8192.15,480.257,-24.5269,252.607,83.9371,219.273,3567.15,-320.927,978.328,313.248,-3807.99,944.515,-5131.27,-1324.29,-1429.63,333.765,30.4711,-123.219,-632.856,618.48,304.401]
Estimated log Φ:s:
[3.9391,1.96569,14.7221,42.8555,150.336,-1.81457,-2.11287,-0.548917,14.3537]
elapsed time: 1128.539792646 seconds
#####################################################################
Starting DA-GP-MCMC estimating 7 parameters 
MCMC algorithm: PMCMC
Adaptation algorithm: noAdaptation
Prior distribution: Normal
Particel filter: parallel_bootstrap
Covariance - kernel_MH_direct:
[0.00399957 -0.00111552 -3.16818e-5 0.000264763 0.00024842 0.00175268 0.001898; -0.00111552 0.000496942 1.02744e-5 0.000414018 0.000283753 -0.00163261 -0.000986683; -3.16818e-5 1.02744e-5 4.93602e-5 -0.00042828 -0.000617517 0.00145316 -3.23595e-5; 0.000264763 0.000414018 -0.00042828 0.0629127 0.0382839 -0.0737252 -0.00389374; 0.00024842 0.000283753 -0.000617517 0.0382839 0.0311124 -0.0652728 -0.0023692; 0.00175268 -0.00163261 0.00145316 -0.0737252 -0.0652728 0.161684 0.00896414; 0.001898 -0.000986683 -3.23595e-5 -0.00389374 -0.0023692 0.00896414 0.00415473]
Iteration: 1
Covariance:
[0.00575938 -0.00160634 -4.56218e-5 0.000381259 0.000357725 0.00252385 0.00273312; -0.00160634 0.000715597 1.47952e-5 0.000596186 0.000408605 -0.00235096 -0.00142082; -4.56218e-5 1.47952e-5 7.10787e-5 -0.000616723 -0.000889225 0.00209255 -4.65977e-5; 0.000381259 0.000596186 -0.000616723 0.0905943 0.0551288 -0.106164 -0.00560698; 0.000357725 0.000408605 -0.000889225 0.0551288 0.0448018 -0.0939929 -0.00341165; 0.00252385 -0.00235096 0.00209255 -0.106164 -0.0939929 0.232825 0.0129084; 0.00273312 -0.00142082 -4.65977e-5 -0.00560698 -0.00341165 0.0129084 0.00598281]
Iteration: 1
Covariance:
[0.00575938 -0.00160634 -4.56218e-5 0.000381259 0.000357725 0.00252385 0.00273312; -0.00160634 0.000715597 1.47952e-5 0.000596186 0.000408605 -0.00235096 -0.00142082; -4.56218e-5 1.47952e-5 7.10787e-5 -0.000616723 -0.000889225 0.00209255 -4.65977e-5; 0.000381259 0.000596186 -0.000616723 0.0905943 0.0551288 -0.106164 -0.00560698; 0.000357725 0.000408605 -0.000889225 0.0551288 0.0448018 -0.0939929 -0.00341165; 0.00252385 -0.00235096 0.00209255 -0.106164 -0.0939929 0.232825 0.0129084; 0.00273312 -0.00142082 -4.65977e-5 -0.00560698 -0.00341165 0.0129084 0.00598281]
	From worker 2:	ESS: 151.0928
	From worker 2:	Nbr resample: 24841 
	From worker 8:	ESS: 157.9399
	From worker 8:	Nbr resample: 24841 
	From worker 4:	ESS: 149.2877
	From worker 4:	Nbr resample: 24841 
	From worker 5:	ESS: 160.2895
	From worker 5:	Nbr resample: 24841 
	From worker 11:	ESS: 155.4937
	From worker 11:	Nbr resample: 24841 
	From worker 3:	ESS: 153.0940
	From worker 3:	Nbr resample: 24841 
	From worker 10:	ESS: 149.7476
	From worker 10:	Nbr resample: 24841 
	From worker 9:	ESS: 152.5909
	From worker 9:	Nbr resample: 24841 
	From worker 6:	ESS: 156.8595
	From worker 6:	Nbr resample: 24841 
	From worker 7:	ESS: 147.8250
	From worker 7:	Nbr resample: 24841 
Loglik start: -141532.2221 
Percentage done: 1.00 % 
Acceptance rate on iteration 1 to 100 is 0.0202
Covariance:
[0.00575938 -0.00160634 -4.56218e-5 0.000381259 0.000357725 0.00252385 0.00273312; -0.00160634 0.000715597 1.47952e-5 0.000596186 0.000408605 -0.00235096 -0.00142082; -4.56218e-5 1.47952e-5 7.10787e-5 -0.000616723 -0.000889225 0.00209255 -4.65977e-5; 0.000381259 0.000596186 -0.000616723 0.0905943 0.0551288 -0.106164 -0.00560698; 0.000357725 0.000408605 -0.000889225 0.0551288 0.0448018 -0.0939929 -0.00341165; 0.00252385 -0.00235096 0.00209255 -0.106164 -0.0939929 0.232825 0.0129084; 0.00273312 -0.00142082 -4.65977e-5 -0.00560698 -0.00341165 0.0129084 0.00598281]
Loglik: -141523.1712 
Loglik values on different cores:
[-1.41566e5,-1.41596e5,-1.41609e5,-1.41596e5,-1.41591e5,-1.41578e5,-1.41596e5,-1.41622e5,-1.41573e5,-1.41544e5]
Percentage done: 2.00 % 
Acceptance rate on iteration 101 to 200 is 0.0101
Covariance:
[0.00575938 -0.00160634 -4.56218e-5 0.000381259 0.000357725 0.00252385 0.00273312; -0.00160634 0.000715597 1.47952e-5 0.000596186 0.000408605 -0.00235096 -0.00142082; -4.56218e-5 1.47952e-5 7.10787e-5 -0.000616723 -0.000889225 0.00209255 -4.65977e-5; 0.000381259 0.000596186 -0.000616723 0.0905943 0.0551288 -0.106164 -0.00560698; 0.000357725 0.000408605 -0.000889225 0.0551288 0.0448018 -0.0939929 -0.00341165; 0.00252385 -0.00235096 0.00209255 -0.106164 -0.0939929 0.232825 0.0129084; 0.00273312 -0.00142082 -4.65977e-5 -0.00560698 -0.00341165 0.0129084 0.00598281]
Loglik: -141513.5715 
Loglik values on different cores:
[-1.41596e5,-1.41566e5,-1.41566e5,-1.41555e5,-1.41601e5,-141578.0,-1.41597e5,-1.41584e5,-141535.0,-1.41579e5]
Percentage done: 3.00 % 
Acceptance rate on iteration 201 to 300 is 0.0101
Covariance:
[0.00575938 -0.00160634 -4.56218e-5 0.000381259 0.000357725 0.00252385 0.00273312; -0.00160634 0.000715597 1.47952e-5 0.000596186 0.000408605 -0.00235096 -0.00142082; -4.56218e-5 1.47952e-5 7.10787e-5 -0.000616723 -0.000889225 0.00209255 -4.65977e-5; 0.000381259 0.000596186 -0.000616723 0.0905943 0.0551288 -0.106164 -0.00560698; 0.000357725 0.000408605 -0.000889225 0.0551288 0.0448018 -0.0939929 -0.00341165; 0.00252385 -0.00235096 0.00209255 -0.106164 -0.0939929 0.232825 0.0129084; 0.00273312 -0.00142082 -4.65977e-5 -0.00560698 -0.00341165 0.0129084 0.00598281]
Loglik: -141506.4708 
Loglik values on different cores:
[-1.41607e5,-1.41609e5,-1.41647e5,-1.41628e5,-1.41639e5,-1.41604e5,-1.41626e5,-1.4156e5,-1.41587e5,-1.41603e5]
Percentage done: 4.00 % 
Acceptance rate on iteration 301 to 400 is 0.0000
Covariance:
[0.00575938 -0.00160634 -4.56218e-5 0.000381259 0.000357725 0.00252385 0.00273312; -0.00160634 0.000715597 1.47952e-5 0.000596186 0.000408605 -0.00235096 -0.00142082; -4.56218e-5 1.47952e-5 7.10787e-5 -0.000616723 -0.000889225 0.00209255 -4.65977e-5; 0.000381259 0.000596186 -0.000616723 0.0905943 0.0551288 -0.106164 -0.00560698; 0.000357725 0.000408605 -0.000889225 0.0551288 0.0448018 -0.0939929 -0.00341165; 0.00252385 -0.00235096 0.00209255 -0.106164 -0.0939929 0.232825 0.0129084; 0.00273312 -0.00142082 -4.65977e-5 -0.00560698 -0.00341165 0.0129084 0.00598281]
Loglik: -141506.4708 
Loglik values on different cores:
[-1.41591e5,-1.41526e5,-1.41581e5,-1.4157e5,-1.41566e5,-1.41549e5,-1.41609e5,-1.41588e5,-1.41618e5,-1.41584e5]
Percentage done: 5.00 % 
Acceptance rate on iteration 401 to 500 is 0.0000
Covariance:
[0.00575938 -0.00160634 -4.56218e-5 0.000381259 0.000357725 0.00252385 0.00273312; -0.00160634 0.000715597 1.47952e-5 0.000596186 0.000408605 -0.00235096 -0.00142082; -4.56218e-5 1.47952e-5 7.10787e-5 -0.000616723 -0.000889225 0.00209255 -4.65977e-5; 0.000381259 0.000596186 -0.000616723 0.0905943 0.0551288 -0.106164 -0.00560698; 0.000357725 0.000408605 -0.000889225 0.0551288 0.0448018 -0.0939929 -0.00341165; 0.00252385 -0.00235096 0.00209255 -0.106164 -0.0939929 0.232825 0.0129084; 0.00273312 -0.00142082 -4.65977e-5 -0.00560698 -0.00341165 0.0129084 0.00598281]
Loglik: -141506.4708 
Loglik values on different cores:
[-1.4158e5,-1.4158e5,-1.41586e5,-1.41593e5,-1.41609e5,-1.41585e5,-1.41572e5,-1.41563e5,-1.41586e5,-1.41602e5]
Percentage done: 6.00 % 
Acceptance rate on iteration 501 to 600 is 0.0000
Covariance:
[0.00575938 -0.00160634 -4.56218e-5 0.000381259 0.000357725 0.00252385 0.00273312; -0.00160634 0.000715597 1.47952e-5 0.000596186 0.000408605 -0.00235096 -0.00142082; -4.56218e-5 1.47952e-5 7.10787e-5 -0.000616723 -0.000889225 0.00209255 -4.65977e-5; 0.000381259 0.000596186 -0.000616723 0.0905943 0.0551288 -0.106164 -0.00560698; 0.000357725 0.000408605 -0.000889225 0.0551288 0.0448018 -0.0939929 -0.00341165; 0.00252385 -0.00235096 0.00209255 -0.106164 -0.0939929 0.232825 0.0129084; 0.00273312 -0.00142082 -4.65977e-5 -0.00560698 -0.00341165 0.0129084 0.00598281]
Loglik: -141506.4708 
Loglik values on different cores:
[-1.41634e5,-1.41634e5,-1.41587e5,-1.41633e5,-1.41621e5,-1.41626e5,-141601.0,-1.4163e5,-1.41617e5,-1.41629e5]
Percentage done: 7.00 % 
Acceptance rate on iteration 601 to 700 is 0.0000
Covariance:
[0.00575938 -0.00160634 -4.56218e-5 0.000381259 0.000357725 0.00252385 0.00273312; -0.00160634 0.000715597 1.47952e-5 0.000596186 0.000408605 -0.00235096 -0.00142082; -4.56218e-5 1.47952e-5 7.10787e-5 -0.000616723 -0.000889225 0.00209255 -4.65977e-5; 0.000381259 0.000596186 -0.000616723 0.0905943 0.0551288 -0.106164 -0.00560698; 0.000357725 0.000408605 -0.000889225 0.0551288 0.0448018 -0.0939929 -0.00341165; 0.00252385 -0.00235096 0.00209255 -0.106164 -0.0939929 0.232825 0.0129084; 0.00273312 -0.00142082 -4.65977e-5 -0.00560698 -0.00341165 0.0129084 0.00598281]
Loglik: -141506.4708 
Loglik values on different cores:
[-1.4157e5,-1.41558e5,-1.41529e5,-1.41552e5,-1.41582e5,-1.41553e5,-1.4153e5,-1.41597e5,-141566.0,-1.41591e5]
Percentage done: 8.00 % 
Acceptance rate on iteration 701 to 800 is 0.0000
Covariance:
[0.00575938 -0.00160634 -4.56218e-5 0.000381259 0.000357725 0.00252385 0.00273312; -0.00160634 0.000715597 1.47952e-5 0.000596186 0.000408605 -0.00235096 -0.00142082; -4.56218e-5 1.47952e-5 7.10787e-5 -0.000616723 -0.000889225 0.00209255 -4.65977e-5; 0.000381259 0.000596186 -0.000616723 0.0905943 0.0551288 -0.106164 -0.00560698; 0.000357725 0.000408605 -0.000889225 0.0551288 0.0448018 -0.0939929 -0.00341165; 0.00252385 -0.00235096 0.00209255 -0.106164 -0.0939929 0.232825 0.0129084; 0.00273312 -0.00142082 -4.65977e-5 -0.00560698 -0.00341165 0.0129084 0.00598281]
Loglik: -141506.4708 
Loglik values on different cores:
[-1.41585e5,-1.4159e5,-1.4157e5,-1.41559e5,-1.41594e5,-1.41549e5,-1.41591e5,-1.41607e5,-1.41629e5,-141597.0]
Percentage done: 9.00 % 
Acceptance rate on iteration 801 to 900 is 0.0000
Covariance:
[0.00575938 -0.00160634 -4.56218e-5 0.000381259 0.000357725 0.00252385 0.00273312; -0.00160634 0.000715597 1.47952e-5 0.000596186 0.000408605 -0.00235096 -0.00142082; -4.56218e-5 1.47952e-5 7.10787e-5 -0.000616723 -0.000889225 0.00209255 -4.65977e-5; 0.000381259 0.000596186 -0.000616723 0.0905943 0.0551288 -0.106164 -0.00560698; 0.000357725 0.000408605 -0.000889225 0.0551288 0.0448018 -0.0939929 -0.00341165; 0.00252385 -0.00235096 0.00209255 -0.106164 -0.0939929 0.232825 0.0129084; 0.00273312 -0.00142082 -4.65977e-5 -0.00560698 -0.00341165 0.0129084 0.00598281]
Loglik: -141506.4708 
Loglik values on different cores:
[-1.41618e5,-1.41603e5,-1.41584e5,-1.41619e5,-1.41596e5,-1.4159e5,-1.41586e5,-1.4159e5,-1.41609e5,-1.41598e5]
	From worker 3:	ESS: 163.1452
	From worker 3:	Nbr resample: 24841 
	From worker 5:	ESS: 155.9650
	From worker 5:	Nbr resample: 24841 
	From worker 11:	ESS: 155.5049
	From worker 11:	Nbr resample: 24841 
	From worker 9:	ESS: 160.6353
	From worker 9:	Nbr resample: 24841 
	From worker 6:	ESS: 154.3466
	From worker 6:	Nbr resample: 24841 
	From worker 8:	ESS: 157.8607
	From worker 8:	Nbr resample: 24841 
	From worker 7:	ESS: 157.3381
	From worker 7:	Nbr resample: 24841 
	From worker 4:	ESS: 160.8167
	From worker 4:	Nbr resample: 24841 
	From worker 2:	ESS: 158.6844
	From worker 2:	Nbr resample: 24841 
	From worker 10:	ESS: 163.7589
	From worker 10:	Nbr resample: 24841 
Percentage done: 10.00 % 
Acceptance rate on iteration 901 to 1000 is 0.0101
Covariance:
[0.00575938 -0.00160634 -4.56218e-5 0.000381259 0.000357725 0.00252385 0.00273312; -0.00160634 0.000715597 1.47952e-5 0.000596186 0.000408605 -0.00235096 -0.00142082; -4.56218e-5 1.47952e-5 7.10787e-5 -0.000616723 -0.000889225 0.00209255 -4.65977e-5; 0.000381259 0.000596186 -0.000616723 0.0905943 0.0551288 -0.106164 -0.00560698; 0.000357725 0.000408605 -0.000889225 0.0551288 0.0448018 -0.0939929 -0.00341165; 0.00252385 -0.00235096 0.00209255 -0.106164 -0.0939929 0.232825 0.0129084; 0.00273312 -0.00142082 -4.65977e-5 -0.00560698 -0.00341165 0.0129084 0.00598281]
Loglik: -141487.1606 
Loglik values on different cores:
[-1.41544e5,-1.41524e5,-141523.0,-1.4156e5,-141529.0,-141568.0,-1.41528e5,-141541.0,-1.41545e5,-1.4154e5]
	From worker 9:	ESS: 154.4787
	From worker 9:	Nbr resample: 24841 
	From worker 8:	ESS: 146.1528
	From worker 8:	Nbr resample: 24841 
	From worker 7:	ESS: 156.9311
	From worker 7:	Nbr resample: 24841 
	From worker 3:	ESS: 158.7670
	From worker 3:	Nbr resample: 24841 
	From worker 4:	ESS: 146.1885
	From worker 4:	Nbr resample: 24841 
	From worker 5:	ESS: 149.9996
	From worker 5:	Nbr resample: 24841 
	From worker 2:	ESS: 156.6547
	From worker 2:	Nbr resample: 24841 
	From worker 6:	ESS: 152.6616
	From worker 6:	Nbr resample: 24841 
	From worker 10:	ESS: 150.4768
	From worker 10:	Nbr resample: 24841 
	From worker 11:	ESS: 152.2170
	From worker 11:	Nbr resample: 24841 
Percentage done: 11.00 % 
Acceptance rate on iteration 1001 to 1100 is 0.0000
Covariance:
[0.00575938 -0.00160634 -4.56218e-5 0.000381259 0.000357725 0.00252385 0.00273312; -0.00160634 0.000715597 1.47952e-5 0.000596186 0.000408605 -0.00235096 -0.00142082; -4.56218e-5 1.47952e-5 7.10787e-5 -0.000616723 -0.000889225 0.00209255 -4.65977e-5; 0.000381259 0.000596186 -0.000616723 0.0905943 0.0551288 -0.106164 -0.00560698; 0.000357725 0.000408605 -0.000889225 0.0551288 0.0448018 -0.0939929 -0.00341165; 0.00252385 -0.00235096 0.00209255 -0.106164 -0.0939929 0.232825 0.0129084; 0.00273312 -0.00142082 -4.65977e-5 -0.00560698 -0.00341165 0.0129084 0.00598281]
Loglik: -141487.1606 
Loglik values on different cores:
[-1.41561e5,-1.41593e5,-1.41572e5,-1.41549e5,-1.41579e5,-1.41528e5,-1.41579e5,-1.41546e5,-1.4158e5,-1.41535e5]
Percentage done: 12.00 % 
Acceptance rate on iteration 1101 to 1200 is 0.0000
Covariance:
[0.00575938 -0.00160634 -4.56218e-5 0.000381259 0.000357725 0.00252385 0.00273312; -0.00160634 0.000715597 1.47952e-5 0.000596186 0.000408605 -0.00235096 -0.00142082; -4.56218e-5 1.47952e-5 7.10787e-5 -0.000616723 -0.000889225 0.00209255 -4.65977e-5; 0.000381259 0.000596186 -0.000616723 0.0905943 0.0551288 -0.106164 -0.00560698; 0.000357725 0.000408605 -0.000889225 0.0551288 0.0448018 -0.0939929 -0.00341165; 0.00252385 -0.00235096 0.00209255 -0.106164 -0.0939929 0.232825 0.0129084; 0.00273312 -0.00142082 -4.65977e-5 -0.00560698 -0.00341165 0.0129084 0.00598281]
Loglik: -141487.1606 
Loglik values on different cores:
[-1.41566e5,-141589.0,-1.41582e5,-1.41579e5,-1.41571e5,-1.41579e5,-1.41566e5,-1.41569e5,-1.41582e5,-1.41587e5]
	From worker 5:	ESS: 151.2887
	From worker 5:	Nbr resample: 24841 
	From worker 3:	ESS: 163.3280
	From worker 3:	Nbr resample: 24841 
	From worker 11:	ESS: 147.0465
	From worker 11:	Nbr resample: 24841 
	From worker 9:	ESS: 153.1805
	From worker 9:	Nbr resample: 24841 
	From worker 6:	ESS: 160.3623
	From worker 6:	Nbr resample: 24841 
	From worker 8:	ESS: 148.1115
	From worker 8:	Nbr resample: 24841 
	From worker 7:	ESS: 148.3493
	From worker 7:	Nbr resample: 24841 
	From worker 4:	ESS: 150.2062
	From worker 4:	Nbr resample: 24841 
	From worker 10:	ESS: 161.7258
	From worker 10:	Nbr resample: 24841 
	From worker 2:	ESS: 157.8878
	From worker 2:	Nbr resample: 24841 
Percentage done: 13.00 % 
Acceptance rate on iteration 1201 to 1300 is 0.0000
Covariance:
[0.00575938 -0.00160634 -4.56218e-5 0.000381259 0.000357725 0.00252385 0.00273312; -0.00160634 0.000715597 1.47952e-5 0.000596186 0.000408605 -0.00235096 -0.00142082; -4.56218e-5 1.47952e-5 7.10787e-5 -0.000616723 -0.000889225 0.00209255 -4.65977e-5; 0.000381259 0.000596186 -0.000616723 0.0905943 0.0551288 -0.106164 -0.00560698; 0.000357725 0.000408605 -0.000889225 0.0551288 0.0448018 -0.0939929 -0.00341165; 0.00252385 -0.00235096 0.00209255 -0.106164 -0.0939929 0.232825 0.0129084; 0.00273312 -0.00142082 -4.65977e-5 -0.00560698 -0.00341165 0.0129084 0.00598281]
Loglik: -141487.1606 
Loglik values on different cores:
[-141649.0,-141653.0,-1.41673e5,-141641.0,-1.41667e5,-1.41678e5,-1.41674e5,-1.41675e5,-141668.0,-1.41651e5]
Percentage done: 14.00 % 
Acceptance rate on iteration 1301 to 1400 is 0.0000
Covariance:
[0.00575938 -0.00160634 -4.56218e-5 0.000381259 0.000357725 0.00252385 0.00273312; -0.00160634 0.000715597 1.47952e-5 0.000596186 0.000408605 -0.00235096 -0.00142082; -4.56218e-5 1.47952e-5 7.10787e-5 -0.000616723 -0.000889225 0.00209255 -4.65977e-5; 0.000381259 0.000596186 -0.000616723 0.0905943 0.0551288 -0.106164 -0.00560698; 0.000357725 0.000408605 -0.000889225 0.0551288 0.0448018 -0.0939929 -0.00341165; 0.00252385 -0.00235096 0.00209255 -0.106164 -0.0939929 0.232825 0.0129084; 0.00273312 -0.00142082 -4.65977e-5 -0.00560698 -0.00341165 0.0129084 0.00598281]
Loglik: -141487.1606 
Loglik values on different cores:
[-1.41627e5,-1.41654e5,-1.4161e5,-1.41595e5,-1.41595e5,-1.41598e5,-1.41595e5,-1.416e5,-1.41632e5,-1.41577e5]
	From worker 5:	ESS: 146.1952
	From worker 5:	Nbr resample: 24841 
	From worker 3:	ESS: 152.7474
	From worker 3:	Nbr resample: 24841 
	From worker 4:	ESS: 148.9482
	From worker 4:	Nbr resample: 24841 
	From worker 11:	ESS: 146.8178
	From worker 11:	Nbr resample: 24841 
	From worker 8:	ESS: 146.5942
	From worker 8:	Nbr resample: 24841 
	From worker 9:	ESS: 146.4405
	From worker 6:	ESS: 148.9788
	From worker 6:	Nbr resample: 24841 
	From worker 9:	Nbr resample: 24841 
	From worker 7:	ESS: 147.5208
	From worker 7:	Nbr resample: 24841 
	From worker 2:	ESS: 146.1590
	From worker 2:	Nbr resample: 24841 
	From worker 10:	ESS: 154.4604
	From worker 10:	Nbr resample: 24841 
Percentage done: 15.00 % 
Acceptance rate on iteration 1401 to 1500 is 0.0000
Covariance:
[0.00575938 -0.00160634 -4.56218e-5 0.000381259 0.000357725 0.00252385 0.00273312; -0.00160634 0.000715597 1.47952e-5 0.000596186 0.000408605 -0.00235096 -0.00142082; -4.56218e-5 1.47952e-5 7.10787e-5 -0.000616723 -0.000889225 0.00209255 -4.65977e-5; 0.000381259 0.000596186 -0.000616723 0.0905943 0.0551288 -0.106164 -0.00560698; 0.000357725 0.000408605 -0.000889225 0.0551288 0.0448018 -0.0939929 -0.00341165; 0.00252385 -0.00235096 0.00209255 -0.106164 -0.0939929 0.232825 0.0129084; 0.00273312 -0.00142082 -4.65977e-5 -0.00560698 -0.00341165 0.0129084 0.00598281]
Loglik: -141487.1606 
Loglik values on different cores:
[-1.41635e5,-1.41599e5,-1.41636e5,-1.41626e5,-1.41614e5,-141633.0,-1.41626e5,-1.41584e5,-1.41629e5,-1.41578e5]
Percentage done: 16.00 % 
Acceptance rate on iteration 1501 to 1600 is 0.0000
Covariance:
[0.00575938 -0.00160634 -4.56218e-5 0.000381259 0.000357725 0.00252385 0.00273312; -0.00160634 0.000715597 1.47952e-5 0.000596186 0.000408605 -0.00235096 -0.00142082; -4.56218e-5 1.47952e-5 7.10787e-5 -0.000616723 -0.000889225 0.00209255 -4.65977e-5; 0.000381259 0.000596186 -0.000616723 0.0905943 0.0551288 -0.106164 -0.00560698; 0.000357725 0.000408605 -0.000889225 0.0551288 0.0448018 -0.0939929 -0.00341165; 0.00252385 -0.00235096 0.00209255 -0.106164 -0.0939929 0.232825 0.0129084; 0.00273312 -0.00142082 -4.65977e-5 -0.00560698 -0.00341165 0.0129084 0.00598281]
Loglik: -141487.1606 
Loglik values on different cores:
[-1.41553e5,-1.41598e5,-1.41597e5,-1.41584e5,-1.41595e5,-1.41582e5,-1.41589e5,-1.4157e5,-1.41581e5,-1.41588e5]
Percentage done: 17.00 % 
Acceptance rate on iteration 1601 to 1700 is 0.0000
Covariance:
[0.00575938 -0.00160634 -4.56218e-5 0.000381259 0.000357725 0.00252385 0.00273312; -0.00160634 0.000715597 1.47952e-5 0.000596186 0.000408605 -0.00235096 -0.00142082; -4.56218e-5 1.47952e-5 7.10787e-5 -0.000616723 -0.000889225 0.00209255 -4.65977e-5; 0.000381259 0.000596186 -0.000616723 0.0905943 0.0551288 -0.106164 -0.00560698; 0.000357725 0.000408605 -0.000889225 0.0551288 0.0448018 -0.0939929 -0.00341165; 0.00252385 -0.00235096 0.00209255 -0.106164 -0.0939929 0.232825 0.0129084; 0.00273312 -0.00142082 -4.65977e-5 -0.00560698 -0.00341165 0.0129084 0.00598281]
Loglik: -141487.1606 
Loglik values on different cores:
[-1.41567e5,-1.41558e5,-1.41535e5,-1.41553e5,-1.41543e5,-141544.0,-1.41536e5,-1.41546e5,-1.41549e5,-1.41555e5]
Percentage done: 18.00 % 
Acceptance rate on iteration 1701 to 1800 is 0.0000
Covariance:
[0.00575938 -0.00160634 -4.56218e-5 0.000381259 0.000357725 0.00252385 0.00273312; -0.00160634 0.000715597 1.47952e-5 0.000596186 0.000408605 -0.00235096 -0.00142082; -4.56218e-5 1.47952e-5 7.10787e-5 -0.000616723 -0.000889225 0.00209255 -4.65977e-5; 0.000381259 0.000596186 -0.000616723 0.0905943 0.0551288 -0.106164 -0.00560698; 0.000357725 0.000408605 -0.000889225 0.0551288 0.0448018 -0.0939929 -0.00341165; 0.00252385 -0.00235096 0.00209255 -0.106164 -0.0939929 0.232825 0.0129084; 0.00273312 -0.00142082 -4.65977e-5 -0.00560698 -0.00341165 0.0129084 0.00598281]
Loglik: -141487.1606 
Loglik values on different cores:
[-1.41598e5,-1.41552e5,-1.4158e5,-1.41604e5,-1.41622e5,-1.41614e5,-1.41629e5,-1.41595e5,-1.41549e5,-1.41562e5]
Percentage done: 19.00 % 
Acceptance rate on iteration 1801 to 1900 is 0.0000
Covariance:
[0.00575938 -0.00160634 -4.56218e-5 0.000381259 0.000357725 0.00252385 0.00273312; -0.00160634 0.000715597 1.47952e-5 0.000596186 0.000408605 -0.00235096 -0.00142082; -4.56218e-5 1.47952e-5 7.10787e-5 -0.000616723 -0.000889225 0.00209255 -4.65977e-5; 0.000381259 0.000596186 -0.000616723 0.0905943 0.0551288 -0.106164 -0.00560698; 0.000357725 0.000408605 -0.000889225 0.0551288 0.0448018 -0.0939929 -0.00341165; 0.00252385 -0.00235096 0.00209255 -0.106164 -0.0939929 0.232825 0.0129084; 0.00273312 -0.00142082 -4.65977e-5 -0.00560698 -0.00341165 0.0129084 0.00598281]
Loglik: -141487.1606 
Loglik values on different cores:
[-1.41586e5,-1.41522e5,-1.41545e5,-141555.0,-1.41581e5,-1.41587e5,-1.41523e5,-1.41542e5,-1.41572e5,-1.41541e5]
Percentage done: 20.00 % 
Acceptance rate on iteration 1901 to 2000 is 0.0000
Covariance:
[0.00575938 -0.00160634 -4.56218e-5 0.000381259 0.000357725 0.00252385 0.00273312; -0.00160634 0.000715597 1.47952e-5 0.000596186 0.000408605 -0.00235096 -0.00142082; -4.56218e-5 1.47952e-5 7.10787e-5 -0.000616723 -0.000889225 0.00209255 -4.65977e-5; 0.000381259 0.000596186 -0.000616723 0.0905943 0.0551288 -0.106164 -0.00560698; 0.000357725 0.000408605 -0.000889225 0.0551288 0.0448018 -0.0939929 -0.00341165; 0.00252385 -0.00235096 0.00209255 -0.106164 -0.0939929 0.232825 0.0129084; 0.00273312 -0.00142082 -4.65977e-5 -0.00560698 -0.00341165 0.0129084 0.00598281]
Loglik: -141487.1606 
Loglik values on different cores:
[-1.41585e5,-1.41553e5,-1.41536e5,-1.4159e5,-1.41551e5,-1.41517e5,-141561.0,-1.41549e5,-1.41573e5,-1.41546e5]
	From worker 3:	ESS: 152.1842
	From worker 3:	Nbr resample: 24841 
	From worker 5:	ESS: 162.4560
	From worker 5:	Nbr resample: 24841 
	From worker 11:	ESS: 159.8733
	From worker 11:	Nbr resample: 24841 
	From worker 6:	ESS: 165.2372
	From worker 6:	Nbr resample: 24841 
	From worker 8:	ESS: 162.6423
	From worker 8:	Nbr resample: 24841 
	From worker 9:	ESS: 156.0743
	From worker 9:	Nbr resample: 24841 
	From worker 7:	ESS: 159.8447
	From worker 7:	Nbr resample: 24841 
	From worker 4:	ESS: 159.3981
	From worker 4:	Nbr resample: 24841 
	From worker 10:	ESS: 154.6327
	From worker 10:	Nbr resample: 24841 
	From worker 2:	ESS: 159.3185
	From worker 2:	Nbr resample: 24841 
Percentage done: 21.00 % 
Acceptance rate on iteration 2001 to 2100 is 0.0000
Covariance:
[0.00575938 -0.00160634 -4.56218e-5 0.000381259 0.000357725 0.00252385 0.00273312; -0.00160634 0.000715597 1.47952e-5 0.000596186 0.000408605 -0.00235096 -0.00142082; -4.56218e-5 1.47952e-5 7.10787e-5 -0.000616723 -0.000889225 0.00209255 -4.65977e-5; 0.000381259 0.000596186 -0.000616723 0.0905943 0.0551288 -0.106164 -0.00560698; 0.000357725 0.000408605 -0.000889225 0.0551288 0.0448018 -0.0939929 -0.00341165; 0.00252385 -0.00235096 0.00209255 -0.106164 -0.0939929 0.232825 0.0129084; 0.00273312 -0.00142082 -4.65977e-5 -0.00560698 -0.00341165 0.0129084 0.00598281]
Loglik: -141487.1606 
Loglik values on different cores:
[-1.41588e5,-1.41638e5,-1.41594e5,-1.41623e5,-1.41614e5,-1.41617e5,-1.41616e5,-1.41626e5,-1.41562e5,-1.41646e5]
Percentage done: 22.00 % 
Acceptance rate on iteration 2101 to 2200 is 0.0000
Covariance:
[0.00575938 -0.00160634 -4.56218e-5 0.000381259 0.000357725 0.00252385 0.00273312; -0.00160634 0.000715597 1.47952e-5 0.000596186 0.000408605 -0.00235096 -0.00142082; -4.56218e-5 1.47952e-5 7.10787e-5 -0.000616723 -0.000889225 0.00209255 -4.65977e-5; 0.000381259 0.000596186 -0.000616723 0.0905943 0.0551288 -0.106164 -0.00560698; 0.000357725 0.000408605 -0.000889225 0.0551288 0.0448018 -0.0939929 -0.00341165; 0.00252385 -0.00235096 0.00209255 -0.106164 -0.0939929 0.232825 0.0129084; 0.00273312 -0.00142082 -4.65977e-5 -0.00560698 -0.00341165 0.0129084 0.00598281]
Loglik: -141487.1606 
Loglik values on different cores:
[-1.41607e5,-141619.0,-1.41649e5,-1.41596e5,-1.41614e5,-1.41623e5,-1.4164e5,-1.41607e5,-1.41668e5,-1.41558e5]
Percentage done: 23.00 % 
Acceptance rate on iteration 2201 to 2300 is 0.0000
Covariance:
[0.00575938 -0.00160634 -4.56218e-5 0.000381259 0.000357725 0.00252385 0.00273312; -0.00160634 0.000715597 1.47952e-5 0.000596186 0.000408605 -0.00235096 -0.00142082; -4.56218e-5 1.47952e-5 7.10787e-5 -0.000616723 -0.000889225 0.00209255 -4.65977e-5; 0.000381259 0.000596186 -0.000616723 0.0905943 0.0551288 -0.106164 -0.00560698; 0.000357725 0.000408605 -0.000889225 0.0551288 0.0448018 -0.0939929 -0.00341165; 0.00252385 -0.00235096 0.00209255 -0.106164 -0.0939929 0.232825 0.0129084; 0.00273312 -0.00142082 -4.65977e-5 -0.00560698 -0.00341165 0.0129084 0.00598281]
Loglik: -141487.1606 
Loglik values on different cores:
[-1.41557e5,-1.41595e5,-1.41554e5,-1.41559e5,-1.4158e5,-1.41571e5,-1.41575e5,-1.41581e5,-1.41634e5,-1.41586e5]
	From worker 11:	ESS: 160.6663
	From worker 11:	Nbr resample: 24841 
	From worker 6:	ESS: 158.6378
	From worker 6:	Nbr resample: 24841 
	From worker 5:	ESS: 156.6871
	From worker 5:	Nbr resample: 24841 
	From worker 8:	ESS: 156.2794
	From worker 8:	Nbr resample: 24841 
	From worker 9:	ESS: 159.4720
	From worker 9:	Nbr resample: 24841 
	From worker 3:	ESS: 159.8283
	From worker 3:	Nbr resample: 24841 
	From worker 7:	ESS: 158.0610
	From worker 7:	Nbr resample: 24841 
	From worker 10:	ESS: 156.8416
	From worker 10:	Nbr resample: 24841 
	From worker 4:	ESS: 162.5466
	From worker 4:	Nbr resample: 24841 
	From worker 2:	ESS: 152.3426
	From worker 2:	Nbr resample: 24841 
Percentage done: 24.00 % 
Acceptance rate on iteration 2301 to 2400 is 0.0000
Covariance:
[0.00575938 -0.00160634 -4.56218e-5 0.000381259 0.000357725 0.00252385 0.00273312; -0.00160634 0.000715597 1.47952e-5 0.000596186 0.000408605 -0.00235096 -0.00142082; -4.56218e-5 1.47952e-5 7.10787e-5 -0.000616723 -0.000889225 0.00209255 -4.65977e-5; 0.000381259 0.000596186 -0.000616723 0.0905943 0.0551288 -0.106164 -0.00560698; 0.000357725 0.000408605 -0.000889225 0.0551288 0.0448018 -0.0939929 -0.00341165; 0.00252385 -0.00235096 0.00209255 -0.106164 -0.0939929 0.232825 0.0129084; 0.00273312 -0.00142082 -4.65977e-5 -0.00560698 -0.00341165 0.0129084 0.00598281]
Loglik: -141487.1606 
Loglik values on different cores:
[-1.41556e5,-1.4156e5,-1.41592e5,-1.41597e5,-1.41546e5,-1.41605e5,-1.41583e5,-1.41573e5,-141578.0,-1.41561e5]
Percentage done: 25.00 % 
Acceptance rate on iteration 2401 to 2500 is 0.0000
Covariance:
[0.00575938 -0.00160634 -4.56218e-5 0.000381259 0.000357725 0.00252385 0.00273312; -0.00160634 0.000715597 1.47952e-5 0.000596186 0.000408605 -0.00235096 -0.00142082; -4.56218e-5 1.47952e-5 7.10787e-5 -0.000616723 -0.000889225 0.00209255 -4.65977e-5; 0.000381259 0.000596186 -0.000616723 0.0905943 0.0551288 -0.106164 -0.00560698; 0.000357725 0.000408605 -0.000889225 0.0551288 0.0448018 -0.0939929 -0.00341165; 0.00252385 -0.00235096 0.00209255 -0.106164 -0.0939929 0.232825 0.0129084; 0.00273312 -0.00142082 -4.65977e-5 -0.00560698 -0.00341165 0.0129084 0.00598281]
Loglik: -141487.1606 
Loglik values on different cores:
[-1.41564e5,-1.41549e5,-1.41549e5,-1.41581e5,-1.41545e5,-1.41591e5,-1.41548e5,-1.41575e5,-1.41565e5,-1.41584e5]
Percentage done: 26.00 % 
Acceptance rate on iteration 2501 to 2600 is 0.0000
Covariance:
[0.00575938 -0.00160634 -4.56218e-5 0.000381259 0.000357725 0.00252385 0.00273312; -0.00160634 0.000715597 1.47952e-5 0.000596186 0.000408605 -0.00235096 -0.00142082; -4.56218e-5 1.47952e-5 7.10787e-5 -0.000616723 -0.000889225 0.00209255 -4.65977e-5; 0.000381259 0.000596186 -0.000616723 0.0905943 0.0551288 -0.106164 -0.00560698; 0.000357725 0.000408605 -0.000889225 0.0551288 0.0448018 -0.0939929 -0.00341165; 0.00252385 -0.00235096 0.00209255 -0.106164 -0.0939929 0.232825 0.0129084; 0.00273312 -0.00142082 -4.65977e-5 -0.00560698 -0.00341165 0.0129084 0.00598281]
Loglik: -141487.1606 
Loglik values on different cores:
[-1.41644e5,-1.41608e5,-1.4165e5,-1.41621e5,-1.41612e5,-1.416e5,-1.41634e5,-1.41616e5,-1.41622e5,-1.41599e5]
	From worker 3:	ESS: 158.9027
	From worker 3:	Nbr resample: 24841 
	From worker 5:	ESS: 154.2338
	From worker 5:	Nbr resample: 24841 
	From worker 11:	ESS: 162.4805
	From worker 11:	Nbr resample: 24841 
	From worker 9:	ESS: 155.8631
	From worker 9:	Nbr resample: 24841 
	From worker 6:	ESS: 159.5222
	From worker 6:	Nbr resample: 24841 
	From worker 8:	ESS: 149.3913
	From worker 8:	Nbr resample: 24841 
	From worker 7:	ESS: 153.8558
	From worker 7:	Nbr resample: 24841 
	From worker 4:	ESS: 160.6625
	From worker 4:	Nbr resample: 24841 
	From worker 10:	ESS: 148.8717
	From worker 10:	Nbr resample: 24841 
	From worker 2:	ESS: 156.0213
	From worker 2:	Nbr resample: 24841 
Percentage done: 27.00 % 
Acceptance rate on iteration 2601 to 2700 is 0.0000
Covariance:
[0.00575938 -0.00160634 -4.56218e-5 0.000381259 0.000357725 0.00252385 0.00273312; -0.00160634 0.000715597 1.47952e-5 0.000596186 0.000408605 -0.00235096 -0.00142082; -4.56218e-5 1.47952e-5 7.10787e-5 -0.000616723 -0.000889225 0.00209255 -4.65977e-5; 0.000381259 0.000596186 -0.000616723 0.0905943 0.0551288 -0.106164 -0.00560698; 0.000357725 0.000408605 -0.000889225 0.0551288 0.0448018 -0.0939929 -0.00341165; 0.00252385 -0.00235096 0.00209255 -0.106164 -0.0939929 0.232825 0.0129084; 0.00273312 -0.00142082 -4.65977e-5 -0.00560698 -0.00341165 0.0129084 0.00598281]
Loglik: -141487.1606 
Loglik values on different cores:
[-1.41585e5,-1.41643e5,-1.41641e5,-1.41603e5,-1.41616e5,-1.41594e5,-1.41626e5,-1.41586e5,-1.41581e5,-1.41605e5]
	From worker 3:	ESS: 152.6970
	From worker 3:	Nbr resample: 24841 
	From worker 6:	ESS: 148.1814
	From worker 6:	Nbr resample: 24841 
	From worker 11:	ESS: 154.4947
	From worker 11:	Nbr resample: 24841 
	From worker 4:	ESS: 154.2309
	From worker 4:	Nbr resample: 24841 
	From worker 5:	ESS: 150.2537
	From worker 5:	Nbr resample: 24841 
	From worker 8:	ESS: 151.0164
	From worker 8:	Nbr resample: 24841 
	From worker 9:	ESS: 157.9019
	From worker 9:	Nbr resample: 24841 
	From worker 7:	ESS: 153.3176
	From worker 7:	Nbr resample: 24841 
	From worker 10:	ESS: 149.4977
	From worker 10:	Nbr resample: 24841 
	From worker 2:	ESS: 158.3881
	From worker 2:	Nbr resample: 24841 
Percentage done: 28.00 % 
Acceptance rate on iteration 2701 to 2800 is 0.0000
Covariance:
[0.00575938 -0.00160634 -4.56218e-5 0.000381259 0.000357725 0.00252385 0.00273312; -0.00160634 0.000715597 1.47952e-5 0.000596186 0.000408605 -0.00235096 -0.00142082; -4.56218e-5 1.47952e-5 7.10787e-5 -0.000616723 -0.000889225 0.00209255 -4.65977e-5; 0.000381259 0.000596186 -0.000616723 0.0905943 0.0551288 -0.106164 -0.00560698; 0.000357725 0.000408605 -0.000889225 0.0551288 0.0448018 -0.0939929 -0.00341165; 0.00252385 -0.00235096 0.00209255 -0.106164 -0.0939929 0.232825 0.0129084; 0.00273312 -0.00142082 -4.65977e-5 -0.00560698 -0.00341165 0.0129084 0.00598281]
Loglik: -141487.1606 
Loglik values on different cores:
[-1.41558e5,-1.41581e5,-1.41578e5,-1.41574e5,-141585.0,-1.41568e5,-1.41564e5,-141557.0,-1.4152e5,-1.41548e5]
Percentage done: 29.00 % 
Acceptance rate on iteration 2801 to 2900 is 0.0000
Covariance:
[0.00575938 -0.00160634 -4.56218e-5 0.000381259 0.000357725 0.00252385 0.00273312; -0.00160634 0.000715597 1.47952e-5 0.000596186 0.000408605 -0.00235096 -0.00142082; -4.56218e-5 1.47952e-5 7.10787e-5 -0.000616723 -0.000889225 0.00209255 -4.65977e-5; 0.000381259 0.000596186 -0.000616723 0.0905943 0.0551288 -0.106164 -0.00560698; 0.000357725 0.000408605 -0.000889225 0.0551288 0.0448018 -0.0939929 -0.00341165; 0.00252385 -0.00235096 0.00209255 -0.106164 -0.0939929 0.232825 0.0129084; 0.00273312 -0.00142082 -4.65977e-5 -0.00560698 -0.00341165 0.0129084 0.00598281]
Loglik: -141487.1606 
Loglik values on different cores:
[-1.41597e5,-1.41605e5,-1.41588e5,-1.41615e5,-1.41611e5,-1.4159e5,-1.41579e5,-1.41595e5,-1.41588e5,-1.41583e5]
	From worker 5:	ESS: 149.6236
	From worker 5:	Nbr resample: 24841 
	From worker 3:	ESS: 149.6912
	From worker 3:	Nbr resample: 24841 
	From worker 11:	ESS: 149.9486
	From worker 11:	Nbr resample: 24841 
	From worker 6:	ESS: 152.5297
	From worker 6:	Nbr resample: 24841 
	From worker 7:	ESS: 147.2044
	From worker 7:	Nbr resample: 24841 
	From worker 9:	ESS: 154.4408
	From worker 9:	Nbr resample: 24841 
	From worker 8:	ESS: 152.3879
	From worker 8:	Nbr resample: 24841 
	From worker 4:	ESS: 157.8480
	From worker 4:	Nbr resample: 24841 
	From worker 10:	ESS: 149.2334
	From worker 10:	Nbr resample: 24841 
	From worker 2:	ESS: 152.6163
	From worker 2:	Nbr resample: 24841 
Percentage done: 30.00 % 
Acceptance rate on iteration 2901 to 3000 is 0.0000
Covariance:
[0.00575938 -0.00160634 -4.56218e-5 0.000381259 0.000357725 0.00252385 0.00273312; -0.00160634 0.000715597 1.47952e-5 0.000596186 0.000408605 -0.00235096 -0.00142082; -4.56218e-5 1.47952e-5 7.10787e-5 -0.000616723 -0.000889225 0.00209255 -4.65977e-5; 0.000381259 0.000596186 -0.000616723 0.0905943 0.0551288 -0.106164 -0.00560698; 0.000357725 0.000408605 -0.000889225 0.0551288 0.0448018 -0.0939929 -0.00341165; 0.00252385 -0.00235096 0.00209255 -0.106164 -0.0939929 0.232825 0.0129084; 0.00273312 -0.00142082 -4.65977e-5 -0.00560698 -0.00341165 0.0129084 0.00598281]
Loglik: -141487.1606 
Loglik values on different cores:
[-1.41582e5,-1.41639e5,-141606.0,-141589.0,-1.41572e5,-141578.0,-1.41616e5,-1.41619e5,-1.4157e5,-1.41604e5]
Percentage done: 31.00 % 
Acceptance rate on iteration 3001 to 3100 is 0.0000
Covariance:
[0.00575938 -0.00160634 -4.56218e-5 0.000381259 0.000357725 0.00252385 0.00273312; -0.00160634 0.000715597 1.47952e-5 0.000596186 0.000408605 -0.00235096 -0.00142082; -4.56218e-5 1.47952e-5 7.10787e-5 -0.000616723 -0.000889225 0.00209255 -4.65977e-5; 0.000381259 0.000596186 -0.000616723 0.0905943 0.0551288 -0.106164 -0.00560698; 0.000357725 0.000408605 -0.000889225 0.0551288 0.0448018 -0.0939929 -0.00341165; 0.00252385 -0.00235096 0.00209255 -0.106164 -0.0939929 0.232825 0.0129084; 0.00273312 -0.00142082 -4.65977e-5 -0.00560698 -0.00341165 0.0129084 0.00598281]
Loglik: -141487.1606 
Loglik values on different cores:
[-1.4158e5,-1.41571e5,-1.41553e5,-1.41601e5,-1.41626e5,-1.41568e5,-1.41564e5,-1.41592e5,-1.41586e5,-1.41594e5]
Percentage done: 32.00 % 
Acceptance rate on iteration 3101 to 3200 is 0.0000
Covariance:
[0.00575938 -0.00160634 -4.56218e-5 0.000381259 0.000357725 0.00252385 0.00273312; -0.00160634 0.000715597 1.47952e-5 0.000596186 0.000408605 -0.00235096 -0.00142082; -4.56218e-5 1.47952e-5 7.10787e-5 -0.000616723 -0.000889225 0.00209255 -4.65977e-5; 0.000381259 0.000596186 -0.000616723 0.0905943 0.0551288 -0.106164 -0.00560698; 0.000357725 0.000408605 -0.000889225 0.0551288 0.0448018 -0.0939929 -0.00341165; 0.00252385 -0.00235096 0.00209255 -0.106164 -0.0939929 0.232825 0.0129084; 0.00273312 -0.00142082 -4.65977e-5 -0.00560698 -0.00341165 0.0129084 0.00598281]
Loglik: -141487.1606 
Loglik values on different cores:
[-1.41592e5,-1.41574e5,-1.41627e5,-1.41625e5,-1.41665e5,-1.41618e5,-1.41611e5,-1.41628e5,-1.41607e5,-141640.0]
Percentage done: 33.00 % 
Acceptance rate on iteration 3201 to 3300 is 0.0000
Covariance:
[0.00575938 -0.00160634 -4.56218e-5 0.000381259 0.000357725 0.00252385 0.00273312; -0.00160634 0.000715597 1.47952e-5 0.000596186 0.000408605 -0.00235096 -0.00142082; -4.56218e-5 1.47952e-5 7.10787e-5 -0.000616723 -0.000889225 0.00209255 -4.65977e-5; 0.000381259 0.000596186 -0.000616723 0.0905943 0.0551288 -0.106164 -0.00560698; 0.000357725 0.000408605 -0.000889225 0.0551288 0.0448018 -0.0939929 -0.00341165; 0.00252385 -0.00235096 0.00209255 -0.106164 -0.0939929 0.232825 0.0129084; 0.00273312 -0.00142082 -4.65977e-5 -0.00560698 -0.00341165 0.0129084 0.00598281]
Loglik: -141487.1606 
Loglik values on different cores:
[-1.41623e5,-1.41611e5,-1.41638e5,-1.41638e5,-1.41648e5,-1.41654e5,-1.41641e5,-1.41624e5,-1.41626e5,-1.41629e5]
Percentage done: 34.00 % 
Acceptance rate on iteration 3301 to 3400 is 0.0000
Covariance:
[0.00575938 -0.00160634 -4.56218e-5 0.000381259 0.000357725 0.00252385 0.00273312; -0.00160634 0.000715597 1.47952e-5 0.000596186 0.000408605 -0.00235096 -0.00142082; -4.56218e-5 1.47952e-5 7.10787e-5 -0.000616723 -0.000889225 0.00209255 -4.65977e-5; 0.000381259 0.000596186 -0.000616723 0.0905943 0.0551288 -0.106164 -0.00560698; 0.000357725 0.000408605 -0.000889225 0.0551288 0.0448018 -0.0939929 -0.00341165; 0.00252385 -0.00235096 0.00209255 -0.106164 -0.0939929 0.232825 0.0129084; 0.00273312 -0.00142082 -4.65977e-5 -0.00560698 -0.00341165 0.0129084 0.00598281]
Loglik: -141487.1606 
Loglik values on different cores:
[-141588.0,-1.41601e5,-1.41616e5,-1.41631e5,-1.41599e5,-1.41618e5,-141604.0,-141605.0,-1.41575e5,-1.4163e5]
Percentage done: 35.00 % 
Acceptance rate on iteration 3401 to 3500 is 0.0000
Covariance:
[0.00575938 -0.00160634 -4.56218e-5 0.000381259 0.000357725 0.00252385 0.00273312; -0.00160634 0.000715597 1.47952e-5 0.000596186 0.000408605 -0.00235096 -0.00142082; -4.56218e-5 1.47952e-5 7.10787e-5 -0.000616723 -0.000889225 0.00209255 -4.65977e-5; 0.000381259 0.000596186 -0.000616723 0.0905943 0.0551288 -0.106164 -0.00560698; 0.000357725 0.000408605 -0.000889225 0.0551288 0.0448018 -0.0939929 -0.00341165; 0.00252385 -0.00235096 0.00209255 -0.106164 -0.0939929 0.232825 0.0129084; 0.00273312 -0.00142082 -4.65977e-5 -0.00560698 -0.00341165 0.0129084 0.00598281]
Loglik: -141487.1606 
Loglik values on different cores:
[-1.41636e5,-141619.0,-1.41632e5,-1.41624e5,-141613.0,-1.41641e5,-141627.0,-1.41642e5,-1.41615e5,-1.41581e5]
Percentage done: 36.00 % 
Acceptance rate on iteration 3501 to 3600 is 0.0000
Covariance:
