run Normal prior model
#####################################################################
Starting MCMC with adaptive RW estimating 7 parameters
Algorithm: MCWM
Adaptation algorithm: AMUpdate_gen
Prior distribution: Normal
Particel filter: parallel_bootstrap, on 10 cores
Iteration: 1
Covariance:
[0.142857 0.0 0.0 0.0 0.0 0.0 0.0; 0.0 0.142857 0.0 0.0 0.0 0.0 0.0; 0.0 0.0 0.142857 0.0 0.0 0.0 0.0; 0.0 0.0 0.0 0.142857 0.0 0.0 0.0; 0.0 0.0 0.0 0.0 0.142857 0.0 0.0; 0.0 0.0 0.0 0.0 0.0 0.142857 0.0; 0.0 0.0 0.0 0.0 0.0 0.0 0.142857]
	From worker 2:	ESS: 172.7089
	From worker 2:	Nbr resample: 24799 
	From worker 8:	ESS: 171.6554
	From worker 8:	Nbr resample: 24799 
	From worker 11:	ESS: 176.0710
	From worker 11:	Nbr resample: 24799 
	From worker 9:	ESS: 175.1504
	From worker 9:	Nbr resample: 24799 
	From worker 6:	ESS: 179.5864
	From worker 6:	Nbr resample: 24799 
	From worker 4:	ESS: 174.3879
	From worker 7:	ESS: 170.6578
	From worker 4:	Nbr resample: 24799 
	From worker 7:	Nbr resample: 24799 
	From worker 3:	ESS: 168.8615
	From worker 10:	ESS: 171.5797
	From worker 3:	Nbr resample: 24799 
	From worker 10:	Nbr resample: 24799 
	From worker 5:	ESS: 169.3896
	From worker 5:	Nbr resample: 24799 
Loglik: -164201.6300 
Percentage done: 10.00 % 
Acceptance rate on iteration 1 to 100 is 0.0000
Covariance:
[0.00260425 -3.34938e-34 -5.35901e-33 0.0 5.02407e-34 5.02407e-34 6.69876e-34; -3.34938e-34 0.00260425 1.0718e-32 0.0 -1.00481e-33 -1.00481e-33 -1.33975e-33; -5.35901e-33 1.0718e-32 0.00260425 0.0 -1.6077e-32 -1.6077e-32 -2.1436e-32; 0.0 0.0 0.0 0.00260425 0.0 0.0 0.0; 5.02407e-34 -1.00481e-33 -1.6077e-32 0.0 0.00260425 1.50722e-33 2.00963e-33; 5.02407e-34 -1.00481e-33 -1.6077e-32 0.0 1.50722e-33 0.00260425 2.00963e-33; 6.69876e-34 -1.33975e-33 -2.1436e-32 0.0 2.00963e-33 2.00963e-33 0.00260425]
Loglik: -164201.6300 
Loglik values on different cores:
[-1.64205e5,-1.64224e5,-1.64233e5,-1.64231e5,-1.64239e5,-164214.0,-164223.0,-1.64222e5,-1.64223e5,-1.64257e5]
	From worker 7:	ESS: 169.3419
	From worker 7:	Nbr resample: 24799 
	From worker 6:	ESS: 167.5273
	From worker 6:	Nbr resample: 24799 
	From worker 4:	ESS: 162.7888
	From worker 4:	Nbr resample: 24799 
	From worker 5:	ESS: 163.5108
	From worker 5:	Nbr resample: 24799 
	From worker 8:	ESS: 163.9455
	From worker 8:	Nbr resample: 24799 
	From worker 9:	ESS: 158.5752
	From worker 9:	Nbr resample: 24799 
	From worker 11:	ESS: 156.0893
	From worker 11:	Nbr resample: 24799 
	From worker 10:	ESS: 158.2748
	From worker 10:	Nbr resample: 24799 
	From worker 3:	ESS: 155.7289
	From worker 3:	Nbr resample: 24799 
	From worker 2:	ESS: 164.0826
	From worker 2:	Nbr resample: 24799 
	From worker 5:	ESS: 173.6686
	From worker 5:	Nbr resample: 24799 
	From worker 6:	ESS: 174.3910
	From worker 6:	Nbr resample: 24799 
	From worker 4:	ESS: 177.0511
	From worker 4:	Nbr resample: 24799 
	From worker 8:	ESS: 169.3135
	From worker 8:	Nbr resample: 24799 
	From worker 9:	ESS: 175.3432
	From worker 9:	Nbr resample: 24799 
	From worker 11:	ESS: 176.9438
	From worker 11:	Nbr resample: 24799 
	From worker 3:	ESS: 168.7933
	From worker 3:	Nbr resample: 24799 
	From worker 7:	ESS: 175.1404
	From worker 7:	Nbr resample: 24799 
	From worker 10:	ESS: 171.7275
	From worker 10:	Nbr resample: 24799 
	From worker 2:	ESS: 178.7474
	From worker 2:	Nbr resample: 24799 
Percentage done: 20.00 % 
Acceptance rate on iteration 101 to 200 is 0.1313
Covariance:
[0.000340351 1.00035e-5 5.88407e-6 -4.21375e-5 -5.65288e-6 -7.65897e-6 2.41398e-5; 1.00035e-5 0.000351711 1.23201e-5 -6.13478e-5 -1.21083e-5 -6.08925e-6 -1.44016e-5; 5.88407e-6 1.23201e-5 0.000309477 -9.66541e-6 -7.35771e-7 -1.18801e-6 -4.35028e-6; -4.21375e-5 -6.13478e-5 -9.66541e-6 0.00051765 5.84399e-5 3.00431e-5 -4.73706e-5; -5.65288e-6 -1.21083e-5 -7.35771e-7 5.84399e-5 0.000321486 8.49938e-6 -1.35922e-5; -7.65897e-6 -6.08925e-6 -1.18801e-6 3.00431e-5 8.49938e-6 0.000309644 -7.48082e-6; 2.41398e-5 -1.44016e-5 -4.35028e-6 -4.73706e-5 -1.35922e-5 -7.48082e-6 0.000354364]
Loglik: -163981.9813 
Loglik values on different cores:
[-1.63973e5,-1.63999e5,-1.64007e5,-1.63996e5,-1.63983e5,-1.64001e5,-1.63986e5,-1.64008e5,-1.64005e5,-164026.0]
	From worker 7:	ESS: 166.5255
	From worker 7:	Nbr resample: 24799 
	From worker 4:	ESS: 168.5883
	From worker 4:	Nbr resample: 24799 
	From worker 9:	ESS: 174.3618
	From worker 9:	Nbr resample: 24799 
	From worker 10:	ESS: 171.0857
	From worker 10:	Nbr resample: 24799 
	From worker 8:	ESS: 171.1363
	From worker 8:	Nbr resample: 24799 
	From worker 11:	ESS: 171.2232
	From worker 11:	Nbr resample: 24799 
	From worker 5:	ESS: 172.8329
	From worker 5:	Nbr resample: 24799 
	From worker 2:	ESS: 174.3146
	From worker 2:	Nbr resample: 24799 
	From worker 6:	ESS: 179.3797
	From worker 6:	Nbr resample: 24799 
	From worker 3:	ESS: 177.7421
	From worker 3:	Nbr resample: 24799 
	From worker 5:	ESS: 175.1417
	From worker 5:	Nbr resample: 24799 
	From worker 6:	ESS: 174.6157
	From worker 6:	Nbr resample: 24799 
	From worker 8:	ESS: 178.6350
	From worker 8:	Nbr resample: 24799 
	From worker 11:	ESS: 179.7063
	From worker 11:	Nbr resample: 24799 
	From worker 3:	ESS: 180.5625
	From worker 3:	Nbr resample: 24799 
	From worker 2:	ESS: 182.0816
	From worker 2:	Nbr resample: 24799 
	From worker 7:	ESS: 176.4207
	From worker 7:	Nbr resample: 24799 
	From worker 4:	ESS: 166.0816
	From worker 4:	Nbr resample: 24799 
	From worker 9:	ESS: 173.5211
	From worker 9:	Nbr resample: 24799 
	From worker 10:	ESS: 171.9671
	From worker 10:	Nbr resample: 24799 
Percentage done: 30.00 % 
Acceptance rate on iteration 201 to 300 is 0.1010
Covariance:
[8.95804e-5 -2.25315e-6 1.45662e-6 4.40777e-5 1.31764e-5 -7.78032e-6 -5.8238e-6; -2.25315e-6 8.31281e-5 3.0055e-6 -3.20275e-5 -7.46437e-6 1.47369e-6 -1.04459e-6; 1.45662e-6 3.0055e-6 7.11055e-5 -2.63173e-6 -2.48321e-7 -2.26876e-7 -1.55924e-6; 4.40777e-5 -3.20275e-5 -2.63173e-6 0.000445615 9.97799e-5 -2.34479e-5 -9.31185e-5; 1.31764e-5 -7.46437e-6 -2.48321e-7 9.97799e-5 9.62365e-5 -6.08947e-6 -2.46331e-5; -7.78032e-6 1.47369e-6 -2.26876e-7 -2.34479e-5 -6.08947e-6 7.4373e-5 4.94659e-6; -5.8238e-6 -1.04459e-6 -1.55924e-6 -9.31185e-5 -2.46331e-5 4.94659e-6 0.000109868]
Loglik: -163861.4154 
Loglik values on different cores:
[-1.63848e5,-1.6389e5,-1.6388e5,-1.63896e5,-1.63876e5,-1.63898e5,-1.63843e5,-1.63828e5,-1.63911e5,-1.63858e5]
	From worker 4:	ESS: 178.9350
	From worker 4:	Nbr resample: 24799 
	From worker 9:	ESS: 182.9228
	From worker 9:	Nbr resample: 24799 
	From worker 8:	ESS: 171.7031
	From worker 8:	Nbr resample: 24799 
	From worker 11:	ESS: 176.0735
	From worker 11:	Nbr resample: 24799 
	From worker 10:	ESS: 178.4591
	From worker 10:	Nbr resample: 24799 
	From worker 7:	ESS: 180.0708
	From worker 7:	Nbr resample: 24799 
	From worker 5:	ESS: 172.8707
	From worker 5:	Nbr resample: 24799 
	From worker 6:	ESS: 169.9271
	From worker 6:	Nbr resample: 24799 
	From worker 2:	ESS: 184.5104
	From worker 2:	Nbr resample: 24799 
	From worker 3:	ESS: 170.8457
	From worker 3:	Nbr resample: 24799 
	From worker 3:	ESS: 177.8960
	From worker 3:	Nbr resample: 24799 
	From worker 2:	ESS: 168.5384
	From worker 2:	Nbr resample: 24799 
	From worker 6:	ESS: 173.3902
	From worker 6:	Nbr resample: 24799 
	From worker 7:	ESS: 166.3790
	From worker 7:	Nbr resample: 24799 
	From worker 5:	ESS: 175.2615
	From worker 5:	Nbr resample: 24799 
	From worker 4:	ESS: 176.3526
	From worker 4:	Nbr resample: 24799 
	From worker 8:	ESS: 182.1014
	From worker 8:	Nbr resample: 24799 
	From worker 11:	ESS: 179.2377
	From worker 11:	Nbr resample: 24799 
	From worker 9:	ESS: 172.6400
	From worker 9:	Nbr resample: 24799 
	From worker 10:	ESS: 177.8441
	From worker 10:	Nbr resample: 24799 
Percentage done: 40.00 % 
Acceptance rate on iteration 301 to 400 is 0.2121
Covariance:
[8.27354e-5 -1.33814e-5 -8.28903e-7 0.000142224 4.00434e-5 -5.47671e-5 -2.65646e-5; -1.33814e-5 3.89242e-5 1.19081e-6 -4.9789e-5 -1.32811e-5 1.58815e-5 7.97012e-6; -8.28903e-7 1.19081e-6 2.89211e-5 -5.4479e-6 -1.27792e-6 1.71086e-6 4.34758e-8; 0.000142224 -4.9789e-5 -5.4479e-6 0.000534649 0.000138914 -0.000156251 -0.000109844; 4.00434e-5 -1.32811e-5 -1.27792e-6 0.000138914 6.64385e-5 -4.39502e-5 -2.99301e-5; -5.47671e-5 1.58815e-5 1.71086e-6 -0.000156251 -4.39502e-5 9.30804e-5 3.16566e-5; -2.65646e-5 7.97012e-6 4.34758e-8 -0.000109844 -2.99301e-5 3.16566e-5 6.0321e-5]
Loglik: -163733.5262 
Loglik values on different cores:
[-1.63754e5,-1.6375e5,-1.63747e5,-1.63722e5,-1.63754e5,-1.63808e5,-1.6375e5,-1.63751e5,-163749.0,-1.63757e5]
	From worker 9:	ESS: 177.5076
	From worker 9:	Nbr resample: 24799 
	From worker 10:	ESS: 176.4345
	From worker 10:	Nbr resample: 24799 
	From worker 3:	ESS: 182.1995
	From worker 3:	Nbr resample: 24799 
	From worker 2:	ESS: 178.8331
	From worker 2:	Nbr resample: 24799 
	From worker 7:	ESS: 177.8401
	From worker 7:	Nbr resample: 24799 
	From worker 4:	ESS: 174.2079
	From worker 4:	Nbr resample: 24799 
	From worker 8:	ESS: 174.6722
	From worker 8:	Nbr resample: 24799 
	From worker 6:	ESS: 180.2352
	From worker 6:	Nbr resample: 24799 
	From worker 5:	ESS: 172.9638
	From worker 5:	Nbr resample: 24799 
	From worker 11:	ESS: 178.5917
	From worker 11:	Nbr resample: 24799 
	From worker 7:	ESS: 180.8734
	From worker 7:	Nbr resample: 24799 
	From worker 5:	ESS: 182.0614
	From worker 5:	Nbr resample: 24799 
	From worker 4:	ESS: 177.1554
	From worker 4:	Nbr resample: 24799 
	From worker 6:	ESS: 172.0547
	From worker 6:	Nbr resample: 24799 
	From worker 8:	ESS: 176.6644
	From worker 8:	Nbr resample: 24799 
	From worker 11:	ESS: 177.8512
	From worker 11:	Nbr resample: 24799 
	From worker 10:	ESS: 174.7720
	From worker 10:	Nbr resample: 24799 
	From worker 9:	ESS: 176.5640
	From worker 9:	Nbr resample: 24799 
	From worker 3:	ESS: 185.0317
	From worker 3:	Nbr resample: 24799 
	From worker 2:	ESS: 180.8187
	From worker 2:	Nbr resample: 24799 
Percentage done: 50.00 % 
Acceptance rate on iteration 401 to 500 is 0.2727
Covariance:
[0.000382971 -0.000111105 -3.7469e-6 0.000688927 0.000174576 -0.000309158 -0.000131822; -0.000111105 5.35476e-5 1.26122e-6 -0.000215257 -5.45546e-5 9.51052e-5 4.04215e-5; -3.7469e-6 1.26122e-6 1.59948e-5 -8.47242e-6 -1.80866e-6 3.01082e-6 1.04183e-6; 0.000688927 -0.000215257 -8.47242e-6 0.00139986 0.000353277 -0.000593019 -0.000273775; 0.000174576 -5.45546e-5 -1.80866e-6 0.000353277 0.000105701 -0.000151414 -7.00477e-5; -0.000309158 9.51052e-5 3.01082e-6 -0.000593019 -0.000151414 0.000283652 0.0001153; -0.000131822 4.04215e-5 1.04183e-6 -0.000273775 -7.00477e-5 0.0001153 7.45001e-5]
Loglik: -163537.1185 
Loglik values on different cores:
[-1.63546e5,-1.63564e5,-1.63556e5,-163563.0,-1.6359e5,-1.63539e5,-1.63565e5,-1.6358e5,-163578.0,-1.63549e5]
	From worker 4:	ESS: 179.2705
	From worker 4:	Nbr resample: 24799 
	From worker 6:	ESS: 178.1805
	From worker 6:	Nbr resample: 24799 
	From worker 8:	ESS: 177.2535
	From worker 8:	Nbr resample: 24799 
	From worker 9:	ESS: 179.8129
	From worker 9:	Nbr resample: 24799 
	From worker 11:	ESS: 181.7054
	From worker 11:	Nbr resample: 24799 
	From worker 10:	ESS: 171.5415
	From worker 10:	Nbr resample: 24799 
	From worker 3:	ESS: 174.6505
	From worker 3:	Nbr resample: 24799 
	From worker 7:	ESS: 176.3463
	From worker 7:	Nbr resample: 24799 
	From worker 2:	ESS: 177.0751
	From worker 2:	Nbr resample: 24799 
	From worker 5:	ESS: 180.4832
	From worker 5:	Nbr resample: 24799 
	From worker 7:	ESS: 170.1702
	From worker 7:	Nbr resample: 24799 
	From worker 5:	ESS: 178.1630
	From worker 5:	Nbr resample: 24799 
	From worker 4:	ESS: 174.9001
	From worker 4:	Nbr resample: 24799 
	From worker 6:	ESS: 181.9151
	From worker 6:	Nbr resample: 24799 
	From worker 8:	ESS: 178.5253
	From worker 8:	Nbr resample: 24799 
	From worker 9:	ESS: 176.5916
	From worker 9:	Nbr resample: 24799 
	From worker 11:	ESS: 175.0521
	From worker 11:	Nbr resample: 24799 
	From worker 3:	ESS: 183.0727
	From worker 3:	Nbr resample: 24799 
	From worker 10:	ESS: 178.7104
	From worker 10:	Nbr resample: 24799 
	From worker 2:	ESS: 179.5027
	From worker 2:	Nbr resample: 24799 
Percentage done: 60.00 % 
Acceptance rate on iteration 501 to 600 is 0.4141
Covariance:
[0.00247915 -0.000604153 -7.35044e-5 0.00426582 0.000999333 -0.00174014 -0.000680237; -0.000604153 0.00016721 1.76141e-5 -0.00105067 -0.000246897 0.000428008 0.00016964; -7.35044e-5 1.76141e-5 1.3922e-5 -0.000127408 -2.93082e-5 5.14412e-5 1.98168e-5; 0.00426582 -0.00105067 -0.000127408 0.00745564 0.00174848 -0.00302324 -0.00119909; 0.000999333 -0.000246897 -2.93082e-5 0.00174848 0.000422029 -0.000710716 -0.000282919; -0.00174014 0.000428008 5.14412e-5 -0.00302324 -0.000710716 0.00124994 0.000486354; -0.000680237 0.00016964 1.98168e-5 -0.00119909 -0.000282919 0.000486354 0.000210741]
Loglik: -163331.4064 
Loglik values on different cores:
[-1.63396e5,-1.63417e5,-1.63355e5,-1.63359e5,-1.63435e5,-163363.0,-1.63371e5,-1.63382e5,-1.63416e5,-1.63351e5]
	From worker 4:	ESS: 164.0723
	From worker 4:	Nbr resample: 24799 
	From worker 7:	ESS: 175.1406
	From worker 7:	Nbr resample: 24799 
	From worker 9:	ESS: 165.1082
	From worker 9:	Nbr resample: 24799 
	From worker 8:	ESS: 164.3437
	From worker 8:	Nbr resample: 24799 
	From worker 11:	ESS: 174.3910
	From worker 11:	Nbr resample: 24799 
	From worker 6:	ESS: 173.3197
	From worker 6:	Nbr resample: 24799 
	From worker 5:	ESS: 174.3311
	From worker 5:	Nbr resample: 24799 
	From worker 2:	ESS: 171.2708
	From worker 2:	Nbr resample: 24799 
	From worker 3:	ESS: 177.2431
	From worker 3:	Nbr resample: 24799 
	From worker 10:	ESS: 169.4888
	From worker 10:	Nbr resample: 24799 
	From worker 5:	ESS: 158.8902
	From worker 5:	Nbr resample: 24799 
	From worker 6:	ESS: 175.5776
	From worker 6:	Nbr resample: 24799 
	From worker 10:	ESS: 169.7410
	From worker 10:	Nbr resample: 24799 
	From worker 3:	ESS: 158.8823
	From worker 3:	Nbr resample: 24799 
	From worker 2:	ESS: 173.7854
	From worker 2:	Nbr resample: 24799 
	From worker 8:	ESS: 172.2460
	From worker 8:	Nbr resample: 24799 
	From worker 7:	ESS: 175.9709
	From worker 7:	Nbr resample: 24799 
	From worker 4:	ESS: 178.4464
	From worker 4:	Nbr resample: 24799 
	From worker 9:	ESS: 150.2286
	From worker 9:	Nbr resample: 24799 
	From worker 11:	ESS: 169.8212
	From worker 11:	Nbr resample: 24799 
Percentage done: 70.00 % 
Acceptance rate on iteration 601 to 700 is 0.4242
Covariance:
[0.0048364 -0.000888939 -8.24285e-5 0.00773146 0.00177069 -0.00326375 -0.00114449; -0.000888939 0.000194718 1.69484e-5 -0.00146662 -0.000338271 0.000609146 0.000222233; -8.24285e-5 1.69484e-5 1.08471e-5 -0.000137313 -3.14657e-5 5.62777e-5 2.06265e-5; 0.00773146 -0.00146662 -0.000137313 0.0125361 0.00287654 -0.00525287 -0.00187133; 0.00177069 -0.000338271 -3.14657e-5 0.00287654 0.00066936 -0.00120559 -0.000431064; -0.00326375 0.000609146 5.62777e-5 -0.00525287 -0.00120559 0.00222642 0.000782693; -0.00114449 0.000222233 2.06265e-5 -0.00187133 -0.000431064 0.000782693 0.000293998]
Loglik: -163302.6408 
Loglik values on different cores:
[-1.63335e5,-1.63349e5,-1.63346e5,-1.6334e5,-1.63357e5,-163370.0,-1.63346e5,-1.63338e5,-1.63379e5,-1.63372e5]
	From worker 5:	ESS: 134.7354
	From worker 5:	Nbr resample: 24799 
	From worker 9:	ESS: 174.1438
	From worker 9:	Nbr resample: 24799 
	From worker 8:	ESS: 161.1127
	From worker 8:	Nbr resample: 24799 
	From worker 11:	ESS: 152.8332
	From worker 11:	Nbr resample: 24799 
	From worker 10:	ESS: 150.2012
	From worker 10:	Nbr resample: 24799 
	From worker 3:	ESS: 146.9792
	From worker 3:	Nbr resample: 24799 
	From worker 4:	ESS: 169.0000
	From worker 4:	Nbr resample: 24799 
	From worker 2:	ESS: 159.1592
	From worker 2:	Nbr resample: 24799 
	From worker 6:	ESS: 148.9694
	From worker 6:	Nbr resample: 24799 
	From worker 7:	ESS: 144.7950
	From worker 7:	Nbr resample: 24799 
	From worker 7:	ESS: 166.2965
	From worker 7:	Nbr resample: 24799 
	From worker 4:	ESS: 136.5067
	From worker 4:	Nbr resample: 24799 
	From worker 9:	ESS: 153.7555
	From worker 9:	Nbr resample: 24799 
	From worker 6:	ESS: 173.4870
	From worker 6:	Nbr resample: 24799 
	From worker 3:	ESS: 159.5622
	From worker 3:	Nbr resample: 24799 
	From worker 2:	ESS: 171.0030
	From worker 2:	Nbr resample: 24799 
	From worker 10:	ESS: 153.3042
	From worker 10:	Nbr resample: 24799 
	From worker 8:	ESS: 167.5746
	From worker 8:	Nbr resample: 24799 
	From worker 5:	ESS: 162.5043
	From worker 5:	Nbr resample: 24799 
	From worker 11:	ESS: 138.8737
	From worker 11:	Nbr resample: 24799 
Percentage done: 80.00 % 
Acceptance rate on iteration 701 to 800 is 0.3333
Covariance:
[0.00490749 -0.000715116 -4.9253e-5 0.0072946 0.00167132 -0.00330838 -0.00119296; -0.000715116 0.000153772 1.2773e-5 -0.00117759 -0.000268621 0.000488614 0.00017214; -4.9253e-5 1.2773e-5 8.15928e-6 -9.07824e-5 -2.04517e-5 3.38208e-5 1.10991e-5; 0.0072946 -0.00117759 -9.07824e-5 0.0112224 0.00256599 -0.00494398 -0.00177236; 0.00167132 -0.000268621 -2.04517e-5 0.00256599 0.00059406 -0.00113461 -0.000409814; -0.00330838 0.000488614 3.38208e-5 -0.00494398 -0.00113461 0.00224778 0.000811951; -0.00119296 0.00017214 1.10991e-5 -0.00177236 -0.000409814 0.000811951 0.000312696]
Loglik: -163359.5670 
Loglik values on different cores:
[-1.63379e5,-1.63388e5,-1.63372e5,-1.63391e5,-1.63394e5,-1.6338e5,-1.63398e5,-1.63364e5,-1.63364e5,-1.63401e5]
	From worker 4:	ESS: 171.7933
	From worker 4:	Nbr resample: 24799 
	From worker 9:	ESS: 163.3361
	From worker 9:	Nbr resample: 24799 
	From worker 2:	ESS: 135.9165
	From worker 2:	Nbr resample: 24799 
	From worker 7:	ESS: 171.5476
	From worker 7:	Nbr resample: 24799 
	From worker 5:	ESS: 153.8828
	From worker 5:	Nbr resample: 24799 
	From worker 6:	ESS: 154.5157
	From worker 6:	Nbr resample: 24799 
	From worker 10:	ESS: 169.0745
	From worker 10:	Nbr resample: 24799 
	From worker 8:	ESS: 148.0611
	From worker 8:	Nbr resample: 24799 
	From worker 3:	ESS: 161.7153
	From worker 3:	Nbr resample: 24799 
	From worker 11:	ESS: 153.9265
	From worker 11:	Nbr resample: 24799 
	From worker 5:	ESS: 169.1431
	From worker 5:	Nbr resample: 24799 
	From worker 7:	ESS: 166.0251
	From worker 7:	Nbr resample: 24799 
	From worker 6:	ESS: 161.0547
	From worker 6:	Nbr resample: 24799 
	From worker 8:	ESS: 154.3029
	From worker 8:	Nbr resample: 24799 
	From worker 11:	ESS: 172.8104
	From worker 11:	Nbr resample: 24799 
	From worker 3:	ESS: 156.0212
	From worker 3:	Nbr resample: 24799 
	From worker 10:	ESS: 179.8937
	From worker 10:	Nbr resample: 24799 
	From worker 4:	ESS: 142.5271
	From worker 4:	Nbr resample: 24799 
	From worker 9:	ESS: 148.4470
	From worker 9:	Nbr resample: 24799 
	From worker 2:	ESS: 161.1611
	From worker 2:	Nbr resample: 24799 
Percentage done: 90.00 % 
Acceptance rate on iteration 801 to 900 is 0.2828
Covariance:
[0.00351874 -0.000469603 -2.787e-5 0.00507849 0.00117195 -0.00239018 -0.000934694; -0.000469603 0.000112409 1.0261e-5 -0.00081478 -0.000183746 0.000317528 9.45526e-5; -2.787e-5 1.0261e-5 6.12404e-6 -6.21046e-5 -1.33168e-5 1.83837e-5 2.52196e-6; 0.00507849 -0.00081478 -6.21046e-5 0.00781677 0.00178798 -0.00344696 -0.00123517; 0.00117195 -0.000183746 -1.33168e-5 0.00178798 0.000415285 -0.000797448 -0.000291493; -0.00239018 0.000317528 1.83837e-5 -0.00344696 -0.000797448 0.00163871 0.000652714; -0.000934694 9.45526e-5 2.52196e-6 -0.00123517 -0.000291493 0.000652714 0.000329045]
Loglik: -163313.2557 
Loglik values on different cores:
[-1.63352e5,-1.63356e5,-1.63354e5,-163343.0,-1.6333e5,-1.63365e5,-1.63341e5,-1.63355e5,-1.63361e5,-1.63327e5]
	From worker 4:	ESS: 149.7196
	From worker 4:	Nbr resample: 24799 
	From worker 7:	ESS: 175.0433
	From worker 7:	Nbr resample: 24799 
	From worker 8:	ESS: 173.3012
	From worker 8:	Nbr resample: 24799 
	From worker 3:	ESS: 173.1943
	From worker 3:	Nbr resample: 24799 
	From worker 10:	ESS: 168.0721
	From worker 10:	Nbr resample: 24799 
	From worker 5:	ESS: 179.0705
	From worker 5:	Nbr resample: 24799 
	From worker 6:	ESS: 172.7786
	From worker 6:	Nbr resample: 24799 
	From worker 11:	ESS: 163.9636
	From worker 11:	Nbr resample: 24799 
	From worker 9:	ESS: 172.7398
	From worker 9:	Nbr resample: 24799 
	From worker 2:	ESS: 179.2557
	From worker 2:	Nbr resample: 24799 
	From worker 5:	ESS: 143.3028
	From worker 5:	Nbr resample: 24799 
	From worker 6:	ESS: 146.6838
	From worker 6:	Nbr resample: 24799 
	From worker 9:	ESS: 157.7191
	From worker 9:	Nbr resample: 24799 
	From worker 11:	ESS: 145.2030
	From worker 11:	Nbr resample: 24799 
	From worker 2:	ESS: 169.1959
	From worker 2:	Nbr resample: 24799 
	From worker 7:	ESS: 148.2337
	From worker 7:	Nbr resample: 24799 
	From worker 8:	ESS: 153.5273
	From worker 8:	Nbr resample: 24799 
	From worker 4:	ESS: 149.2208
	From worker 4:	Nbr resample: 24799 
	From worker 3:	ESS: 162.9051
	From worker 3:	Nbr resample: 24799 
	From worker 10:	ESS: 170.2026
	From worker 10:	Nbr resample: 24799 
Ending MCMC with adaptive RW estimating 7 parameters
Algorithm: MCWM
Adaptation algorithm: AMUpdate_gen
Prior distribution: Normal
Particel filter: parallel_bootstrap, on 10 cores
#####################################################################
elapsed time: 3790.940095555 seconds
