run Normal prior model
#####################################################################
Starting MCMC with adaptive RW estimating 7 parameters
Algorithm: MCWM
Adaptation algorithm: AMUpdate_gen
Prior distribution: Normal
Particel filter: parallel_bootstrap, on 10 cores
Iteration: 1
Covariance:
[0.142857 0.0 0.0 0.0 0.0 0.0 0.0; 0.0 0.142857 0.0 0.0 0.0 0.0 0.0; 0.0 0.0 0.142857 0.0 0.0 0.0 0.0; 0.0 0.0 0.0 0.142857 0.0 0.0 0.0; 0.0 0.0 0.0 0.0 0.142857 0.0 0.0; 0.0 0.0 0.0 0.0 0.0 0.142857 0.0; 0.0 0.0 0.0 0.0 0.0 0.0 0.142857]
	From worker 2:	ESS: 130.5208
	From worker 2:	Nbr resample: 35354 
	From worker 3:	ESS: 130.0711
	From worker 3:	Nbr resample: 35354 
	From worker 6:	ESS: 137.7938
	From worker 6:	Nbr resample: 35354 
	From worker 4:	ESS: 147.8758
	From worker 4:	Nbr resample: 35354 
	From worker 10:	ESS: 135.9985
	From worker 8:	ESS: 131.5820
	From worker 10:	Nbr resample: 35354 
	From worker 8:	Nbr resample: 35354 
	From worker 9:	ESS: 135.4357
	From worker 9:	Nbr resample: 35354 
	From worker 7:	ESS: 130.0740
	From worker 7:	Nbr resample: 35354 
	From worker 5:	ESS: 142.8423
	From worker 5:	Nbr resample: 35354 
	From worker 11:	ESS: 135.4110
	From worker 11:	Nbr resample: 35354 
Loglik: -235330.7796 
Percentage done: 0.50 % 
Acceptance rate on iteration 1 to 100 is 0.1010
Covariance:
[0.00703943 -0.000504185 -0.00191676 0.000671479 -0.000657183 -0.00140258 0.00218617; -0.000504185 0.0043326 0.000215878 1.72807e-5 0.000140005 -0.000293651 -0.000488009; -0.00191676 0.000215878 0.00972854 -0.00258178 -0.00117326 0.00570548 -0.000619596; 0.000671479 1.72807e-5 -0.00258178 0.00589641 0.00066654 -0.00277136 2.79567e-5; -0.000657183 0.000140005 -0.00117326 0.00066654 0.00510608 -0.00125024 -0.000678344; -0.00140258 -0.000293651 0.00570548 -0.00277136 -0.00125024 0.0124598 0.000309573; 0.00218617 -0.000488009 -0.000619596 2.79567e-5 -0.000678344 0.000309573 0.0061205]
Loglik: -234091.8086 
Loglik values on different cores:
[-2.34148e5,-2.34136e5,-2.34109e5,-2.34127e5,-2.34143e5,-2.34165e5,-2.34118e5,-234137.0,-2.34122e5,-2.34102e5]
	From worker 7:	ESS: 123.1254
	From worker 7:	Nbr resample: 35354 
	From worker 2:	ESS: 120.3812
	From worker 2:	Nbr resample: 35354 
	From worker 6:	ESS: 121.3023
	From worker 6:	Nbr resample: 35354 
	From worker 4:	ESS: 121.8931
	From worker 4:	Nbr resample: 35354 
	From worker 8:	ESS: 118.5384
	From worker 8:	Nbr resample: 35354 
	From worker 5:	ESS: 113.0202
	From worker 5:	Nbr resample: 35354 
	From worker 10:	ESS: 112.5484
	From worker 10:	Nbr resample: 35354 
	From worker 9:	ESS: 121.0829
	From worker 9:	Nbr resample: 35354 
	From worker 3:	ESS: 119.1384
	From worker 3:	Nbr resample: 35354 
	From worker 11:	ESS: 114.3373
	From worker 11:	Nbr resample: 35354 
	From worker 2:	ESS: 112.3605
	From worker 2:	Nbr resample: 35354 
	From worker 4:	ESS: 113.9109
	From worker 4:	Nbr resample: 35354 
	From worker 6:	ESS: 115.9937
	From worker 6:	Nbr resample: 35354 
	From worker 8:	ESS: 109.2366
	From worker 8:	Nbr resample: 35354 
	From worker 10:	ESS: 112.3362
	From worker 10:	Nbr resample: 35354 
	From worker 9:	ESS: 106.9170
	From worker 9:	Nbr resample: 35354 
	From worker 7:	ESS: 121.7000
	From worker 7:	Nbr resample: 35354 
	From worker 5:	ESS: 114.4783
	From worker 5:	Nbr resample: 35354 
	From worker 3:	ESS: 116.4899
	From worker 3:	Nbr resample: 35354 
	From worker 11:	ESS: 120.2208
	From worker 11:	Nbr resample: 35354 
Percentage done: 1.00 % 
Acceptance rate on iteration 101 to 200 is 0.2828
Covariance:
[0.00216444 -0.00032049 -0.000984934 2.97313e-5 -0.000591749 -0.000300947 0.000837569; -0.00032049 0.000974366 0.000234702 -9.08688e-5 3.37634e-5 0.000186401 -0.000233057; -0.000984934 0.000234702 0.0031612 -0.000632306 0.000462474 0.00129845 -0.000477853; 2.97313e-5 -9.08688e-5 -0.000632306 0.00416973 0.00346702 -0.00438001 -0.000171892; -0.000591749 3.37634e-5 0.000462474 0.00346702 0.00600899 -0.00497858 -0.000701287; -0.000300947 0.000186401 0.00129845 -0.00438001 -0.00497858 0.00884173 0.000151261; 0.000837569 -0.000233057 -0.000477853 -0.000171892 -0.000701287 0.000151261 0.00160783]
Loglik: -234029.5931 
Loglik values on different cores:
[-2.34099e5,-2.34037e5,-2.3406e5,-2.34128e5,-2.34114e5,-2.34124e5,-2.34113e5,-2.34054e5,-2.34058e5,-234105.0]
	From worker 2:	ESS: 122.0773
	From worker 2:	Nbr resample: 35354 
	From worker 6:	ESS: 126.8939
	From worker 6:	Nbr resample: 35354 
	From worker 5:	ESS: 131.3923
	From worker 5:	Nbr resample: 35354 
	From worker 3:	ESS: 129.6963
	From worker 3:	Nbr resample: 35354 
	From worker 7:	ESS: 127.1934
	From worker 7:	Nbr resample: 35354 
	From worker 9:	ESS: 138.5263
	From worker 9:	Nbr resample: 35354 
	From worker 11:	ESS: 122.8715
	From worker 11:	Nbr resample: 35354 
	From worker 4:	ESS: 123.4669
	From worker 4:	Nbr resample: 35354 
	From worker 8:	ESS: 136.0854
	From worker 8:	Nbr resample: 35354 
	From worker 10:	ESS: 119.6343
	From worker 10:	Nbr resample: 35354 
	From worker 7:	ESS: 113.6903
	From worker 7:	Nbr resample: 35354 
	From worker 4:	ESS: 117.9355
	From worker 4:	Nbr resample: 35354 
	From worker 6:	ESS: 127.4130
	From worker 6:	Nbr resample: 35354 
	From worker 8:	ESS: 109.5641
	From worker 8:	Nbr resample: 35354 
	From worker 10:	ESS: 108.4425
	From worker 10:	Nbr resample: 35354 
	From worker 2:	ESS: 112.9615
	From worker 2:	Nbr resample: 35354 
	From worker 9:	ESS: 112.9217
	From worker 9:	Nbr resample: 35354 
	From worker 5:	ESS: 124.7343
	From worker 5:	Nbr resample: 35354 
	From worker 3:	ESS: 115.2066
	From worker 3:	Nbr resample: 35354 
	From worker 11:	ESS: 125.0350
	From worker 11:	Nbr resample: 35354 
Percentage done: 1.50 % 
Acceptance rate on iteration 201 to 300 is 0.3232
Covariance:
[0.00152309 -0.000268701 -0.000284399 -0.00100873 -0.00124192 0.0010118 0.00051372; -0.000268701 0.000433912 5.66431e-5 0.000461611 0.000628111 -0.000530659 -0.000180709; -0.000284399 5.66431e-5 0.00170182 -0.00125141 -0.000367126 0.00127818 -3.40322e-6; -0.00100873 0.000461611 -0.00125141 0.0106964 0.012569 -0.0123575 -0.00168381; -0.00124192 0.000628111 -0.000367126 0.012569 0.0193767 -0.0167817 -0.00237129; 0.0010118 -0.000530659 0.00127818 -0.0123575 -0.0167817 0.0169633 0.00198938; 0.00051372 -0.000180709 -3.40322e-6 -0.00168381 -0.00237129 0.00198938 0.000991391]
Loglik: -234026.9033 
Loglik values on different cores:
[-2.34113e5,-2.34113e5,-2.34149e5,-2.34028e5,-234044.0,-2.34113e5,-2.34118e5,-234118.0,-2.34015e5,-2.34102e5]
	From worker 7:	ESS: 107.1335
	From worker 7:	Nbr resample: 35354 
	From worker 2:	ESS: 115.4448
	From worker 2:	Nbr resample: 35354 
	From worker 4:	ESS: 114.9138
	From worker 4:	Nbr resample: 35354 
	From worker 6:	ESS: 103.1614
	From worker 6:	Nbr resample: 35354 
	From worker 8:	ESS: 111.8913
	From worker 8:	Nbr resample: 35354 
	From worker 10:	ESS: 111.3224
	From worker 10:	Nbr resample: 35354 
	From worker 11:	ESS: 112.0073
	From worker 11:	Nbr resample: 35354 
	From worker 5:	ESS: 111.6366
	From worker 5:	Nbr resample: 35354 
	From worker 3:	ESS: 111.6735
	From worker 3:	Nbr resample: 35354 
	From worker 9:	ESS: 112.8736
	From worker 9:	Nbr resample: 35354 
	From worker 9:	ESS: 115.9985
	From worker 9:	Nbr resample: 35354 
	From worker 3:	ESS: 117.3992
	From worker 3:	Nbr resample: 35354 
	From worker 5:	ESS: 116.2633
	From worker 5:	Nbr resample: 35354 
	From worker 2:	ESS: 124.9010
	From worker 2:	Nbr resample: 35354 
	From worker 7:	ESS: 113.3172
	From worker 7:	Nbr resample: 35354 
	From worker 8:	ESS: 119.1928
	From worker 8:	Nbr resample: 35354 
	From worker 4:	ESS: 129.1337
	From worker 4:	Nbr resample: 35354 
	From worker 6:	ESS: 110.8704
	From worker 6:	Nbr resample: 35354 
	From worker 10:	ESS: 112.1983
	From worker 10:	Nbr resample: 35354 
	From worker 11:	ESS: 116.5519
	From worker 11:	Nbr resample: 35354 
Percentage done: 2.00 % 
Acceptance rate on iteration 301 to 400 is 0.2828
Covariance:
[0.000919063 -0.000154404 -0.00011094 -0.000892657 -0.00261613 0.00114093 0.000183035; -0.000154404 0.000226911 5.09878e-5 0.000240969 0.000175877 -0.000273937 -8.61956e-5; -0.00011094 5.09878e-5 0.00214235 -0.00209451 -0.00570006 0.00258289 2.64685e-6; -0.000892657 0.000240969 -0.00209451 0.00823638 0.0167318 -0.0100588 -0.000561324; -0.00261613 0.000175877 -0.00570006 0.0167318 0.061711 -0.0241719 -6.784e-5; 0.00114093 -0.000273937 0.00258289 -0.0100588 -0.0241719 0.013919 0.000580321; 0.000183035 -8.61956e-5 2.64685e-6 -0.000561324 -6.784e-5 0.000580321 0.000610013]
Loglik: -233885.5161 
Loglik values on different cores:
[-2.34008e5,-2.34008e5,-2.34077e5,-2.33988e5,-2.33957e5,-2.34079e5,-2.34003e5,-2.34039e5,-234111.0,-2.3405e5]
	From worker 2:	ESS: 128.4864
	From worker 2:	Nbr resample: 35354 
	From worker 6:	ESS: 112.0973
	From worker 6:	Nbr resample: 35354 
	From worker 8:	ESS: 126.6951
	From worker 8:	Nbr resample: 35354 
	From worker 5:	ESS: 112.2447
	From worker 5:	Nbr resample: 35354 
	From worker 3:	ESS: 120.7891
	From worker 3:	Nbr resample: 35354 
	From worker 9:	ESS: 122.2306
	From worker 9:	Nbr resample: 35354 
	From worker 7:	ESS: 117.1908
	From worker 7:	Nbr resample: 35354 
	From worker 11:	ESS: 131.5733
	From worker 11:	Nbr resample: 35354 
	From worker 4:	ESS: 125.4553
	From worker 4:	Nbr resample: 35354 
	From worker 10:	ESS: 132.9716
	From worker 10:	Nbr resample: 35354 
	From worker 7:	ESS: 114.1720
	From worker 7:	Nbr resample: 35354 
	From worker 4:	ESS: 122.0027
	From worker 4:	Nbr resample: 35354 
	From worker 8:	ESS: 120.2224
	From worker 8:	Nbr resample: 35354 
	From worker 2:	ESS: 124.5481
	From worker 2:	Nbr resample: 35354 
	From worker 10:	ESS: 118.9536
	From worker 10:	Nbr resample: 35354 
	From worker 5:	ESS: 124.0263
	From worker 5:	Nbr resample: 35354 
	From worker 9:	ESS: 125.6802
	From worker 9:	Nbr resample: 35354 
	From worker 3:	ESS: 127.2165
	From worker 3:	Nbr resample: 35354 
	From worker 6:	ESS: 132.7254
	From worker 6:	Nbr resample: 35354 
	From worker 11:	ESS: 116.7715
	From worker 11:	Nbr resample: 35354 
Percentage done: 2.50 % 
Acceptance rate on iteration 401 to 500 is 0.2626
Covariance:
[0.000706368 -6.36231e-5 0.000139973 -0.000414264 -0.00226326 0.000668834 1.61231e-5; -6.36231e-5 0.00014269 -1.3239e-5 0.000212729 0.000654 -0.000275487 -5.75467e-5; 0.000139973 -1.3239e-5 0.0028286 -0.00302617 -0.0182671 0.00488954 -1.30917e-5; -0.000414264 0.000212729 -0.00302617 0.00746841 0.027838 -0.0103002 -0.000516496; -0.00226326 0.000654 -0.0182671 0.027838 0.179266 -0.0468409 -0.000319965; 0.000668834 -0.000275487 0.00488954 -0.0103002 -0.0468409 0.015824 0.000523667; 1.61231e-5 -5.75467e-5 -1.30917e-5 -0.000516496 -0.000319965 0.000523667 0.000389191]
Loglik: -233945.3850 
Loglik values on different cores:
[-2.34038e5,-2.33948e5,-2.34019e5,-2.3402e5,-2.33997e5,-2.34032e5,-2.34083e5,-2.34062e5,-2.33973e5,-2.34053e5]
	From worker 2:	ESS: 111.5720
	From worker 2:	Nbr resample: 35354 
	From worker 4:	ESS: 129.8957
	From worker 4:	Nbr resample: 35354 
	From worker 8:	ESS: 109.4685
	From worker 8:	Nbr resample: 35354 
	From worker 6:	ESS: 122.7601
	From worker 6:	Nbr resample: 35354 
	From worker 7:	ESS: 120.6713
	From worker 7:	Nbr resample: 35354 
	From worker 10:	ESS: 128.7403
	From worker 10:	Nbr resample: 35354 
	From worker 3:	ESS: 117.6102
	From worker 3:	Nbr resample: 35354 
	From worker 5:	ESS: 131.7567
	From worker 5:	Nbr resample: 35354 
	From worker 9:	ESS: 121.9304
	From worker 9:	Nbr resample: 35354 
	From worker 11:	ESS: 125.8518
	From worker 11:	Nbr resample: 35354 
	From worker 7:	ESS: 120.1320
	From worker 7:	Nbr resample: 35354 
	From worker 4:	ESS: 111.1642
	From worker 4:	Nbr resample: 35354 
	From worker 2:	ESS: 116.0647
	From worker 2:	Nbr resample: 35354 
	From worker 6:	ESS: 121.7786
	From worker 6:	Nbr resample: 35354 
	From worker 8:	ESS: 108.1448
	From worker 8:	Nbr resample: 35354 
	From worker 10:	ESS: 125.2643
	From worker 10:	Nbr resample: 35354 
	From worker 9:	ESS: 119.3217
	From worker 9:	Nbr resample: 35354 
	From worker 5:	ESS: 110.8672
	From worker 5:	Nbr resample: 35354 
	From worker 3:	ESS: 117.0140
	From worker 3:	Nbr resample: 35354 
	From worker 11:	ESS: 104.0734
	From worker 11:	Nbr resample: 35354 
Percentage done: 3.00 % 
Acceptance rate on iteration 501 to 600 is 0.3232
Covariance:
[0.00103825 -5.62887e-5 -0.000271368 4.47595e-5 -0.0029645 0.000567087 -3.03191e-5; -5.62887e-5 0.000118095 -3.69638e-5 0.00013848 7.59725e-5 -0.000128915 -5.00492e-5; -0.000271368 -3.69638e-5 0.00237612 -0.002548 -0.012402 0.00334441 -6.2097e-6; 4.47595e-5 0.00013848 -0.002548 0.00569911 0.0210919 -0.00727605 -0.000238604; -0.0029645 7.59725e-5 -0.012402 0.0210919 0.161065 -0.0373161 0.000830256; 0.000567087 -0.000128915 0.00334441 -0.00727605 -0.0373161 0.0113371 0.000172448; -3.03191e-5 -5.00492e-5 -6.2097e-6 -0.000238604 0.000830256 0.000172448 0.000323058]
Loglik: -233950.5127 
Loglik values on different cores:
[-2.33925e5,-2.34028e5,-2.33962e5,-233922.0,-234020.0,-2.34013e5,-2.34007e5,-2.33929e5,-2.34066e5,-2.33953e5]
	From worker 2:	ESS: 108.5185
	From worker 2:	Nbr resample: 35354 
	From worker 6:	ESS: 112.1811
	From worker 6:	Nbr resample: 35354 
	From worker 7:	ESS: 118.0509
	From worker 7:	Nbr resample: 35354 
	From worker 5:	ESS: 126.1133
	From worker 5:	Nbr resample: 35354 
	From worker 3:	ESS: 117.0371
	From worker 3:	Nbr resample: 35354 
	From worker 9:	ESS: 116.8586
	From worker 9:	Nbr resample: 35354 
	From worker 11:	ESS: 119.3151
	From worker 11:	Nbr resample: 35354 
	From worker 8:	ESS: 110.7339
	From worker 8:	Nbr resample: 35354 
	From worker 4:	ESS: 123.3026
	From worker 4:	Nbr resample: 35354 
	From worker 10:	ESS: 110.9260
	From worker 10:	Nbr resample: 35354 
	From worker 4:	ESS: 116.5564
	From worker 4:	Nbr resample: 35354 
	From worker 6:	ESS: 105.8813
	From worker 6:	Nbr resample: 35354 
	From worker 2:	ESS: 118.1090
	From worker 2:	Nbr resample: 35354 
	From worker 10:	ESS: 125.5601
	From worker 10:	Nbr resample: 35354 
	From worker 8:	ESS: 123.2322
	From worker 8:	Nbr resample: 35354 
	From worker 9:	ESS: 112.8927
	From worker 9:	Nbr resample: 35354 
	From worker 7:	ESS: 112.3734
	From worker 7:	Nbr resample: 35354 
	From worker 3:	ESS: 125.0562
	From worker 3:	Nbr resample: 35354 
	From worker 5:	ESS: 119.1460
	From worker 5:	Nbr resample: 35354 
	From worker 11:	ESS: 122.0643
	From worker 11:	Nbr resample: 35354 
Percentage done: 3.50 % 
Acceptance rate on iteration 601 to 700 is 0.3636
Covariance:
[0.00165494 -0.000280826 -4.44055e-5 0.00191403 0.00169566 -0.00149759 -5.25875e-5; -0.000280826 0.000189732 -0.000105708 -0.000677023 -0.00127991 0.000653822 -8.14333e-5; -4.44055e-5 -0.000105708 0.00212983 -0.00100279 -0.00738662 0.00151078 -2.02065e-5; 0.00191403 -0.000677023 -0.00100279 0.0104561 0.0274422 -0.0115182 8.13039e-5; 0.00169566 -0.00127991 -0.00738662 0.0274422 0.147172 -0.0398565 0.000469046; -0.00149759 0.000653822 0.00151078 -0.0115182 -0.0398565 0.0145178 -2.31467e-5; -5.25875e-5 -8.14333e-5 -2.02065e-5 8.13039e-5 0.000469046 -2.31467e-5 0.000327279]
Loglik: -233950.0229 
Loglik values on different cores:
[-2.34074e5,-2.34011e5,-2.33953e5,-2.34072e5,-2.33984e5,-2.3397e5,-2.33953e5,-2.34013e5,-2.3397e5,-2.33952e5]
	From worker 6:	ESS: 121.5258
	From worker 6:	Nbr resample: 35354 
	From worker 8:	ESS: 124.4096
	From worker 8:	Nbr resample: 35354 
	From worker 10:	ESS: 123.7419
	From worker 10:	Nbr resample: 35354 
	From worker 5:	ESS: 127.5828
	From worker 5:	Nbr resample: 35354 
	From worker 2:	ESS: 131.1514
	From worker 2:	Nbr resample: 35354 
	From worker 9:	ESS: 116.4200
	From worker 9:	Nbr resample: 35354 
	From worker 11:	ESS: 129.2204
	From worker 11:	Nbr resample: 35354 
	From worker 7:	ESS: 131.5342
	From worker 7:	Nbr resample: 35354 
	From worker 4:	ESS: 131.2511
	From worker 4:	Nbr resample: 35354 
	From worker 3:	ESS: 127.8282
	From worker 3:	Nbr resample: 35354 
	From worker 2:	ESS: 127.2962
	From worker 2:	Nbr resample: 35354 
	From worker 7:	ESS: 121.0265
	From worker 7:	Nbr resample: 35354 
	From worker 4:	ESS: 126.1380
	From worker 4:	Nbr resample: 35354 
	From worker 3:	ESS: 130.5134
	From worker 3:	Nbr resample: 35354 
	From worker 11:	ESS: 121.5327
	From worker 11:	Nbr resample: 35354 
	From worker 6:	ESS: 128.1546
	From worker 6:	Nbr resample: 35354 
	From worker 8:	ESS: 118.5403
	From worker 8:	Nbr resample: 35354 
	From worker 9:	ESS: 123.2411
	From worker 9:	Nbr resample: 35354 
	From worker 5:	ESS: 123.0588
	From worker 5:	Nbr resample: 35354 
	From worker 10:	ESS: 122.1407
	From worker 10:	Nbr resample: 35354 
Percentage done: 4.00 % 
Acceptance rate on iteration 701 to 800 is 0.3838
Covariance:
[0.00306112 -0.000518704 -4.17214e-5 0.0032487 0.000836458 -0.00188855 0.000173847; -0.000518704 0.000229768 -5.31318e-5 -0.00078279 -0.000732062 0.000570973 -0.00014185; -4.17214e-5 -5.31318e-5 0.00260833 -0.00114881 -0.010293 0.00190569 4.56896e-5; 0.0032487 -0.00078279 -0.00114881 0.0110734 0.0226695 -0.010332 0.000436987; 0.000836458 -0.000732062 -0.010293 0.0226695 0.140403 -0.0350865 -5.57484e-5; -0.00188855 0.000570973 0.00190569 -0.010332 -0.0350865 0.0124227 -0.00010888; 0.000173847 -0.00014185 4.56896e-5 0.000436987 -5.57484e-5 -0.00010888 0.000429187]
Loglik: -233991.0324 
Loglik values on different cores:
[-234040.0,-234119.0,-2.34091e5,-2.34078e5,-2.34146e5,-2.3414e5,-2.34089e5,-2.3416e5,-2.34132e5,-2.34039e5]
	From worker 2:	ESS: 136.9858
	From worker 2:	Nbr resample: 35354 
	From worker 4:	ESS: 125.8210
	From worker 4:	Nbr resample: 35354 
	From worker 6:	ESS: 127.5513
	From worker 6:	Nbr resample: 35354 
	From worker 8:	ESS: 129.1193
	From worker 8:	Nbr resample: 35354 
	From worker 10:	ESS: 134.3257
	From worker 10:	Nbr resample: 35354 
	From worker 5:	ESS: 126.5647
	From worker 5:	Nbr resample: 35354 
	From worker 7:	ESS: 139.1930
	From worker 7:	Nbr resample: 35354 
	From worker 11:	ESS: 130.3733
	From worker 11:	Nbr resample: 35354 
	From worker 9:	ESS: 120.1890
	From worker 9:	Nbr resample: 35354 
	From worker 3:	ESS: 137.4042
	From worker 3:	Nbr resample: 35354 
	From worker 7:	ESS: 133.4339
	From worker 7:	Nbr resample: 35354 
	From worker 4:	ESS: 130.6398
	From worker 4:	Nbr resample: 35354 
	From worker 8:	ESS: 121.1013
	From worker 8:	Nbr resample: 35354 
	From worker 10:	ESS: 131.7387
	From worker 10:	Nbr resample: 35354 
	From worker 9:	ESS: 130.6044
	From worker 9:	Nbr resample: 35354 
	From worker 2:	ESS: 124.2758
	From worker 2:	Nbr resample: 35354 
	From worker 5:	ESS: 136.7756
	From worker 5:	Nbr resample: 35354 
	From worker 11:	ESS: 122.9598
	From worker 11:	Nbr resample: 35354 
	From worker 3:	ESS: 123.5161
	From worker 3:	Nbr resample: 35354 
	From worker 6:	ESS: 132.2050
	From worker 6:	Nbr resample: 35354 
Percentage done: 4.50 % 
Acceptance rate on iteration 801 to 900 is 0.3737
Covariance:
[0.0045516 -0.000682624 0.000725425 0.00187824 -0.010685 0.000515923 2.11666e-5; -0.000682624 0.000248587 1.05782e-5 -0.000839629 6.11999e-5 0.000409336 -0.000139963; 0.000725425 1.05782e-5 0.00319581 -0.00258364 -0.0140108 0.00319559 -0.000182497; 0.00187824 -0.000839629 -0.00258364 0.012978 0.0369293 -0.012547 0.000688466; -0.010685 6.11999e-5 -0.0140108 0.0369293 0.278244 -0.0581237 0.0006254; 0.000515923 0.000409336 0.00319559 -0.012547 -0.0581237 0.0161692 -0.000310696; 2.11666e-5 -0.000139963 -0.000182497 0.000688466 0.0006254 -0.000310696 0.000442859]
Loglik: -233924.8475 
Loglik values on different cores:
[-2.33978e5,-234011.0,-2.33981e5,-2.33941e5,-2.33958e5,-233953.0,-234000.0,-2.34001e5,-2.34003e5,-2.34045e5]
	From worker 7:	ESS: 112.6163
	From worker 7:	Nbr resample: 35354 
	From worker 8:	ESS: 113.2632
	From worker 8:	Nbr resample: 35354 
	From worker 10:	ESS: 121.4208
	From worker 10:	Nbr resample: 35354 
	From worker 4:	ESS: 111.0901
	From worker 4:	Nbr resample: 35354 
	From worker 3:	ESS: 126.3573
	From worker 3:	Nbr resample: 35354 
	From worker 5:	ESS: 106.0533
	From worker 5:	Nbr resample: 35354 
	From worker 2:	ESS: 119.3885
	From worker 2:	Nbr resample: 35354 
	From worker 9:	ESS: 111.4242
	From worker 9:	Nbr resample: 35354 
	From worker 11:	ESS: 110.8368
	From worker 11:	Nbr resample: 35354 
	From worker 6:	ESS: 117.2926
	From worker 6:	Nbr resample: 35354 
	From worker 2:	ESS: 114.2187
	From worker 2:	Nbr resample: 35354 
	From worker 4:	ESS: 111.7352
	From worker 4:	Nbr resample: 35354 
	From worker 8:	ESS: 116.8915
	From worker 8:	Nbr resample: 35354 
	From worker 10:	ESS: 117.2776
	From worker 10:	Nbr resample: 35354 
	From worker 7:	ESS: 122.2375
	From worker 7:	Nbr resample: 35354 
	From worker 9:	ESS: 105.3856
	From worker 9:	Nbr resample: 35354 
	From worker 5:	ESS: 113.5338
	From worker 5:	Nbr resample: 35354 
	From worker 6:	ESS: 123.7741
	From worker 6:	Nbr resample: 35354 
	From worker 3:	ESS: 102.2848
	From worker 3:	Nbr resample: 35354 
	From worker 11:	ESS: 121.4776
	From worker 11:	Nbr resample: 35354 
Percentage done: 5.00 % 
Acceptance rate on iteration 901 to 1000 is 0.3232
Covariance:
[0.00626902 -0.00115348 0.000246226 0.00708368 -0.0115566 -0.00254706 0.00141235; -0.00115348 0.000378112 0.000179593 -0.00221249 0.00013176 0.0013154 -0.000518973; 0.000246226 0.000179593 0.00519938 -0.00500867 -0.0121668 0.00459312 -0.000209044; 0.00708368 -0.00221249 -0.00500867 0.0280032 0.040168 -0.0223269 0.00423811; -0.0115566 0.00013176 -0.0121668 0.040168 0.316601 -0.0637834 0.00197069; -0.00254706 0.0013154 0.00459312 -0.0223269 -0.0637834 0.0227757 -0.00282341; 0.00141235 -0.000518973 -0.000209044 0.00423811 0.00197069 -0.00282341 0.00138014]
Loglik: -233951.7024 
Loglik values on different cores:
[-234020.0,-2.33972e5,-2.33958e5,-2.34033e5,-2.34028e5,-2.33993e5,-2.33986e5,-2.3402e5,-2.34055e5,-234012.0]
	From worker 2:	ESS: 127.1870
	From worker 2:	Nbr resample: 35354 
	From worker 4:	ESS: 127.0762
	From worker 4:	Nbr resample: 35354 
	From worker 8:	ESS: 120.4681
	From worker 8:	Nbr resample: 35354 
	From worker 10:	ESS: 134.7383
	From worker 10:	Nbr resample: 35354 
	From worker 5:	ESS: 123.3465
	From worker 5:	Nbr resample: 35354 
	From worker 6:	ESS: 126.8420
	From worker 6:	Nbr resample: 35354 
	From worker 3:	ESS: 136.3835
	From worker 3:	Nbr resample: 35354 
	From worker 9:	ESS: 125.1924
	From worker 9:	Nbr resample: 35354 
	From worker 7:	ESS: 113.9638
	From worker 7:	Nbr resample: 35354 
	From worker 11:	ESS: 119.7231
	From worker 11:	Nbr resample: 35354 
	From worker 7:	ESS: 111.3244
	From worker 7:	Nbr resample: 35354 
	From worker 6:	ESS: 120.4589
	From worker 6:	Nbr resample: 35354 
	From worker 4:	ESS: 125.5130
	From worker 4:	Nbr resample: 35354 
	From worker 8:	ESS: 120.9178
	From worker 8:	Nbr resample: 35354 
	From worker 2:	ESS: 110.9322
	From worker 2:	Nbr resample: 35354 
	From worker 10:	ESS: 119.7061
	From worker 10:	Nbr resample: 35354 
	From worker 5:	ESS: 125.6397
	From worker 5:	Nbr resample: 35354 
	From worker 3:	ESS: 132.6266
	From worker 3:	Nbr resample: 35354 
	From worker 9:	ESS: 117.8025
	From worker 9:	Nbr resample: 35354 
	From worker 11:	ESS: 119.5077
	From worker 11:	Nbr resample: 35354 
Percentage done: 5.50 % 
Acceptance rate on iteration 1001 to 1100 is 0.2929
Covariance:
[0.00762504 -0.00133599 -0.000483672 0.0124309 -0.0216205 -0.0049281 0.00188037; -0.00133599 0.000439189 7.76935e-5 -0.00355208 0.0024345 0.0018221 -0.000619041; -0.000483672 7.76935e-5 0.00471604 -0.00376738 -0.00753698 0.00331991 -6.19755e-5; 0.0124309 -0.00355208 -0.00376738 0.0497681 0.000569085 -0.0300927 0.00584955; -0.0216205 0.0024345 -0.00753698 0.000569085 0.331145 -0.0380121 -0.00385591; -0.0049281 0.0018221 0.00331991 -0.0300927 -0.0380121 0.0236044 -0.00320533; 0.00188037 -0.000619041 -6.19755e-5 0.00584955 -0.00385591 -0.00320533 0.00151131]
Loglik: -233987.4592 
Loglik values on different cores:
[-2.3402e5,-2.33995e5,-234073.0,-2.34065e5,-2.33929e5,-2.34017e5,-2.34057e5,-2.34031e5,-2.34049e5,-234101.0]
	From worker 6:	ESS: 115.4464
	From worker 6:	Nbr resample: 35354 
	From worker 4:	ESS: 106.3439
	From worker 4:	Nbr resample: 35354 
	From worker 8:	ESS: 105.9733
	From worker 8:	Nbr resample: 35354 
	From worker 10:	ESS: 110.8847
	From worker 10:	Nbr resample: 35354 
	From worker 5:	ESS: 110.8073
	From worker 5:	Nbr resample: 35354 
	From worker 7:	ESS: 106.9540
	From worker 7:	Nbr resample: 35354 
	From worker 3:	ESS: 108.8616
	From worker 3:	Nbr resample: 35354 
	From worker 9:	ESS: 119.4864
	From worker 11:	ESS: 112.6034
	From worker 9:	Nbr resample: 35354 
	From worker 11:	Nbr resample: 35354 
	From worker 2:	ESS: 117.1879
	From worker 2:	Nbr resample: 35354 
	From worker 2:	ESS: 123.2637
	From worker 2:	Nbr resample: 35354 
	From worker 7:	ESS: 122.5788
	From worker 7:	Nbr resample: 35354 
	From worker 6:	ESS: 114.8094
	From worker 6:	Nbr resample: 35354 
	From worker 4:	ESS: 130.6208
	From worker 4:	Nbr resample: 35354 
	From worker 8:	ESS: 121.0351
	From worker 8:	Nbr resample: 35354 
	From worker 10:	ESS: 128.7801
	From worker 10:	Nbr resample: 35354 
	From worker 5:	ESS: 106.8694
	From worker 5:	Nbr resample: 35354 
	From worker 9:	ESS: 120.6260
	From worker 9:	Nbr resample: 35354 
	From worker 3:	ESS: 128.5571
	From worker 3:	Nbr resample: 35354 
	From worker 11:	ESS: 122.5559
	From worker 11:	Nbr resample: 35354 
Percentage done: 6.00 % 
Acceptance rate on iteration 1101 to 1200 is 0.2626
Covariance:
[0.00688033 -0.00136147 -0.000445874 0.0140554 -0.0209639 -0.00508865 0.00182273; -0.00136147 0.000601552 0.000423091 -0.00574815 0.00548442 0.00211852 -0.000622034; -0.000445874 0.000423091 0.00473886 -0.00653258 -0.00196041 0.00351477 -0.000102684; 0.0140554 -0.00574815 -0.00653258 0.0753111 -0.0403012 -0.0326946 0.00643385; -0.0209639 0.00548442 -0.00196041 -0.0403012 0.316135 -0.0209401 -0.00502212; -0.00508865 0.00211852 0.00351477 -0.0326946 -0.0209401 0.0209796 -0.00299184; 0.00182273 -0.000622034 -0.000102684 0.00643385 -0.00502212 -0.00299184 0.00138426]
Loglik: -233940.9859 
Loglik values on different cores:
[-2.3396e5,-2.33947e5,-2.34017e5,-2.33992e5,-2.3402e5,-2.34018e5,-2.3404e5,-2.34016e5,-2.34058e5,-2.33979e5]
	From worker 2:	ESS: 120.1591
	From worker 2:	Nbr resample: 35354 
	From worker 4:	ESS: 115.1885
	From worker 4:	Nbr resample: 35354 
	From worker 8:	ESS: 126.4104
	From worker 8:	Nbr resample: 35354 
	From worker 5:	ESS: 121.1652
	From worker 5:	Nbr resample: 35354 
	From worker 10:	ESS: 127.0640
	From worker 10:	Nbr resample: 35354 
	From worker 9:	ESS: 129.6905
	From worker 9:	Nbr resample: 35354 
	From worker 3:	ESS: 109.0264
	From worker 3:	Nbr resample: 35354 
	From worker 7:	ESS: 114.5469
	From worker 7:	Nbr resample: 35354 
	From worker 11:	ESS: 127.0916
	From worker 11:	Nbr resample: 35354 
	From worker 6:	ESS: 120.8507
	From worker 6:	Nbr resample: 35354 
	From worker 7:	ESS: 113.1037
	From worker 7:	Nbr resample: 35354 
	From worker 6:	ESS: 122.0660
	From worker 6:	Nbr resample: 35354 
	From worker 4:	ESS: 115.2688
	From worker 4:	Nbr resample: 35354 
	From worker 2:	ESS: 114.9744
	From worker 2:	Nbr resample: 35354 
	From worker 8:	ESS: 124.9127
	From worker 8:	Nbr resample: 35354 
	From worker 5:	ESS: 122.4458
	From worker 5:	Nbr resample: 35354 
	From worker 10:	ESS: 118.3558
	From worker 10:	Nbr resample: 35354 
	From worker 9:	ESS: 118.1086
	From worker 9:	Nbr resample: 35354 
	From worker 3:	ESS: 135.0100
	From worker 3:	Nbr resample: 35354 
	From worker 11:	ESS: 106.0879
	From worker 11:	Nbr resample: 35354 
Percentage done: 6.50 % 
Acceptance rate on iteration 1201 to 1300 is 0.3131
Covariance:
[0.00815481 -0.00165466 -0.00235503 0.0151703 -0.0241873 -0.00408097 0.00159748; -0.00165466 0.00064948 0.000721002 -0.00596343 0.00686598 0.00184919 -0.000533649; -0.00235503 0.000721002 0.00629894 -0.00573456 -0.00239468 0.00201397 -0.000177864; 0.0151703 -0.00596343 -0.00573456 0.0827094 -0.073227 -0.0323046 0.00559709; -0.0241873 0.00686598 -0.00239468 -0.073227 0.356761 -0.00735154 -0.00488215; -0.00408097 0.00184919 0.00201397 -0.0323046 -0.00735154 0.0192602 -0.00248502; 0.00159748 -0.000533649 -0.000177864 0.00559709 -0.00488215 -0.00248502 0.00118076]
Loglik: -233950.1164 
Loglik values on different cores:
[-234007.0,-2.33974e5,-2.33942e5,-2.33965e5,-2.33986e5,-2.34009e5,-2.33985e5,-2.3396e5,-2.3397e5,-2.3396e5]
	From worker 7:	ESS: 125.3605
	From worker 7:	Nbr resample: 35354 
	From worker 2:	ESS: 120.1067
	From worker 2:	Nbr resample: 35354 
	From worker 11:	ESS: 115.5384
	From worker 11:	Nbr resample: 35354 
	From worker 3:	ESS: 113.9508
	From worker 3:	Nbr resample: 35354 
	From worker 4:	ESS: 116.0130
	From worker 4:	Nbr resample: 35354 
	From worker 5:	ESS: 119.9944
	From worker 5:	Nbr resample: 35354 
	From worker 8:	ESS: 119.1152
	From worker 8:	Nbr resample: 35354 
	From worker 9:	ESS: 128.3761
	From worker 9:	Nbr resample: 35354 
	From worker 6:	ESS: 119.3496
	From worker 6:	Nbr resample: 35354 
	From worker 10:	ESS: 120.6596
	From worker 10:	Nbr resample: 35354 
	From worker 2:	ESS: 124.1543
	From worker 2:	Nbr resample: 35354 
	From worker 6:	ESS: 125.6579
	From worker 6:	Nbr resample: 35354 
	From worker 4:	ESS: 125.0200
	From worker 4:	Nbr resample: 35354 
	From worker 8:	ESS: 130.3807
	From worker 8:	Nbr resample: 35354 
	From worker 9:	ESS: 121.2424
	From worker 9:	Nbr resample: 35354 
	From worker 10:	ESS: 120.8614
	From worker 10:	Nbr resample: 35354 
	From worker 5:	ESS: 123.5976
	From worker 5:	Nbr resample: 35354 
	From worker 7:	ESS: 124.1982
	From worker 7:	Nbr resample: 35354 
	From worker 3:	ESS: 123.8596
	From worker 3:	Nbr resample: 35354 
	From worker 11:	ESS: 128.9392
	From worker 11:	Nbr resample: 35354 
Percentage done: 7.00 % 
Acceptance rate on iteration 1301 to 1400 is 0.2727
Covariance:
[0.00776327 -0.0015069 -0.00221973 0.0140437 -0.0272517 -0.00308594 0.00151974; -0.0015069 0.000584627 0.000770647 -0.00457053 0.00621001 0.0012022 -0.000478616; -0.00221973 0.000770647 0.00650267 -0.00406341 -0.00425954 0.00153947 -0.000644608; 0.0140437 -0.00457053 -0.00406341 0.0812215 -0.0757276 -0.0320634 0.00489551; -0.0272517 0.00621001 -0.00425954 -0.0757276 0.361609 -0.00788299 -0.00478772; -0.00308594 0.0012022 0.00153947 -0.0320634 -0.00788299 0.0196096 -0.0020618; 0.00151974 -0.000478616 -0.000644608 0.00489551 -0.00478772 -0.0020618 0.0011618]
Loglik: -233985.1008 
Loglik values on different cores:
[-2.34046e5,-234045.0,-2.33955e5,-2.33972e5,-2.34e5,-2.33967e5,-2.34006e5,-2.3405e5,-2.34004e5,-2.34017e5]
	From worker 2:	ESS: 127.7883
	From worker 2:	Nbr resample: 35354 
	From worker 6:	ESS: 128.7245
	From worker 6:	Nbr resample: 35354 
	From worker 7:	ESS: 140.2316
	From worker 7:	Nbr resample: 35354 
	From worker 4:	ESS: 125.3131
	From worker 4:	Nbr resample: 35354 
	From worker 5:	ESS: 122.1205
	From worker 5:	Nbr resample: 35354 
	From worker 8:	ESS: 123.7808
	From worker 8:	Nbr resample: 35354 
	From worker 9:	ESS: 125.6866
	From worker 9:	Nbr resample: 35354 
	From worker 10:	ESS: 127.2194
	From worker 10:	Nbr resample: 35354 
	From worker 3:	ESS: 124.1314
	From worker 3:	Nbr resample: 35354 
	From worker 11:	ESS: 136.3136
	From worker 11:	Nbr resample: 35354 
	From worker 2:	ESS: 126.3247
	From worker 2:	Nbr resample: 35354 
	From worker 7:	ESS: 120.4740
	From worker 7:	Nbr resample: 35354 
	From worker 4:	ESS: 108.8754
	From worker 4:	Nbr resample: 35354 
	From worker 6:	ESS: 119.1323
	From worker 6:	Nbr resample: 35354 
	From worker 8:	ESS: 120.3032
	From worker 8:	Nbr resample: 35354 
	From worker 10:	ESS: 121.7464
	From worker 10:	Nbr resample: 35354 
	From worker 9:	ESS: 118.0446
	From worker 9:	Nbr resample: 35354 
	From worker 5:	ESS: 118.1290
	From worker 5:	Nbr resample: 35354 
	From worker 11:	ESS: 109.1557
	From worker 11:	Nbr resample: 35354 
	From worker 3:	ESS: 121.1678
	From worker 3:	Nbr resample: 35354 
Percentage done: 7.50 % 
Acceptance rate on iteration 1401 to 1500 is 0.0404
Covariance:
[0.0209089 -0.00460045 0.00557815 0.0631914 -0.122795 -0.0131589 0.00413302; -0.00460045 0.0012519 -0.00107981 -0.0156733 0.0282244 0.00345336 -0.00105804; 0.00557815 -0.00107981 0.00883993 0.0229805 -0.0540054 -0.0041977 0.000925744; 0.0631914 -0.0156733 0.0229805 0.248751 -0.417682 -0.0634096 0.0141855; -0.122795 0.0282244 -0.0540054 -0.417682 0.978037 0.0677976 -0.0237917; -0.0131589 0.00345336 -0.0041977 -0.0634096 0.0677976 0.0232851 -0.00375394; 0.00413302 -0.00105804 0.000925744 0.0141855 -0.0237917 -0.00375394 0.0014931]
Loglik: -233927.1310 
Loglik values on different cores:
[-2.33954e5,-2.33953e5,-233931.0,-2.3395e5,-2.33926e5,-2.33991e5,-2.33942e5,-2.33913e5,-2.33965e5,-2.33944e5]
	From worker 2:	ESS: 121.5483
	From worker 2:	Nbr resample: 35354 
	From worker 11:	ESS: 115.2931
	From worker 11:	Nbr resample: 35354 
	From worker 3:	ESS: 112.8511
	From worker 3:	Nbr resample: 35354 
	From worker 9:	ESS: 123.9230
	From worker 9:	Nbr resample: 35354 
	From worker 7:	ESS: 116.9530
	From worker 7:	Nbr resample: 35354 
	From worker 6:	ESS: 117.2918
	From worker 6:	Nbr resample: 35354 
	From worker 5:	ESS: 117.9562
	From worker 5:	Nbr resample: 35354 
	From worker 8:	ESS: 120.9932
	From worker 8:	Nbr resample: 35354 
	From worker 4:	ESS: 112.6233
	From worker 4:	Nbr resample: 35354 
	From worker 10:	ESS: 117.8575
	From worker 10:	Nbr resample: 35354 
	From worker 7:	ESS: 124.3780
	From worker 7:	Nbr resample: 35354 
	From worker 6:	ESS: 118.2827
	From worker 6:	Nbr resample: 35354 
	From worker 4:	ESS: 118.8745
	From worker 4:	Nbr resample: 35354 
	From worker 10:	ESS: 116.0394
	From worker 10:	Nbr resample: 35354 
	From worker 9:	ESS: 124.6628
	From worker 9:	Nbr resample: 35354 
	From worker 5:	ESS: 115.6772
	From worker 5:	Nbr resample: 35354 
	From worker 8:	ESS: 108.9190
	From worker 8:	Nbr resample: 35354 
	From worker 2:	ESS: 125.3276
	From worker 2:	Nbr resample: 35354 
	From worker 3:	ESS: 119.2371
	From worker 3:	Nbr resample: 35354 
	From worker 11:	ESS: 121.1847
	From worker 11:	Nbr resample: 35354 
Percentage done: 8.00 % 
Acceptance rate on iteration 1501 to 1600 is 0.0000
Covariance:
[0.0279014 -0.00644767 0.00768762 0.0862491 -0.167034 -0.0180221 0.00583868; -0.00644767 0.0016858 -0.0016631 -0.0213711 0.0396115 0.00461642 -0.00147287; 0.00768762 -0.0016631 0.00797257 0.0286614 -0.0629727 -0.00551844 0.00147212; 0.0862491 -0.0213711 0.0286614 0.312791 -0.553721 -0.0745726 0.0194303; -0.167034 0.0396115 -0.0629727 -0.553721 1.20494 0.10042 -0.0346251; -0.0180221 0.00461642 -0.00551844 -0.0745726 0.10042 0.0235935 -0.00469679; 0.00583868 -0.00147287 0.00147212 0.0194303 -0.0346251 -0.00469679 0.00176549]
Loglik: -233927.1310 
Loglik values on different cores:
[-2.33953e5,-2.33922e5,-2.33942e5,-2.33944e5,-2.33925e5,-2.3396e5,-2.33948e5,-2.33951e5,-2.33957e5,-2.33945e5]
	From worker 2:	ESS: 26.4903
	From worker 2:	Nbr resample: 35354 
	From worker 6:	ESS: 55.7684
	From worker 6:	Nbr resample: 35354 
	From worker 4:	ESS: 31.5383
	From worker 4:	Nbr resample: 35354 
	From worker 8:	ESS: 28.7952
	From worker 8:	Nbr resample: 35354 
	From worker 10:	ESS: 34.1337
	From worker 10:	Nbr resample: 35354 
	From worker 5:	ESS: 19.7980
	From worker 5:	Nbr resample: 35354 
	From worker 3:	ESS: 48.5565
	From worker 3:	Nbr resample: 35354 
	From worker 9:	ESS: 36.5479
	From worker 9:	Nbr resample: 35354 
	From worker 11:	ESS: 29.7989
	From worker 11:	Nbr resample: 35354 
	From worker 7:	ESS: 43.7270
	From worker 7:	Nbr resample: 35354 
	From worker 7:	ESS: 121.0672
	From worker 7:	Nbr resample: 35354 
	From worker 6:	ESS: 119.4106
	From worker 6:	Nbr resample: 35354 
	From worker 4:	ESS: 127.1017
	From worker 4:	Nbr resample: 35354 
	From worker 10:	ESS: 115.5604
	From worker 10:	Nbr resample: 35354 
	From worker 3:	ESS: 115.1528
	From worker 3:	Nbr resample: 35354 
	From worker 9:	ESS: 118.7807
	From worker 9:	Nbr resample: 35354 
	From worker 8:	ESS: 129.8997
	From worker 8:	Nbr resample: 35354 
	From worker 2:	ESS: 130.6448
	From worker 2:	Nbr resample: 35354 
	From worker 5:	ESS: 120.4448
	From worker 5:	Nbr resample: 35354 
	From worker 11:	ESS: 124.6561
	From worker 11:	Nbr resample: 35354 
Percentage done: 8.50 % 
Acceptance rate on iteration 1601 to 1700 is 0.1818
Covariance:
[0.0271877 -0.00627353 0.0078006 0.0845638 -0.164294 -0.017493 0.00542539; -0.00627353 0.00162388 -0.00164699 -0.0205977 0.0385842 0.0043911 -0.00140459; 0.0078006 -0.00164699 0.00944755 0.0312748 -0.0601484 -0.00722068 0.000815209; 0.0845638 -0.0205977 0.0312748 0.307024 -0.546472 -0.0726439 0.017164; -0.164294 0.0385842 -0.0601484 -0.546472 1.18811 0.0980589 -0.031946; -0.017493 0.0043911 -0.00722068 -0.0726439 0.0980589 0.0229853 -0.00396309; 0.00542539 -0.00140459 0.000815209 0.017164 -0.031946 -0.00396309 0.00185904]
Loglik: -233948.2110 
Loglik values on different cores:
[-2.34045e5,-2.33946e5,-2.33986e5,-2.33979e5,-2.33972e5,-2.33997e5,-2.34007e5,-2.33981e5,-2.34012e5,-2.34036e5]
	From worker 7:	ESS: 117.3845
	From worker 7:	Nbr resample: 35354 
	From worker 6:	ESS: 117.3161
	From worker 6:	Nbr resample: 35354 
	From worker 4:	ESS: 108.2676
	From worker 4:	Nbr resample: 35354 
	From worker 8:	ESS: 115.5124
	From worker 10:	ESS: 113.4533
	From worker 8:	Nbr resample: 35354 
	From worker 10:	Nbr resample: 35354 
	From worker 3:	ESS: 121.9208
	From worker 3:	Nbr resample: 35354 
	From worker 5:	ESS: 118.8423
	From worker 5:	Nbr resample: 35354 
	From worker 9:	ESS: 120.5081
	From worker 9:	Nbr resample: 35354 
	From worker 2:	ESS: 114.1085
	From worker 2:	Nbr resample: 35354 
	From worker 11:	ESS: 110.4426
	From worker 11:	Nbr resample: 35354 
	From worker 2:	ESS: 131.2565
	From worker 2:	Nbr resample: 35354 
	From worker 7:	ESS: 119.8583
	From worker 7:	Nbr resample: 35354 
	From worker 4:	ESS: 126.2772
	From worker 4:	Nbr resample: 35354 
	From worker 6:	ESS: 125.7220
	From worker 6:	Nbr resample: 35354 
	From worker 10:	ESS: 130.8667
	From worker 10:	Nbr resample: 35354 
	From worker 8:	ESS: 140.0175
	From worker 8:	Nbr resample: 35354 
	From worker 9:	ESS: 127.3180
	From worker 9:	Nbr resample: 35354 
	From worker 5:	ESS: 122.2814
	From worker 5:	Nbr resample: 35354 
	From worker 3:	ESS: 110.4139
	From worker 3:	Nbr resample: 35354 
	From worker 11:	ESS: 119.4092
	From worker 11:	Nbr resample: 35354 
Percentage done: 9.00 % 
Acceptance rate on iteration 1701 to 1800 is 0.1717
Covariance:
[0.0282995 -0.0065204 0.00654596 0.0663074 -0.122038 -0.0119429 0.00667459; -0.0065204 0.0016925 -0.00137455 -0.0162978 0.0282128 0.00321332 -0.00167558; 0.00654596 -0.00137455 0.00896643 0.0272131 -0.0515241 -0.00635041 0.00055302; 0.0663074 -0.0162978 0.0272131 0.268877 -0.484793 -0.0660174 0.0121359; -0.122038 0.0282128 -0.0515241 -0.484793 1.10364 0.0879654 -0.0192678; -0.0119429 0.00321332 -0.00635041 -0.0660174 0.0879654 0.0230808 -0.00221959; 0.00667459 -0.00167558 0.00055302 0.0121359 -0.0192678 -0.00221959 0.00246013]
Loglik: -233840.6176 
Loglik values on different cores:
[-2.33864e5,-2.33873e5,-233919.0,-233881.0,-2.33916e5,-2.33865e5,-2.33883e5,-2.33894e5,-2.33889e5,-2.33873e5]
	From worker 2:	ESS: 130.2900
	From worker 2:	Nbr resample: 35354 
	From worker 4:	ESS: 123.2911
	From worker 4:	Nbr resample: 35354 
	From worker 8:	ESS: 116.0857
	From worker 8:	Nbr resample: 35354 
	From worker 3:	ESS: 110.3472
	From worker 3:	Nbr resample: 35354 
	From worker 7:	ESS: 111.4452
	From worker 7:	Nbr resample: 35354 
	From worker 10:	ESS: 119.4324
	From worker 10:	Nbr resample: 35354 
	From worker 5:	ESS: 124.2775
	From worker 5:	Nbr resample: 35354 
	From worker 9:	ESS: 120.4284
	From worker 9:	Nbr resample: 35354 
	From worker 11:	ESS: 115.1902
	From worker 11:	Nbr resample: 35354 
	From worker 6:	ESS: 122.1647
	From worker 6:	Nbr resample: 35354 
	From worker 7:	ESS: 113.8305
	From worker 7:	Nbr resample: 35354 
	From worker 4:	ESS: 115.2220
	From worker 4:	Nbr resample: 35354 
	From worker 6:	ESS: 110.2116
	From worker 6:	Nbr resample: 35354 
	From worker 3:	ESS: 119.4572
	From worker 3:	Nbr resample: 35354 
	From worker 9:	ESS: 110.9008
	From worker 9:	Nbr resample: 35354 
	From worker 10:	ESS: 111.6460
	From worker 10:	Nbr resample: 35354 
	From worker 8:	ESS: 115.4469
	From worker 8:	Nbr resample: 35354 
