run Normal prior model
#####################################################################
Starting MCMC with adaptive RW estimating 7 parameters
Algorithm: MCWM
Adaptation algorithm: AMUpdate_gen
Prior distribution: Normal
Particel filter: parallel_bootstrap, on 10 cores
Iteration: 1
Covariance:
[0.142857 0.0 0.0 0.0 0.0 0.0 0.0; 0.0 0.142857 0.0 0.0 0.0 0.0 0.0; 0.0 0.0 0.142857 0.0 0.0 0.0 0.0; 0.0 0.0 0.0 0.142857 0.0 0.0 0.0; 0.0 0.0 0.0 0.0 0.142857 0.0 0.0; 0.0 0.0 0.0 0.0 0.0 0.142857 0.0; 0.0 0.0 0.0 0.0 0.0 0.0 0.142857]
	From worker 2:	ESS: 143.4677
	From worker 2:	Nbr resample: 24799 
	From worker 5:	ESS: 147.9000
	From worker 5:	Nbr resample: 24799 
	From worker 6:	ESS: 153.3165
	From worker 6:	Nbr resample: 24799 
	From worker 3:	ESS: 172.0104
	From worker 3:	Nbr resample: 24799 
	From worker 8:	ESS: 156.6699
	From worker 8:	Nbr resample: 24799 
	From worker 10:	ESS: 173.5996
	From worker 10:	Nbr resample: 24799 
	From worker 11:	ESS: 151.8784
	From worker 11:	Nbr resample: 24799 
	From worker 7:	ESS: 142.8948
	From worker 7:	Nbr resample: 24799 
	From worker 9:	ESS: 163.2033
	From worker 9:	Nbr resample: 24799 
	From worker 4:	ESS: 174.5042
	From worker 4:	Nbr resample: 24799 
Loglik: -171884.2535 
Percentage done: 0.67 % 
Acceptance rate on iteration 1 to 100 is 0.1616
Covariance:
[0.00511417 0.000671816 0.000242945 0.00159638 -0.00148923 -0.000165919 -0.00133875; 0.000671816 0.00670745 0.000721516 0.00306693 -0.00422703 0.000264949 -0.00286924; 0.000242945 0.000721516 0.00486284 0.00159131 -0.0017589 0.000492136 -0.00149295; 0.00159638 0.00306693 0.00159131 0.0158199 -0.00964773 0.00242391 -0.00981043; -0.00148923 -0.00422703 -0.0017589 -0.00964773 0.0151069 -0.00182898 0.0089029; -0.000165919 0.000264949 0.000492136 0.00242391 -0.00182898 0.00630481 -0.00233037; -0.00133875 -0.00286924 -0.00149295 -0.00981043 0.0089029 -0.00233037 0.013263]
Loglik: -164705.0015 
Loglik values on different cores:
[-1.64713e5,-1.64712e5,-1.64706e5,-164726.0,-1.64704e5,-1.64759e5,-1.64732e5,-1.64719e5,-1.64748e5,-1.64731e5]
	From worker 3:	ESS: 163.9771
	From worker 3:	Nbr resample: 24799 
	From worker 9:	ESS: 167.3494
	From worker 9:	Nbr resample: 24799 
	From worker 5:	ESS: 187.3422
	From worker 5:	Nbr resample: 24799 
	From worker 10:	ESS: 169.5423
	From worker 10:	Nbr resample: 24799 
	From worker 8:	ESS: 169.4838
	From worker 8:	Nbr resample: 24799 
	From worker 6:	ESS: 161.4061
	From worker 6:	Nbr resample: 24799 
	From worker 2:	ESS: 180.9205
	From worker 2:	Nbr resample: 24799 
	From worker 7:	ESS: 164.6451
	From worker 7:	Nbr resample: 24799 
	From worker 4:	ESS: 162.5436
	From worker 4:	Nbr resample: 24799 
	From worker 11:	ESS: 166.9947
	From worker 11:	Nbr resample: 24799 
	From worker 6:	ESS: 148.1478
	From worker 6:	Nbr resample: 24799 
	From worker 7:	ESS: 176.6428
	From worker 7:	Nbr resample: 24799 
	From worker 11:	ESS: 190.4064
	From worker 11:	Nbr resample: 24799 
	From worker 10:	ESS: 191.7165
	From worker 10:	Nbr resample: 24799 
	From worker 9:	ESS: 183.6327
	From worker 9:	Nbr resample: 24799 
	From worker 4:	ESS: 157.4927
	From worker 4:	Nbr resample: 24799 
	From worker 5:	ESS: 162.8766
	From worker 5:	Nbr resample: 24799 
	From worker 8:	ESS: 162.0463
	From worker 8:	Nbr resample: 24799 
	From worker 3:	ESS: 160.0077
	From worker 3:	Nbr resample: 24799 
	From worker 2:	ESS: 167.9650
	From worker 2:	Nbr resample: 24799 
Percentage done: 1.33 % 
Acceptance rate on iteration 101 to 200 is 0.2121
Covariance:
[0.0107323 -0.00220316 0.00089 0.00910442 -0.00571401 -0.00749551 -0.00335422; -0.00220316 0.00167017 -4.30798e-6 -0.00141975 0.000439166 0.0018559 -3.17058e-5; 0.00089 -4.30798e-6 0.00109012 0.0013576 -0.00104569 -0.000466346 -0.00115448; 0.00910442 -0.00141975 0.0013576 0.0119023 -0.0070614 -0.00588666 -0.00557731; -0.00571401 0.000439166 -0.00104569 -0.0070614 0.00609754 0.00359171 0.0043874; -0.00749551 0.0018559 -0.000466346 -0.00588666 0.00359171 0.00688735 0.00151091; -0.00335422 -3.17058e-5 -0.00115448 -0.00557731 0.0043874 0.00151091 0.00598736]
Loglik: -164040.9879 
Loglik values on different cores:
[-1.64034e5,-1.64063e5,-164005.0,-1.64066e5,-1.64047e5,-1.64063e5,-164082.0,-1.64073e5,-1.64068e5,-1.64052e5]
	From worker 3:	ESS: 94.9970
	From worker 3:	Nbr resample: 24799 
	From worker 10:	ESS: 113.6290
	From worker 10:	Nbr resample: 24799 
	From worker 6:	ESS: 121.3916
	From worker 6:	Nbr resample: 24799 
	From worker 5:	ESS: 128.2487
	From worker 5:	Nbr resample: 24799 
	From worker 8:	ESS: 151.1614
	From worker 8:	Nbr resample: 24799 
	From worker 4:	ESS: 95.2905
	From worker 4:	Nbr resample: 24799 
	From worker 9:	ESS: 99.2905
	From worker 9:	Nbr resample: 24799 
	From worker 11:	ESS: 95.9141
	From worker 11:	Nbr resample: 24799 
	From worker 7:	ESS: 108.8049
	From worker 7:	Nbr resample: 24799 
	From worker 2:	ESS: 124.4350
	From worker 2:	Nbr resample: 24799 
	From worker 9:	ESS: 131.0371
	From worker 9:	Nbr resample: 24799 
	From worker 2:	ESS: 125.2958
	From worker 2:	Nbr resample: 24799 
	From worker 11:	ESS: 120.6045
	From worker 11:	Nbr resample: 24799 
	From worker 7:	ESS: 184.7526
	From worker 7:	Nbr resample: 24799 
	From worker 4:	ESS: 115.7066
	From worker 4:	Nbr resample: 24799 
	From worker 3:	ESS: 129.2086
	From worker 3:	Nbr resample: 24799 
	From worker 5:	ESS: 145.3624
	From worker 5:	Nbr resample: 24799 
	From worker 6:	ESS: 134.4831
	From worker 6:	Nbr resample: 24799 
	From worker 10:	ESS: 109.2345
	From worker 10:	Nbr resample: 24799 
	From worker 8:	ESS: 130.9587
	From worker 8:	Nbr resample: 24799 
Percentage done: 2.00 % 
Acceptance rate on iteration 201 to 300 is 0.2424
Covariance:
[0.0132624 -0.00334289 0.000111661 0.00612435 -0.00459658 -0.0123365 0.00168398; -0.00334289 0.00127453 5.75528e-5 -0.00129635 0.000850684 0.00328544 -0.000785241; 0.000111661 5.75528e-5 0.000632016 0.000516769 -0.000263925 0.00010056 -0.000489711; 0.00612435 -0.00129635 0.000516769 0.00522887 -0.00332054 -0.00502049 -0.00104332; -0.00459658 0.000850684 -0.000263925 -0.00332054 0.00290111 0.00391559 0.000739597; -0.0123365 0.00328544 0.00010056 -0.00502049 0.00391559 0.0123995 -0.00238354; 0.00168398 -0.000785241 -0.000489711 -0.00104332 0.000739597 -0.00238354 0.00286761]
Loglik: -163994.8764 
Loglik values on different cores:
[-164028.0,-1.64068e5,-1.64061e5,-1.64018e5,-1.64046e5,-1.64054e5,-1.64024e5,-1.64059e5,-1.64045e5,-1.64064e5]
	From worker 9:	ESS: 89.2570
	From worker 9:	Nbr resample: 24799 
	From worker 10:	ESS: 112.9694
	From worker 10:	Nbr resample: 24799 
	From worker 3:	ESS: 126.5042
	From worker 3:	Nbr resample: 24799 
	From worker 6:	ESS: 102.0968
	From worker 6:	Nbr resample: 24799 
	From worker 8:	ESS: 115.1129
	From worker 8:	Nbr resample: 24799 
	From worker 11:	ESS: 114.8153
	From worker 11:	Nbr resample: 24799 
	From worker 7:	ESS: 123.5535
	From worker 7:	Nbr resample: 24799 
	From worker 2:	ESS: 104.9907
	From worker 2:	Nbr resample: 24799 
	From worker 5:	ESS: 123.3615
	From worker 5:	Nbr resample: 24799 
	From worker 4:	ESS: 122.9142
	From worker 4:	Nbr resample: 24799 
	From worker 6:	ESS: 106.3274
	From worker 6:	Nbr resample: 24799 
	From worker 5:	ESS: 164.7051
	From worker 5:	Nbr resample: 24799 
	From worker 8:	ESS: 114.6316
	From worker 8:	Nbr resample: 24799 
	From worker 2:	ESS: 135.1627
	From worker 2:	Nbr resample: 24799 
	From worker 11:	ESS: 133.5710
	From worker 11:	Nbr resample: 24799 
	From worker 7:	ESS: 129.0122
	From worker 7:	Nbr resample: 24799 
	From worker 10:	ESS: 107.6847
	From worker 10:	Nbr resample: 24799 
	From worker 9:	ESS: 119.5550
	From worker 9:	Nbr resample: 24799 
	From worker 4:	ESS: 88.6467
	From worker 4:	Nbr resample: 24799 
	From worker 3:	ESS: 78.4313
	From worker 3:	Nbr resample: 24799 
Percentage done: 2.67 % 
Acceptance rate on iteration 301 to 400 is 0.3434
Covariance:
[0.00849275 -0.00217671 -0.000889941 0.00363576 -0.00323236 -0.00806065 0.00126611; -0.00217671 0.000803472 0.000362538 -0.000789779 0.000698196 0.00218097 -0.000535152; -0.000889941 0.000362538 0.00139844 7.98776e-5 0.000574317 0.00105103 -0.000523962; 0.00363576 -0.000789779 7.98776e-5 0.00310177 -0.00202626 -0.00313473 -0.000419111; -0.00323236 0.000698196 0.000574317 -0.00202626 0.00212842 0.00290493 0.000184329; -0.00806065 0.00218097 0.00105103 -0.00313473 0.00290493 0.00822422 -0.00168306; 0.00126611 -0.000535152 -0.000523962 -0.000419111 0.000184329 -0.00168306 0.00163051]
Loglik: -164004.5928 
Loglik values on different cores:
[-1.6405e5,-1.64051e5,-1.64061e5,-1.64075e5,-1.64049e5,-1.64086e5,-1.6404e5,-1.64068e5,-1.64072e5,-1.64069e5]
	From worker 3:	ESS: 128.8891
	From worker 3:	Nbr resample: 24799 
	From worker 10:	ESS: 127.9373
	From worker 10:	Nbr resample: 24799 
	From worker 5:	ESS: 112.0996
	From worker 5:	Nbr resample: 24799 
	From worker 11:	ESS: 111.0241
	From worker 11:	Nbr resample: 24799 
	From worker 2:	ESS: 125.0866
	From worker 2:	Nbr resample: 24799 
	From worker 7:	ESS: 139.0494
	From worker 7:	Nbr resample: 24799 
	From worker 4:	ESS: 137.3416
	From worker 4:	Nbr resample: 24799 
	From worker 6:	ESS: 133.5767
	From worker 6:	Nbr resample: 24799 
	From worker 9:	ESS: 115.2571
	From worker 9:	Nbr resample: 24799 
	From worker 8:	ESS: 144.8656
	From worker 8:	Nbr resample: 24799 
	From worker 9:	ESS: 89.9669
	From worker 9:	Nbr resample: 24799 
	From worker 3:	ESS: 106.9097
	From worker 3:	Nbr resample: 24799 
	From worker 6:	ESS: 117.0117
	From worker 6:	Nbr resample: 24799 
	From worker 8:	ESS: 110.9287
	From worker 8:	Nbr resample: 24799 
	From worker 11:	ESS: 99.3199
	From worker 11:	Nbr resample: 24799 
	From worker 7:	ESS: 105.0853
	From worker 7:	Nbr resample: 24799 
	From worker 2:	ESS: 116.9996
	From worker 2:	Nbr resample: 24799 
	From worker 5:	ESS: 127.6630
	From worker 5:	Nbr resample: 24799 
	From worker 10:	ESS: 84.8234
	From worker 10:	Nbr resample: 24799 
	From worker 4:	ESS: 92.8535
	From worker 4:	Nbr resample: 24799 
Percentage done: 3.33 % 
Acceptance rate on iteration 401 to 500 is 0.3636
Covariance:
[0.00720156 -0.00174062 -0.000956168 0.00283844 -0.00232008 -0.00730886 0.00138793; -0.00174062 0.000592567 0.000308773 -0.000599113 0.000477875 0.0018236 -0.000475987; -0.000956168 0.000308773 0.00105884 6.5441e-5 0.000350454 0.00117173 -0.000493411; 0.00283844 -0.000599113 6.5441e-5 0.00236727 -0.00150827 -0.00255788 -0.000198024; -0.00232008 0.000477875 0.000350454 -0.00150827 0.00158586 0.00209738 0.000135168; -0.00730886 0.0018236 0.00117173 -0.00255788 0.00209738 0.00790253 -0.00182129; 0.00138793 -0.000475987 -0.000493411 -0.000198024 0.000135168 -0.00182129 0.00130093]
Loglik: -163996.5858 
Loglik values on different cores:
[-1.64078e5,-1.64076e5,-1.64059e5,-1.64104e5,-164090.0,-1.64072e5,-1.64062e5,-1.63997e5,-1.6404e5,-1.64059e5]
	From worker 9:	ESS: 106.8113
	From worker 9:	Nbr resample: 24799 
	From worker 3:	ESS: 115.8646
	From worker 3:	Nbr resample: 24799 
	From worker 5:	ESS: 119.8507
	From worker 5:	Nbr resample: 24799 
	From worker 8:	ESS: 121.0353
	From worker 8:	Nbr resample: 24799 
	From worker 6:	ESS: 120.7778
	From worker 6:	Nbr resample: 24799 
	From worker 11:	ESS: 119.2191
	From worker 11:	Nbr resample: 24799 
	From worker 7:	ESS: 129.7527
	From worker 7:	Nbr resample: 24799 
	From worker 2:	ESS: 129.1002
	From worker 2:	Nbr resample: 24799 
	From worker 10:	ESS: 153.6599
	From worker 10:	Nbr resample: 24799 
	From worker 4:	ESS: 140.4032
	From worker 4:	Nbr resample: 24799 
	From worker 9:	ESS: 127.6431
	From worker 9:	Nbr resample: 24799 
	From worker 6:	ESS: 103.1591
	From worker 6:	Nbr resample: 24799 
	From worker 10:	ESS: 120.1263
	From worker 10:	Nbr resample: 24799 
	From worker 5:	ESS: 121.9844
	From worker 5:	Nbr resample: 24799 
	From worker 8:	ESS: 151.8281
	From worker 8:	Nbr resample: 24799 
	From worker 11:	ESS: 149.3464
	From worker 11:	Nbr resample: 24799 
	From worker 7:	ESS: 110.3588
	From worker 7:	Nbr resample: 24799 
	From worker 2:	ESS: 110.9539
	From worker 2:	Nbr resample: 24799 
	From worker 3:	ESS: 120.1848
	From worker 3:	Nbr resample: 24799 
	From worker 4:	ESS: 133.2494
	From worker 4:	Nbr resample: 24799 
Percentage done: 4.00 % 
Acceptance rate on iteration 501 to 600 is 0.3434
Covariance:
[0.00579565 -0.00124882 -0.00175886 0.00188481 -0.00248021 -0.00588725 0.00126073; -0.00124882 0.000403614 0.000356977 -0.000388903 0.00046023 0.00129031 -0.000344294; -0.00175886 0.000356977 0.00297841 7.92701e-5 0.00240885 0.00181007 -0.000643092; 0.00188481 -0.000388903 7.92701e-5 0.00189564 -0.00117852 -0.00167245 -0.000160588; -0.00248021 0.00046023 0.00240885 -0.00117852 0.00341186 0.00213066 -9.41976e-5; -0.00588725 0.00129031 0.00181007 -0.00167245 0.00213066 0.00638353 -0.00160454; 0.00126073 -0.000344294 -0.000643092 -0.000160588 -9.41976e-5 -0.00160454 0.001027]
Loglik: -163992.0185 
Loglik values on different cores:
[-1.64028e5,-1.6405e5,-1.64055e5,-1.64027e5,-1.64027e5,-1.64047e5,-164045.0,-1.64055e5,-1.64062e5,-1.64071e5]
	From worker 9:	ESS: 112.4785
	From worker 9:	Nbr resample: 24799 
	From worker 6:	ESS: 97.6622
	From worker 6:	Nbr resample: 24799 
	From worker 10:	ESS: 85.4251
	From worker 10:	Nbr resample: 24799 
	From worker 5:	ESS: 150.5663
	From worker 5:	Nbr resample: 24799 
	From worker 8:	ESS: 125.7994
	From worker 8:	Nbr resample: 24799 
	From worker 11:	ESS: 108.1201
	From worker 11:	Nbr resample: 24799 
	From worker 3:	ESS: 99.7423
	From worker 3:	Nbr resample: 24799 
	From worker 7:	ESS: 107.0396
	From worker 7:	Nbr resample: 24799 
	From worker 4:	ESS: 116.2788
	From worker 4:	Nbr resample: 24799 
	From worker 2:	ESS: 117.1454
	From worker 2:	Nbr resample: 24799 
	From worker 2:	ESS: 98.7991
	From worker 2:	Nbr resample: 24799 
	From worker 3:	ESS: 103.6362
	From worker 3:	Nbr resample: 24799 
	From worker 4:	ESS: 108.2004
	From worker 4:	Nbr resample: 24799 
	From worker 10:	ESS: 144.1539
	From worker 10:	Nbr resample: 24799 
	From worker 7:	ESS: 118.0258
	From worker 7:	Nbr resample: 24799 
	From worker 9:	ESS: 117.2100
	From worker 9:	Nbr resample: 24799 
	From worker 8:	ESS: 131.2933
	From worker 8:	Nbr resample: 24799 
	From worker 6:	ESS: 113.0072
	From worker 6:	Nbr resample: 24799 
	From worker 5:	ESS: 140.5865
	From worker 5:	Nbr resample: 24799 
	From worker 11:	ESS: 139.5732
	From worker 11:	Nbr resample: 24799 
Percentage done: 4.67 % 
Acceptance rate on iteration 601 to 700 is 0.3636
Covariance:
[0.00511052 -0.00109968 -0.00176967 0.00252318 -0.00292595 -0.00492889 0.00118351; -0.00109968 0.00034699 0.000409794 -0.000625935 0.000669069 0.0010731 -0.000322054; -0.00176967 0.000409794 0.00291727 -0.00177562 0.00341559 0.00156314 -0.000698253; 0.00252318 -0.000625935 -0.00177562 0.00954442 -0.00678662 -0.00149061 1.20592e-5; -0.00292595 0.000669069 0.00341559 -0.00678662 0.0072323 0.00197257 -0.000390765; -0.00492889 0.0010731 0.00156314 -0.00149061 0.00197257 0.00516374 -0.00135647; 0.00118351 -0.000322054 -0.000698253 1.20592e-5 -0.000390765 -0.00135647 0.000910401]
Loglik: -164022.8205 
Loglik values on different cores:
[-1.64072e5,-1.64042e5,-1.64082e5,-1.64082e5,-1.64035e5,-1.64068e5,-1.64051e5,-1.64063e5,-1.6406e5,-1.64081e5]
	From worker 8:	ESS: 103.0654
	From worker 8:	Nbr resample: 24799 
	From worker 9:	ESS: 111.0336
	From worker 9:	Nbr resample: 24799 
	From worker 3:	ESS: 130.0594
	From worker 3:	Nbr resample: 24799 
	From worker 4:	ESS: 108.6979
	From worker 4:	Nbr resample: 24799 
	From worker 5:	ESS: 142.9218
	From worker 5:	Nbr resample: 24799 
	From worker 10:	ESS: 115.4027
	From worker 10:	Nbr resample: 24799 
	From worker 6:	ESS: 79.8352
	From worker 6:	Nbr resample: 24799 
	From worker 11:	ESS: 123.3544
	From worker 11:	Nbr resample: 24799 
	From worker 7:	ESS: 126.4263
	From worker 7:	Nbr resample: 24799 
	From worker 2:	ESS: 119.2901
	From worker 2:	Nbr resample: 24799 
	From worker 6:	ESS: 132.7290
	From worker 6:	Nbr resample: 24799 
	From worker 2:	ESS: 94.0733
	From worker 2:	Nbr resample: 24799 
	From worker 7:	ESS: 125.8268
	From worker 7:	Nbr resample: 24799 
	From worker 11:	ESS: 123.9406
	From worker 11:	Nbr resample: 24799 
	From worker 3:	ESS: 105.2203
	From worker 3:	Nbr resample: 24799 
	From worker 5:	ESS: 98.6441
	From worker 5:	Nbr resample: 24799 
	From worker 9:	ESS: 100.6564
	From worker 9:	Nbr resample: 24799 
	From worker 10:	ESS: 104.8940
	From worker 10:	Nbr resample: 24799 
	From worker 8:	ESS: 95.9889
	From worker 8:	Nbr resample: 24799 
	From worker 4:	ESS: 129.7424
	From worker 4:	Nbr resample: 24799 
Percentage done: 5.33 % 
Acceptance rate on iteration 701 to 800 is 0.4444
Covariance:
[0.00463089 -0.0010497 -0.00152975 0.0026363 -0.00243027 -0.00451757 0.00127816; -0.0010497 0.00038107 5.01607e-5 -0.00042148 9.77936e-6 0.00117935 -0.000425459; -0.00152975 5.01607e-5 0.00864399 -0.00784859 0.0123812 -0.00106743 0.000277857; 0.0026363 -0.00042148 -0.00784859 0.0174471 -0.016426 0.000940727 -0.000136856; -0.00243027 9.77936e-6 0.0123812 -0.016426 0.021538 -0.00234372 0.000943647; -0.00451757 0.00117935 -0.00106743 0.000940727 -0.00234372 0.0058067 -0.001816; 0.00127816 -0.000425459 0.000277857 -0.000136856 0.000943647 -0.001816 0.00131265]
Loglik: -163993.2347 
Loglik values on different cores:
[-1.64048e5,-1.6403e5,-1.64027e5,-1.64051e5,-164051.0,-1.64037e5,-1.64061e5,-1.64047e5,-1.64068e5,-1.64065e5]
	From worker 6:	ESS: 133.3305
	From worker 6:	Nbr resample: 24799 
	From worker 5:	ESS: 109.6187
	From worker 5:	Nbr resample: 24799 
	From worker 8:	ESS: 104.9908
	From worker 8:	Nbr resample: 24799 
	From worker 9:	ESS: 135.7688
	From worker 9:	Nbr resample: 24799 
	From worker 4:	ESS: 133.0728
	From worker 4:	Nbr resample: 24799 
	From worker 3:	ESS: 128.2177
	From worker 3:	Nbr resample: 24799 
	From worker 10:	ESS: 131.9306
	From worker 10:	Nbr resample: 24799 
	From worker 7:	ESS: 117.5878
	From worker 7:	Nbr resample: 24799 
	From worker 11:	ESS: 113.0949
	From worker 11:	Nbr resample: 24799 
	From worker 2:	ESS: 123.4599
	From worker 2:	Nbr resample: 24799 
	From worker 3:	ESS: 118.0747
	From worker 3:	Nbr resample: 24799 
	From worker 10:	ESS: 141.1993
	From worker 10:	Nbr resample: 24799 
	From worker 11:	ESS: 127.8361
	From worker 11:	Nbr resample: 24799 
	From worker 9:	ESS: 107.7384
	From worker 9:	Nbr resample: 24799 
	From worker 7:	ESS: 147.6558
	From worker 7:	Nbr resample: 24799 
	From worker 2:	ESS: 110.0302
	From worker 2:	Nbr resample: 24799 
	From worker 4:	ESS: 112.7669
	From worker 4:	Nbr resample: 24799 
	From worker 6:	ESS: 123.9149
	From worker 6:	Nbr resample: 24799 
	From worker 8:	ESS: 135.1556
	From worker 8:	Nbr resample: 24799 
	From worker 5:	ESS: 97.9739
	From worker 5:	Nbr resample: 24799 
Percentage done: 6.00 % 
Acceptance rate on iteration 801 to 900 is 0.4343
Covariance:
[0.00482553 -0.00106076 0.00365698 0.000185823 0.00422309 -0.00571079 0.00122468; -0.00106076 0.000368507 -0.0011336 0.000117035 -0.00144908 0.00138027 -0.000408411; 0.00365698 -0.0011336 0.0825888 -0.0250129 0.0925999 -0.0176977 -0.00051659; 0.000185823 0.000117035 -0.0250129 0.0284946 -0.0394027 0.00699705 -0.000143248; 0.00422309 -0.00144908 0.0925999 -0.0394027 0.111842 -0.0220546 0.000576936; -0.00571079 0.00138027 -0.0176977 0.00699705 -0.0220546 0.00986403 -0.00161043; 0.00122468 -0.000408411 -0.00051659 -0.000143248 0.000576936 -0.00161043 0.00152564]
Loglik: -163994.1164 
Loglik values on different cores:
[-1.64084e5,-1.64081e5,-164068.0,-1.64064e5,-1.64063e5,-164054.0,-1.6408e5,-1.64072e5,-164056.0,-1.64045e5]
	From worker 10:	ESS: 115.0899
	From worker 10:	Nbr resample: 24799 
	From worker 2:	ESS: 122.9824
	From worker 2:	Nbr resample: 24799 
	From worker 3:	ESS: 115.4909
	From worker 3:	Nbr resample: 24799 
	From worker 4:	ESS: 99.0004
	From worker 4:	Nbr resample: 24799 
	From worker 9:	ESS: 127.3393
	From worker 9:	Nbr resample: 24799 
	From worker 6:	ESS: 124.1920
	From worker 6:	Nbr resample: 24799 
	From worker 5:	ESS: 114.5164
	From worker 5:	Nbr resample: 24799 
	From worker 8:	ESS: 102.8451
	From worker 8:	Nbr resample: 24799 
	From worker 11:	ESS: 116.1172
	From worker 11:	Nbr resample: 24799 
	From worker 7:	ESS: 148.8069
	From worker 7:	Nbr resample: 24799 
	From worker 9:	ESS: 130.0281
	From worker 9:	Nbr resample: 24799 
	From worker 8:	ESS: 129.0428
	From worker 8:	Nbr resample: 24799 
	From worker 11:	ESS: 129.4364
	From worker 11:	Nbr resample: 24799 
	From worker 7:	ESS: 118.7675
	From worker 7:	Nbr resample: 24799 
	From worker 6:	ESS: 108.7221
	From worker 6:	Nbr resample: 24799 
	From worker 5:	ESS: 115.9724
	From worker 5:	Nbr resample: 24799 
	From worker 10:	ESS: 106.2279
	From worker 10:	Nbr resample: 24799 
	From worker 3:	ESS: 119.9273
	From worker 3:	Nbr resample: 24799 
	From worker 4:	ESS: 131.4378
	From worker 4:	Nbr resample: 24799 
	From worker 2:	ESS: 137.4699
	From worker 2:	Nbr resample: 24799 
Percentage done: 6.67 % 
Acceptance rate on iteration 901 to 1000 is 0.3333
Covariance:
[0.00505226 -0.00113936 0.000904666 0.00557832 -0.00219328 -0.00429387 0.0015533; -0.00113936 0.000399707 -0.000291525 -0.00330247 0.00123884 0.000629639 -0.000510079; 0.000904666 -0.000291525 0.0976527 -0.0743835 0.134872 -0.0259356 -0.00128495; 0.00557832 -0.00330247 -0.0743835 0.226153 -0.18452 0.0455249 0.00597456; -0.00219328 0.00123884 0.134872 -0.18452 0.228314 -0.0482078 -0.00363631; -0.00429387 0.000629639 -0.0259356 0.0455249 -0.0482078 0.0164459 -0.00050572; 0.0015533 -0.000510079 -0.00128495 0.00597456 -0.00363631 -0.00050572 0.00160752]
Loglik: -164007.5385 
Loglik values on different cores:
[-1.6404e5,-1.64056e5,-1.64061e5,-1.64025e5,-1.6405e5,-1.63978e5,-164041.0,-1.64026e5,-1.64022e5,-1.64053e5]
	From worker 3:	ESS: 115.7731
	From worker 3:	Nbr resample: 24799 
	From worker 6:	ESS: 141.0667
	From worker 6:	Nbr resample: 24799 
	From worker 8:	ESS: 95.3301
	From worker 8:	Nbr resample: 24799 
	From worker 9:	ESS: 121.8418
	From worker 9:	Nbr resample: 24799 
	From worker 7:	ESS: 123.2593
	From worker 7:	Nbr resample: 24799 
	From worker 2:	ESS: 119.6036
	From worker 2:	Nbr resample: 24799 
	From worker 4:	ESS: 115.4530
	From worker 4:	Nbr resample: 24799 
	From worker 10:	ESS: 119.1174
	From worker 10:	Nbr resample: 24799 
	From worker 11:	ESS: 136.2423
	From worker 11:	Nbr resample: 24799 
	From worker 5:	ESS: 128.7623
	From worker 5:	Nbr resample: 24799 
	From worker 10:	ESS: 98.6154
	From worker 10:	Nbr resample: 24799 
	From worker 5:	ESS: 151.5819
	From worker 5:	Nbr resample: 24799 
	From worker 11:	ESS: 100.4638
	From worker 11:	Nbr resample: 24799 
	From worker 4:	ESS: 130.0851
	From worker 4:	Nbr resample: 24799 
	From worker 9:	ESS: 118.8983
	From worker 9:	Nbr resample: 24799 
	From worker 3:	ESS: 120.5073
	From worker 3:	Nbr resample: 24799 
	From worker 8:	ESS: 156.5534
	From worker 8:	Nbr resample: 24799 
	From worker 6:	ESS: 111.1088
	From worker 6:	Nbr resample: 24799 
	From worker 2:	ESS: 108.6343
	From worker 2:	Nbr resample: 24799 
	From worker 7:	ESS: 88.4628
	From worker 7:	Nbr resample: 24799 
Percentage done: 7.33 % 
Acceptance rate on iteration 1001 to 1100 is 0.0101
Covariance:
[0.00310064 -0.0007302 -0.000308212 0.00971229 -0.00516964 -0.00128471 0.00106071; -0.0007302 0.000264621 0.000302858 -0.00529348 0.00279137 -0.000286155 -0.000377626; -0.000308212 0.000302858 0.068959 -0.108889 0.122035 -0.0285241 -0.00233562; 0.00971229 -0.00529348 -0.108889 0.548926 -0.371681 0.109776 0.0133056; -0.00516964 0.00279137 0.122035 -0.371681 0.302482 -0.0811759 -0.00838619; -0.00128471 -0.000286155 -0.0285241 0.109776 -0.0811759 0.0263009 0.00166397; 0.00106071 -0.000377626 -0.00233562 0.0133056 -0.00838619 0.00166397 0.00118003]
Loglik: -163944.1933 
Loglik values on different cores:
[-1.63965e5,-1.63997e5,-1.63988e5,-1.6397e5,-1.63983e5,-1.6398e5,-1.63963e5,-1.63969e5,-1.64e5,-1.63995e5]
	From worker 9:	ESS: 84.7748
	From worker 9:	Nbr resample: 24799 
	From worker 3:	ESS: 107.4661
	From worker 3:	Nbr resample: 24799 
	From worker 10:	ESS: 124.3615
	From worker 10:	Nbr resample: 24799 
	From worker 8:	ESS: 132.9573
	From worker 8:	Nbr resample: 24799 
	From worker 7:	ESS: 103.4560
	From worker 7:	Nbr resample: 24799 
	From worker 2:	ESS: 84.7496
	From worker 2:	Nbr resample: 24799 
	From worker 11:	ESS: 110.1130
	From worker 11:	Nbr resample: 24799 
	From worker 5:	ESS: 99.2643
	From worker 5:	Nbr resample: 24799 
	From worker 4:	ESS: 118.9247
	From worker 4:	Nbr resample: 24799 
	From worker 6:	ESS: 120.8074
	From worker 6:	Nbr resample: 24799 
	From worker 3:	ESS: 106.5614
	From worker 3:	Nbr resample: 24799 
	From worker 6:	ESS: 118.1654
	From worker 6:	Nbr resample: 24799 
	From worker 5:	ESS: 141.1712
	From worker 5:	Nbr resample: 24799 
	From worker 8:	ESS: 130.7023
	From worker 8:	Nbr resample: 24799 
	From worker 7:	ESS: 107.5061
	From worker 7:	Nbr resample: 24799 
	From worker 2:	ESS: 112.3696
	From worker 2:	Nbr resample: 24799 
	From worker 11:	ESS: 135.0142
	From worker 11:	Nbr resample: 24799 
	From worker 9:	ESS: 124.3703
	From worker 9:	Nbr resample: 24799 
	From worker 10:	ESS: 100.8630
	From worker 10:	Nbr resample: 24799 
	From worker 4:	ESS: 116.6020
	From worker 4:	Nbr resample: 24799 
Percentage done: 8.00 % 
Acceptance rate on iteration 1101 to 1200 is 0.0303
Covariance:
[0.00198339 -0.000487622 -0.000565466 0.00941586 -0.00519856 -0.000142213 0.000734602; -0.000487622 0.000185827 0.000389956 -0.00528246 0.00289183 -0.000562863 -0.000279232; -0.000565466 0.000389956 0.0458641 -0.0899174 0.0894325 -0.0221324 -0.0019454; 0.00941586 -0.00528246 -0.0899174 0.536969 -0.346854 0.106302 0.0126649; -0.00519856 0.00289183 0.0894325 -0.346854 0.256927 -0.0730585 -0.00780683; -0.000142213 -0.000562863 -0.0221324 0.106302 -0.0730585 0.023765 0.00188831; 0.000734602 -0.000279232 -0.0019454 0.0126649 -0.00780683 0.00188831 0.000830947]
Loglik: -163948.0918 
Loglik values on different cores:
[-1.64021e5,-1.63991e5,-1.64008e5,-1.63996e5,-1.63975e5,-1.64001e5,-1.64019e5,-163969.0,-1.64005e5,-1.63982e5]
	From worker 2:	ESS: 105.7643
	From worker 2:	Nbr resample: 24799 
	From worker 7:	ESS: 122.6936
	From worker 7:	Nbr resample: 24799 
	From worker 11:	ESS: 150.6334
	From worker 11:	Nbr resample: 24799 
	From worker 4:	ESS: 117.2945
	From worker 4:	Nbr resample: 24799 
	From worker 9:	ESS: 138.7502
	From worker 9:	Nbr resample: 24799 
	From worker 3:	ESS: 100.8017
	From worker 3:	Nbr resample: 24799 
	From worker 6:	ESS: 99.5523
	From worker 6:	Nbr resample: 24799 
	From worker 8:	ESS: 138.1814
	From worker 8:	Nbr resample: 24799 
	From worker 5:	ESS: 125.8042
	From worker 5:	Nbr resample: 24799 
	From worker 10:	ESS: 96.5793
	From worker 10:	Nbr resample: 24799 
	From worker 3:	ESS: 126.0297
	From worker 3:	Nbr resample: 24799 
	From worker 10:	ESS: 97.9335
	From worker 10:	Nbr resample: 24799 
	From worker 6:	ESS: 103.0894
	From worker 6:	Nbr resample: 24799 
	From worker 5:	ESS: 100.7707
	From worker 5:	Nbr resample: 24799 
	From worker 8:	ESS: 110.9784
	From worker 8:	Nbr resample: 24799 
	From worker 9:	ESS: 118.2194
	From worker 9:	Nbr resample: 24799 
	From worker 4:	ESS: 119.1905
	From worker 4:	Nbr resample: 24799 
	From worker 2:	ESS: 122.2078
	From worker 2:	Nbr resample: 24799 
	From worker 7:	ESS: 113.8278
	From worker 7:	Nbr resample: 24799 
	From worker 11:	ESS: 117.5186
	From worker 11:	Nbr resample: 24799 
Percentage done: 8.67 % 
Acceptance rate on iteration 1201 to 1300 is 0.0101
Covariance:
[0.00254391 -0.0005687 0.00296357 0.0024396 0.0016323 -0.00246377 0.000637926; -0.0005687 0.000170033 -0.00041663 -0.00264575 0.000850254 0.000118955 -0.000211719; 0.00296357 -0.00041663 0.0388453 -0.0690564 0.0720757 -0.0209725 -0.00082805; 0.0024396 -0.00264575 -0.0690564 0.356434 -0.239524 0.075721 0.00763791; 0.0016323 0.000850254 0.0720757 -0.239524 0.187462 -0.0571288 -0.00437065; -0.00246377 0.000118955 -0.0209725 0.075721 -0.0571288 0.0199599 0.000903517; 0.000637926 -0.000211719 -0.00082805 0.00763791 -0.00437065 0.000903517 0.000549715]
Loglik: -163957.0398 
Loglik values on different cores:
[-1.63972e5,-163996.0,-1.64001e5,-1.63989e5,-1.64018e5,-1.64007e5,-1.63989e5,-1.63969e5,-164002.0,-1.63967e5]
	From worker 6:	ESS: 123.2565
	From worker 6:	Nbr resample: 24799 
	From worker 5:	ESS: 93.0927
	From worker 5:	Nbr resample: 24799 
	From worker 8:	ESS: 101.0538
	From worker 8:	Nbr resample: 24799 
	From worker 7:	ESS: 99.8851
	From worker 7:	Nbr resample: 24799 
	From worker 11:	ESS: 103.8743
	From worker 11:	Nbr resample: 24799 
	From worker 10:	ESS: 101.7437
	From worker 10:	Nbr resample: 24799 
	From worker 4:	ESS: 106.6169
	From worker 4:	Nbr resample: 24799 
	From worker 9:	ESS: 105.6228
	From worker 9:	Nbr resample: 24799 
	From worker 3:	ESS: 101.3505
	From worker 3:	Nbr resample: 24799 
	From worker 2:	ESS: 95.3046
	From worker 2:	Nbr resample: 24799 
	From worker 9:	ESS: 108.6224
	From worker 9:	Nbr resample: 24799 
	From worker 3:	ESS: 154.2085
	From worker 3:	Nbr resample: 24799 
	From worker 10:	ESS: 113.1432
	From worker 10:	Nbr resample: 24799 
	From worker 2:	ESS: 140.3416
	From worker 2:	Nbr resample: 24799 
	From worker 6:	ESS: 115.8324
	From worker 6:	Nbr resample: 24799 
	From worker 8:	ESS: 101.9106
	From worker 8:	Nbr resample: 24799 
	From worker 5:	ESS: 96.7525
	From worker 5:	Nbr resample: 24799 
	From worker 7:	ESS: 108.7263
	From worker 7:	Nbr resample: 24799 
	From worker 11:	ESS: 131.0798
	From worker 11:	Nbr resample: 24799 
	From worker 4:	ESS: 138.5316
	From worker 4:	Nbr resample: 24799 
Percentage done: 9.33 % 
Acceptance rate on iteration 1301 to 1400 is 0.0000
Covariance:
[0.00243526 -0.00052738 0.00392749 -0.00051871 0.00401754 -0.00303178 0.000519455; -0.00052738 0.000142114 -0.000676272 -0.00128305 -5.11519e-5 0.000368431 -0.000158367; 0.00392749 -0.000676272 0.0301609 -0.0498294 0.0539917 -0.0171828 -0.000259548; -0.00051871 -0.00128305 -0.0498294 0.235312 -0.162233 0.0526178 0.00464; 0.00401754 -5.11519e-5 0.0539917 -0.162233 0.131924 -0.0422161 -0.00241462; -0.00303178 0.000368431 -0.0171828 0.0526178 -0.0422161 0.015489 0.000386213; 0.000519455 -0.000158367 -0.000259548 0.00464 -0.00241462 0.000386213 0.00036914]
Loglik: -163957.0398 
Loglik values on different cores:
[-1.64018e5,-1.64007e5,-1.63973e5,-1.64005e5,-1.64003e5,-1.63957e5,-1.63986e5,-1.64003e5,-163997.0,-1.63986e5]
	From worker 3:	ESS: 86.5753
	From worker 3:	Nbr resample: 24799 
	From worker 9:	ESS: 84.3679
	From worker 9:	Nbr resample: 24799 
	From worker 10:	ESS: 110.5301
	From worker 10:	Nbr resample: 24799 
	From worker 5:	ESS: 94.5811
	From worker 5:	Nbr resample: 24799 
	From worker 6:	ESS: 126.9595
	From worker 6:	Nbr resample: 24799 
	From worker 8:	ESS: 117.0898
	From worker 8:	Nbr resample: 24799 
	From worker 7:	ESS: 139.6775
	From worker 7:	Nbr resample: 24799 
	From worker 2:	ESS: 124.6730
	From worker 2:	Nbr resample: 24799 
	From worker 11:	ESS: 113.8493
	From worker 11:	Nbr resample: 24799 
	From worker 4:	ESS: 130.6254
	From worker 4:	Nbr resample: 24799 
	From worker 3:	ESS: 91.9964
	From worker 3:	Nbr resample: 24799 
	From worker 10:	ESS: 137.7288
	From worker 10:	Nbr resample: 24799 
	From worker 6:	ESS: 121.1991
	From worker 6:	Nbr resample: 24799 
	From worker 5:	ESS: 107.9893
	From worker 5:	Nbr resample: 24799 
	From worker 8:	ESS: 135.1698
	From worker 8:	Nbr resample: 24799 
	From worker 2:	ESS: 113.3693
	From worker 2:	Nbr resample: 24799 
	From worker 7:	ESS: 99.9052
	From worker 7:	Nbr resample: 24799 
	From worker 11:	ESS: 99.7961
	From worker 11:	Nbr resample: 24799 
	From worker 9:	ESS: 96.3580
	From worker 9:	Nbr resample: 24799 
	From worker 4:	ESS: 121.8468
	From worker 4:	Nbr resample: 24799 
Percentage done: 10.00 % 
Acceptance rate on iteration 1401 to 1500 is 0.0000
Covariance:
[0.00197444 -0.000422314 0.00352191 -0.00130416 0.00401734 -0.00266652 0.000392919; -0.000422314 0.000108827 -0.000634195 -0.000653367 -0.000309296 0.000377522 -0.000114682; 0.00352191 -0.000634195 0.0222787 -0.035361 0.0391295 -0.0130355 -4.5381e-5; -0.00130416 -0.000653367 -0.035361 0.158 -0.110773 0.0365099 0.00293486; 0.00401734 -0.000309296 0.0391295 -0.110773 0.0922448 -0.0303663 -0.00140994; -0.00266652 0.000377522 -0.0130355 0.0365099 -0.0303663 0.0114379 0.000164926; 0.000392919 -0.000114682 -4.5381e-5 0.00293486 -0.00140994 0.000164926 0.000250653]
Loglik: -163957.0398 
Loglik values on different cores:
[-1.64008e5,-1.6402e5,-1.63957e5,-1.6397e5,-1.64006e5,-163992.0,-1.63979e5,-1.64016e5,-1.63988e5,-163966.0]
	From worker 9:	ESS: 107.7531
	From worker 9:	Nbr resample: 24799 
	From worker 3:	ESS: 110.2564
	From worker 3:	Nbr resample: 24799 
	From worker 10:	ESS: 120.0822
	From worker 10:	Nbr resample: 24799 
	From worker 6:	ESS: 103.6541
	From worker 6:	Nbr resample: 24799 
	From worker 5:	ESS: 164.7428
	From worker 5:	Nbr resample: 24799 
	From worker 8:	ESS: 115.4776
	From worker 8:	Nbr resample: 24799 
	From worker 7:	ESS: 132.8698
	From worker 7:	Nbr resample: 24799 
	From worker 4:	ESS: 96.0446
	From worker 4:	Nbr resample: 24799 
	From worker 2:	ESS: 86.1772
	From worker 2:	Nbr resample: 24799 
	From worker 11:	ESS: 103.6795
	From worker 11:	Nbr resample: 24799 
	From worker 2:	ESS: 144.9787
	From worker 2:	Nbr resample: 24799 
	From worker 11:	ESS: 105.1558
	From worker 11:	Nbr resample: 24799 
	From worker 4:	ESS: 112.8682
	From worker 4:	Nbr resample: 24799 
	From worker 9:	ESS: 117.5156
	From worker 9:	Nbr resample: 24799 
	From worker 3:	ESS: 116.5236
	From worker 3:	Nbr resample: 24799 
	From worker 5:	ESS: 108.6924
	From worker 5:	Nbr resample: 24799 
	From worker 10:	ESS: 114.5909
	From worker 10:	Nbr resample: 24799 
	From worker 8:	ESS: 89.8627
	From worker 8:	Nbr resample: 24799 
	From worker 6:	ESS: 109.4074
	From worker 6:	Nbr resample: 24799 
	From worker 7:	ESS: 88.4863
	From worker 7:	Nbr resample: 24799 
Percentage done: 10.67 % 
Acceptance rate on iteration 1501 to 1600 is 0.0101
Covariance:
[0.00149736 -0.000322082 0.00293736 -0.00105643 0.00334725 -0.00204499 0.000287257; -0.000322082 8.19717e-5 -0.000558379 -0.000412599 -0.000350818 0.000307635 -8.24537e-5; 0.00293736 -0.000558379 0.0172161 -0.0242936 0.0287671 -0.00960296 3.95286e-5; -0.00105643 -0.000412599 -0.0242936 0.107953 -0.0758061 0.0251462 0.00196835; 0.00334725 -0.000350818 0.0287671 -0.0758061 0.0650831 -0.0215276 -0.000876425; -0.00204499 0.000307635 -0.00960296 0.0251462 -0.0215276 0.00813772 8.09292e-5; 0.000287257 -8.24537e-5 3.95286e-5 0.00196835 -0.000876425 8.09292e-5 0.000172852]
Loglik: -163959.8486 
Loglik values on different cores:
[-1.63948e5,-1.63967e5,-1.63963e5,-163968.0,-1.64e5,-163952.0,-1.6399e5,-1.63938e5,-1.63989e5,-1.63974e5]
	From worker 9:	ESS: 135.5596
	From worker 9:	Nbr resample: 24799 
	From worker 10:	ESS: 114.5992
	From worker 10:	Nbr resample: 24799 
	From worker 8:	ESS: 104.1128
	From worker 8:	Nbr resample: 24799 
	From worker 7:	ESS: 106.7889
	From worker 7:	Nbr resample: 24799 
	From worker 11:	ESS: 119.3393
	From worker 11:	Nbr resample: 24799 
	From worker 4:	ESS: 90.9526
	From worker 4:	Nbr resample: 24799 
	From worker 2:	ESS: 135.7184
	From worker 2:	Nbr resample: 24799 
	From worker 3:	ESS: 73.5360
	From worker 3:	Nbr resample: 24799 
	From worker 5:	ESS: 95.5585
	From worker 5:	Nbr resample: 24799 
	From worker 6:	ESS: 96.9014
	From worker 6:	Nbr resample: 24799 
	From worker 3:	ESS: 115.7075
	From worker 3:	Nbr resample: 24799 
	From worker 5:	ESS: 129.9760
	From worker 5:	Nbr resample: 24799 
	From worker 6:	ESS: 90.8208
	From worker 6:	Nbr resample: 24799 
	From worker 2:	ESS: 103.5237
	From worker 2:	Nbr resample: 24799 
	From worker 9:	ESS: 105.3063
	From worker 9:	Nbr resample: 24799 
	From worker 4:	ESS: 77.0102
	From worker 4:	Nbr resample: 24799 
	From worker 11:	ESS: 106.8896
	From worker 11:	Nbr resample: 24799 
	From worker 10:	ESS: 114.7992
	From worker 10:	Nbr resample: 24799 
	From worker 8:	ESS: 122.3430
	From worker 8:	Nbr resample: 24799 
	From worker 7:	ESS: 94.5064
	From worker 7:	Nbr resample: 24799 
Percentage done: 11.33 % 
Acceptance rate on iteration 1601 to 1700 is 0.0303
Covariance:
[0.00108814 -0.000240794 0.00246071 -0.000336249 0.00258984 -0.00142401 0.000198862; -0.000240794 6.34486e-5 -0.000553427 -0.00045615 -0.000342903 0.000210759 -5.66798e-5; 0.00246071 -0.000553427 0.016458 -0.0123405 0.0227263 -0.00656494 -7.3873e-6; -0.000336249 -0.00045615 -0.0123405 0.0805826 -0.0503404 0.0178021 0.00133116; 0.00258984 -0.000342903 0.0227263 -0.0503404 0.047081 -0.014987 -0.000630504; -0.00142401 0.000210759 -0.00656494 0.0178021 -0.014987 0.00571354 5.28525e-5; 0.000198862 -5.66798e-5 -7.3873e-6 0.00133116 -0.000630504 5.28525e-5 0.000122144]
Loglik: -163925.4061 
Loglik values on different cores:
[-1.63996e5,-1.63976e5,-1.64e5,-1.63976e5,-1.64016e5,-1.63945e5,-1.63973e5,-1.63975e5,-1.63957e5,-1.63967e5]
	From worker 3:	ESS: 151.6249
	From worker 3:	Nbr resample: 24799 
	From worker 6:	ESS: 111.8659
	From worker 6:	Nbr resample: 24799 
	From worker 9:	ESS: 100.5702
	From worker 9:	Nbr resample: 24799 
	From worker 4:	ESS: 119.5581
	From worker 4:	Nbr resample: 24799 
	From worker 10:	ESS: 111.8599
	From worker 10:	Nbr resample: 24799 
	From worker 2:	ESS: 100.4257
	From worker 2:	Nbr resample: 24799 
	From worker 5:	ESS: 105.3643
	From worker 5:	Nbr resample: 24799 
	From worker 11:	ESS: 129.5945
	From worker 11:	Nbr resample: 24799 
	From worker 8:	ESS: 131.2251
	From worker 8:	Nbr resample: 24799 
	From worker 7:	ESS: 114.3817
	From worker 7:	Nbr resample: 24799 
	From worker 2:	ESS: 83.1690
	From worker 2:	Nbr resample: 24799 
	From worker 10:	ESS: 94.3057
	From worker 10:	Nbr resample: 24799 
	From worker 5:	ESS: 133.1360
	From worker 5:	Nbr resample: 24799 
	From worker 8:	ESS: 103.1518
	From worker 8:	Nbr resample: 24799 
	From worker 7:	ESS: 105.0190
	From worker 7:	Nbr resample: 24799 
	From worker 9:	ESS: 115.9281
	From worker 9:	Nbr resample: 24799 
	From worker 11:	ESS: 155.9828
	From worker 11:	Nbr resample: 24799 
	From worker 3:	ESS: 146.2810
	From worker 3:	Nbr resample: 24799 
	From worker 4:	ESS: 94.4838
	From worker 4:	Nbr resample: 24799 
	From worker 6:	ESS: 105.1961
	From worker 6:	Nbr resample: 24799 
Percentage done: 12.00 % 
Acceptance rate on iteration 1701 to 1800 is 0.0101
Covariance:
[0.000891756 -0.000199732 0.00236001 0.000528555 0.00212542 -0.00103458 0.000142981; -0.000199732 5.21518e-5 -0.000549917 -0.000514918 -0.00031997 0.000154892 -4.02835e-5; 0.00236001 -0.000549917 0.0151147 -0.00444696 0.0177524 -0.00473046 -4.16788e-6; 0.000528555 -0.000514918 -0.00444696 0.061807 -0.033327 0.0123863 0.000940366; 0.00212542 -0.00031997 0.0177524 -0.033327 0.0340169 -0.0105934 -0.000445219; -0.00103458 0.000154892 -0.00473046 0.0123863 -0.0105934 0.00403604 3.46036e-5; 0.000142981 -4.02835e-5 -4.16788e-6 0.000940366 -0.000445219 3.46036e-5 8.6532e-5]
Loglik: -163947.6653 
Loglik values on different cores:
[-1.64031e5,-163976.0,-1.63934e5,-1.6398e5,-1.63985e5,-1.63983e5,-1.6401e5,-1.63997e5,-1.64027e5,-1.64e5]
	From worker 9:	ESS: 116.1077
	From worker 9:	Nbr resample: 24799 
	From worker 10:	ESS: 149.6999
	From worker 10:	Nbr resample: 24799 
	From worker 3:	ESS: 103.9887
	From worker 3:	Nbr resample: 24799 
	From worker 8:	ESS: 117.1764
	From worker 8:	Nbr resample: 24799 
	From worker 2:	ESS: 105.5987
	From worker 2:	Nbr resample: 24799 
	From worker 4:	ESS: 106.0575
	From worker 4:	Nbr resample: 24799 
	From worker 5:	ESS: 113.1717
	From worker 5:	Nbr resample: 24799 
	From worker 6:	ESS: 74.8537
	From worker 6:	Nbr resample: 24799 
	From worker 7:	ESS: 111.5982
	From worker 7:	Nbr resample: 24799 
	From worker 11:	ESS: 86.6212
	From worker 11:	Nbr resample: 24799 
	From worker 6:	ESS: 110.6458
	From worker 6:	Nbr resample: 24799 
	From worker 5:	ESS: 116.3269
	From worker 5:	Nbr resample: 24799 
	From worker 7:	ESS: 112.0312
	From worker 7:	Nbr resample: 24799 
	From worker 11:	ESS: 107.3646
	From worker 11:	Nbr resample: 24799 
	From worker 3:	ESS: 82.9557
	From worker 3:	Nbr resample: 24799 
	From worker 4:	ESS: 128.0092
	From worker 4:	Nbr resample: 24799 
	From worker 9:	ESS: 127.3932
