Mean:
[-0.0309735; -0.135865; 3.35548; 1.07856; 0.391401; 0.354221; 0.434672]
Std:
[0.112225; 0.0404521; 0.0132121; 0.362979; 0.317725; 0.713118; 0.113645]
[0.0708699 0.134704 0.0289443 0.0755403 0.00235629 0.0982512 0.0788205 0.144373 0.0470099 -0.0328219; -0.131041 -0.153339 -0.151618 -0.113699 -0.116393 -0.13052 -0.140618 -0.147207 -0.122129 -0.0850618; 3.36016 3.37828 3.37109 3.36697 3.33301 3.36375 3.35331 3.35586 3.33892 3.3419; 0.900135 0.679501 0.929233 0.773301 1.13798 1.09364 0.879772 0.542441 0.222394 1.03217; 0.230987 0.040941 0.154138 0.158208 0.502389 0.244643 0.335777 -0.0333289 -0.261956 0.262998; 0.815095 1.18609 1.00591 0.853861 0.141933 0.897546 0.639898 1.37421 1.56164 0.509194; 0.464236 0.471063 0.543649 0.407295 0.348052 0.449649 0.505878 0.472396 0.4284 0.384436; -1.41527e5 -1.41602e5 -1.41556e5 -1.4159e5 -1.41614e5 -1.41602e5 -141573.0 -1.41619e5 -1.41653e5 -1.41616e5]Starting ml estimationLength of training data: 4900Start values for optimization:
[-7.36262e5; -3067.6; -15763.9; 3.51638e5; -3023.21; 17500.5; 4618.45; 5229.94; -1791.73; -18545.6; -52021.0; -139.24; -802.066; -157.09; -1283.87; -8192.15; 480.257; -24.5269; 252.607; 83.9371; 219.273; 3567.15; -320.927; 978.328; 313.248; -3807.99; 944.516; -5131.27; -1324.29; -1429.63; 333.765; 30.4712; -123.219; -632.856; 618.48; 304.401; 3.94033; 3.59376; -2.19171; -3.21317; -4.33706; -1.01177; -1.14296; -0.339655; -2.17898]Iter     Function value   Gradient norm 
     0     4.119080e+04     2.474939e+07
     1     4.110430e+04     2.204151e+05
     2     4.108781e+04     1.627791e+05
     3     4.108207e+04     3.521402e+04
     4     4.108211e+04     3.520804e+04
Estimated parameters of the GP model:
Estimated Β:s:
[-7.36262e5,-3067.6,-15763.9,3.51638e5,-3023.21,17500.5,4618.45,5229.94,-1791.73,-18545.6,-52021.0,-139.24,-802.066,-157.09,-1283.87,-8192.15,480.257,-24.5269,252.607,83.9371,219.273,3567.15,-320.927,978.328,313.248,-3807.99,944.515,-5131.27,-1324.29,-1429.63,333.765,30.4711,-123.219,-632.856,618.48,304.401]
Estimated log Φ:s:
[3.9391,1.96569,14.7221,42.8555,150.336,-1.81457,-2.11287,-0.548917,14.3537]
elapsed time: 1121.990813707 seconds
#####################################################################
Starting DA-GP-MCMC estimating 7 parameters 
MCMC algorithm: MCWM
Adaptation algorithm: noAdaptation
Prior distribution: Normal
Particel filter: parallel_bootstrap
Covariance - kernel_MH_direct:
[0.00399957 -0.00111552 -3.16818e-5 0.000264763 0.00024842 0.00175268 0.001898; -0.00111552 0.000496942 1.02744e-5 0.000414018 0.000283753 -0.00163261 -0.000986683; -3.16818e-5 1.02744e-5 4.93602e-5 -0.00042828 -0.000617517 0.00145316 -3.23595e-5; 0.000264763 0.000414018 -0.00042828 0.0629127 0.0382839 -0.0737252 -0.00389374; 0.00024842 0.000283753 -0.000617517 0.0382839 0.0311124 -0.0652728 -0.0023692; 0.00175268 -0.00163261 0.00145316 -0.0737252 -0.0652728 0.161684 0.00896414; 0.001898 -0.000986683 -3.23595e-5 -0.00389374 -0.0023692 0.00896414 0.00415473]
Iteration: 1
Covariance:
[0.00575938 -0.00160634 -4.56218e-5 0.000381259 0.000357725 0.00252385 0.00273312; -0.00160634 0.000715597 1.47952e-5 0.000596186 0.000408605 -0.00235096 -0.00142082; -4.56218e-5 1.47952e-5 7.10787e-5 -0.000616723 -0.000889225 0.00209255 -4.65977e-5; 0.000381259 0.000596186 -0.000616723 0.0905943 0.0551288 -0.106164 -0.00560698; 0.000357725 0.000408605 -0.000889225 0.0551288 0.0448018 -0.0939929 -0.00341165; 0.00252385 -0.00235096 0.00209255 -0.106164 -0.0939929 0.232825 0.0129084; 0.00273312 -0.00142082 -4.65977e-5 -0.00560698 -0.00341165 0.0129084 0.00598281]
Iteration: 1
Covariance:
[0.00575938 -0.00160634 -4.56218e-5 0.000381259 0.000357725 0.00252385 0.00273312; -0.00160634 0.000715597 1.47952e-5 0.000596186 0.000408605 -0.00235096 -0.00142082; -4.56218e-5 1.47952e-5 7.10787e-5 -0.000616723 -0.000889225 0.00209255 -4.65977e-5; 0.000381259 0.000596186 -0.000616723 0.0905943 0.0551288 -0.106164 -0.00560698; 0.000357725 0.000408605 -0.000889225 0.0551288 0.0448018 -0.0939929 -0.00341165; 0.00252385 -0.00235096 0.00209255 -0.106164 -0.0939929 0.232825 0.0129084; 0.00273312 -0.00142082 -4.65977e-5 -0.00560698 -0.00341165 0.0129084 0.00598281]
	From worker 2:	ESS: 158.7703
	From worker 2:	Nbr resample: 24841 
	From worker 9:	ESS: 158.5037
	From worker 10:	ESS: 157.4232
	From worker 9:	Nbr resample: 24841 
	From worker 10:	Nbr resample: 24841 
	From worker 11:	ESS: 155.2690
	From worker 11:	Nbr resample: 24841 
	From worker 3:	ESS: 153.0343
	From worker 3:	Nbr resample: 24841 
	From worker 8:	ESS: 153.8787
	From worker 8:	Nbr resample: 24841 
	From worker 4:	ESS: 157.8640
	From worker 6:	ESS: 154.8704
	From worker 4:	Nbr resample: 24841 
	From worker 6:	Nbr resample: 24841 
	From worker 5:	ESS: 154.7754
	From worker 5:	Nbr resample: 24841 
	From worker 7:	ESS: 154.8864
	From worker 7:	Nbr resample: 24841 
Loglik start: -141513.0841 
Percentage done: 0.50 % 
Acceptance rate on iteration 1 to 100 is 0.0202
Covariance:
[0.00575938 -0.00160634 -4.56218e-5 0.000381259 0.000357725 0.00252385 0.00273312; -0.00160634 0.000715597 1.47952e-5 0.000596186 0.000408605 -0.00235096 -0.00142082; -4.56218e-5 1.47952e-5 7.10787e-5 -0.000616723 -0.000889225 0.00209255 -4.65977e-5; 0.000381259 0.000596186 -0.000616723 0.0905943 0.0551288 -0.106164 -0.00560698; 0.000357725 0.000408605 -0.000889225 0.0551288 0.0448018 -0.0939929 -0.00341165; 0.00252385 -0.00235096 0.00209255 -0.106164 -0.0939929 0.232825 0.0129084; 0.00273312 -0.00142082 -4.65977e-5 -0.00560698 -0.00341165 0.0129084 0.00598281]
Loglik: -141528.3819 
Loglik values on different cores:
[-1.41593e5,-1.41554e5,-1.41571e5,-1.41527e5,-1.41576e5,-1.4154e5,-1.4154e5,-1.41567e5,-1.41518e5,-1.41528e5]
	From worker 10:	ESS: 159.3709
	From worker 10:	Nbr resample: 24841 
	From worker 8:	ESS: 156.9983
	From worker 8:	Nbr resample: 24841 
	From worker 11:	ESS: 149.1730
	From worker 11:	Nbr resample: 24841 
	From worker 9:	ESS: 165.2120
	From worker 9:	Nbr resample: 24841 
	From worker 3:	ESS: 163.7387
	From worker 3:	Nbr resample: 24841 
	From worker 5:	ESS: 160.4394
	From worker 5:	Nbr resample: 24841 
	From worker 6:	ESS: 166.9431
	From worker 6:	Nbr resample: 24841 
	From worker 4:	ESS: 159.5996
	From worker 4:	Nbr resample: 24841 
	From worker 2:	ESS: 161.2465
	From worker 2:	Nbr resample: 24841 
	From worker 7:	ESS: 165.6246
	From worker 7:	Nbr resample: 24841 
Percentage done: 1.00 % 
Acceptance rate on iteration 101 to 200 is 0.0606
Covariance:
[0.00575938 -0.00160634 -4.56218e-5 0.000381259 0.000357725 0.00252385 0.00273312; -0.00160634 0.000715597 1.47952e-5 0.000596186 0.000408605 -0.00235096 -0.00142082; -4.56218e-5 1.47952e-5 7.10787e-5 -0.000616723 -0.000889225 0.00209255 -4.65977e-5; 0.000381259 0.000596186 -0.000616723 0.0905943 0.0551288 -0.106164 -0.00560698; 0.000357725 0.000408605 -0.000889225 0.0551288 0.0448018 -0.0939929 -0.00341165; 0.00252385 -0.00235096 0.00209255 -0.106164 -0.0939929 0.232825 0.0129084; 0.00273312 -0.00142082 -4.65977e-5 -0.00560698 -0.00341165 0.0129084 0.00598281]
Loglik: -141519.8249 
Loglik values on different cores:
[-1.41564e5,-1.41568e5,-1.41557e5,-1.4161e5,-1.41588e5,-1.41565e5,-1.4161e5,-1.41569e5,-1.41526e5,-1.41541e5]
Percentage done: 1.50 % 
Acceptance rate on iteration 201 to 300 is 0.0404
Covariance:
[0.00575938 -0.00160634 -4.56218e-5 0.000381259 0.000357725 0.00252385 0.00273312; -0.00160634 0.000715597 1.47952e-5 0.000596186 0.000408605 -0.00235096 -0.00142082; -4.56218e-5 1.47952e-5 7.10787e-5 -0.000616723 -0.000889225 0.00209255 -4.65977e-5; 0.000381259 0.000596186 -0.000616723 0.0905943 0.0551288 -0.106164 -0.00560698; 0.000357725 0.000408605 -0.000889225 0.0551288 0.0448018 -0.0939929 -0.00341165; 0.00252385 -0.00235096 0.00209255 -0.106164 -0.0939929 0.232825 0.0129084; 0.00273312 -0.00142082 -4.65977e-5 -0.00560698 -0.00341165 0.0129084 0.00598281]
Loglik: -141556.9287 
Loglik values on different cores:
[-1.41554e5,-1.41558e5,-1.41609e5,-1.41588e5,-141592.0,-1.41551e5,-1.41584e5,-1.41593e5,-1.41517e5,-1.4154e5]
	From worker 10:	ESS: 145.3353
	From worker 10:	Nbr resample: 24841 
	From worker 11:	ESS: 145.3347
	From worker 11:	Nbr resample: 24841 
	From worker 8:	ESS: 151.2706
	From worker 8:	Nbr resample: 24841 
	From worker 9:	ESS: 154.9500
	From worker 9:	Nbr resample: 24841 
	From worker 3:	ESS: 146.7562
	From worker 3:	Nbr resample: 24841 
	From worker 5:	ESS: 150.9088
	From worker 5:	Nbr resample: 24841 
	From worker 6:	ESS: 154.7174
	From worker 6:	Nbr resample: 24841 
	From worker 4:	ESS: 145.3287
	From worker 4:	Nbr resample: 24841 
	From worker 2:	ESS: 142.2153
	From worker 2:	Nbr resample: 24841 
	From worker 7:	ESS: 139.7817
	From worker 7:	Nbr resample: 24841 
	From worker 6:	ESS: 148.3589
	From worker 6:	Nbr resample: 24841 
	From worker 3:	ESS: 145.2092
	From worker 3:	Nbr resample: 24841 
	From worker 11:	ESS: 152.1104
	From worker 11:	Nbr resample: 24841 
	From worker 10:	ESS: 144.7335
	From worker 10:	Nbr resample: 24841 
	From worker 9:	ESS: 148.4189
	From worker 9:	Nbr resample: 24841 
	From worker 8:	ESS: 141.0124
	From worker 8:	Nbr resample: 24841 
	From worker 5:	ESS: 149.2866
	From worker 5:	Nbr resample: 24841 
	From worker 2:	ESS: 153.3884
	From worker 2:	Nbr resample: 24841 
	From worker 7:	ESS: 146.6005
	From worker 7:	Nbr resample: 24841 
	From worker 4:	ESS: 145.9197
	From worker 4:	Nbr resample: 24841 
Percentage done: 2.00 % 
Acceptance rate on iteration 301 to 400 is 0.0202
Covariance:
[0.00575938 -0.00160634 -4.56218e-5 0.000381259 0.000357725 0.00252385 0.00273312; -0.00160634 0.000715597 1.47952e-5 0.000596186 0.000408605 -0.00235096 -0.00142082; -4.56218e-5 1.47952e-5 7.10787e-5 -0.000616723 -0.000889225 0.00209255 -4.65977e-5; 0.000381259 0.000596186 -0.000616723 0.0905943 0.0551288 -0.106164 -0.00560698; 0.000357725 0.000408605 -0.000889225 0.0551288 0.0448018 -0.0939929 -0.00341165; 0.00252385 -0.00235096 0.00209255 -0.106164 -0.0939929 0.232825 0.0129084; 0.00273312 -0.00142082 -4.65977e-5 -0.00560698 -0.00341165 0.0129084 0.00598281]
Loglik: -141535.5755 
Loglik values on different cores:
[-1.41568e5,-1.41579e5,-141559.0,-1.41572e5,-1.41625e5,-1.416e5,-1.41567e5,-1.41542e5,-1.41584e5,-1.41577e5]
Percentage done: 2.50 % 
Acceptance rate on iteration 401 to 500 is 0.1111
Covariance:
[0.00575938 -0.00160634 -4.56218e-5 0.000381259 0.000357725 0.00252385 0.00273312; -0.00160634 0.000715597 1.47952e-5 0.000596186 0.000408605 -0.00235096 -0.00142082; -4.56218e-5 1.47952e-5 7.10787e-5 -0.000616723 -0.000889225 0.00209255 -4.65977e-5; 0.000381259 0.000596186 -0.000616723 0.0905943 0.0551288 -0.106164 -0.00560698; 0.000357725 0.000408605 -0.000889225 0.0551288 0.0448018 -0.0939929 -0.00341165; 0.00252385 -0.00235096 0.00209255 -0.106164 -0.0939929 0.232825 0.0129084; 0.00273312 -0.00142082 -4.65977e-5 -0.00560698 -0.00341165 0.0129084 0.00598281]
Loglik: -141544.9038 
Loglik values on different cores:
[-1.41606e5,-1.41653e5,-1.41625e5,-141624.0,-1.41584e5,-1.41599e5,-1.41586e5,-1.4161e5,-141617.0,-141625.0]
	From worker 9:	ESS: 153.4584
	From worker 9:	Nbr resample: 24841 
	From worker 3:	ESS: 152.2820
	From worker 3:	Nbr resample: 24841 
	From worker 10:	ESS: 144.5507
	From worker 10:	Nbr resample: 24841 
	From worker 8:	ESS: 148.1198
	From worker 8:	Nbr resample: 24841 
	From worker 6:	ESS: 148.6950
	From worker 6:	Nbr resample: 24841 
	From worker 4:	ESS: 141.3063
	From worker 4:	Nbr resample: 24841 
	From worker 2:	ESS: 140.2018
	From worker 2:	Nbr resample: 24841 
	From worker 11:	ESS: 151.9553
	From worker 11:	Nbr resample: 24841 
	From worker 5:	ESS: 143.3401
	From worker 5:	Nbr resample: 24841 
	From worker 7:	ESS: 150.7748
	From worker 7:	Nbr resample: 24841 
	From worker 3:	ESS: 153.9042
	From worker 3:	Nbr resample: 24841 
	From worker 5:	ESS: 146.9067
	From worker 5:	Nbr resample: 24841 
	From worker 11:	ESS: 152.6725
	From worker 11:	Nbr resample: 24841 
	From worker 9:	ESS: 146.8796
	From worker 9:	Nbr resample: 24841 
	From worker 10:	ESS: 152.8126
	From worker 10:	Nbr resample: 24841 
	From worker 8:	ESS: 145.4107
	From worker 8:	Nbr resample: 24841 
	From worker 2:	ESS: 151.4076
	From worker 2:	Nbr resample: 24841 
	From worker 6:	ESS: 144.3048
	From worker 6:	Nbr resample: 24841 
	From worker 7:	ESS: 153.3383
	From worker 7:	Nbr resample: 24841 
	From worker 4:	ESS: 151.6020
	From worker 4:	Nbr resample: 24841 
Percentage done: 3.00 % 
Acceptance rate on iteration 501 to 600 is 0.0606
Covariance:
[0.00575938 -0.00160634 -4.56218e-5 0.000381259 0.000357725 0.00252385 0.00273312; -0.00160634 0.000715597 1.47952e-5 0.000596186 0.000408605 -0.00235096 -0.00142082; -4.56218e-5 1.47952e-5 7.10787e-5 -0.000616723 -0.000889225 0.00209255 -4.65977e-5; 0.000381259 0.000596186 -0.000616723 0.0905943 0.0551288 -0.106164 -0.00560698; 0.000357725 0.000408605 -0.000889225 0.0551288 0.0448018 -0.0939929 -0.00341165; 0.00252385 -0.00235096 0.00209255 -0.106164 -0.0939929 0.232825 0.0129084; 0.00273312 -0.00142082 -4.65977e-5 -0.00560698 -0.00341165 0.0129084 0.00598281]
Loglik: -141533.7775 
Loglik values on different cores:
[-1.41559e5,-1.4155e5,-1.41562e5,-1.41534e5,-1.4157e5,-1.4155e5,-1.41576e5,-1.41571e5,-141563.0,-1.4159e5]
Percentage done: 3.50 % 
Acceptance rate on iteration 601 to 700 is 0.0505
Covariance:
[0.00575938 -0.00160634 -4.56218e-5 0.000381259 0.000357725 0.00252385 0.00273312; -0.00160634 0.000715597 1.47952e-5 0.000596186 0.000408605 -0.00235096 -0.00142082; -4.56218e-5 1.47952e-5 7.10787e-5 -0.000616723 -0.000889225 0.00209255 -4.65977e-5; 0.000381259 0.000596186 -0.000616723 0.0905943 0.0551288 -0.106164 -0.00560698; 0.000357725 0.000408605 -0.000889225 0.0551288 0.0448018 -0.0939929 -0.00341165; 0.00252385 -0.00235096 0.00209255 -0.106164 -0.0939929 0.232825 0.0129084; 0.00273312 -0.00142082 -4.65977e-5 -0.00560698 -0.00341165 0.0129084 0.00598281]
Loglik: -141511.5701 
Loglik values on different cores:
[-1.41599e5,-1.41536e5,-1.41556e5,-1.41546e5,-1.41568e5,-1.4157e5,-1.41591e5,-1.41588e5,-1.41557e5,-1.41588e5]
Percentage done: 4.00 % 
Acceptance rate on iteration 701 to 800 is 0.0808
Covariance:
[0.00575938 -0.00160634 -4.56218e-5 0.000381259 0.000357725 0.00252385 0.00273312; -0.00160634 0.000715597 1.47952e-5 0.000596186 0.000408605 -0.00235096 -0.00142082; -4.56218e-5 1.47952e-5 7.10787e-5 -0.000616723 -0.000889225 0.00209255 -4.65977e-5; 0.000381259 0.000596186 -0.000616723 0.0905943 0.0551288 -0.106164 -0.00560698; 0.000357725 0.000408605 -0.000889225 0.0551288 0.0448018 -0.0939929 -0.00341165; 0.00252385 -0.00235096 0.00209255 -0.106164 -0.0939929 0.232825 0.0129084; 0.00273312 -0.00142082 -4.65977e-5 -0.00560698 -0.00341165 0.0129084 0.00598281]
Loglik: -141579.5767 
Loglik values on different cores:
[-1.41627e5,-1.41584e5,-1.41617e5,-1.41638e5,-1.41615e5,-1.41584e5,-1.41617e5,-1.41614e5,-1.41635e5,-141624.0]
	From worker 10:	ESS: 151.8907
	From worker 10:	Nbr resample: 24841 
	From worker 8:	ESS: 154.6104
	From worker 8:	Nbr resample: 24841 
	From worker 3:	ESS: 146.0460
	From worker 3:	Nbr resample: 24841 
	From worker 9:	ESS: 142.0103
	From worker 9:	Nbr resample: 24841 
	From worker 11:	ESS: 151.0215
	From worker 11:	Nbr resample: 24841 
	From worker 5:	ESS: 148.8702
	From worker 5:	Nbr resample: 24841 
	From worker 6:	ESS: 158.5513
	From worker 6:	Nbr resample: 24841 
	From worker 4:	ESS: 145.3331
	From worker 4:	Nbr resample: 24841 
	From worker 2:	ESS: 148.7026
	From worker 2:	Nbr resample: 24841 
	From worker 7:	ESS: 151.7137
	From worker 7:	Nbr resample: 24841 
Percentage done: 4.50 % 
Acceptance rate on iteration 801 to 900 is 0.0404
Covariance:
[0.00575938 -0.00160634 -4.56218e-5 0.000381259 0.000357725 0.00252385 0.00273312; -0.00160634 0.000715597 1.47952e-5 0.000596186 0.000408605 -0.00235096 -0.00142082; -4.56218e-5 1.47952e-5 7.10787e-5 -0.000616723 -0.000889225 0.00209255 -4.65977e-5; 0.000381259 0.000596186 -0.000616723 0.0905943 0.0551288 -0.106164 -0.00560698; 0.000357725 0.000408605 -0.000889225 0.0551288 0.0448018 -0.0939929 -0.00341165; 0.00252385 -0.00235096 0.00209255 -0.106164 -0.0939929 0.232825 0.0129084; 0.00273312 -0.00142082 -4.65977e-5 -0.00560698 -0.00341165 0.0129084 0.00598281]
Loglik: -141555.8447 
Loglik values on different cores:
[-1.4159e5,-1.41583e5,-1.41581e5,-1.41569e5,-1.41599e5,-141567.0,-1.41571e5,-1.41565e5,-1.41588e5,-141580.0]
Percentage done: 5.00 % 
Acceptance rate on iteration 901 to 1000 is 0.0606
Covariance:
[0.00575938 -0.00160634 -4.56218e-5 0.000381259 0.000357725 0.00252385 0.00273312; -0.00160634 0.000715597 1.47952e-5 0.000596186 0.000408605 -0.00235096 -0.00142082; -4.56218e-5 1.47952e-5 7.10787e-5 -0.000616723 -0.000889225 0.00209255 -4.65977e-5; 0.000381259 0.000596186 -0.000616723 0.0905943 0.0551288 -0.106164 -0.00560698; 0.000357725 0.000408605 -0.000889225 0.0551288 0.0448018 -0.0939929 -0.00341165; 0.00252385 -0.00235096 0.00209255 -0.106164 -0.0939929 0.232825 0.0129084; 0.00273312 -0.00142082 -4.65977e-5 -0.00560698 -0.00341165 0.0129084 0.00598281]
Loglik: -141569.2133 
Loglik values on different cores:
[-141567.0,-1.41599e5,-1.41559e5,-1.41591e5,-1.41623e5,-1.41617e5,-1.41607e5,-1.41626e5,-1.4162e5,-141621.0]
Percentage done: 5.50 % 
Acceptance rate on iteration 1001 to 1100 is 0.0909
Covariance:
[0.00575938 -0.00160634 -4.56218e-5 0.000381259 0.000357725 0.00252385 0.00273312; -0.00160634 0.000715597 1.47952e-5 0.000596186 0.000408605 -0.00235096 -0.00142082; -4.56218e-5 1.47952e-5 7.10787e-5 -0.000616723 -0.000889225 0.00209255 -4.65977e-5; 0.000381259 0.000596186 -0.000616723 0.0905943 0.0551288 -0.106164 -0.00560698; 0.000357725 0.000408605 -0.000889225 0.0551288 0.0448018 -0.0939929 -0.00341165; 0.00252385 -0.00235096 0.00209255 -0.106164 -0.0939929 0.232825 0.0129084; 0.00273312 -0.00142082 -4.65977e-5 -0.00560698 -0.00341165 0.0129084 0.00598281]
Loglik: -141533.1309 
Loglik values on different cores:
[-1.41532e5,-1.41577e5,-1.41555e5,-1.41554e5,-141550.0,-1.41551e5,-1.41551e5,-1.41571e5,-1.41577e5,-1.41545e5]
Percentage done: 6.00 % 
Acceptance rate on iteration 1101 to 1200 is 0.0404
Covariance:
[0.00575938 -0.00160634 -4.56218e-5 0.000381259 0.000357725 0.00252385 0.00273312; -0.00160634 0.000715597 1.47952e-5 0.000596186 0.000408605 -0.00235096 -0.00142082; -4.56218e-5 1.47952e-5 7.10787e-5 -0.000616723 -0.000889225 0.00209255 -4.65977e-5; 0.000381259 0.000596186 -0.000616723 0.0905943 0.0551288 -0.106164 -0.00560698; 0.000357725 0.000408605 -0.000889225 0.0551288 0.0448018 -0.0939929 -0.00341165; 0.00252385 -0.00235096 0.00209255 -0.106164 -0.0939929 0.232825 0.0129084; 0.00273312 -0.00142082 -4.65977e-5 -0.00560698 -0.00341165 0.0129084 0.00598281]
Loglik: -141514.2485 
Loglik values on different cores:
[-141571.0,-1.41559e5,-1.4155e5,-1.41563e5,-1.41586e5,-1.41528e5,-1.41599e5,-1.41542e5,-1.41582e5,-1.41543e5]
Percentage done: 6.50 % 
Acceptance rate on iteration 1201 to 1300 is 0.0202
Covariance:
[0.00575938 -0.00160634 -4.56218e-5 0.000381259 0.000357725 0.00252385 0.00273312; -0.00160634 0.000715597 1.47952e-5 0.000596186 0.000408605 -0.00235096 -0.00142082; -4.56218e-5 1.47952e-5 7.10787e-5 -0.000616723 -0.000889225 0.00209255 -4.65977e-5; 0.000381259 0.000596186 -0.000616723 0.0905943 0.0551288 -0.106164 -0.00560698; 0.000357725 0.000408605 -0.000889225 0.0551288 0.0448018 -0.0939929 -0.00341165; 0.00252385 -0.00235096 0.00209255 -0.106164 -0.0939929 0.232825 0.0129084; 0.00273312 -0.00142082 -4.65977e-5 -0.00560698 -0.00341165 0.0129084 0.00598281]
Loglik: -141510.8880 
Loglik values on different cores:
[-1.4154e5,-1.41548e5,-141563.0,-1.41526e5,-1.41516e5,-1.41568e5,-1.41543e5,-1.4154e5,-1.41554e5,-1.4154e5]
	From worker 3:	ESS: 157.1598
	From worker 3:	Nbr resample: 24841 
	From worker 5:	ESS: 158.6792
	From worker 5:	Nbr resample: 24841 
	From worker 10:	ESS: 161.8729
	From worker 10:	Nbr resample: 24841 
	From worker 11:	ESS: 157.5181
	From worker 11:	Nbr resample: 24841 
	From worker 9:	ESS: 162.5686
	From worker 9:	Nbr resample: 24841 
	From worker 8:	ESS: 157.9291
	From worker 8:	Nbr resample: 24841 
	From worker 6:	ESS: 148.1068
	From worker 6:	Nbr resample: 24841 
	From worker 4:	ESS: 148.6634
	From worker 4:	Nbr resample: 24841 
	From worker 2:	ESS: 151.2413
	From worker 2:	Nbr resample: 24841 
	From worker 7:	ESS: 156.6719
	From worker 7:	Nbr resample: 24841 
	From worker 8:	ESS: 148.5107
	From worker 8:	Nbr resample: 24841 
	From worker 9:	ESS: 150.5902
	From worker 9:	Nbr resample: 24841 
	From worker 10:	ESS: 156.9313
	From worker 10:	Nbr resample: 24841 
	From worker 11:	ESS: 150.8799
	From worker 11:	Nbr resample: 24841 
	From worker 3:	ESS: 151.5857
	From worker 3:	Nbr resample: 24841 
	From worker 4:	ESS: 156.1647
	From worker 4:	Nbr resample: 24841 
	From worker 5:	ESS: 155.8474
	From worker 5:	Nbr resample: 24841 
	From worker 2:	ESS: 157.4795
	From worker 2:	Nbr resample: 24841 
	From worker 6:	ESS: 157.5334
	From worker 6:	Nbr resample: 24841 
	From worker 7:	ESS: 146.9973
	From worker 7:	Nbr resample: 24841 
Percentage done: 7.00 % 
Acceptance rate on iteration 1301 to 1400 is 0.1111
Covariance:
[0.00575938 -0.00160634 -4.56218e-5 0.000381259 0.000357725 0.00252385 0.00273312; -0.00160634 0.000715597 1.47952e-5 0.000596186 0.000408605 -0.00235096 -0.00142082; -4.56218e-5 1.47952e-5 7.10787e-5 -0.000616723 -0.000889225 0.00209255 -4.65977e-5; 0.000381259 0.000596186 -0.000616723 0.0905943 0.0551288 -0.106164 -0.00560698; 0.000357725 0.000408605 -0.000889225 0.0551288 0.0448018 -0.0939929 -0.00341165; 0.00252385 -0.00235096 0.00209255 -0.106164 -0.0939929 0.232825 0.0129084; 0.00273312 -0.00142082 -4.65977e-5 -0.00560698 -0.00341165 0.0129084 0.00598281]
Loglik: -141564.4589 
Loglik values on different cores:
[-1.41602e5,-1.41632e5,-1.4164e5,-1.41612e5,-1.41615e5,-141660.0,-1.41627e5,-1.41625e5,-1.41599e5,-1.41606e5]
Percentage done: 7.50 % 
Acceptance rate on iteration 1401 to 1500 is 0.0707
Covariance:
[0.00575938 -0.00160634 -4.56218e-5 0.000381259 0.000357725 0.00252385 0.00273312; -0.00160634 0.000715597 1.47952e-5 0.000596186 0.000408605 -0.00235096 -0.00142082; -4.56218e-5 1.47952e-5 7.10787e-5 -0.000616723 -0.000889225 0.00209255 -4.65977e-5; 0.000381259 0.000596186 -0.000616723 0.0905943 0.0551288 -0.106164 -0.00560698; 0.000357725 0.000408605 -0.000889225 0.0551288 0.0448018 -0.0939929 -0.00341165; 0.00252385 -0.00235096 0.00209255 -0.106164 -0.0939929 0.232825 0.0129084; 0.00273312 -0.00142082 -4.65977e-5 -0.00560698 -0.00341165 0.0129084 0.00598281]
Loglik: -141541.8152 
Loglik values on different cores:
[-1.41598e5,-1.41555e5,-1.4161e5,-141594.0,-1.41578e5,-1.41613e5,-1.41568e5,-1.41545e5,-1.41552e5,-1.41578e5]
	From worker 3:	ESS: 153.1771
	From worker 3:	Nbr resample: 24841 
	From worker 11:	ESS: 159.2684
	From worker 11:	Nbr resample: 24841 
	From worker 10:	ESS: 153.9526
	From worker 10:	Nbr resample: 24841 
	From worker 9:	ESS: 157.6009
	From worker 9:	Nbr resample: 24841 
	From worker 8:	ESS: 156.0101
	From worker 8:	Nbr resample: 24841 
	From worker 5:	ESS: 144.4536
	From worker 5:	Nbr resample: 24841 
	From worker 6:	ESS: 156.0536
	From worker 6:	Nbr resample: 24841 
	From worker 2:	ESS: 153.0028
	From worker 2:	Nbr resample: 24841 
	From worker 4:	ESS: 157.0402
	From worker 4:	Nbr resample: 24841 
	From worker 7:	ESS: 153.3899
	From worker 7:	Nbr resample: 24841 
Percentage done: 8.00 % 
Acceptance rate on iteration 1501 to 1600 is 0.0909
Covariance:
[0.00575938 -0.00160634 -4.56218e-5 0.000381259 0.000357725 0.00252385 0.00273312; -0.00160634 0.000715597 1.47952e-5 0.000596186 0.000408605 -0.00235096 -0.00142082; -4.56218e-5 1.47952e-5 7.10787e-5 -0.000616723 -0.000889225 0.00209255 -4.65977e-5; 0.000381259 0.000596186 -0.000616723 0.0905943 0.0551288 -0.106164 -0.00560698; 0.000357725 0.000408605 -0.000889225 0.0551288 0.0448018 -0.0939929 -0.00341165; 0.00252385 -0.00235096 0.00209255 -0.106164 -0.0939929 0.232825 0.0129084; 0.00273312 -0.00142082 -4.65977e-5 -0.00560698 -0.00341165 0.0129084 0.00598281]
Loglik: -141556.7253 
Loglik values on different cores:
[-1.41587e5,-1.41578e5,-1.41578e5,-1.41606e5,-1.41595e5,-1.4156e5,-1.41597e5,-1.41592e5,-1.41628e5,-1.41538e5]
Percentage done: 8.50 % 
Acceptance rate on iteration 1601 to 1700 is 0.0707
Covariance:
[0.00575938 -0.00160634 -4.56218e-5 0.000381259 0.000357725 0.00252385 0.00273312; -0.00160634 0.000715597 1.47952e-5 0.000596186 0.000408605 -0.00235096 -0.00142082; -4.56218e-5 1.47952e-5 7.10787e-5 -0.000616723 -0.000889225 0.00209255 -4.65977e-5; 0.000381259 0.000596186 -0.000616723 0.0905943 0.0551288 -0.106164 -0.00560698; 0.000357725 0.000408605 -0.000889225 0.0551288 0.0448018 -0.0939929 -0.00341165; 0.00252385 -0.00235096 0.00209255 -0.106164 -0.0939929 0.232825 0.0129084; 0.00273312 -0.00142082 -4.65977e-5 -0.00560698 -0.00341165 0.0129084 0.00598281]
Loglik: -141547.8918 
Loglik values on different cores:
[-1.41596e5,-141621.0,-1.4159e5,-1.4158e5,-141593.0,-1.41583e5,-1.41609e5,-1.41587e5,-1.41625e5,-1.41604e5]
Percentage done: 9.00 % 
Acceptance rate on iteration 1701 to 1800 is 0.0707
Covariance:
[0.00575938 -0.00160634 -4.56218e-5 0.000381259 0.000357725 0.00252385 0.00273312; -0.00160634 0.000715597 1.47952e-5 0.000596186 0.000408605 -0.00235096 -0.00142082; -4.56218e-5 1.47952e-5 7.10787e-5 -0.000616723 -0.000889225 0.00209255 -4.65977e-5; 0.000381259 0.000596186 -0.000616723 0.0905943 0.0551288 -0.106164 -0.00560698; 0.000357725 0.000408605 -0.000889225 0.0551288 0.0448018 -0.0939929 -0.00341165; 0.00252385 -0.00235096 0.00209255 -0.106164 -0.0939929 0.232825 0.0129084; 0.00273312 -0.00142082 -4.65977e-5 -0.00560698 -0.00341165 0.0129084 0.00598281]
Loglik: -141547.9824 
Loglik values on different cores:
[-1.41564e5,-1.41573e5,-1.41599e5,-1.41611e5,-1.41625e5,-1.41601e5,-1.41582e5,-141633.0,-141610.0,-1.41569e5]
Percentage done: 9.50 % 
Acceptance rate on iteration 1801 to 1900 is 0.0909
Covariance:
[0.00575938 -0.00160634 -4.56218e-5 0.000381259 0.000357725 0.00252385 0.00273312; -0.00160634 0.000715597 1.47952e-5 0.000596186 0.000408605 -0.00235096 -0.00142082; -4.56218e-5 1.47952e-5 7.10787e-5 -0.000616723 -0.000889225 0.00209255 -4.65977e-5; 0.000381259 0.000596186 -0.000616723 0.0905943 0.0551288 -0.106164 -0.00560698; 0.000357725 0.000408605 -0.000889225 0.0551288 0.0448018 -0.0939929 -0.00341165; 0.00252385 -0.00235096 0.00209255 -0.106164 -0.0939929 0.232825 0.0129084; 0.00273312 -0.00142082 -4.65977e-5 -0.00560698 -0.00341165 0.0129084 0.00598281]
Loglik: -141526.8934 
Loglik values on different cores:
[-1.4155e5,-1.4157e5,-1.41568e5,-1.41559e5,-1.41564e5,-1.41584e5,-1.41595e5,-1.41574e5,-141577.0,-1.41586e5]
Percentage done: 10.00 % 
Acceptance rate on iteration 1901 to 2000 is 0.0303
Covariance:
[0.00575938 -0.00160634 -4.56218e-5 0.000381259 0.000357725 0.00252385 0.00273312; -0.00160634 0.000715597 1.47952e-5 0.000596186 0.000408605 -0.00235096 -0.00142082; -4.56218e-5 1.47952e-5 7.10787e-5 -0.000616723 -0.000889225 0.00209255 -4.65977e-5; 0.000381259 0.000596186 -0.000616723 0.0905943 0.0551288 -0.106164 -0.00560698; 0.000357725 0.000408605 -0.000889225 0.0551288 0.0448018 -0.0939929 -0.00341165; 0.00252385 -0.00235096 0.00209255 -0.106164 -0.0939929 0.232825 0.0129084; 0.00273312 -0.00142082 -4.65977e-5 -0.00560698 -0.00341165 0.0129084 0.00598281]
Loglik: -141548.2473 
Loglik values on different cores:
[-1.4158e5,-1.41564e5,-1.41616e5,-141581.0,-1.41567e5,-1.41605e5,-1.416e5,-1.41603e5,-1.41603e5,-1.41607e5]
	From worker 8:	ESS: 149.9897
	From worker 8:	Nbr resample: 24841 
	From worker 3:	ESS: 156.8754
	From worker 3:	Nbr resample: 24841 
	From worker 11:	ESS: 151.7978
	From worker 11:	Nbr resample: 24841 
	From worker 10:	ESS: 149.5847
	From worker 10:	Nbr resample: 24841 
	From worker 9:	ESS: 152.9964
	From worker 9:	Nbr resample: 24841 
	From worker 5:	ESS: 147.8259
	From worker 5:	Nbr resample: 24841 
	From worker 4:	ESS: 153.9033
	From worker 4:	Nbr resample: 24841 
	From worker 6:	ESS: 153.8980
	From worker 6:	Nbr resample: 24841 
	From worker 2:	ESS: 154.1059
	From worker 2:	Nbr resample: 24841 
	From worker 7:	ESS: 154.6546
	From worker 7:	Nbr resample: 24841 
Percentage done: 10.50 % 
Acceptance rate on iteration 2001 to 2100 is 0.0808
Covariance:
[0.00575938 -0.00160634 -4.56218e-5 0.000381259 0.000357725 0.00252385 0.00273312; -0.00160634 0.000715597 1.47952e-5 0.000596186 0.000408605 -0.00235096 -0.00142082; -4.56218e-5 1.47952e-5 7.10787e-5 -0.000616723 -0.000889225 0.00209255 -4.65977e-5; 0.000381259 0.000596186 -0.000616723 0.0905943 0.0551288 -0.106164 -0.00560698; 0.000357725 0.000408605 -0.000889225 0.0551288 0.0448018 -0.0939929 -0.00341165; 0.00252385 -0.00235096 0.00209255 -0.106164 -0.0939929 0.232825 0.0129084; 0.00273312 -0.00142082 -4.65977e-5 -0.00560698 -0.00341165 0.0129084 0.00598281]
Loglik: -141557.1541 
Loglik values on different cores:
[-1.41567e5,-141592.0,-1.4161e5,-1.41599e5,-1.41609e5,-1.41628e5,-141613.0,-1.4161e5,-141586.0,-1.41592e5]
Percentage done: 11.00 % 
Acceptance rate on iteration 2101 to 2200 is 0.0808
Covariance:
[0.00575938 -0.00160634 -4.56218e-5 0.000381259 0.000357725 0.00252385 0.00273312; -0.00160634 0.000715597 1.47952e-5 0.000596186 0.000408605 -0.00235096 -0.00142082; -4.56218e-5 1.47952e-5 7.10787e-5 -0.000616723 -0.000889225 0.00209255 -4.65977e-5; 0.000381259 0.000596186 -0.000616723 0.0905943 0.0551288 -0.106164 -0.00560698; 0.000357725 0.000408605 -0.000889225 0.0551288 0.0448018 -0.0939929 -0.00341165; 0.00252385 -0.00235096 0.00209255 -0.106164 -0.0939929 0.232825 0.0129084; 0.00273312 -0.00142082 -4.65977e-5 -0.00560698 -0.00341165 0.0129084 0.00598281]
Loglik: -141530.5198 
Loglik values on different cores:
[-1.41569e5,-1.416e5,-1.41579e5,-1.41556e5,-1.41589e5,-1.416e5,-1.41588e5,-1.41619e5,-1.41584e5,-1.41587e5]
Percentage done: 11.50 % 
Acceptance rate on iteration 2201 to 2300 is 0.0303
Covariance:
[0.00575938 -0.00160634 -4.56218e-5 0.000381259 0.000357725 0.00252385 0.00273312; -0.00160634 0.000715597 1.47952e-5 0.000596186 0.000408605 -0.00235096 -0.00142082; -4.56218e-5 1.47952e-5 7.10787e-5 -0.000616723 -0.000889225 0.00209255 -4.65977e-5; 0.000381259 0.000596186 -0.000616723 0.0905943 0.0551288 -0.106164 -0.00560698; 0.000357725 0.000408605 -0.000889225 0.0551288 0.0448018 -0.0939929 -0.00341165; 0.00252385 -0.00235096 0.00209255 -0.106164 -0.0939929 0.232825 0.0129084; 0.00273312 -0.00142082 -4.65977e-5 -0.00560698 -0.00341165 0.0129084 0.00598281]
Loglik: -141521.1018 
Loglik values on different cores:
[-1.41569e5,-1.41577e5,-141590.0,-1.41552e5,-1.41579e5,-1.41581e5,-1.41588e5,-1.41613e5,-1.41579e5,-1.416e5]
Percentage done: 12.00 % 
Acceptance rate on iteration 2301 to 2400 is 0.0303
Covariance:
[0.00575938 -0.00160634 -4.56218e-5 0.000381259 0.000357725 0.00252385 0.00273312; -0.00160634 0.000715597 1.47952e-5 0.000596186 0.000408605 -0.00235096 -0.00142082; -4.56218e-5 1.47952e-5 7.10787e-5 -0.000616723 -0.000889225 0.00209255 -4.65977e-5; 0.000381259 0.000596186 -0.000616723 0.0905943 0.0551288 -0.106164 -0.00560698; 0.000357725 0.000408605 -0.000889225 0.0551288 0.0448018 -0.0939929 -0.00341165; 0.00252385 -0.00235096 0.00209255 -0.106164 -0.0939929 0.232825 0.0129084; 0.00273312 -0.00142082 -4.65977e-5 -0.00560698 -0.00341165 0.0129084 0.00598281]
Loglik: -141509.3674 
Loglik values on different cores:
[-1.41551e5,-141570.0,-1.41545e5,-1.41558e5,-1.41531e5,-1.41553e5,-1.41578e5,-141523.0,-1.41599e5,-1.41586e5]
Percentage done: 12.50 % 
Acceptance rate on iteration 2401 to 2500 is 0.0404
Covariance:
[0.00575938 -0.00160634 -4.56218e-5 0.000381259 0.000357725 0.00252385 0.00273312; -0.00160634 0.000715597 1.47952e-5 0.000596186 0.000408605 -0.00235096 -0.00142082; -4.56218e-5 1.47952e-5 7.10787e-5 -0.000616723 -0.000889225 0.00209255 -4.65977e-5; 0.000381259 0.000596186 -0.000616723 0.0905943 0.0551288 -0.106164 -0.00560698; 0.000357725 0.000408605 -0.000889225 0.0551288 0.0448018 -0.0939929 -0.00341165; 0.00252385 -0.00235096 0.00209255 -0.106164 -0.0939929 0.232825 0.0129084; 0.00273312 -0.00142082 -4.65977e-5 -0.00560698 -0.00341165 0.0129084 0.00598281]
Loglik: -141587.6724 
Loglik values on different cores:
[-1.41596e5,-1.41652e5,-1.41638e5,-1.41598e5,-1.41659e5,-1.41617e5,-141639.0,-1.41646e5,-1.41619e5,-1.41633e5]
	From worker 10:	ESS: 152.1059
	From worker 10:	Nbr resample: 24841 
	From worker 8:	ESS: 150.2630
	From worker 8:	Nbr resample: 24841 
	From worker 11:	ESS: 151.9042
	From worker 11:	Nbr resample: 24841 
	From worker 3:	ESS: 151.5540
	From worker 3:	Nbr resample: 24841 
	From worker 9:	ESS: 151.3133
	From worker 9:	Nbr resample: 24841 
	From worker 6:	ESS: 148.8097
	From worker 6:	Nbr resample: 24841 
	From worker 5:	ESS: 157.8141
	From worker 5:	Nbr resample: 24841 
	From worker 4:	ESS: 146.8732
	From worker 4:	Nbr resample: 24841 
	From worker 2:	ESS: 153.3251
	From worker 2:	Nbr resample: 24841 
	From worker 7:	ESS: 150.5230
	From worker 7:	Nbr resample: 24841 
Percentage done: 13.00 % 
Acceptance rate on iteration 2501 to 2600 is 0.1111
Covariance:
[0.00575938 -0.00160634 -4.56218e-5 0.000381259 0.000357725 0.00252385 0.00273312; -0.00160634 0.000715597 1.47952e-5 0.000596186 0.000408605 -0.00235096 -0.00142082; -4.56218e-5 1.47952e-5 7.10787e-5 -0.000616723 -0.000889225 0.00209255 -4.65977e-5; 0.000381259 0.000596186 -0.000616723 0.0905943 0.0551288 -0.106164 -0.00560698; 0.000357725 0.000408605 -0.000889225 0.0551288 0.0448018 -0.0939929 -0.00341165; 0.00252385 -0.00235096 0.00209255 -0.106164 -0.0939929 0.232825 0.0129084; 0.00273312 -0.00142082 -4.65977e-5 -0.00560698 -0.00341165 0.0129084 0.00598281]
Loglik: -141546.5666 
Loglik values on different cores:
[-1.41632e5,-1.41544e5,-1.41565e5,-1.41569e5,-1.41579e5,-1.41591e5,-1.4158e5,-1.41581e5,-1.41576e5,-1.4157e5]
Percentage done: 13.50 % 
Acceptance rate on iteration 2601 to 2700 is 0.0606
Covariance:
[0.00575938 -0.00160634 -4.56218e-5 0.000381259 0.000357725 0.00252385 0.00273312; -0.00160634 0.000715597 1.47952e-5 0.000596186 0.000408605 -0.00235096 -0.00142082; -4.56218e-5 1.47952e-5 7.10787e-5 -0.000616723 -0.000889225 0.00209255 -4.65977e-5; 0.000381259 0.000596186 -0.000616723 0.0905943 0.0551288 -0.106164 -0.00560698; 0.000357725 0.000408605 -0.000889225 0.0551288 0.0448018 -0.0939929 -0.00341165; 0.00252385 -0.00235096 0.00209255 -0.106164 -0.0939929 0.232825 0.0129084; 0.00273312 -0.00142082 -4.65977e-5 -0.00560698 -0.00341165 0.0129084 0.00598281]
Loglik: -141537.6217 
Loglik values on different cores:
[-1.41552e5,-1.41577e5,-1.41533e5,-1.41554e5,-1.41558e5,-1.41578e5,-1.41597e5,-1.41542e5,-1.41584e5,-1.41592e5]
Percentage done: 14.00 % 
Acceptance rate on iteration 2701 to 2800 is 0.0202
Covariance:
[0.00575938 -0.00160634 -4.56218e-5 0.000381259 0.000357725 0.00252385 0.00273312; -0.00160634 0.000715597 1.47952e-5 0.000596186 0.000408605 -0.00235096 -0.00142082; -4.56218e-5 1.47952e-5 7.10787e-5 -0.000616723 -0.000889225 0.00209255 -4.65977e-5; 0.000381259 0.000596186 -0.000616723 0.0905943 0.0551288 -0.106164 -0.00560698; 0.000357725 0.000408605 -0.000889225 0.0551288 0.0448018 -0.0939929 -0.00341165; 0.00252385 -0.00235096 0.00209255 -0.106164 -0.0939929 0.232825 0.0129084; 0.00273312 -0.00142082 -4.65977e-5 -0.00560698 -0.00341165 0.0129084 0.00598281]
Loglik: -141503.7703 
Loglik values on different cores:
[-1.41527e5,-1.41576e5,-1.41545e5,-1.41548e5,-1.41575e5,-1.41567e5,-1.41587e5,-1.41568e5,-1.41546e5,-1.41547e5]
Percentage done: 14.50 % 
Acceptance rate on iteration 2801 to 2900 is 0.0101
Covariance:
[0.00575938 -0.00160634 -4.56218e-5 0.000381259 0.000357725 0.00252385 0.00273312; -0.00160634 0.000715597 1.47952e-5 0.000596186 0.000408605 -0.00235096 -0.00142082; -4.56218e-5 1.47952e-5 7.10787e-5 -0.000616723 -0.000889225 0.00209255 -4.65977e-5; 0.000381259 0.000596186 -0.000616723 0.0905943 0.0551288 -0.106164 -0.00560698; 0.000357725 0.000408605 -0.000889225 0.0551288 0.0448018 -0.0939929 -0.00341165; 0.00252385 -0.00235096 0.00209255 -0.106164 -0.0939929 0.232825 0.0129084; 0.00273312 -0.00142082 -4.65977e-5 -0.00560698 -0.00341165 0.0129084 0.00598281]
Loglik: -141526.5192 
Loglik values on different cores:
[-1.41569e5,-1.41587e5,-1.41547e5,-141619.0,-1.41562e5,-1.41554e5,-1.41593e5,-1.41523e5,-1.41541e5,-1.41586e5]
	From worker 10:	ESS: 149.0858
	From worker 10:	Nbr resample: 24841 
	From worker 11:	ESS: 146.8714
	From worker 11:	Nbr resample: 24841 
	From worker 8:	ESS: 150.0320
	From worker 8:	Nbr resample: 24841 
	From worker 9:	ESS: 144.2227
	From worker 9:	Nbr resample: 24841 
	From worker 5:	ESS: 148.1919
	From worker 5:	Nbr resample: 24841 
	From worker 6:	ESS: 142.0762
	From worker 6:	Nbr resample: 24841 
	From worker 4:	ESS: 150.4327
	From worker 4:	Nbr resample: 24841 
	From worker 2:	ESS: 152.0565
	From worker 2:	Nbr resample: 24841 
	From worker 3:	ESS: 150.0658
	From worker 3:	Nbr resample: 24841 
	From worker 7:	ESS: 153.3380
	From worker 7:	Nbr resample: 24841 
	From worker 3:	ESS: 150.3010
	From worker 3:	Nbr resample: 24841 
	From worker 6:	ESS: 144.5632
	From worker 6:	Nbr resample: 24841 
	From worker 11:	ESS: 151.7555
	From worker 11:	Nbr resample: 24841 
	From worker 9:	ESS: 147.3446
	From worker 9:	Nbr resample: 24841 
	From worker 10:	ESS: 155.0244
	From worker 10:	Nbr resample: 24841 
	From worker 5:	ESS: 146.3023
	From worker 5:	Nbr resample: 24841 
	From worker 8:	ESS: 152.5970
	From worker 8:	Nbr resample: 24841 
	From worker 2:	ESS: 143.7908
	From worker 2:	Nbr resample: 24841 
	From worker 7:	ESS: 154.7374
	From worker 7:	Nbr resample: 24841 
	From worker 4:	ESS: 147.0396
	From worker 4:	Nbr resample: 24841 
Percentage done: 15.00 % 
Acceptance rate on iteration 2901 to 3000 is 0.0606
Covariance:
[0.00575938 -0.00160634 -4.56218e-5 0.000381259 0.000357725 0.00252385 0.00273312; -0.00160634 0.000715597 1.47952e-5 0.000596186 0.000408605 -0.00235096 -0.00142082; -4.56218e-5 1.47952e-5 7.10787e-5 -0.000616723 -0.000889225 0.00209255 -4.65977e-5; 0.000381259 0.000596186 -0.000616723 0.0905943 0.0551288 -0.106164 -0.00560698; 0.000357725 0.000408605 -0.000889225 0.0551288 0.0448018 -0.0939929 -0.00341165; 0.00252385 -0.00235096 0.00209255 -0.106164 -0.0939929 0.232825 0.0129084; 0.00273312 -0.00142082 -4.65977e-5 -0.00560698 -0.00341165 0.0129084 0.00598281]
Loglik: -141546.5029 
Loglik values on different cores:
[-1.41597e5,-1.41586e5,-1.41589e5,-1.41553e5,-141604.0,-1.41642e5,-1.4159e5,-1.41543e5,-1.41608e5,-1.41578e5]
Percentage done: 15.50 % 
Acceptance rate on iteration 3001 to 3100 is 0.0202
Covariance:
[0.00575938 -0.00160634 -4.56218e-5 0.000381259 0.000357725 0.00252385 0.00273312; -0.00160634 0.000715597 1.47952e-5 0.000596186 0.000408605 -0.00235096 -0.00142082; -4.56218e-5 1.47952e-5 7.10787e-5 -0.000616723 -0.000889225 0.00209255 -4.65977e-5; 0.000381259 0.000596186 -0.000616723 0.0905943 0.0551288 -0.106164 -0.00560698; 0.000357725 0.000408605 -0.000889225 0.0551288 0.0448018 -0.0939929 -0.00341165; 0.00252385 -0.00235096 0.00209255 -0.106164 -0.0939929 0.232825 0.0129084; 0.00273312 -0.00142082 -4.65977e-5 -0.00560698 -0.00341165 0.0129084 0.00598281]
Loglik: -141521.8842 
Loglik values on different cores:
[-1.41591e5,-1.41567e5,-1.41568e5,-1.41526e5,-1.41564e5,-1.4156e5,-1.41559e5,-1.41559e5,-1.41651e5,-1.41565e5]
Percentage done: 16.00 % 
Acceptance rate on iteration 3101 to 3200 is 0.0606
Covariance:
[0.00575938 -0.00160634 -4.56218e-5 0.000381259 0.000357725 0.00252385 0.00273312; -0.00160634 0.000715597 1.47952e-5 0.000596186 0.000408605 -0.00235096 -0.00142082; -4.56218e-5 1.47952e-5 7.10787e-5 -0.000616723 -0.000889225 0.00209255 -4.65977e-5; 0.000381259 0.000596186 -0.000616723 0.0905943 0.0551288 -0.106164 -0.00560698; 0.000357725 0.000408605 -0.000889225 0.0551288 0.0448018 -0.0939929 -0.00341165; 0.00252385 -0.00235096 0.00209255 -0.106164 -0.0939929 0.232825 0.0129084; 0.00273312 -0.00142082 -4.65977e-5 -0.00560698 -0.00341165 0.0129084 0.00598281]
Loglik: -141526.8834 
Loglik values on different cores:
[-1.41538e5,-1.415e5,-1.41582e5,-1.41602e5,-1.41599e5,-1.41584e5,-1.41578e5,-1.41578e5,-141553.0,-1.41579e5]
Percentage done: 16.50 % 
