run Normal prior model
#####################################################################
Starting MCMC with adaptive RW estimating 7 parameters
Algorithm: MCWM
Adaptation algorithm: AMUpdate_gen
Prior distribution: Normal
Particel filter: parallel_bootstrap, on 10 cores
Iteration: 1
Covariance:
[0.142857 0.0 0.0 0.0 0.0 0.0 0.0; 0.0 0.142857 0.0 0.0 0.0 0.0 0.0; 0.0 0.0 0.142857 0.0 0.0 0.0 0.0; 0.0 0.0 0.0 0.142857 0.0 0.0 0.0; 0.0 0.0 0.0 0.0 0.142857 0.0 0.0; 0.0 0.0 0.0 0.0 0.0 0.142857 0.0; 0.0 0.0 0.0 0.0 0.0 0.0 0.142857]
	From worker 2:	ESS: 188.7056
	From worker 2:	Nbr resample: 24841 
	From worker 3:	ESS: 188.1305
	From worker 3:	Nbr resample: 24841 
	From worker 5:	ESS: 188.5022
	From worker 5:	Nbr resample: 24841 
	From worker 6:	ESS: 188.3797
	From worker 6:	Nbr resample: 24841 
	From worker 4:	ESS: 188.5340
	From worker 4:	Nbr resample: 24841 
	From worker 7:	ESS: 187.9109
	From worker 7:	Nbr resample: 24841 
	From worker 11:	ESS: 189.4391
	From worker 8:	ESS: 189.9491
	From worker 11:	Nbr resample: 24841 
	From worker 8:	Nbr resample: 24841 
	From worker 9:	ESS: 189.0600
	From worker 9:	Nbr resample: 24841 
	From worker 10:	ESS: 188.6005
	From worker 10:	Nbr resample: 24841 
Loglik: -161766.3994 
Percentage done: 0.50 % 
Acceptance rate on iteration 1 to 100 is 0.1414
Covariance:
[0.00899075 0.00277829 -9.90242e-7 -0.00219939 0.00496397 0.00539456 0.00167881; 0.00277829 0.0100923 -0.00073355 -0.00305286 0.00564131 0.00575816 0.00122434; -9.90242e-7 -0.00073355 0.00696709 0.00142873 9.95684e-5 -6.41694e-6 0.00050636; -0.00219939 -0.00305286 0.00142873 0.012911 -0.00138788 -0.00139704 0.00104912; 0.00496397 0.00564131 9.95684e-5 -0.00138788 0.0183187 0.0126372 0.00497882; 0.00539456 0.00575816 -6.41694e-6 -0.00139704 0.0126372 0.0232271 0.00563196; 0.00167881 0.00122434 0.00050636 0.00104912 0.00497882 0.00563196 0.00941448]
Loglik: -141678.7297 
Loglik values on different cores:
[-1.41707e5,-1.41741e5,-1.41732e5,-1.41683e5,-1.41729e5,-1.41691e5,-1.41724e5,-1.41708e5,-1.41734e5,-1.4174e5]
	From worker 11:	ESS: 166.8821
	From worker 11:	Nbr resample: 24841 
	From worker 5:	ESS: 165.9254
	From worker 5:	Nbr resample: 24841 
	From worker 3:	ESS: 172.2478
	From worker 3:	Nbr resample: 24841 
	From worker 2:	ESS: 168.3788
	From worker 2:	Nbr resample: 24841 
	From worker 8:	ESS: 170.0016
	From worker 8:	Nbr resample: 24841 
	From worker 9:	ESS: 173.5194
	From worker 9:	Nbr resample: 24841 
	From worker 7:	ESS: 167.6700
	From worker 7:	Nbr resample: 24841 
	From worker 10:	ESS: 164.2913
	From worker 10:	Nbr resample: 24841 
	From worker 6:	ESS: 168.5847
	From worker 6:	Nbr resample: 24841 
	From worker 4:	ESS: 169.1539
	From worker 4:	Nbr resample: 24841 
	From worker 5:	ESS: 157.5459
	From worker 5:	Nbr resample: 24841 
	From worker 6:	ESS: 165.8759
	From worker 6:	Nbr resample: 24841 
	From worker 7:	ESS: 161.1157
	From worker 7:	Nbr resample: 24841 
	From worker 3:	ESS: 160.3551
	From worker 3:	Nbr resample: 24841 
	From worker 2:	ESS: 166.8245
	From worker 2:	Nbr resample: 24841 
	From worker 8:	ESS: 159.6612
	From worker 8:	Nbr resample: 24841 
	From worker 9:	ESS: 163.4895
	From worker 9:	Nbr resample: 24841 
	From worker 11:	ESS: 161.8960
	From worker 11:	Nbr resample: 24841 
	From worker 4:	ESS: 167.5987
	From worker 4:	Nbr resample: 24841 
	From worker 10:	ESS: 163.4583
	From worker 10:	Nbr resample: 24841 
Percentage done: 1.00 % 
Acceptance rate on iteration 101 to 200 is 0.1818
Covariance:
[0.00198809 0.000194937 0.00036655 -0.000237234 0.000906236 0.0014863 0.000636394; 0.000194937 0.0017718 -0.000273805 -0.000438051 0.000928466 0.000610541 9.81925e-5; 0.00036655 -0.000273805 0.00159283 0.000939481 0.000208828 0.000252484 0.000464916; -0.000237234 -0.000438051 0.000939481 0.00481084 0.000433054 -0.000537478 0.00100582; 0.000906236 0.000928466 0.000208828 0.000433054 0.00410091 0.00327336 0.00181255; 0.0014863 0.000610541 0.000252484 -0.000537478 0.00327336 0.00658649 0.00206818; 0.000636394 9.81925e-5 0.000464916 0.00100582 0.00181255 0.00206818 0.00267674]
Loglik: -141658.9586 
Loglik values on different cores:
[-1.41724e5,-1.41703e5,-1.41708e5,-1.41692e5,-1.4172e5,-1.41721e5,-1.41716e5,-1.41767e5,-141703.0,-1.41707e5]
	From worker 5:	ESS: 144.3946
	From worker 5:	Nbr resample: 24841 
	From worker 9:	ESS: 140.5825
	From worker 9:	Nbr resample: 24841 
	From worker 10:	ESS: 141.6768
	From worker 10:	Nbr resample: 24841 
	From worker 3:	ESS: 144.0618
	From worker 3:	Nbr resample: 24841 
	From worker 6:	ESS: 136.8636
	From worker 6:	Nbr resample: 24841 
	From worker 2:	ESS: 135.4436
	From worker 2:	Nbr resample: 24841 
	From worker 8:	ESS: 132.6601
	From worker 8:	Nbr resample: 24841 
	From worker 7:	ESS: 139.6471
	From worker 7:	Nbr resample: 24841 
	From worker 11:	ESS: 133.1933
	From worker 11:	Nbr resample: 24841 
	From worker 4:	ESS: 138.5186
	From worker 4:	Nbr resample: 24841 
	From worker 5:	ESS: 155.5231
	From worker 5:	Nbr resample: 24841 
	From worker 8:	ESS: 149.1438
	From worker 8:	Nbr resample: 24841 
	From worker 3:	ESS: 151.7683
	From worker 3:	Nbr resample: 24841 
	From worker 7:	ESS: 151.6224
	From worker 7:	Nbr resample: 24841 
	From worker 2:	ESS: 153.1790
	From worker 2:	Nbr resample: 24841 
	From worker 10:	ESS: 149.0588
	From worker 10:	Nbr resample: 24841 
	From worker 11:	ESS: 153.0638
	From worker 11:	Nbr resample: 24841 
	From worker 9:	ESS: 145.6092
	From worker 9:	Nbr resample: 24841 
	From worker 6:	ESS: 155.1166
	From worker 6:	Nbr resample: 24841 
	From worker 4:	ESS: 143.8244
	From worker 4:	Nbr resample: 24841 
Percentage done: 1.50 % 
Acceptance rate on iteration 201 to 300 is 0.2626
Covariance:
[0.00105139 6.62017e-5 0.00031932 -5.8381e-6 0.000385889 0.000473567 0.000298072; 6.62017e-5 0.00071755 -0.000146309 -0.000224233 0.000383202 0.000224621 -1.48861e-5; 0.00031932 -0.000146309 0.00117859 0.000138817 -0.00024534 -0.000557132 7.68882e-5; -5.8381e-6 -0.000224233 0.000138817 0.00314456 0.000691305 0.00032671 0.000914674; 0.000385889 0.000383202 -0.00024534 0.000691305 0.00245132 0.00209946 0.00117687; 0.000473567 0.000224621 -0.000557132 0.00032671 0.00209946 0.0038859 0.00135276; 0.000298072 -1.48861e-5 7.68882e-5 0.000914674 0.00117687 0.00135276 0.00150073]
Loglik: -141651.2521 
Loglik values on different cores:
[-141703.0,-1.41688e5,-1.41707e5,-1.41718e5,-1.41748e5,-1.41678e5,-1.41723e5,-141718.0,-1.41733e5,-1.41716e5]
	From worker 11:	ESS: 162.0534
	From worker 11:	Nbr resample: 24841 
	From worker 10:	ESS: 162.6565
	From worker 10:	Nbr resample: 24841 
	From worker 8:	ESS: 159.3049
	From worker 8:	Nbr resample: 24841 
	From worker 6:	ESS: 155.0574
	From worker 6:	Nbr resample: 24841 
	From worker 7:	ESS: 159.9661
	From worker 7:	Nbr resample: 24841 
	From worker 5:	ESS: 160.8338
	From worker 5:	Nbr resample: 24841 
	From worker 9:	ESS: 157.8377
	From worker 9:	Nbr resample: 24841 
	From worker 4:	ESS: 169.2326
	From worker 4:	Nbr resample: 24841 
	From worker 2:	ESS: 159.9114
	From worker 2:	Nbr resample: 24841 
	From worker 3:	ESS: 158.4336
	From worker 3:	Nbr resample: 24841 
	From worker 5:	ESS: 158.2081
	From worker 5:	Nbr resample: 24841 
	From worker 8:	ESS: 156.4397
	From worker 8:	Nbr resample: 24841 
	From worker 9:	ESS: 161.2111
	From worker 9:	Nbr resample: 24841 
	From worker 7:	ESS: 163.8687
	From worker 7:	Nbr resample: 24841 
	From worker 2:	ESS: 160.6237
	From worker 2:	Nbr resample: 24841 
	From worker 3:	ESS: 153.0940
	From worker 3:	Nbr resample: 24841 
	From worker 6:	ESS: 163.4330
	From worker 6:	Nbr resample: 24841 
	From worker 11:	ESS: 160.5053
	From worker 11:	Nbr resample: 24841 
	From worker 4:	ESS: 154.3654
	From worker 4:	Nbr resample: 24841 
	From worker 10:	ESS: 161.9443
	From worker 10:	Nbr resample: 24841 
Percentage done: 2.00 % 
Acceptance rate on iteration 301 to 400 is 0.3636
Covariance:
[0.000857893 -5.38175e-5 -2.14478e-5 -0.00030369 0.000365493 0.00078255 0.000406436; -5.38175e-5 0.000511257 0.000225569 -4.97372e-5 0.000282389 -9.88402e-5 -0.000118676; -2.14478e-5 0.000225569 0.00359389 0.000146294 0.00040475 -0.00222331 -0.000189404; -0.00030369 -4.97372e-5 0.000146294 0.00386586 -0.000523093 -0.00138695 0.000186858; 0.000365493 0.000282389 0.00040475 -0.000523093 0.00264871 0.00246005 0.0013016; 0.00078255 -9.88402e-5 -0.00222331 -0.00138695 0.00246005 0.00602391 0.00187249; 0.000406436 -0.000118676 -0.000189404 0.000186858 0.0013016 0.00187249 0.00156575]
Loglik: -141680.2995 
Loglik values on different cores:
[-1.41711e5,-1.41669e5,-1.41718e5,-1.4172e5,-1.41727e5,-1.41709e5,-1.4174e5,-1.41741e5,-1.41732e5,-1.41686e5]
	From worker 10:	ESS: 145.0025
	From worker 10:	Nbr resample: 24841 
	From worker 8:	ESS: 153.6831
	From worker 8:	Nbr resample: 24841 
	From worker 6:	ESS: 157.3413
	From worker 6:	Nbr resample: 24841 
	From worker 7:	ESS: 151.1434
	From worker 7:	Nbr resample: 24841 
	From worker 5:	ESS: 148.6200
	From worker 5:	Nbr resample: 24841 
	From worker 9:	ESS: 147.5923
	From worker 9:	Nbr resample: 24841 
	From worker 11:	ESS: 150.7905
	From worker 11:	Nbr resample: 24841 
	From worker 3:	ESS: 153.9114
	From worker 3:	Nbr resample: 24841 
	From worker 2:	ESS: 152.2612
	From worker 2:	Nbr resample: 24841 
	From worker 4:	ESS: 151.8123
	From worker 4:	Nbr resample: 24841 
	From worker 5:	ESS: 144.9146
	From worker 5:	Nbr resample: 24841 
	From worker 8:	ESS: 151.2978
	From worker 8:	Nbr resample: 24841 
	From worker 3:	ESS: 147.3590
	From worker 3:	Nbr resample: 24841 
	From worker 9:	ESS: 146.3575
	From worker 9:	Nbr resample: 24841 
	From worker 2:	ESS: 145.9704
	From worker 2:	Nbr resample: 24841 
	From worker 7:	ESS: 151.2546
	From worker 7:	Nbr resample: 24841 
	From worker 11:	ESS: 144.7164
	From worker 11:	Nbr resample: 24841 
	From worker 6:	ESS: 143.6320
	From worker 6:	Nbr resample: 24841 
	From worker 10:	ESS: 148.7822
	From worker 10:	Nbr resample: 24841 
	From worker 4:	ESS: 144.6404
	From worker 4:	Nbr resample: 24841 
Percentage done: 2.50 % 
Acceptance rate on iteration 401 to 500 is 0.3232
Covariance:
[0.000804255 -0.000189527 -9.62897e-5 0.00135761 0.000126377 0.000180082 0.000731629; -0.000189527 0.000450303 0.000313981 -0.00120247 0.000237568 4.08763e-5 -0.000456529; -9.62897e-5 0.000313981 0.00375515 -0.00413993 0.00144713 -0.000389548 -0.000274912; 0.00135761 -0.00120247 -0.00413993 0.0281354 -0.00518724 -0.00815631 0.00356623; 0.000126377 0.000237568 0.00144713 -0.00518724 0.00480515 0.00533775 0.00178578; 0.000180082 4.08763e-5 -0.000389548 -0.00815631 0.00533775 0.00923117 0.00186511; 0.000731629 -0.000456529 -0.000274912 0.00356623 0.00178578 0.00186511 0.00286199]
Loglik: -141674.4558 
Loglik values on different cores:
[-1.41734e5,-1.41742e5,-141721.0,-1.41719e5,-1.41701e5,-1.41717e5,-1.41729e5,-1.41725e5,-1.41693e5,-1.41725e5]
	From worker 5:	ESS: 162.6057
	From worker 5:	Nbr resample: 24841 
	From worker 2:	ESS: 159.2061
	From worker 2:	Nbr resample: 24841 
	From worker 11:	ESS: 160.6574
	From worker 11:	Nbr resample: 24841 
	From worker 8:	ESS: 164.5432
	From worker 8:	Nbr resample: 24841 
	From worker 9:	ESS: 162.1190
	From worker 9:	Nbr resample: 24841 
	From worker 3:	ESS: 163.0330
	From worker 3:	Nbr resample: 24841 
	From worker 4:	ESS: 160.9632
	From worker 4:	Nbr resample: 24841 
	From worker 7:	ESS: 166.7482
	From worker 7:	Nbr resample: 24841 
	From worker 10:	ESS: 160.5537
	From worker 10:	Nbr resample: 24841 
	From worker 6:	ESS: 169.6421
	From worker 6:	Nbr resample: 24841 
	From worker 3:	ESS: 160.3759
	From worker 3:	Nbr resample: 24841 
	From worker 7:	ESS: 163.5823
	From worker 7:	Nbr resample: 24841 
	From worker 10:	ESS: 157.6007
	From worker 10:	Nbr resample: 24841 
	From worker 2:	ESS: 169.9313
	From worker 2:	Nbr resample: 24841 
	From worker 9:	ESS: 163.1381
	From worker 9:	Nbr resample: 24841 
	From worker 6:	ESS: 165.6219
	From worker 6:	Nbr resample: 24841 
	From worker 8:	ESS: 161.9642
	From worker 8:	Nbr resample: 24841 
	From worker 5:	ESS: 166.9510
	From worker 5:	Nbr resample: 24841 
	From worker 11:	ESS: 158.7227
	From worker 11:	Nbr resample: 24841 
	From worker 4:	ESS: 159.2484
	From worker 4:	Nbr resample: 24841 
Percentage done: 3.00 % 
Acceptance rate on iteration 501 to 600 is 0.2727
Covariance:
[0.00205249 -0.000385291 -0.00171618 0.00519169 -0.000989807 -0.00153328 0.00115842; -0.000385291 0.000348909 0.000123386 -5.13838e-5 -0.000297191 -0.000521551 -0.000404665; -0.00171618 0.000123386 0.0185982 -0.0619967 0.02526 0.0315309 -0.00123446; 0.00519169 -5.13838e-5 -0.0619967 0.241496 -0.0957745 -0.12585 0.00571183; -0.000989807 -0.000297191 0.02526 -0.0957745 0.0424651 0.0544748 0.000462229; -0.00153328 -0.000521551 0.0315309 -0.12585 0.0544748 0.0722674 8.54282e-5; 0.00115842 -0.000404665 -0.00123446 0.00571183 0.000462229 8.54282e-5 0.00242676]
Loglik: -141636.0938 
Loglik values on different cores:
[-141667.0,-1.41661e5,-141679.0,-1.41676e5,-1.4165e5,-1.41666e5,-1.41655e5,-1.4167e5,-1.41681e5,-1.41646e5]
	From worker 10:	ESS: 182.3434
	From worker 10:	Nbr resample: 24841 
	From worker 6:	ESS: 176.4006
	From worker 6:	Nbr resample: 24841 
	From worker 8:	ESS: 180.0398
	From worker 8:	Nbr resample: 24841 
	From worker 5:	ESS: 178.9773
	From worker 5:	Nbr resample: 24841 
	From worker 11:	ESS: 181.8527
	From worker 11:	Nbr resample: 24841 
	From worker 3:	ESS: 184.1182
	From worker 3:	Nbr resample: 24841 
	From worker 7:	ESS: 180.6437
	From worker 7:	Nbr resample: 24841 
	From worker 4:	ESS: 181.7796
	From worker 4:	Nbr resample: 24841 
	From worker 2:	ESS: 180.5597
	From worker 2:	Nbr resample: 24841 
	From worker 9:	ESS: 178.0704
	From worker 9:	Nbr resample: 24841 
	From worker 5:	ESS: 159.5482
	From worker 5:	Nbr resample: 24841 
	From worker 2:	ESS: 156.4367
	From worker 2:	Nbr resample: 24841 
	From worker 3:	ESS: 153.6140
	From worker 3:	Nbr resample: 24841 
	From worker 7:	ESS: 159.0198
	From worker 7:	Nbr resample: 24841 
	From worker 9:	ESS: 158.5233
	From worker 9:	Nbr resample: 24841 
	From worker 11:	ESS: 146.5158
	From worker 11:	Nbr resample: 24841 
	From worker 8:	ESS: 156.6247
	From worker 8:	Nbr resample: 24841 
	From worker 6:	ESS: 155.9541
	From worker 6:	Nbr resample: 24841 
	From worker 4:	ESS: 148.5695
	From worker 4:	Nbr resample: 24841 
	From worker 10:	ESS: 156.6254
	From worker 10:	Nbr resample: 24841 
Percentage done: 3.50 % 
Acceptance rate on iteration 601 to 700 is 0.1010
Covariance:
[0.00127066 -0.000289153 -0.00134153 0.00465554 -0.00114804 -0.00167763 0.000814908; -0.000289153 0.000299207 0.000183255 0.000447494 -0.000734245 -0.00125644 -0.000480966; -0.00134153 0.000183255 0.0123651 -0.0458932 0.0191487 0.0250516 -0.000870132; 0.00465554 0.000447494 -0.0458932 0.214683 -0.094079 -0.131993 0.0010468; -0.00114804 -0.000734245 0.0191487 -0.094079 0.0460523 0.064569 0.00245755; -0.00167763 -0.00125644 0.0250516 -0.131993 0.064569 0.0927713 0.00355708; 0.000814908 -0.000480966 -0.000870132 0.0010468 0.00245755 0.00355708 0.00215839]
Loglik: -141654.8160 
Loglik values on different cores:
[-1.417e5,-1.41688e5,-1.41681e5,-141677.0,-1.41663e5,-1.41673e5,-1.41696e5,-1.41714e5,-1.41673e5,-1.41682e5]
	From worker 5:	ESS: 156.0591
	From worker 5:	Nbr resample: 24841 
	From worker 3:	ESS: 158.4625
	From worker 3:	Nbr resample: 24841 
	From worker 2:	ESS: 160.3575
	From worker 2:	Nbr resample: 24841 
	From worker 10:	ESS: 159.5750
	From worker 10:	Nbr resample: 24841 
	From worker 6:	ESS: 153.4269
	From worker 6:	Nbr resample: 24841 
	From worker 7:	ESS: 158.7193
	From worker 7:	Nbr resample: 24841 
	From worker 8:	ESS: 153.1078
	From worker 8:	Nbr resample: 24841 
	From worker 9:	ESS: 161.4820
	From worker 9:	Nbr resample: 24841 
	From worker 4:	ESS: 156.3234
	From worker 4:	Nbr resample: 24841 
	From worker 11:	ESS: 153.1006
	From worker 11:	Nbr resample: 24841 
	From worker 5:	ESS: 159.7976
	From worker 5:	Nbr resample: 24841 
	From worker 9:	ESS: 165.8567
	From worker 9:	Nbr resample: 24841 
	From worker 8:	ESS: 155.9042
	From worker 8:	Nbr resample: 24841 
	From worker 3:	ESS: 155.0164
	From worker 3:	Nbr resample: 24841 
	From worker 7:	ESS: 158.0188
	From worker 7:	Nbr resample: 24841 
	From worker 11:	ESS: 163.6010
	From worker 11:	Nbr resample: 24841 
	From worker 6:	ESS: 159.2766
	From worker 6:	Nbr resample: 24841 
	From worker 2:	ESS: 156.6490
	From worker 2:	Nbr resample: 24841 
	From worker 4:	ESS: 156.1929
	From worker 4:	Nbr resample: 24841 
	From worker 10:	ESS: 155.4195
	From worker 10:	Nbr resample: 24841 
Percentage done: 4.00 % 
Acceptance rate on iteration 701 to 800 is 0.2323
Covariance:
[0.00140517 -0.000319241 -0.00250813 0.00572758 -0.00175177 -0.00186667 0.000461149; -0.000319241 0.000305176 0.000218393 -0.000207088 -0.00027956 -0.00051597 -0.00044384; -0.00250813 0.000218393 0.0162887 -0.0417506 0.0180679 0.020301 0.00110908; 0.00572758 -0.000207088 -0.0417506 0.164491 -0.0704224 -0.0944631 -0.000303871; -0.00175177 -0.00027956 0.0180679 -0.0704224 0.035232 0.0467646 0.00284473; -0.00186667 -0.00051597 0.020301 -0.0944631 0.0467646 0.0654264 0.00296886; 0.000461149 -0.00044384 0.00110908 -0.000303871 0.00284473 0.00296886 0.00236208]
Loglik: -141659.8586 
Loglik values on different cores:
[-1.41756e5,-1.41734e5,-1.41752e5,-1.41781e5,-1.41746e5,-1.41757e5,-1.41757e5,-1.41738e5,-1.41732e5,-1.41746e5]
	From worker 8:	ESS: 153.6081
	From worker 8:	Nbr resample: 24841 
	From worker 5:	ESS: 143.7589
	From worker 5:	Nbr resample: 24841 
	From worker 10:	ESS: 154.6302
	From worker 10:	Nbr resample: 24841 
	From worker 6:	ESS: 147.2378
	From worker 6:	Nbr resample: 24841 
	From worker 2:	ESS: 149.3027
	From worker 2:	Nbr resample: 24841 
	From worker 9:	ESS: 150.0773
	From worker 9:	Nbr resample: 24841 
	From worker 3:	ESS: 155.1582
	From worker 3:	Nbr resample: 24841 
	From worker 11:	ESS: 158.1595
	From worker 11:	Nbr resample: 24841 
	From worker 4:	ESS: 156.2876
	From worker 4:	Nbr resample: 24841 
	From worker 7:	ESS: 150.3256
	From worker 7:	Nbr resample: 24841 
	From worker 2:	ESS: 150.8282
	From worker 2:	Nbr resample: 24841 
	From worker 3:	ESS: 148.7231
	From worker 3:	Nbr resample: 24841 
	From worker 7:	ESS: 151.5861
	From worker 7:	Nbr resample: 24841 
	From worker 9:	ESS: 147.5431
	From worker 9:	Nbr resample: 24841 
	From worker 11:	ESS: 151.5562
	From worker 11:	Nbr resample: 24841 
	From worker 10:	ESS: 145.6408
	From worker 10:	Nbr resample: 24841 
	From worker 5:	ESS: 152.5192
	From worker 5:	Nbr resample: 24841 
	From worker 6:	ESS: 149.1722
	From worker 6:	Nbr resample: 24841 
	From worker 8:	ESS: 149.0152
	From worker 8:	Nbr resample: 24841 
	From worker 4:	ESS: 162.5483
	From worker 4:	Nbr resample: 24841 
Percentage done: 4.50 % 
Acceptance rate on iteration 801 to 900 is 0.0909
Covariance:
[0.00106333 -0.000298018 -0.00173874 0.0053545 -0.00175085 -0.00228401 0.00058022; -0.000298018 0.000250591 0.000242748 -0.00107013 0.000155422 0.000235307 -0.000447505; -0.00173874 0.000242748 0.0120617 -0.0252265 0.0116568 0.0121118 0.00114166; 0.0053545 -0.00107013 -0.0252265 0.121637 -0.0501755 -0.0711847 0.00351512; -0.00175085 0.000155422 0.0116568 -0.0501755 0.0243547 0.033316 0.000720061; -0.00228401 0.000235307 0.0121118 -0.0711847 0.033316 0.0488824 -0.000454868; 0.00058022 -0.000447505 0.00114166 0.00351512 0.000720061 -0.000454868 0.00228366]
Loglik: -141616.9164 
Loglik values on different cores:
[-1.4165e5,-1.4165e5,-1.41643e5,-1.41657e5,-1.41673e5,-1.41688e5,-1.41676e5,-1.41661e5,-1.4165e5,-1.41665e5]
	From worker 5:	ESS: 158.8858
	From worker 5:	Nbr resample: 24841 
	From worker 7:	ESS: 153.6374
	From worker 7:	Nbr resample: 24841 
	From worker 9:	ESS: 150.2920
	From worker 9:	Nbr resample: 24841 
	From worker 11:	ESS: 162.7532
	From worker 11:	Nbr resample: 24841 
	From worker 10:	ESS: 157.6740
	From worker 10:	Nbr resample: 24841 
	From worker 3:	ESS: 159.0850
	From worker 3:	Nbr resample: 24841 
	From worker 6:	ESS: 163.3653
	From worker 6:	Nbr resample: 24841 
	From worker 8:	ESS: 153.3257
	From worker 8:	Nbr resample: 24841 
	From worker 2:	ESS: 153.1137
	From worker 2:	Nbr resample: 24841 
	From worker 4:	ESS: 155.7247
	From worker 4:	Nbr resample: 24841 
	From worker 8:	ESS: 163.4151
	From worker 8:	Nbr resample: 24841 
	From worker 3:	ESS: 154.7475
	From worker 3:	Nbr resample: 24841 
	From worker 2:	ESS: 162.2010
	From worker 2:	Nbr resample: 24841 
	From worker 5:	ESS: 153.9210
	From worker 5:	Nbr resample: 24841 
	From worker 7:	ESS: 156.0039
	From worker 7:	Nbr resample: 24841 
	From worker 6:	ESS: 153.5464
	From worker 6:	Nbr resample: 24841 
	From worker 9:	ESS: 158.4587
	From worker 9:	Nbr resample: 24841 
	From worker 11:	ESS: 149.1496
	From worker 11:	Nbr resample: 24841 
	From worker 4:	ESS: 157.1304
	From worker 4:	Nbr resample: 24841 
	From worker 10:	ESS: 156.8770
	From worker 10:	Nbr resample: 24841 
Percentage done: 5.00 % 
Acceptance rate on iteration 901 to 1000 is 0.3030
Covariance:
[0.000999479 -0.000283936 -0.00205475 0.0047551 -0.00105685 -0.00105018 0.000734158; -0.000283936 0.000239927 0.000368598 -0.000672755 -6.40954e-5 -0.000168579 -0.00046214; -0.00205475 0.000368598 0.0144697 -0.0242313 0.00849726 0.0058278 -0.000246885; 0.0047551 -0.000672755 -0.0242313 0.106701 -0.0400745 -0.0538782 0.003827; -0.00105685 -6.40954e-5 0.00849726 -0.0400745 0.0206826 0.0281471 0.00122287; -0.00105018 -0.000168579 0.0058278 -0.0538782 0.0281471 0.0427687 0.00104709; 0.000734158 -0.00046214 -0.000246885 0.003827 0.00122287 0.00104709 0.00239924]
Loglik: -141625.1090 
Loglik values on different cores:
[-1.41644e5,-1.41703e5,-1.41648e5,-1.41673e5,-1.41645e5,-1.41647e5,-1.41665e5,-1.41673e5,-1.41652e5,-1.41677e5]
	From worker 5:	ESS: 158.9136
	From worker 5:	Nbr resample: 24841 
	From worker 2:	ESS: 158.3183
	From worker 2:	Nbr resample: 24841 
	From worker 7:	ESS: 157.7565
	From worker 7:	Nbr resample: 24841 
	From worker 10:	ESS: 161.6776
	From worker 10:	Nbr resample: 24841 
	From worker 3:	ESS: 155.8948
	From worker 3:	Nbr resample: 24841 
	From worker 6:	ESS: 157.8092
	From worker 6:	Nbr resample: 24841 
	From worker 9:	ESS: 154.1606
	From worker 9:	Nbr resample: 24841 
	From worker 8:	ESS: 158.7911
	From worker 8:	Nbr resample: 24841 
	From worker 4:	ESS: 154.6993
	From worker 4:	Nbr resample: 24841 
	From worker 11:	ESS: 151.4513
	From worker 11:	Nbr resample: 24841 
	From worker 8:	ESS: 167.2692
	From worker 8:	Nbr resample: 24841 
	From worker 3:	ESS: 161.0651
	From worker 3:	Nbr resample: 24841 
	From worker 9:	ESS: 159.4243
	From worker 9:	Nbr resample: 24841 
	From worker 11:	ESS: 157.2507
	From worker 11:	Nbr resample: 24841 
	From worker 10:	ESS: 160.2963
	From worker 10:	Nbr resample: 24841 
	From worker 5:	ESS: 156.0475
	From worker 5:	Nbr resample: 24841 
	From worker 6:	ESS: 165.3233
	From worker 6:	Nbr resample: 24841 
	From worker 7:	ESS: 166.1654
	From worker 7:	Nbr resample: 24841 
	From worker 2:	ESS: 162.7673
	From worker 2:	Nbr resample: 24841 
	From worker 4:	ESS: 158.7891
	From worker 4:	Nbr resample: 24841 
Percentage done: 5.50 % 
Acceptance rate on iteration 1001 to 1100 is 0.2020
Covariance:
[0.00151055 -0.000317319 -0.000883303 0.00394238 0.000384558 -0.000788943 0.000814156; -0.000317319 0.000210688 0.00018144 -0.000506641 -0.000219534 -0.000188347 -0.000394683; -0.000883303 0.00018144 0.0148044 -0.019965 0.00706697 0.00185473 -0.000398581; 0.00394238 -0.000506641 -0.019965 0.0807915 -0.0280132 -0.0369045 0.00351065; 0.000384558 -0.000219534 0.00706697 -0.0280132 0.0165976 0.0202411 0.00130907; -0.000788943 -0.000188347 0.00185473 -0.0369045 0.0202411 0.0324575 0.00108909; 0.000814156 -0.000394683 -0.000398581 0.00351065 0.00130907 0.00108909 0.00196488]
Loglik: -141634.0003 
Loglik values on different cores:
[-1.4172e5,-1.41683e5,-1.41717e5,-1.4169e5,-1.417e5,-1.41691e5,-1.41733e5,-1.41733e5,-141664.0,-1.41721e5]
	From worker 11:	ESS: 148.9624
	From worker 11:	Nbr resample: 24841 
	From worker 10:	ESS: 149.4279
	From worker 10:	Nbr resample: 24841 
	From worker 9:	ESS: 136.2302
	From worker 9:	Nbr resample: 24841 
	From worker 3:	ESS: 142.4325
	From worker 3:	Nbr resample: 24841 
	From worker 6:	ESS: 151.0388
	From worker 6:	Nbr resample: 24841 
	From worker 5:	ESS: 153.0581
	From worker 5:	Nbr resample: 24841 
	From worker 8:	ESS: 151.3854
	From worker 8:	Nbr resample: 24841 
	From worker 7:	ESS: 152.3792
	From worker 7:	Nbr resample: 24841 
	From worker 2:	ESS: 150.9529
	From worker 2:	Nbr resample: 24841 
	From worker 4:	ESS: 152.8588
	From worker 4:	Nbr resample: 24841 
	From worker 5:	ESS: 154.4747
	From worker 5:	Nbr resample: 24841 
	From worker 9:	ESS: 148.5285
	From worker 9:	Nbr resample: 24841 
	From worker 8:	ESS: 148.9547
	From worker 8:	Nbr resample: 24841 
	From worker 3:	ESS: 157.6470
	From worker 3:	Nbr resample: 24841 
	From worker 2:	ESS: 141.8418
	From worker 2:	Nbr resample: 24841 
	From worker 7:	ESS: 161.1478
	From worker 7:	Nbr resample: 24841 
	From worker 11:	ESS: 153.5505
	From worker 11:	Nbr resample: 24841 
	From worker 6:	ESS: 150.0483
	From worker 6:	Nbr resample: 24841 
	From worker 4:	ESS: 155.5324
	From worker 4:	Nbr resample: 24841 
	From worker 10:	ESS: 154.3507
	From worker 10:	Nbr resample: 24841 
Percentage done: 6.00 % 
Acceptance rate on iteration 1101 to 1200 is 0.1818
Covariance:
[0.00187147 -0.000368981 0.000619464 0.00402336 0.00065468 -0.00309072 0.00116743; -0.000368981 0.000197931 -0.000114271 -0.000832734 -0.000137329 0.000491611 -0.0004789; 0.000619464 -0.000114271 0.018523 -0.00508287 0.00254276 -0.00899317 0.00143253; 0.00402336 -0.000832734 -0.00508287 0.0839325 -0.0285159 -0.0403807 0.00570239; 0.00065468 -0.000137329 0.00254276 -0.0285159 0.0156864 0.0177924 0.000412497; -0.00309072 0.000491611 -0.00899317 -0.0403807 0.0177924 0.0403648 -0.00254886; 0.00116743 -0.0004789 0.00143253 0.00570239 0.000412497 -0.00254886 0.0023666]
Loglik: -141580.5295 
Loglik values on different cores:
[-141664.0,-1.41631e5,-1.4164e5,-141611.0,-1.41609e5,-1.41605e5,-1.41623e5,-1.4163e5,-141649.0,-1.41652e5]
	From worker 3:	ESS: 86.2064
	From worker 3:	Nbr resample: 24841 
	From worker 7:	ESS: 102.0945
	From worker 7:	Nbr resample: 24841 
	From worker 10:	ESS: 92.6634
	From worker 10:	Nbr resample: 24841 
	From worker 9:	ESS: 87.8056
	From worker 9:	Nbr resample: 24841 
	From worker 5:	ESS: 90.9885
	From worker 5:	Nbr resample: 24841 
	From worker 8:	ESS: 73.0113
	From worker 8:	Nbr resample: 24841 
	From worker 11:	ESS: 78.6008
	From worker 11:	Nbr resample: 24841 
	From worker 2:	ESS: 92.2426
	From worker 2:	Nbr resample: 24841 
	From worker 6:	ESS: 100.9566
	From worker 6:	Nbr resample: 24841 
	From worker 4:	ESS: 65.7973
	From worker 4:	Nbr resample: 24841 
	From worker 5:	ESS: 164.4075
	From worker 5:	Nbr resample: 24841 
	From worker 8:	ESS: 155.1820
	From worker 8:	Nbr resample: 24841 
	From worker 2:	ESS: 164.8951
	From worker 2:	Nbr resample: 24841 
	From worker 9:	ESS: 163.2360
	From worker 9:	Nbr resample: 24841 
	From worker 11:	ESS: 159.0535
	From worker 11:	Nbr resample: 24841 
	From worker 6:	ESS: 158.6500
	From worker 6:	Nbr resample: 24841 
	From worker 3:	ESS: 159.2177
	From worker 3:	Nbr resample: 24841 
	From worker 7:	ESS: 160.1335
	From worker 7:	Nbr resample: 24841 
	From worker 10:	ESS: 158.2871
	From worker 10:	Nbr resample: 24841 
	From worker 4:	ESS: 162.0994
	From worker 4:	Nbr resample: 24841 
Percentage done: 6.50 % 
Acceptance rate on iteration 1201 to 1300 is 0.0303
Covariance:
[0.00210906 -0.000427682 0.00257844 0.00456627 -0.00143939 -0.00600601 0.00111655; -0.000427682 0.000176009 -0.000554028 -0.00102905 0.000325203 0.00121874 -0.000407312; 0.00257844 -0.000554028 0.0185674 0.00375917 -0.00327445 -0.0171366 0.00227933; 0.00456627 -0.00102905 0.00375917 0.0661784 -0.0237558 -0.0390998 0.00585644; -0.00143939 0.000325203 -0.00327445 -0.0237558 0.0145309 0.0207646 -0.00063202; -0.00600601 0.00121874 -0.0171366 -0.0390998 0.0207646 0.0468998 -0.00402699; 0.00111655 -0.000407312 0.00227933 0.00585644 -0.00063202 -0.00402699 0.00197779]
Loglik: -141524.7724 
Loglik values on different cores:
[-141587.0,-141560.0,-1.41591e5,-141609.0,-1.41581e5,-1.41645e5,-1.41614e5,-1.4161e5,-1.41605e5,-1.41627e5]
	From worker 10:	ESS: 166.3713
	From worker 10:	Nbr resample: 24841 
	From worker 3:	ESS: 162.7127
	From worker 3:	Nbr resample: 24841 
	From worker 5:	ESS: 164.1534
	From worker 5:	Nbr resample: 24841 
	From worker 6:	ESS: 155.6788
	From worker 6:	Nbr resample: 24841 
	From worker 8:	ESS: 168.2454
	From worker 8:	Nbr resample: 24841 
	From worker 7:	ESS: 162.2863
	From worker 7:	Nbr resample: 24841 
	From worker 2:	ESS: 163.2180
	From worker 2:	Nbr resample: 24841 
	From worker 4:	ESS: 165.6228
	From worker 4:	Nbr resample: 24841 
	From worker 9:	ESS: 161.1263
	From worker 9:	Nbr resample: 24841 
	From worker 11:	ESS: 161.0629
	From worker 11:	Nbr resample: 24841 
	From worker 5:	ESS: 159.0528
	From worker 5:	Nbr resample: 24841 
	From worker 8:	ESS: 160.9098
	From worker 8:	Nbr resample: 24841 
	From worker 3:	ESS: 160.0489
	From worker 3:	Nbr resample: 24841 
	From worker 2:	ESS: 160.5385
	From worker 2:	Nbr resample: 24841 
	From worker 9:	ESS: 164.6608
	From worker 9:	Nbr resample: 24841 
	From worker 7:	ESS: 159.7566
	From worker 7:	Nbr resample: 24841 
	From worker 11:	ESS: 161.9459
	From worker 11:	Nbr resample: 24841 
	From worker 6:	ESS: 163.3699
	From worker 6:	Nbr resample: 24841 
	From worker 10:	ESS: 157.8269
	From worker 10:	Nbr resample: 24841 
	From worker 4:	ESS: 161.0612
	From worker 4:	Nbr resample: 24841 
Percentage done: 7.00 % 
Acceptance rate on iteration 1301 to 1400 is 0.0101
Covariance:
[0.00206315 -0.000421086 0.00313511 0.00392884 -0.0022985 -0.00668652 0.000868339; -0.000421086 0.000146034 -0.000660271 -0.000860168 0.000494654 0.00136223 -0.000296841; 0.00313511 -0.000660271 0.0154919 0.00446633 -0.00507502 -0.0172752 0.00179307; 0.00392884 -0.000860168 0.00446633 0.0457274 -0.0176692 -0.0298949 0.00410579; -0.0022985 0.000494654 -0.00507502 -0.0176692 0.0124639 0.0193518 -0.000669146; -0.00668652 0.00136223 -0.0172752 -0.0298949 0.0193518 0.0423952 -0.00320443; 0.000868339 -0.000296841 0.00179307 0.00410579 -0.000669146 -0.00320443 0.00134847]
Loglik: -141561.5935 
Loglik values on different cores:
[-1.41589e5,-1.41626e5,-1.41581e5,-1.41601e5,-141600.0,-1.41592e5,-1.41554e5,-1.41607e5,-1.41577e5,-1.4162e5]
	From worker 10:	ESS: 193.6883
	From worker 10:	Nbr resample: 24841 
	From worker 5:	ESS: 194.6842
	From worker 5:	Nbr resample: 24841 
	From worker 6:	ESS: 195.2607
	From worker 6:	Nbr resample: 24841 
	From worker 2:	ESS: 192.8376
	From worker 2:	Nbr resample: 24841 
	From worker 11:	ESS: 194.3508
	From worker 11:	Nbr resample: 24841 
	From worker 8:	ESS: 194.6375
	From worker 8:	Nbr resample: 24841 
	From worker 3:	ESS: 193.0682
	From worker 3:	Nbr resample: 24841 
	From worker 9:	ESS: 194.8047
	From worker 9:	Nbr resample: 24841 
	From worker 7:	ESS: 193.4503
	From worker 7:	Nbr resample: 24841 
	From worker 4:	ESS: 194.4191
	From worker 4:	Nbr resample: 24841 
	From worker 5:	ESS: 156.6017
	From worker 5:	Nbr resample: 24841 
	From worker 2:	ESS: 161.8335
	From worker 2:	Nbr resample: 24841 
	From worker 8:	ESS: 157.8785
	From worker 8:	Nbr resample: 24841 
	From worker 3:	ESS: 159.5731
	From worker 3:	Nbr resample: 24841 
	From worker 9:	ESS: 159.2764
	From worker 9:	Nbr resample: 24841 
	From worker 7:	ESS: 160.6089
	From worker 7:	Nbr resample: 24841 
	From worker 11:	ESS: 159.8715
	From worker 11:	Nbr resample: 24841 
	From worker 4:	ESS: 154.0319
	From worker 4:	Nbr resample: 24841 
	From worker 10:	ESS: 156.7380
	From worker 10:	Nbr resample: 24841 
	From worker 6:	ESS: 157.7763
	From worker 6:	Nbr resample: 24841 
Percentage done: 7.50 % 
Acceptance rate on iteration 1401 to 1500 is 0.0000
Covariance:
[0.00169345 -0.000332218 0.00285735 0.0034677 -0.00212645 -0.00597151 0.000681516; -0.000332218 0.000106585 -0.000563518 -0.000710629 0.000425324 0.00115123 -0.000216304; 0.00285735 -0.000563518 0.0123534 0.00502529 -0.00486 -0.0153109 0.0014468; 0.0034677 -0.000710629 0.00502529 0.0332985 -0.0135675 -0.024244 0.00304271; -0.00212645 0.000425324 -0.00486 -0.0135675 0.00957476 0.0159309 -0.000631345; -0.00597151 0.00115123 -0.0153109 -0.024244 0.0159309 0.0358304 -0.00262552; 0.000681516 -0.000216304 0.0014468 0.00304271 -0.000631345 -0.00262552 0.000946063]
Loglik: -141561.5935 
Loglik values on different cores:
[-1.41587e5,-141610.0,-1.41595e5,-1.41603e5,-1.41625e5,-1.4163e5,-1.41587e5,-1.41608e5,-1.41618e5,-1.41594e5]
	From worker 10:	ESS: 143.5005
	From worker 10:	Nbr resample: 24841 
	From worker 8:	ESS: 135.3543
	From worker 8:	Nbr resample: 24841 
	From worker 6:	ESS: 127.7091
	From worker 6:	Nbr resample: 24841 
	From worker 5:	ESS: 141.4656
	From worker 5:	Nbr resample: 24841 
	From worker 7:	ESS: 137.0808
	From worker 7:	Nbr resample: 24841 
	From worker 2:	ESS: 141.7833
	From worker 2:	Nbr resample: 24841 
	From worker 9:	ESS: 134.3219
	From worker 9:	Nbr resample: 24841 
	From worker 4:	ESS: 137.3572
	From worker 4:	Nbr resample: 24841 
	From worker 11:	ESS: 130.0230
	From worker 11:	Nbr resample: 24841 
	From worker 3:	ESS: 141.1910
	From worker 3:	Nbr resample: 24841 
	From worker 2:	ESS: 166.0424
	From worker 2:	Nbr resample: 24841 
	From worker 5:	ESS: 153.1007
	From worker 5:	Nbr resample: 24841 
	From worker 8:	ESS: 159.6992
	From worker 8:	Nbr resample: 24841 
	From worker 3:	ESS: 161.0994
	From worker 3:	Nbr resample: 24841 
	From worker 7:	ESS: 157.7218
	From worker 7:	Nbr resample: 24841 
	From worker 9:	ESS: 155.6621
	From worker 9:	Nbr resample: 24841 
	From worker 11:	ESS: 157.4081
	From worker 11:	Nbr resample: 24841 
	From worker 10:	ESS: 157.5977
	From worker 10:	Nbr resample: 24841 
	From worker 6:	ESS: 157.1774
	From worker 6:	Nbr resample: 24841 
	From worker 4:	ESS: 156.3420
	From worker 4:	Nbr resample: 24841 
Percentage done: 8.00 % 
Acceptance rate on iteration 1501 to 1600 is 0.0000
Covariance:
[0.00131837 -0.000253154 0.00234058 0.00279893 -0.0017535 -0.00484639 0.000517808; -0.000253154 7.75497e-5 -0.00044752 -0.000555114 0.000339013 0.000909774 -0.000157219; 0.00234058 -0.00044752 0.00946912 0.00446785 -0.0040674 -0.0123821 0.00111615; 0.00279893 -0.000555114 0.00446785 0.0241924 -0.0101801 -0.0187541 0.00223499; -0.0017535 0.000339013 -0.0040674 -0.0101801 0.00718607 0.0124215 -0.00052507; -0.00484639 0.000909774 -0.0123821 -0.0187541 0.0124215 0.0283163 -0.00204209; 0.000517808 -0.000157219 0.00111615 0.00223499 -0.00052507 -0.00204209 0.000670809]
Loglik: -141561.5935 
Loglik values on different cores:
[-1.41569e5,-1.41558e5,-1.41613e5,-1.41603e5,-141593.0,-1.41609e5,-1.41591e5,-1.41619e5,-141601.0,-1.41583e5]
	From worker 5:	ESS: 175.6668
	From worker 5:	Nbr resample: 24841 
	From worker 11:	ESS: 176.8838
	From worker 11:	Nbr resample: 24841 
	From worker 10:	ESS: 174.0971
	From worker 10:	Nbr resample: 24841 
	From worker 2:	ESS: 173.8028
	From worker 2:	Nbr resample: 24841 
	From worker 6:	ESS: 174.9867
	From worker 6:	Nbr resample: 24841 
	From worker 9:	ESS: 172.0771
	From worker 9:	Nbr resample: 24841 
	From worker 3:	ESS: 174.0266
	From worker 3:	Nbr resample: 24841 
	From worker 4:	ESS: 175.0704
	From worker 4:	Nbr resample: 24841 
	From worker 8:	ESS: 174.8768
	From worker 8:	Nbr resample: 24841 
	From worker 7:	ESS: 172.6478
	From worker 7:	Nbr resample: 24841 
	From worker 2:	ESS: 160.0971
	From worker 2:	Nbr resample: 24841 
	From worker 3:	ESS: 155.1490
	From worker 3:	Nbr resample: 24841 
	From worker 8:	ESS: 160.2212
	From worker 8:	Nbr resample: 24841 
	From worker 9:	ESS: 157.4407
	From worker 9:	Nbr resample: 24841 
	From worker 7:	ESS: 166.9774
	From worker 7:	Nbr resample: 24841 
	From worker 6:	ESS: 159.2955
	From worker 6:	Nbr resample: 24841 
	From worker 5:	ESS: 158.6849
	From worker 5:	Nbr resample: 24841 
	From worker 11:	ESS: 155.1448
	From worker 11:	Nbr resample: 24841 
	From worker 4:	ESS: 155.3614
	From worker 4:	Nbr resample: 24841 
	From worker 10:	ESS: 159.1127
	From worker 10:	Nbr resample: 24841 
Percentage done: 8.50 % 
Acceptance rate on iteration 1601 to 1700 is 0.0101
Covariance:
[0.00094935 -0.000177324 0.00172671 0.00195352 -0.00130882 -0.00358322 0.000344069; -0.000177324 5.64233e-5 -0.000299321 -0.000413326 0.000221335 0.000604342 -0.000121366; 0.00172671 -0.000299321 0.00709433 0.00291097 -0.00325795 -0.00960604 0.000637705; 0.00195352 -0.000413326 0.00291097 0.0174721 -0.00695951 -0.0127344 0.00172666; -0.00130882 0.000221335 -0.00325795 -0.00695951 0.00548094 0.00964491 -0.000212636; -0.00358322 0.000604342 -0.00960604 -0.0127344 0.00964491 0.0219139 -0.00110299; 0.000344069 -0.000121366 0.000637705 0.00172666 -0.000212636 -0.00110299 0.000551131]
Loglik: -141552.5917 
Loglik values on different cores:
[-1.41568e5,-1.41578e5,-1.41583e5,-1.41592e5,-1.41618e5,-1.41551e5,-1.41625e5,-1.41611e5,-1.41586e5,-1.41595e5]
	From worker 5:	ESS: 146.6223
	From worker 5:	Nbr resample: 24841 
	From worker 3:	ESS: 157.4156
	From worker 3:	Nbr resample: 24841 
	From worker 10:	ESS: 149.9490
	From worker 10:	Nbr resample: 24841 
	From worker 2:	ESS: 149.4750
	From worker 2:	Nbr resample: 24841 
	From worker 6:	ESS: 153.7180
	From worker 6:	Nbr resample: 24841 
	From worker 8:	ESS: 160.2956
	From worker 8:	Nbr resample: 24841 
	From worker 7:	ESS: 154.7692
	From worker 7:	Nbr resample: 24841 
	From worker 9:	ESS: 148.9654
	From worker 9:	Nbr resample: 24841 
	From worker 4:	ESS: 149.3662
	From worker 4:	Nbr resample: 24841 
	From worker 11:	ESS: 152.8254
	From worker 11:	Nbr resample: 24841 
	From worker 2:	ESS: 160.3091
	From worker 2:	Nbr resample: 24841 
	From worker 8:	ESS: 158.1123
	From worker 8:	Nbr resample: 24841 
	From worker 7:	ESS: 161.8251
	From worker 7:	Nbr resample: 24841 
	From worker 11:	ESS: 157.7242
	From worker 11:	Nbr resample: 24841 
	From worker 9:	ESS: 161.0264
	From worker 9:	Nbr resample: 24841 
	From worker 10:	ESS: 154.9089
	From worker 10:	Nbr resample: 24841 
	From worker 5:	ESS: 159.8319
	From worker 5:	Nbr resample: 24841 
	From worker 6:	ESS: 157.0374
	From worker 6:	Nbr resample: 24841 
	From worker 3:	ESS: 160.6636
	From worker 3:	Nbr resample: 24841 
	From worker 4:	ESS: 164.9859
	From worker 4:	Nbr resample: 24841 
Percentage done: 9.00 % 
Acceptance rate on iteration 1701 to 1800 is 0.0505
Covariance:
[0.00070405 -0.000132411 0.00127073 0.0014079 -0.000964372 -0.00264809 0.000251235; -0.000132411 4.45318e-5 -0.000200002 -0.000299909 0.00013973 0.00040991 -9.61335e-5; 0.00127073 -0.000200002 0.00540406 0.00209949 -0.00260707 -0.00741519 0.000404629; 0.0014079 -0.000299909 0.00209949 0.0131598 -0.00504856 -0.00921749 0.00131422; -0.000964372 0.00013973 -0.00260707 -0.00504856 0.00434256 0.00752918 -5.82137e-5; -0.00264809 0.00040991 -0.00741519 -0.00921749 0.00752918 0.0168254 -0.000673838; 0.000251235 -9.61335e-5 0.000404629 0.00131422 -5.82137e-5 -0.000673838 0.000439998]
Loglik: -141573.5238 
Loglik values on different cores:
[-1.41591e5,-1.41608e5,-1.41593e5,-1.4162e5,-1.41601e5,-1.41592e5,-1.41605e5,-1.416e5,-1.41588e5,-1.41602e5]
	From worker 10:	ESS: 145.0395
	From worker 10:	Nbr resample: 24841 
	From worker 5:	ESS: 147.9955
	From worker 5:	Nbr resample: 24841 
	From worker 3:	ESS: 148.8754
	From worker 3:	Nbr resample: 24841 
	From worker 6:	ESS: 154.8824
	From worker 6:	Nbr resample: 24841 
	From worker 2:	ESS: 148.0366
	From worker 2:	Nbr resample: 24841 
	From worker 8:	ESS: 151.4043
	From worker 8:	Nbr resample: 24841 
	From worker 7:	ESS: 148.3460
	From worker 7:	Nbr resample: 24841 
	From worker 4:	ESS: 153.1021
	From worker 4:	Nbr resample: 24841 
	From worker 9:	ESS: 147.8533
	From worker 9:	Nbr resample: 24841 
	From worker 11:	ESS: 149.4610
	From worker 11:	Nbr resample: 24841 
	From worker 2:	ESS: 159.8183
	From worker 2:	Nbr resample: 24841 
	From worker 8:	ESS: 157.9905
	From worker 8:	Nbr resample: 24841 
	From worker 11:	ESS: 161.3217
	From worker 11:	Nbr resample: 24841 
	From worker 9:	ESS: 157.4700
	From worker 9:	Nbr resample: 24841 
	From worker 3:	ESS: 156.4946
	From worker 3:	Nbr resample: 24841 
