run Normal prior model
#####################################################################
Starting MCMC with adaptive RW estimating 7 parameters
Algorithm: MCWM
Adaptation algorithm: AMUpdate_gen
Prior distribution: Normal
Particel filter: parallel_bootstrap, on 10 cores
Iteration: 1
Covariance:
[0.142857 0.0 0.0 0.0 0.0 0.0 0.0; 0.0 0.142857 0.0 0.0 0.0 0.0 0.0; 0.0 0.0 0.142857 0.0 0.0 0.0 0.0; 0.0 0.0 0.0 0.142857 0.0 0.0 0.0; 0.0 0.0 0.0 0.0 0.142857 0.0 0.0; 0.0 0.0 0.0 0.0 0.0 0.142857 0.0; 0.0 0.0 0.0 0.0 0.0 0.0 0.142857]
	From worker 4:	ESS: 190.5908
	From worker 4:	Nbr resample: 24841 
	From worker 5:	ESS: 188.7812
	From worker 5:	Nbr resample: 24841 
	From worker 6:	ESS: 189.3638
	From worker 6:	Nbr resample: 24841 
	From worker 11:	ESS: 190.7109
	From worker 11:	Nbr resample: 24841 
	From worker 2:	ESS: 188.5871
	From worker 7:	ESS: 186.5046
	From worker 3:	ESS: 189.2383
	From worker 7:	Nbr resample: 24841 
	From worker 2:	Nbr resample: 24841 
	From worker 3:	Nbr resample: 24841 
	From worker 10:	ESS: 188.2804
	From worker 10:	Nbr resample: 24841 
	From worker 9:	ESS: 189.2607
	From worker 9:	Nbr resample: 24841 
	From worker 8:	ESS: 191.2685
	From worker 8:	Nbr resample: 24841 
Loglik: -161151.2843 
Percentage done: 1.00 % 
Acceptance rate on iteration 1 to 100 is 0.0909
Covariance:
[0.00436042 0.000438443 -0.00164768 0.000982839 0.00172263 0.00120732 0.000998966; 0.000438443 0.00341464 -0.000971129 -0.00012941 0.000770323 0.000848736 0.000117636; -0.00164768 -0.000971129 0.00495992 -0.000560633 -0.00206197 -0.00174456 -0.000865484; 0.000982839 -0.00012941 -0.000560633 0.00390917 0.00082099 0.000354334 0.000760027; 0.00172263 0.000770323 -0.00206197 0.00082099 0.00488328 0.00160185 0.0010403; 0.00120732 0.000848736 -0.00174456 0.000354334 0.00160185 0.00418668 0.000620578; 0.000998966 0.000117636 -0.000865484 0.000760027 0.0010403 0.000620578 0.00344893]
Loglik: -141688.2237 
Loglik values on different cores:
[-1.41676e5,-141687.0,-1.41723e5,-1.41691e5,-1.41691e5,-1.41687e5,-1.41683e5,-1.41691e5,-1.41684e5,-1.417e5]
	From worker 6:	ESS: 155.3050
	From worker 6:	Nbr resample: 24841 
	From worker 8:	ESS: 151.7112
	From worker 8:	Nbr resample: 24841 
	From worker 5:	ESS: 154.5836
	From worker 5:	Nbr resample: 24841 
	From worker 4:	ESS: 155.2240
	From worker 4:	Nbr resample: 24841 
	From worker 3:	ESS: 154.7195
	From worker 3:	Nbr resample: 24841 
	From worker 2:	ESS: 152.3894
	From worker 2:	Nbr resample: 24841 
	From worker 10:	ESS: 156.0543
	From worker 10:	Nbr resample: 24841 
	From worker 7:	ESS: 152.4479
	From worker 7:	Nbr resample: 24841 
	From worker 9:	ESS: 156.1770
	From worker 9:	Nbr resample: 24841 
	From worker 11:	ESS: 153.9357
	From worker 11:	Nbr resample: 24841 
	From worker 8:	ESS: 160.4091
	From worker 8:	Nbr resample: 24841 
	From worker 5:	ESS: 158.8351
	From worker 5:	Nbr resample: 24841 
	From worker 2:	ESS: 160.8253
	From worker 2:	Nbr resample: 24841 
	From worker 6:	ESS: 158.5905
	From worker 6:	Nbr resample: 24841 
	From worker 4:	ESS: 157.2428
	From worker 4:	Nbr resample: 24841 
	From worker 9:	ESS: 157.1595
	From worker 9:	Nbr resample: 24841 
	From worker 3:	ESS: 155.5131
	From worker 3:	Nbr resample: 24841 
	From worker 11:	ESS: 164.0963
	From worker 11:	Nbr resample: 24841 
	From worker 7:	ESS: 155.8097
	From worker 7:	Nbr resample: 24841 
	From worker 10:	ESS: 160.9533
	From worker 10:	Nbr resample: 24841 
Percentage done: 2.00 % 
Acceptance rate on iteration 101 to 200 is 0.3030
Covariance:
[0.00145258 -2.35713e-5 -7.78673e-5 0.000579983 0.000667085 -0.000277435 0.000638492; -2.35713e-5 0.000831006 -0.000243672 -6.15035e-5 5.23737e-5 0.000362574 -0.000110589; -7.78673e-5 -0.000243672 0.00298812 0.000400394 -0.0010626 -0.00201571 -3.94431e-5; 0.000579983 -6.15035e-5 0.000400394 0.00172119 9.32074e-5 -0.00025943 0.000302981; 0.000667085 5.23737e-5 -0.0010626 9.32074e-5 0.00182421 0.000484476 0.00061476; -0.000277435 0.000362574 -0.00201571 -0.00025943 0.000484476 0.00303525 -0.000432362; 0.000638492 -0.000110589 -3.94431e-5 0.000302981 0.00061476 -0.000432362 0.00126791]
Loglik: -141645.3965 
Loglik values on different cores:
[-1.4167e5,-141662.0,-1.41695e5,-1.41673e5,-1.41664e5,-1.41669e5,-1.41695e5,-1.41662e5,-1.41672e5,-1.41673e5]
	From worker 8:	ESS: 160.2655
	From worker 8:	Nbr resample: 24841 
	From worker 9:	ESS: 157.8312
	From worker 9:	Nbr resample: 24841 
	From worker 10:	ESS: 167.4802
	From worker 10:	Nbr resample: 24841 
	From worker 11:	ESS: 161.1841
	From worker 11:	Nbr resample: 24841 
	From worker 5:	ESS: 164.3858
	From worker 5:	Nbr resample: 24841 
	From worker 2:	ESS: 161.1980
	From worker 2:	Nbr resample: 24841 
	From worker 7:	ESS: 160.1545
	From worker 7:	Nbr resample: 24841 
	From worker 6:	ESS: 153.6725
	From worker 6:	Nbr resample: 24841 
	From worker 4:	ESS: 162.0823
	From worker 4:	Nbr resample: 24841 
	From worker 3:	ESS: 159.2730
	From worker 3:	Nbr resample: 24841 
	From worker 5:	ESS: 158.7248
	From worker 5:	Nbr resample: 24841 
	From worker 3:	ESS: 162.2433
	From worker 3:	Nbr resample: 24841 
	From worker 2:	ESS: 163.7210
	From worker 2:	Nbr resample: 24841 
	From worker 6:	ESS: 161.7106
	From worker 6:	Nbr resample: 24841 
	From worker 7:	ESS: 164.8138
	From worker 7:	Nbr resample: 24841 
	From worker 4:	ESS: 156.6231
	From worker 4:	Nbr resample: 24841 
	From worker 8:	ESS: 160.7098
	From worker 8:	Nbr resample: 24841 
	From worker 9:	ESS: 162.3287
	From worker 9:	Nbr resample: 24841 
	From worker 10:	ESS: 162.1548
	From worker 10:	Nbr resample: 24841 
	From worker 11:	ESS: 156.7282
	From worker 11:	Nbr resample: 24841 
Percentage done: 3.00 % 
Acceptance rate on iteration 201 to 300 is 0.3232
Covariance:
[0.00159563 -0.000391538 -0.00213189 -0.000970978 0.00109809 0.00185898 0.000949744; -0.000391538 0.000481956 0.000806765 0.000507277 -0.000323129 -0.000729271 -0.000377566; -0.00213189 0.000806765 0.00734813 0.0038834 -0.00254051 -0.00705665 -0.00224552; -0.000970978 0.000507277 0.0038834 0.00303777 -0.00120392 -0.00399093 -0.00125522; 0.00109809 -0.000323129 -0.00254051 -0.00120392 0.00150664 0.00226148 0.000988434; 0.00185898 -0.000729271 -0.00705665 -0.00399093 0.00226148 0.00772394 0.00212677; 0.000949744 -0.000377566 -0.00224552 -0.00125522 0.000988434 0.00212677 0.0014002]
Loglik: -141627.6647 
Loglik values on different cores:
[-1.41687e5,-1.41716e5,-1.41688e5,-1.41698e5,-1.41692e5,-1.41693e5,-141687.0,-1.41702e5,-1.41703e5,-1.4173e5]
	From worker 5:	ESS: 159.8296
	From worker 5:	Nbr resample: 24841 
	From worker 8:	ESS: 157.8014
	From worker 8:	Nbr resample: 24841 
	From worker 6:	ESS: 156.7137
	From worker 6:	Nbr resample: 24841 
	From worker 4:	ESS: 152.9106
	From worker 4:	Nbr resample: 24841 
	From worker 9:	ESS: 159.6056
	From worker 9:	Nbr resample: 24841 
	From worker 2:	ESS: 161.4522
	From worker 2:	Nbr resample: 24841 
	From worker 7:	ESS: 162.9504
	From worker 7:	Nbr resample: 24841 
	From worker 11:	ESS: 154.5292
	From worker 11:	Nbr resample: 24841 
	From worker 10:	ESS: 158.9686
	From worker 10:	Nbr resample: 24841 
	From worker 3:	ESS: 163.3581
	From worker 3:	Nbr resample: 24841 
	From worker 2:	ESS: 148.6299
	From worker 2:	Nbr resample: 24841 
	From worker 3:	ESS: 149.6482
	From worker 3:	Nbr resample: 24841 
	From worker 7:	ESS: 160.3511
	From worker 7:	Nbr resample: 24841 
	From worker 10:	ESS: 155.6351
	From worker 10:	Nbr resample: 24841 
	From worker 11:	ESS: 154.5064
	From worker 11:	Nbr resample: 24841 
	From worker 6:	ESS: 163.9792
	From worker 6:	Nbr resample: 24841 
	From worker 4:	ESS: 151.6624
	From worker 4:	Nbr resample: 24841 
	From worker 8:	ESS: 151.4553
	From worker 8:	Nbr resample: 24841 
	From worker 9:	ESS: 150.7332
	From worker 9:	Nbr resample: 24841 
	From worker 5:	ESS: 153.4466
	From worker 5:	Nbr resample: 24841 
Percentage done: 4.00 % 
Acceptance rate on iteration 301 to 400 is 0.3434
Covariance:
[0.000902463 -0.000220725 -0.00132629 -0.000726046 0.000683265 0.00123757 0.000505571; -0.000220725 0.000267358 0.000519505 0.000388357 -0.000203641 -0.000443195 -0.000268283; -0.00132629 0.000519505 0.005194 0.00347311 -0.00197002 -0.00498273 -0.00162962; -0.000726046 0.000388357 0.00347311 0.00329248 -0.00125876 -0.00325151 -0.00130284; 0.000683265 -0.000203641 -0.00197002 -0.00125876 0.00123017 0.00216763 0.000528097; 0.00123757 -0.000443195 -0.00498273 -0.00325151 0.00216763 0.00632033 0.000908108; 0.000505571 -0.000268283 -0.00162962 -0.00130284 0.000528097 0.000908108 0.00138639]
Loglik: -141696.4499 
Loglik values on different cores:
[-1.41732e5,-1.41753e5,-1.41763e5,-1.41725e5,-1.41714e5,-1.41754e5,-1.4172e5,-1.41671e5,-1.41746e5,-1.41748e5]
	From worker 5:	ESS: 135.0117
	From worker 5:	Nbr resample: 24841 
	From worker 6:	ESS: 151.0193
	From worker 6:	Nbr resample: 24841 
	From worker 7:	ESS: 125.3441
	From worker 7:	Nbr resample: 24841 
	From worker 11:	ESS: 146.5826
	From worker 11:	Nbr resample: 24841 
	From worker 9:	ESS: 138.1103
	From worker 9:	Nbr resample: 24841 
	From worker 8:	ESS: 138.5756
	From worker 8:	Nbr resample: 24841 
	From worker 10:	ESS: 141.6401
	From worker 10:	Nbr resample: 24841 
	From worker 2:	ESS: 138.1751
	From worker 2:	Nbr resample: 24841 
	From worker 3:	ESS: 137.3550
	From worker 3:	Nbr resample: 24841 
	From worker 4:	ESS: 136.3194
	From worker 4:	Nbr resample: 24841 
	From worker 3:	ESS: 137.6323
	From worker 3:	Nbr resample: 24841 
	From worker 2:	ESS: 137.7439
	From worker 2:	Nbr resample: 24841 
	From worker 10:	ESS: 141.3850
	From worker 10:	Nbr resample: 24841 
	From worker 4:	ESS: 139.3599
	From worker 4:	Nbr resample: 24841 
	From worker 5:	ESS: 144.2656
	From worker 5:	Nbr resample: 24841 
	From worker 6:	ESS: 131.2219
	From worker 6:	Nbr resample: 24841 
	From worker 8:	ESS: 141.9896
	From worker 8:	Nbr resample: 24841 
	From worker 7:	ESS: 145.8540
	From worker 7:	Nbr resample: 24841 
	From worker 9:	ESS: 138.1350
	From worker 9:	Nbr resample: 24841 
	From worker 11:	ESS: 137.5735
	From worker 11:	Nbr resample: 24841 
Percentage done: 5.00 % 
Acceptance rate on iteration 401 to 500 is 0.4141
Covariance:
[0.000784457 -0.00021552 -0.00109409 -0.000665017 0.000567319 0.00101751 0.000447497; -0.00021552 0.000254266 0.000569076 0.000364042 -0.000239287 -0.000615986 -0.00035996; -0.00109409 0.000569076 0.00455459 0.00294964 -0.00173872 -0.00472429 -0.0016745; -0.000665017 0.000364042 0.00294964 0.00310358 -0.00106142 -0.00244066 -0.000944186; 0.000567319 -0.000239287 -0.00173872 -0.00106142 0.00106781 0.00208511 0.000556415; 0.00101751 -0.000615986 -0.00472429 -0.00244066 0.00208511 0.00676206 0.00154343; 0.000447497 -0.00035996 -0.0016745 -0.000944186 0.000556415 0.00154343 0.00157513]
Loglik: -141661.3620 
Loglik values on different cores:
[-1.41707e5,-1.41709e5,-1.41668e5,-1.41733e5,-1.41721e5,-141683.0,-1.4166e5,-141721.0,-1.41699e5,-1.41719e5]
	From worker 5:	ESS: 133.9002
	From worker 5:	Nbr resample: 24841 
	From worker 6:	ESS: 126.0658
	From worker 6:	Nbr resample: 24841 
	From worker 10:	ESS: 127.3247
	From worker 10:	Nbr resample: 24841 
	From worker 9:	ESS: 131.7206
	From worker 9:	Nbr resample: 24841 
	From worker 11:	ESS: 137.6655
	From worker 11:	Nbr resample: 24841 
	From worker 8:	ESS: 139.5230
	From worker 8:	Nbr resample: 24841 
	From worker 4:	ESS: 127.9662
	From worker 4:	Nbr resample: 24841 
	From worker 2:	ESS: 129.4680
	From worker 2:	Nbr resample: 24841 
	From worker 7:	ESS: 129.4949
	From worker 7:	Nbr resample: 24841 
	From worker 3:	ESS: 136.5423
	From worker 3:	Nbr resample: 24841 
	From worker 8:	ESS: 139.1672
	From worker 8:	Nbr resample: 24841 
	From worker 3:	ESS: 142.2411
	From worker 3:	Nbr resample: 24841 
	From worker 2:	ESS: 142.5043
	From worker 2:	Nbr resample: 24841 
	From worker 4:	ESS: 139.3555
	From worker 4:	Nbr resample: 24841 
	From worker 7:	ESS: 138.6335
	From worker 7:	Nbr resample: 24841 
	From worker 5:	ESS: 144.4997
	From worker 5:	Nbr resample: 24841 
	From worker 9:	ESS: 138.7752
	From worker 9:	Nbr resample: 24841 
	From worker 6:	ESS: 139.9518
	From worker 6:	Nbr resample: 24841 
	From worker 11:	ESS: 140.1216
	From worker 11:	Nbr resample: 24841 
	From worker 10:	ESS: 144.0613
	From worker 10:	Nbr resample: 24841 
Percentage done: 6.00 % 
Acceptance rate on iteration 501 to 600 is 0.4545
Covariance:
[0.00114228 -0.000360236 -0.000899075 -0.000516999 0.000619012 0.00115671 0.000754915; -0.000360236 0.000327311 0.000485785 0.000405414 -0.000257279 -0.000519028 -0.000516721; -0.000899075 0.000485785 0.00407071 0.00239814 -0.00158342 -0.00427498 -0.00107374; -0.000516999 0.000405414 0.00239814 0.00315856 -0.000789058 -0.00127249 -0.000643012; 0.000619012 -0.000257279 -0.00158342 -0.000789058 0.00103556 0.00201423 0.000452422; 0.00115671 -0.000519028 -0.00427498 -0.00127249 0.00201423 0.00704353 0.00120129; 0.000754915 -0.000516721 -0.00107374 -0.000643012 0.000452422 0.00120129 0.00213335]
Loglik: -141629.3794 
Loglik values on different cores:
[-1.41671e5,-1.41699e5,-141684.0,-1.41655e5,-1.4169e5,-1.41655e5,-1.41699e5,-1.41706e5,-1.41677e5,-1.4166e5]
	From worker 5:	ESS: 146.3319
	From worker 5:	Nbr resample: 24841 
	From worker 6:	ESS: 153.1604
	From worker 6:	Nbr resample: 24841 
	From worker 9:	ESS: 158.5833
	From worker 9:	Nbr resample: 24841 
	From worker 11:	ESS: 148.8524
	From worker 11:	Nbr resample: 24841 
	From worker 8:	ESS: 149.6037
	From worker 8:	Nbr resample: 24841 
	From worker 4:	ESS: 149.7442
	From worker 4:	Nbr resample: 24841 
	From worker 7:	ESS: 146.9476
	From worker 7:	Nbr resample: 24841 
	From worker 3:	ESS: 138.3610
	From worker 3:	Nbr resample: 24841 
	From worker 2:	ESS: 150.1293
	From worker 2:	Nbr resample: 24841 
	From worker 10:	ESS: 146.1490
	From worker 10:	Nbr resample: 24841 
	From worker 8:	ESS: 156.1374
	From worker 8:	Nbr resample: 24841 
	From worker 2:	ESS: 152.9499
	From worker 2:	Nbr resample: 24841 
	From worker 3:	ESS: 158.3919
	From worker 3:	Nbr resample: 24841 
	From worker 7:	ESS: 155.3114
	From worker 7:	Nbr resample: 24841 
	From worker 4:	ESS: 147.3913
	From worker 4:	Nbr resample: 24841 
	From worker 10:	ESS: 159.4895
	From worker 10:	Nbr resample: 24841 
	From worker 5:	ESS: 154.8657
	From worker 5:	Nbr resample: 24841 
	From worker 11:	ESS: 154.7989
	From worker 11:	Nbr resample: 24841 
	From worker 9:	ESS: 162.7021
	From worker 9:	Nbr resample: 24841 
	From worker 6:	ESS: 157.3424
	From worker 6:	Nbr resample: 24841 
Percentage done: 7.00 % 
Acceptance rate on iteration 601 to 700 is 0.3434
Covariance:
[0.00204316 -0.000736929 6.39018e-5 -0.000278036 0.00072671 -0.00136639 0.00110069; -0.000736929 0.000436661 5.09516e-5 0.000231454 -0.000295027 0.000534657 -0.000667009; 6.39018e-5 5.09516e-5 0.00403406 0.00277783 -0.00101597 -0.00480673 -3.82194e-5; -0.000278036 0.000231454 0.00277783 0.00410676 -0.000460607 -0.00165329 0.000156707; 0.00072671 -0.000295027 -0.00101597 -0.000460607 0.000881015 0.00105098 0.000423628; -0.00136639 0.000534657 -0.00480673 -0.00165329 0.00105098 0.0100758 -0.000883167; 0.00110069 -0.000667009 -3.82194e-5 0.000156707 0.000423628 -0.000883167 0.00268673]
Loglik: -141770.9604 
Loglik values on different cores:
[-1.41815e5,-141840.0,-1.41821e5,-1.41781e5,-1.41801e5,-1.4177e5,-1.41779e5,-1.41787e5,-1.4179e5,-1.41793e5]
	From worker 6:	ESS: 143.4170
	From worker 6:	Nbr resample: 24841 
	From worker 4:	ESS: 147.5177
	From worker 4:	Nbr resample: 24841 
	From worker 7:	ESS: 146.4781
	From worker 7:	Nbr resample: 24841 
	From worker 11:	ESS: 147.3536
	From worker 11:	Nbr resample: 24841 
	From worker 5:	ESS: 146.2906
	From worker 5:	Nbr resample: 24841 
	From worker 3:	ESS: 145.4628
	From worker 3:	Nbr resample: 24841 
	From worker 8:	ESS: 144.1967
	From worker 8:	Nbr resample: 24841 
	From worker 10:	ESS: 145.2053
	From worker 10:	Nbr resample: 24841 
	From worker 2:	ESS: 151.6475
	From worker 2:	Nbr resample: 24841 
	From worker 9:	ESS: 143.8137
	From worker 9:	Nbr resample: 24841 
	From worker 5:	ESS: 144.9649
	From worker 5:	Nbr resample: 24841 
	From worker 8:	ESS: 147.0748
	From worker 8:	Nbr resample: 24841 
	From worker 3:	ESS: 150.9884
	From worker 3:	Nbr resample: 24841 
	From worker 2:	ESS: 150.3783
	From worker 2:	Nbr resample: 24841 
	From worker 9:	ESS: 135.9845
	From worker 9:	Nbr resample: 24841 
	From worker 10:	ESS: 140.8736
	From worker 10:	Nbr resample: 24841 
	From worker 11:	ESS: 148.7610
	From worker 11:	Nbr resample: 24841 
	From worker 7:	ESS: 147.1790
	From worker 7:	Nbr resample: 24841 
	From worker 4:	ESS: 150.6153
	From worker 4:	Nbr resample: 24841 
	From worker 6:	ESS: 143.3781
	From worker 6:	Nbr resample: 24841 
Percentage done: 8.00 % 
Acceptance rate on iteration 701 to 800 is 0.3434
Covariance:
[0.00203844 -0.000704653 0.000450976 0.000360166 0.000808579 -0.00152316 0.000941195; -0.000704653 0.000388838 -0.000126013 -0.000126617 -0.000347614 0.00044564 -0.000577209; 0.000450976 -0.000126013 0.00432361 0.00507215 0.000154107 -0.0026867 4.49564e-5; 0.000360166 -0.000126617 0.00507215 0.0111442 0.00217859 0.00280616 0.00047552; 0.000808579 -0.000347614 0.000154107 0.00217859 0.00163562 0.00213485 0.000570569; -0.00152316 0.00044564 -0.0026867 0.00280616 0.00213485 0.011695 -0.000270479; 0.000941195 -0.000577209 4.49564e-5 0.00047552 0.000570569 -0.000270479 0.00228134]
Loglik: -141611.9012 
Loglik values on different cores:
[-1.41643e5,-1.4164e5,-1.41682e5,-1.41656e5,-1.41657e5,-1.41664e5,-141673.0,-1.41677e5,-1.41722e5,-1.41688e5]
	From worker 6:	ESS: 145.2200
	From worker 6:	Nbr resample: 24841 
	From worker 3:	ESS: 147.0946
	From worker 3:	Nbr resample: 24841 
	From worker 4:	ESS: 153.3876
	From worker 4:	Nbr resample: 24841 
	From worker 9:	ESS: 145.4542
	From worker 9:	Nbr resample: 24841 
	From worker 10:	ESS: 155.5772
	From worker 10:	Nbr resample: 24841 
	From worker 7:	ESS: 149.0933
	From worker 7:	Nbr resample: 24841 
	From worker 8:	ESS: 150.7976
	From worker 8:	Nbr resample: 24841 
	From worker 5:	ESS: 146.3645
	From worker 5:	Nbr resample: 24841 
	From worker 2:	ESS: 156.9673
	From worker 2:	Nbr resample: 24841 
	From worker 11:	ESS: 151.2666
	From worker 11:	Nbr resample: 24841 
	From worker 5:	ESS: 152.3324
	From worker 5:	Nbr resample: 24841 
	From worker 8:	ESS: 154.2340
	From worker 8:	Nbr resample: 24841 
	From worker 2:	ESS: 150.7925
	From worker 2:	Nbr resample: 24841 
	From worker 7:	ESS: 155.0376
	From worker 7:	Nbr resample: 24841 
	From worker 11:	ESS: 157.4557
	From worker 11:	Nbr resample: 24841 
	From worker 4:	ESS: 154.6149
	From worker 4:	Nbr resample: 24841 
	From worker 3:	ESS: 157.0684
	From worker 3:	Nbr resample: 24841 
	From worker 9:	ESS: 152.9675
	From worker 9:	Nbr resample: 24841 
	From worker 6:	ESS: 152.8921
	From worker 6:	Nbr resample: 24841 
	From worker 10:	ESS: 157.6868
	From worker 10:	Nbr resample: 24841 
Percentage done: 9.00 % 
Acceptance rate on iteration 801 to 900 is 0.4040
Covariance:
[0.00349059 -0.00105192 0.000790159 0.00397888 0.00368287 0.00166964 0.00229537; -0.00105192 0.000483886 -0.000158465 -0.00123093 -0.00109898 -0.00068887 -0.000957996; 0.000790159 -0.000158465 0.00417108 0.00615039 0.00127537 -0.00112687 5.96412e-5; 0.00397888 -0.00123093 0.00615039 0.0206451 0.00927048 0.0108723 0.00310882; 0.00368287 -0.00109898 0.00127537 0.00927048 0.00704704 0.00745234 0.00270231; 0.00166964 -0.00068887 -0.00112687 0.0108723 0.00745234 0.0169639 0.00238189; 0.00229537 -0.000957996 5.96412e-5 0.00310882 0.00270231 0.00238189 0.00365825]
Loglik: -141651.6623 
Loglik values on different cores:
[-1.41702e5,-1.41695e5,-1.41733e5,-1.4169e5,-1.417e5,-1.41649e5,-1.41692e5,-141717.0,-1.41659e5,-1.41724e5]
	From worker 3:	ESS: 145.8922
	From worker 3:	Nbr resample: 24841 
	From worker 2:	ESS: 151.0585
	From worker 2:	Nbr resample: 24841 
	From worker 4:	ESS: 143.1139
	From worker 4:	Nbr resample: 24841 
	From worker 7:	ESS: 155.3751
	From worker 7:	Nbr resample: 24841 
	From worker 5:	ESS: 151.8788
	From worker 5:	Nbr resample: 24841 
	From worker 11:	ESS: 147.6106
	From worker 11:	Nbr resample: 24841 
	From worker 10:	ESS: 143.4417
	From worker 10:	Nbr resample: 24841 
	From worker 6:	ESS: 147.4416
	From worker 6:	Nbr resample: 24841 
	From worker 8:	ESS: 152.2853
	From worker 8:	Nbr resample: 24841 
	From worker 9:	ESS: 146.3309
	From worker 9:	Nbr resample: 24841 
	From worker 5:	ESS: 149.6703
	From worker 5:	Nbr resample: 24841 
	From worker 8:	ESS: 152.4511
	From worker 8:	Nbr resample: 24841 
	From worker 6:	ESS: 156.8140
	From worker 6:	Nbr resample: 24841 
	From worker 10:	ESS: 152.1759
	From worker 10:	Nbr resample: 24841 
	From worker 9:	ESS: 155.5829
	From worker 9:	Nbr resample: 24841 
	From worker 11:	ESS: 157.2421
	From worker 11:	Nbr resample: 24841 
	From worker 3:	ESS: 152.9102
	From worker 3:	Nbr resample: 24841 
	From worker 4:	ESS: 148.0229
	From worker 4:	Nbr resample: 24841 
	From worker 7:	ESS: 149.1569
	From worker 7:	Nbr resample: 24841 
	From worker 2:	ESS: 146.3714
	From worker 2:	Nbr resample: 24841 
Percentage done: 10.00 % 
Acceptance rate on iteration 901 to 1000 is 0.2525
Covariance:
[0.0030998 -0.00101366 0.000812898 0.00349117 0.00321762 0.00142392 0.00239439; -0.00101366 0.000479358 -0.00023934 -0.00118525 -0.00101251 -0.000666558 -0.00099997; 0.000812898 -0.00023934 0.00334261 0.00499118 0.0010782 -0.000844029 0.000424638; 0.00349117 -0.00118525 0.00499118 0.0169177 0.00778604 0.00794684 0.00312633; 0.00321762 -0.00101251 0.0010782 0.00778604 0.00609047 0.00584979 0.00275926; 0.00142392 -0.000666558 -0.000844029 0.00794684 0.00584979 0.0138134 0.00210355; 0.00239439 -0.00099997 0.000424638 0.00312633 0.00275926 0.00210355 0.00369082]
Loglik: -141644.8755 
Loglik values on different cores:
[-1.41624e5,-1.41706e5,-1.41686e5,-141715.0,-1.41676e5,-1.41667e5,-1.4169e5,-1.41652e5,-1.4168e5,-1.41663e5]
	From worker 5:	ESS: 165.3297
	From worker 5:	Nbr resample: 24841 
	From worker 4:	ESS: 159.0415
	From worker 4:	Nbr resample: 24841 
	From worker 10:	ESS: 164.9746
	From worker 10:	Nbr resample: 24841 
	From worker 11:	ESS: 157.7653
	From worker 11:	Nbr resample: 24841 
	From worker 6:	ESS: 157.9092
	From worker 6:	Nbr resample: 24841 
	From worker 2:	ESS: 154.1843
	From worker 2:	Nbr resample: 24841 
	From worker 3:	ESS: 161.7644
	From worker 3:	Nbr resample: 24841 
	From worker 9:	ESS: 159.6882
	From worker 9:	Nbr resample: 24841 
	From worker 8:	ESS: 167.6806
	From worker 8:	Nbr resample: 24841 
	From worker 7:	ESS: 165.1995
	From worker 7:	Nbr resample: 24841 
	From worker 8:	ESS: 150.0578
	From worker 8:	Nbr resample: 24841 
	From worker 3:	ESS: 145.2532
	From worker 3:	Nbr resample: 24841 
	From worker 6:	ESS: 150.2191
	From worker 6:	Nbr resample: 24841 
	From worker 2:	ESS: 152.5843
	From worker 2:	Nbr resample: 24841 
	From worker 9:	ESS: 149.2285
	From worker 9:	Nbr resample: 24841 
	From worker 7:	ESS: 154.9997
	From worker 7:	Nbr resample: 24841 
	From worker 5:	ESS: 154.2417
	From worker 5:	Nbr resample: 24841 
	From worker 4:	ESS: 155.4021
	From worker 4:	Nbr resample: 24841 
	From worker 10:	ESS: 148.5827
	From worker 10:	Nbr resample: 24841 
	From worker 11:	ESS: 148.6503
	From worker 11:	Nbr resample: 24841 
Percentage done: 11.00 % 
Acceptance rate on iteration 1001 to 1100 is 0.2222
Covariance:
[0.00382166 -0.0013628 -0.00150405 -0.00193525 0.00208752 -0.00139561 0.00329949; -0.0013628 0.000635461 0.000627376 0.00074904 -0.000595736 0.000637034 -0.00127666; -0.00150405 0.000627376 0.00535474 0.0100003 0.00123461 0.00287096 -0.0018758; -0.00193525 0.00074904 0.0100003 0.0274028 0.00699156 0.0139898 -0.00237376; 0.00208752 -0.000595736 0.00123461 0.00699156 0.00487089 0.00559693 0.00187863; -0.00139561 0.000637034 0.00287096 0.0139898 0.00559693 0.0164703 -0.000413828; 0.00329949 -0.00127666 -0.0018758 -0.00237376 0.00187863 -0.000413828 0.00458995]
Loglik: -141654.4579 
Loglik values on different cores:
[-1.41682e5,-1.41717e5,-1.4166e5,-1.41703e5,-1.41686e5,-141695.0,-1.41732e5,-1.41683e5,-1.4173e5,-1.41665e5]
	From worker 5:	ESS: 155.3105
	From worker 5:	Nbr resample: 24841 
	From worker 6:	ESS: 153.3056
	From worker 6:	Nbr resample: 24841 
	From worker 9:	ESS: 153.8275
	From worker 9:	Nbr resample: 24841 
	From worker 7:	ESS: 157.2993
	From worker 7:	Nbr resample: 24841 
	From worker 11:	ESS: 150.8443
	From worker 11:	Nbr resample: 24841 
	From worker 8:	ESS: 154.5011
	From worker 8:	Nbr resample: 24841 
	From worker 2:	ESS: 150.3122
	From worker 2:	Nbr resample: 24841 
	From worker 10:	ESS: 147.8999
	From worker 10:	Nbr resample: 24841 
	From worker 4:	ESS: 149.1146
	From worker 3:	ESS: 151.0827
	From worker 3:	Nbr resample: 24841 
	From worker 4:	Nbr resample: 24841 
	From worker 2:	ESS: 150.9773
	From worker 2:	Nbr resample: 24841 
	From worker 3:	ESS: 155.2053
	From worker 3:	Nbr resample: 24841 
	From worker 4:	ESS: 153.2519
	From worker 4:	Nbr resample: 24841 
	From worker 10:	ESS: 156.0956
	From worker 10:	Nbr resample: 24841 
	From worker 8:	ESS: 152.3779
	From worker 8:	Nbr resample: 24841 
	From worker 5:	ESS: 152.7970
	From worker 5:	Nbr resample: 24841 
	From worker 9:	ESS: 147.5397
	From worker 9:	Nbr resample: 24841 
	From worker 11:	ESS: 155.7697
	From worker 11:	Nbr resample: 24841 
	From worker 7:	ESS: 154.3269
	From worker 7:	Nbr resample: 24841 
	From worker 6:	ESS: 151.8810
	From worker 6:	Nbr resample: 24841 
Percentage done: 12.00 % 
Acceptance rate on iteration 1101 to 1200 is 0.3232
Covariance:
[0.003862 -0.00137359 -0.0019034 -0.00197407 0.00243758 -0.000229141 0.0032613; -0.00137359 0.000615242 0.000756691 0.000759537 -0.000712415 0.00020288 -0.00123383; -0.0019034 0.000756691 0.0056255 0.0100225 0.000486856 0.00187326 -0.0020755; -0.00197407 0.000759537 0.0100225 0.0288229 0.00662474 0.0151097 -0.00222237; 0.00243758 -0.000712415 0.000486856 0.00662474 0.00550994 0.00662584 0.00217416; -0.000229141 0.00020288 0.00187326 0.0151097 0.00662584 0.0196741 0.000234164; 0.0032613 -0.00123383 -0.0020755 -0.00222237 0.00217416 0.000234164 0.00425802]
Loglik: -141653.3988 
Loglik values on different cores:
[-1.41708e5,-1.41714e5,-141664.0,-141693.0,-1.41713e5,-1.41681e5,-1.41674e5,-1.41702e5,-1.41662e5,-1.41658e5]
	From worker 6:	ESS: 148.3191
	From worker 6:	Nbr resample: 24841 
	From worker 3:	ESS: 157.9633
	From worker 3:	Nbr resample: 24841 
	From worker 2:	ESS: 159.2591
	From worker 2:	Nbr resample: 24841 
	From worker 9:	ESS: 158.8845
	From worker 9:	Nbr resample: 24841 
	From worker 7:	ESS: 157.6272
	From worker 7:	Nbr resample: 24841 
	From worker 5:	ESS: 153.6608
	From worker 5:	Nbr resample: 24841 
	From worker 8:	ESS: 159.9091
	From worker 8:	Nbr resample: 24841 
	From worker 10:	ESS: 148.9158
	From worker 10:	Nbr resample: 24841 
	From worker 4:	ESS: 160.9035
	From worker 4:	Nbr resample: 24841 
	From worker 11:	ESS: 153.6291
	From worker 11:	Nbr resample: 24841 
	From worker 8:	ESS: 153.3633
	From worker 8:	Nbr resample: 24841 
	From worker 5:	ESS: 160.7491
	From worker 5:	Nbr resample: 24841 
	From worker 4:	ESS: 155.8604
	From worker 4:	Nbr resample: 24841 
	From worker 11:	ESS: 161.2141
	From worker 11:	Nbr resample: 24841 
	From worker 10:	ESS: 153.2030
	From worker 10:	Nbr resample: 24841 
	From worker 2:	ESS: 153.1324
	From worker 2:	Nbr resample: 24841 
	From worker 7:	ESS: 155.7377
	From worker 7:	Nbr resample: 24841 
	From worker 3:	ESS: 164.1973
	From worker 3:	Nbr resample: 24841 
	From worker 6:	ESS: 156.4785
	From worker 6:	Nbr resample: 24841 
	From worker 9:	ESS: 156.0088
	From worker 9:	Nbr resample: 24841 
Percentage done: 13.00 % 
Acceptance rate on iteration 1201 to 1300 is 0.3333
Covariance:
[0.00357769 -0.00124811 -0.0012395 0.000217831 0.00274841 7.24446e-5 0.00316967; -0.00124811 0.000556461 0.000569908 0.000107744 -0.000759658 -4.98934e-6 -0.00112412; -0.0012395 0.000569908 0.0126815 0.0335831 0.00877561 0.0108982 -0.00148693; 0.000217831 0.000107744 0.0335831 0.114128 0.0324605 0.0428845 0.000326737; 0.00274841 -0.000759658 0.00877561 0.0324605 0.0142611 0.0166561 0.00267158; 7.24446e-5 -4.98934e-6 0.0108982 0.0428845 0.0166561 0.0337426 0.000103054; 0.00316967 -0.00112412 -0.00148693 0.000326737 0.00267158 0.000103054 0.00437488]
Loglik: -141678.7146 
Loglik values on different cores:
[-1.41726e5,-1.41714e5,-1.41745e5,-1.41728e5,-1.41711e5,-1.41745e5,-1.41705e5,-1.41765e5,-1.41721e5,-141724.0]
	From worker 8:	ESS: 170.6063
	From worker 8:	Nbr resample: 24841 
	From worker 6:	ESS: 173.4893
	From worker 6:	Nbr resample: 24841 
	From worker 2:	ESS: 166.4025
	From worker 2:	Nbr resample: 24841 
	From worker 3:	ESS: 171.8235
	From worker 3:	Nbr resample: 24841 
	From worker 5:	ESS: 172.7366
	From worker 5:	Nbr resample: 24841 
	From worker 7:	ESS: 170.4304
	From worker 7:	Nbr resample: 24841 
	From worker 9:	ESS: 175.0662
	From worker 9:	Nbr resample: 24841 
	From worker 4:	ESS: 176.8820
	From worker 4:	Nbr resample: 24841 
	From worker 11:	ESS: 177.4073
	From worker 11:	Nbr resample: 24841 
	From worker 10:	ESS: 177.4164
	From worker 10:	Nbr resample: 24841 
	From worker 9:	ESS: 154.4361
	From worker 9:	Nbr resample: 24841 
	From worker 11:	ESS: 157.1010
	From worker 11:	Nbr resample: 24841 
	From worker 4:	ESS: 155.6110
	From worker 4:	Nbr resample: 24841 
	From worker 10:	ESS: 155.2951
	From worker 10:	Nbr resample: 24841 
	From worker 7:	ESS: 151.8109
	From worker 7:	Nbr resample: 24841 
	From worker 3:	ESS: 152.9128
	From worker 3:	Nbr resample: 24841 
	From worker 5:	ESS: 158.2571
	From worker 5:	Nbr resample: 24841 
	From worker 8:	ESS: 148.0026
	From worker 8:	Nbr resample: 24841 
	From worker 2:	ESS: 150.8826
	From worker 2:	Nbr resample: 24841 
	From worker 6:	ESS: 152.5943
	From worker 6:	Nbr resample: 24841 
Percentage done: 14.00 % 
Acceptance rate on iteration 1301 to 1400 is 0.3232
Covariance:
[0.00443408 -0.00157671 -0.00117588 0.0065756 0.00288412 -0.000101496 0.00356009; -0.00157671 0.000703363 0.000427992 -0.00355449 -0.000581434 -0.000192489 -0.00123441; -0.00117588 0.000427992 0.0154262 0.0526815 0.00993064 0.013999 -0.00215298; 0.0065756 -0.00355449 0.0526815 0.289715 0.0346832 0.065074 -0.00107643; 0.00288412 -0.000581434 0.00993064 0.0346832 0.0169524 0.0156029 0.00249312; -0.000101496 -0.000192489 0.013999 0.065074 0.0156029 0.0350359 -0.000585269; 0.00356009 -0.00123441 -0.00215298 -0.00107643 0.00249312 -0.000585269 0.00454184]
Loglik: -141668.9470 
Loglik values on different cores:
[-141717.0,-1.41718e5,-1.41715e5,-1.41759e5,-1.41739e5,-1.41725e5,-1.41763e5,-1.41731e5,-1.41764e5,-1.41682e5]
	From worker 6:	ESS: 146.2851
	From worker 6:	Nbr resample: 24841 
	From worker 2:	ESS: 145.3427
	From worker 2:	Nbr resample: 24841 
	From worker 4:	ESS: 145.9441
	From worker 4:	Nbr resample: 24841 
	From worker 3:	ESS: 145.2063
	From worker 3:	Nbr resample: 24841 
	From worker 8:	ESS: 146.0017
	From worker 8:	Nbr resample: 24841 
	From worker 5:	ESS: 150.7974
	From worker 5:	Nbr resample: 24841 
	From worker 9:	ESS: 147.8269
	From worker 9:	Nbr resample: 24841 
	From worker 11:	ESS: 143.5483
	From worker 11:	Nbr resample: 24841 
	From worker 7:	ESS: 144.8161
	From worker 7:	Nbr resample: 24841 
	From worker 10:	ESS: 149.2099
	From worker 10:	Nbr resample: 24841 
	From worker 8:	ESS: 148.5638
	From worker 8:	Nbr resample: 24841 
	From worker 5:	ESS: 137.2569
	From worker 5:	Nbr resample: 24841 
	From worker 9:	ESS: 145.7274
	From worker 9:	Nbr resample: 24841 
	From worker 4:	ESS: 143.1641
	From worker 4:	Nbr resample: 24841 
	From worker 10:	ESS: 144.5668
	From worker 10:	Nbr resample: 24841 
	From worker 11:	ESS: 157.8325
	From worker 11:	Nbr resample: 24841 
	From worker 7:	ESS: 146.2583
	From worker 7:	Nbr resample: 24841 
	From worker 2:	ESS: 148.1001
	From worker 2:	Nbr resample: 24841 
	From worker 3:	ESS: 149.7504
	From worker 3:	Nbr resample: 24841 
	From worker 6:	ESS: 146.1974
	From worker 6:	Nbr resample: 24841 
Percentage done: 15.00 % 
Acceptance rate on iteration 1401 to 1500 is 0.2424
Covariance:
[0.00452116 -0.00131371 -0.00431536 0.00390564 0.0047855 0.00539318 0.00290645; -0.00131371 0.000587093 0.000736181 -0.00229544 -0.000409759 -0.000421025 -0.00097075; -0.00431536 0.000736181 0.0248123 0.0491714 0.000325224 -0.00790413 -0.00181031; 0.00390564 -0.00229544 0.0491714 0.254823 0.0321248 0.0636871 -0.00102071; 0.0047855 -0.000409759 0.000325224 0.0321248 0.023496 0.0338113 0.00184708; 0.00539318 -0.000421025 -0.00790413 0.0636871 0.0338113 0.085608 -0.000958429; 0.00290645 -0.00097075 -0.00181031 -0.00102071 0.00184708 -0.000958429 0.00377459]
Loglik: -141664.7778 
Loglik values on different cores:
[-1.41698e5,-1.41673e5,-1.4173e5,-1.41663e5,-1.41716e5,-141701.0,-1.41699e5,-1.41691e5,-1.41691e5,-141727.0]
	From worker 8:	ESS: 157.5418
	From worker 8:	Nbr resample: 24841 
	From worker 3:	ESS: 156.9356
	From worker 3:	Nbr resample: 24841 
	From worker 9:	ESS: 156.1883
	From worker 9:	Nbr resample: 24841 
	From worker 10:	ESS: 158.8814
	From worker 10:	Nbr resample: 24841 
	From worker 11:	ESS: 151.2117
	From worker 11:	Nbr resample: 24841 
	From worker 5:	ESS: 158.1388
	From worker 5:	Nbr resample: 24841 
	From worker 4:	ESS: 158.0724
	From worker 4:	Nbr resample: 24841 
	From worker 2:	ESS: 157.8072
	From worker 2:	Nbr resample: 24841 
	From worker 6:	ESS: 164.8776
	From worker 6:	Nbr resample: 24841 
	From worker 7:	ESS: 160.6615
	From worker 7:	Nbr resample: 24841 
	From worker 5:	ESS: 144.8245
	From worker 5:	Nbr resample: 24841 
	From worker 2:	ESS: 152.5000
	From worker 2:	Nbr resample: 24841 
	From worker 6:	ESS: 144.3136
	From worker 6:	Nbr resample: 24841 
	From worker 7:	ESS: 157.8386
	From worker 7:	Nbr resample: 24841 
	From worker 4:	ESS: 156.4890
	From worker 4:	Nbr resample: 24841 
	From worker 8:	ESS: 152.2304
	From worker 8:	Nbr resample: 24841 
	From worker 3:	ESS: 152.5488
	From worker 3:	Nbr resample: 24841 
	From worker 10:	ESS: 152.4128
	From worker 10:	Nbr resample: 24841 
	From worker 11:	ESS: 153.3348
	From worker 11:	Nbr resample: 24841 
	From worker 9:	ESS: 152.8446
	From worker 9:	Nbr resample: 24841 
Percentage done: 16.00 % 
Acceptance rate on iteration 1501 to 1600 is 0.2727
Covariance:
[0.00433454 -0.00127325 -0.00527926 0.0018252 0.00433449 0.00605708 0.00273715; -0.00127325 0.000556456 0.00114884 -0.00147009 -0.000297843 -0.000613218 -0.000940698; -0.00527926 0.00114884 0.0279321 0.0497952 -0.00198313 -0.0119529 -0.0026643; 0.0018252 -0.00147009 0.0497952 0.224573 0.0219876 0.0447762 -0.00179382; 0.00433449 -0.000297843 -0.00198313 0.0219876 0.0224931 0.0326347 0.00121688; 0.00605708 -0.000613218 -0.0119529 0.0447762 0.0326347 0.0815473 -0.000631106; 0.00273715 -0.000940698 -0.0026643 -0.00179382 0.00121688 -0.000631106 0.003467]
Loglik: -141630.8497 
Loglik values on different cores:
[-1.41687e5,-1.41688e5,-1.41662e5,-1.41687e5,-1.41657e5,-1.41656e5,-1.41649e5,-1.41644e5,-1.41703e5,-1.41653e5]
	From worker 8:	ESS: 140.6280
	From worker 8:	Nbr resample: 24841 
	From worker 6:	ESS: 135.4293
	From worker 6:	Nbr resample: 24841 
	From worker 7:	ESS: 135.2764
	From worker 7:	Nbr resample: 24841 
	From worker 10:	ESS: 137.6020
	From worker 10:	Nbr resample: 24841 
	From worker 11:	ESS: 135.4753
	From worker 11:	Nbr resample: 24841 
	From worker 5:	ESS: 145.3409
	From worker 5:	Nbr resample: 24841 
	From worker 2:	ESS: 133.0703
	From worker 2:	Nbr resample: 24841 
	From worker 3:	ESS: 143.9330
	From worker 3:	Nbr resample: 24841 
	From worker 4:	ESS: 139.1594
	From worker 4:	Nbr resample: 24841 
	From worker 9:	ESS: 136.5198
	From worker 9:	Nbr resample: 24841 
	From worker 5:	ESS: 151.3510
	From worker 5:	Nbr resample: 24841 
	From worker 2:	ESS: 152.6508
	From worker 2:	Nbr resample: 24841 
	From worker 3:	ESS: 162.3925
	From worker 3:	Nbr resample: 24841 
	From worker 4:	ESS: 151.2533
	From worker 4:	Nbr resample: 24841 
	From worker 9:	ESS: 155.2403
	From worker 9:	Nbr resample: 24841 
	From worker 8:	ESS: 153.9145
	From worker 8:	Nbr resample: 24841 
	From worker 6:	ESS: 159.8703
	From worker 6:	Nbr resample: 24841 
	From worker 10:	ESS: 159.9393
	From worker 10:	Nbr resample: 24841 
	From worker 11:	ESS: 158.2449
	From worker 11:	Nbr resample: 24841 
	From worker 7:	ESS: 152.6073
	From worker 7:	Nbr resample: 24841 
Percentage done: 17.00 % 
Acceptance rate on iteration 1601 to 1700 is 0.1313
Covariance:
[0.0041067 -0.00119107 -0.00364626 0.00327828 0.00390142 0.00258037 0.00267769; -0.00119107 0.000483854 0.00070473 -0.00169184 -0.000394707 0.00019493 -0.000893642; -0.00364626 0.00070473 0.0306389 0.0530281 -0.00664044 -0.0255709 -0.000183988; 0.00327828 -0.00169184 0.0530281 0.199354 0.00915342 0.00512435 0.00199; 0.00390142 -0.000394707 -0.00664044 0.00915342 0.0212525 0.0329346 0.000385884; 0.00258037 0.00019493 -0.0255709 0.00512435 0.0329346 0.096191 -0.00483897; 0.00267769 -0.000893642 -0.000183988 0.00199 0.000385884 -0.00483897 0.00341078]
Loglik: -141581.3328 
Loglik values on different cores:
[-1.41618e5,-1.41649e5,-1.41653e5,-1.41633e5,-1.41611e5,-1.41647e5,-1.41621e5,-1.41624e5,-1.41613e5,-1.41591e5]
	From worker 5:	ESS: 130.9218
	From worker 5:	Nbr resample: 24841 
	From worker 8:	ESS: 138.3674
	From worker 8:	Nbr resample: 24841 
	From worker 6:	ESS: 140.3396
	From worker 6:	Nbr resample: 24841 
	From worker 10:	ESS: 130.5769
	From worker 10:	Nbr resample: 24841 
	From worker 11:	ESS: 138.2953
	From worker 11:	Nbr resample: 24841 
	From worker 7:	ESS: 128.0440
	From worker 7:	Nbr resample: 24841 
	From worker 2:	ESS: 142.0315
	From worker 2:	Nbr resample: 24841 
	From worker 9:	ESS: 142.1584
	From worker 9:	Nbr resample: 24841 
	From worker 4:	ESS: 134.3616
	From worker 4:	Nbr resample: 24841 
	From worker 3:	ESS: 137.8984
	From worker 3:	Nbr resample: 24841 
	From worker 2:	ESS: 157.9330
	From worker 2:	Nbr resample: 24841 
	From worker 4:	ESS: 152.8845
	From worker 4:	Nbr resample: 24841 
	From worker 3:	ESS: 157.8443
	From worker 3:	Nbr resample: 24841 
	From worker 9:	ESS: 155.9626
	From worker 9:	Nbr resample: 24841 
	From worker 7:	ESS: 154.1644
	From worker 7:	Nbr resample: 24841 
	From worker 5:	ESS: 159.6504
	From worker 5:	Nbr resample: 24841 
	From worker 8:	ESS: 151.2160
	From worker 8:	Nbr resample: 24841 
	From worker 6:	ESS: 156.5486
	From worker 6:	Nbr resample: 24841 
	From worker 10:	ESS: 157.2605
	From worker 10:	Nbr resample: 24841 
	From worker 11:	ESS: 142.7055
	From worker 11:	Nbr resample: 24841 
Percentage done: 18.00 % 
Acceptance rate on iteration 1701 to 1800 is 0.0202
Covariance:
[0.00460305 -0.00133491 -0.0068163 -0.00248582 0.0068026 0.00954296 0.00292813; -0.00133491 0.000485763 0.0017309 0.000236378 -0.00145355 -0.00209822 -0.000931479; -0.0068163 0.0017309 0.0329893 0.0510186 -0.0155028 -0.0384501 -0.00254802; -0.00248582 0.000236378 0.0510186 0.163123 -0.00623964 -0.0193263 -0.00126415; 0.0068026 -0.00145355 -0.0155028 -0.00623964 0.0254953 0.0429139 0.00255554; 0.00954296 -0.00209822 -0.0384501 -0.0193263 0.0429139 0.105278 0.00100581; 0.00292813 -0.000931479 -0.00254802 -0.00126415 0.00255554 0.00100581 0.00308737]
Loglik: -141587.4359 
Loglik values on different cores:
[-1.41609e5,-1.41633e5,-141607.0,-1.41589e5,-1.41637e5,-141651.0,-1.41626e5,-1.41598e5,-1.41626e5,-1.41595e5]
	From worker 5:	ESS: 92.6219
	From worker 5:	Nbr resample: 24841 
	From worker 6:	ESS: 76.7872
	From worker 6:	Nbr resample: 24841 
	From worker 7:	ESS: 84.3662
	From worker 7:	Nbr resample: 24841 
	From worker 9:	ESS: 77.4990
	From worker 9:	Nbr resample: 24841 
	From worker 4:	ESS: 87.3971
	From worker 4:	Nbr resample: 24841 
	From worker 10:	ESS: 95.4254
	From worker 10:	Nbr resample: 24841 
	From worker 11:	ESS: 95.9543
	From worker 11:	Nbr resample: 24841 
	From worker 3:	ESS: 82.3942
	From worker 3:	Nbr resample: 24841 
	From worker 2:	ESS: 83.3143
	From worker 2:	Nbr resample: 24841 
	From worker 8:	ESS: 84.6072
	From worker 8:	Nbr resample: 24841 
	From worker 2:	ESS: 150.3916
	From worker 2:	Nbr resample: 24841 
	From worker 3:	ESS: 151.2933
	From worker 3:	Nbr resample: 24841 
	From worker 8:	ESS: 146.0426
	From worker 8:	Nbr resample: 24841 
	From worker 9:	ESS: 153.1825
	From worker 9:	Nbr resample: 24841 
	From worker 5:	ESS: 145.8367
