test
Mean:
[0.73553; 0.528004; 3.09478; 3.37221; 0.4599; -0.0934874; 0.677957]
Std:
[0.25212; 0.046826; 0.00796601; 0.272535; 0.0662614; 0.105267; 0.0749804]
[0.828503 0.572387 0.438231 0.584613 0.59361 0.604875 0.642232 0.689036 0.472046 0.348844; 0.513859 0.549784 0.552077 0.537688 0.563616 0.521447 0.538732 0.523034 0.571247 0.572327; 3.10641 3.10312 3.10389 3.10535 3.1052 3.10377 3.10071 3.10918 3.09848 3.10257; 3.55641 3.40206 3.25468 3.16646 3.07132 3.61673 3.31522 3.35653 2.96727 2.98849; 0.511542 0.476123 0.436954 0.412722 0.387549 0.526511 0.454302 0.457166 0.366762 0.368999; -0.0603538 -0.0609381 -0.0368956 -0.0276338 0.033234 -0.101714 -0.0376862 -0.0268545 0.0516209 0.0800523; 0.79055 0.731002 0.705909 0.671607 0.689273 0.787183 0.69484 0.762687 0.668035 0.7084; -1.68848e5 -1.68795e5 -1.68798e5 -1.68791e5 -1.68782e5 -168795.0 -1.68796e5 -1.68784e5 -1.68777e5 -1.68854e5]Starting ml estimationLength of training data: 4750Start values for optimization:
[-2.22834e6; 57.1274; 22021.6; 1.22995e6; 1.99053e5; -8.18315e5; -2245.74; 7099.05; -225.949; -11627.9; -1.87648e5; -18216.4; -3.27096e5; -5381.55; -5092.21; -1906.52; 541.892; -116.744; -16.6706; -127.933; 0.43952; -177.353; -1231.82; 3123.96; 15.6066; -7497.67; -46687.7; 1.92925e5; 896.096; 447.778; 1.51451e5; 754.076; -645.272; -17977.6; 11179.2; 6297.93; 3.62619; 3.27962; -1.39815; -3.07999; -4.86193; -1.3511; -2.7655; -2.29174; -2.61692]Iter     Function value   Gradient norm 
     0     3.630195e+04     1.964313e+07
     1     3.614358e+04     5.961165e+06
     2     3.441495e+04     1.363930e+02
     3     3.435067e+04     1.318823e+02
     4     3.419960e+04     1.162495e+02
     5     3.390386e+04     6.059440e+01
     6     3.390213e+04     3.109541e+01
     7     3.388888e+04     1.163312e+01
     8     3.388882e+04     5.080955e+00
     9     3.388881e+04     3.298174e+00
    10     3.388881e+04     7.478572e-01
Estimated parameters of the GP model:
Estimated Β:s:
[-2.22834e6,57.1302,22021.6,1.22995e6,1.99053e5,-8.18315e5,-2245.74,7099.05,-225.945,-11627.9,-1.87648e5,-18216.4,-3.27096e5,-5381.55,-5092.21,-1906.52,541.9,-116.735,-16.6694,-127.933,0.441409,-177.349,-1231.82,3123.96,15.6065,-7497.67,-46687.7,1.92925e5,896.096,447.782,1.51451e5,754.075,-645.267,-17977.6,11179.2,6297.93]
Estimated log Φ:s:
[3.06685,-319.174,534.786,3687.51,10344.2,259.933,1258.36,1375.42,2429.45]
elapsed time: 612.381074518 seconds
Iterstion:
1
#####################################################################
Starting DA-GP-MCMC estimating 7 parameters 
MCMC algorithm: MCWM
Adaptation algorithm: noAdaptation
Prior distribution: Normal
Particle filter: parallel_bootstrap, on 4 cores
Nbr particles for particle filter: 250
Covariance - kernel_MH_direct:
[0.0342394 -0.00425196 -1.98636e-5 -0.00294421 -0.000796038 0.00221946 0.00466236; -0.00425196 0.00130272 -8.54796e-6 -0.000124312 -2.63369e-5 -0.000606462 -0.0015247; -1.98636e-5 -8.54796e-6 3.43804e-5 -0.000159623 -2.97798e-5 2.72371e-5 9.48485e-6; -0.00294421 -0.000124312 -0.000159623 0.050633 0.0122682 -0.0180828 -0.0014039; -0.000796038 -2.63369e-5 -2.97798e-5 0.0122682 0.00298775 -0.00440038 -0.000340457; 0.00221946 -0.000606462 2.72371e-5 -0.0180828 -0.00440038 0.00814559 0.00215464; 0.00466236 -0.0015247 9.48485e-6 -0.0014039 -0.000340457 0.00215464 0.00354173]
Iteration: 1
Covariance:
[0.0493047 -0.00612283 -2.86036e-5 -0.00423966 -0.00114629 0.00319602 0.00671379; -0.00612283 0.00187592 -1.23091e-5 -0.000179009 -3.79251e-5 -0.000873305 -0.00219557; -2.86036e-5 -1.23091e-5 4.95078e-5 -0.000229858 -4.28828e-5 3.92214e-5 1.36582e-5; -0.00423966 -0.000179009 -0.000229858 0.0729116 0.0176662 -0.0260393 -0.00202162; -0.00114629 -3.79251e-5 -4.28828e-5 0.0176662 0.00430236 -0.00633655 -0.000490258; 0.00319602 -0.000873305 3.92214e-5 -0.0260393 -0.00633655 0.0117297 0.00310268; 0.00671379 -0.00219557 1.36582e-5 -0.00202162 -0.000490258 0.00310268 0.00510008]
Iteration: 1
Covariance:
[0.0493047 -0.00612283 -2.86036e-5 -0.00423966 -0.00114629 0.00319602 0.00671379; -0.00612283 0.00187592 -1.23091e-5 -0.000179009 -3.79251e-5 -0.000873305 -0.00219557; -2.86036e-5 -1.23091e-5 4.95078e-5 -0.000229858 -4.28828e-5 3.92214e-5 1.36582e-5; -0.00423966 -0.000179009 -0.000229858 0.0729116 0.0176662 -0.0260393 -0.00202162; -0.00114629 -3.79251e-5 -4.28828e-5 0.0176662 0.00430236 -0.00633655 -0.000490258; 0.00319602 -0.000873305 3.92214e-5 -0.0260393 -0.00633655 0.0117297 0.00310268; 0.00671379 -0.00219557 1.36582e-5 -0.00202162 -0.000490258 0.00310268 0.00510008]
Loglik start: -168754.1393 
elapsed time: 958.198509848 seconds
Ending DA-GP-MCMC with adaptive RW estimating 7 parameters
Algorithm: MCWM
Adaptation algorithm: noAdaptation
Prior distribution: Normal
Particle filter: parallel_bootstrap
Time pre-er:  0
Time fit GP model:  0
Time er-part:  958
Number early-rejections: 805
Number of cases directly to ordinary MH: 140
Number of cases directly to ordinary MH accepted: 25
Number cases in in DA part: 859
Number cases in second stage: 54
Number accepted in second stage: 26
Total number of evaluations of the particle filter: 194
Acceptance rate for ordinary MH accepted: 17.8571
Acceptance rate a_1: 6.2864
Acceptance rate a_2: 48.1481
Acceptance rate a_1*a_2: 3.0268
Acceptance rate a (for entier algorithm): 5.1000
#####################################################################
Iterstion:
2
#####################################################################
Starting DA-GP-MCMC estimating 7 parameters 
MCMC algorithm: MCWM
Adaptation algorithm: noAdaptation
Prior distribution: Normal
Particle filter: parallel_bootstrap, on 4 cores
Nbr particles for particle filter: 250
Covariance - kernel_MH_direct:
[0.0342394 -0.00425196 -1.98636e-5 -0.00294421 -0.000796038 0.00221946 0.00466236; -0.00425196 0.00130272 -8.54796e-6 -0.000124312 -2.63369e-5 -0.000606462 -0.0015247; -1.98636e-5 -8.54796e-6 3.43804e-5 -0.000159623 -2.97798e-5 2.72371e-5 9.48485e-6; -0.00294421 -0.000124312 -0.000159623 0.050633 0.0122682 -0.0180828 -0.0014039; -0.000796038 -2.63369e-5 -2.97798e-5 0.0122682 0.00298775 -0.00440038 -0.000340457; 0.00221946 -0.000606462 2.72371e-5 -0.0180828 -0.00440038 0.00814559 0.00215464; 0.00466236 -0.0015247 9.48485e-6 -0.0014039 -0.000340457 0.00215464 0.00354173]
Iteration: 1
Covariance:
[0.0493047 -0.00612283 -2.86036e-5 -0.00423966 -0.00114629 0.00319602 0.00671379; -0.00612283 0.00187592 -1.23091e-5 -0.000179009 -3.79251e-5 -0.000873305 -0.00219557; -2.86036e-5 -1.23091e-5 4.95078e-5 -0.000229858 -4.28828e-5 3.92214e-5 1.36582e-5; -0.00423966 -0.000179009 -0.000229858 0.0729116 0.0176662 -0.0260393 -0.00202162; -0.00114629 -3.79251e-5 -4.28828e-5 0.0176662 0.00430236 -0.00633655 -0.000490258; 0.00319602 -0.000873305 3.92214e-5 -0.0260393 -0.00633655 0.0117297 0.00310268; 0.00671379 -0.00219557 1.36582e-5 -0.00202162 -0.000490258 0.00310268 0.00510008]
Iteration: 1
Covariance:
[0.0493047 -0.00612283 -2.86036e-5 -0.00423966 -0.00114629 0.00319602 0.00671379; -0.00612283 0.00187592 -1.23091e-5 -0.000179009 -3.79251e-5 -0.000873305 -0.00219557; -2.86036e-5 -1.23091e-5 4.95078e-5 -0.000229858 -4.28828e-5 3.92214e-5 1.36582e-5; -0.00423966 -0.000179009 -0.000229858 0.0729116 0.0176662 -0.0260393 -0.00202162; -0.00114629 -3.79251e-5 -4.28828e-5 0.0176662 0.00430236 -0.00633655 -0.000490258; 0.00319602 -0.000873305 3.92214e-5 -0.0260393 -0.00633655 0.0117297 0.00310268; 0.00671379 -0.00219557 1.36582e-5 -0.00202162 -0.000490258 0.00310268 0.00510008]
Loglik start: -168780.2749 
elapsed time: 1014.742889126 seconds
Ending DA-GP-MCMC with adaptive RW estimating 7 parameters
Algorithm: MCWM
Adaptation algorithm: noAdaptation
Prior distribution: Normal
Particle filter: parallel_bootstrap
Time pre-er:  0
Time fit GP model:  0
Time er-part:  1015
Number early-rejections: 792
Number of cases directly to ordinary MH: 165
Number of cases directly to ordinary MH accepted: 22
Number cases in in DA part: 834
Number cases in second stage: 42
Number accepted in second stage: 17
Total number of evaluations of the particle filter: 207
Acceptance rate for ordinary MH accepted: 13.3333
Acceptance rate a_1: 5.0360
Acceptance rate a_2: 40.4762
Acceptance rate a_1*a_2: 2.0384
Acceptance rate a (for entier algorithm): 3.9000
#####################################################################
Iterstion:
3
#####################################################################
Starting DA-GP-MCMC estimating 7 parameters 
MCMC algorithm: MCWM
Adaptation algorithm: noAdaptation
Prior distribution: Normal
Particle filter: parallel_bootstrap, on 4 cores
Nbr particles for particle filter: 250
Covariance - kernel_MH_direct:
[0.0342394 -0.00425196 -1.98636e-5 -0.00294421 -0.000796038 0.00221946 0.00466236; -0.00425196 0.00130272 -8.54796e-6 -0.000124312 -2.63369e-5 -0.000606462 -0.0015247; -1.98636e-5 -8.54796e-6 3.43804e-5 -0.000159623 -2.97798e-5 2.72371e-5 9.48485e-6; -0.00294421 -0.000124312 -0.000159623 0.050633 0.0122682 -0.0180828 -0.0014039; -0.000796038 -2.63369e-5 -2.97798e-5 0.0122682 0.00298775 -0.00440038 -0.000340457; 0.00221946 -0.000606462 2.72371e-5 -0.0180828 -0.00440038 0.00814559 0.00215464; 0.00466236 -0.0015247 9.48485e-6 -0.0014039 -0.000340457 0.00215464 0.00354173]
Iteration: 1
Covariance:
[0.0493047 -0.00612283 -2.86036e-5 -0.00423966 -0.00114629 0.00319602 0.00671379; -0.00612283 0.00187592 -1.23091e-5 -0.000179009 -3.79251e-5 -0.000873305 -0.00219557; -2.86036e-5 -1.23091e-5 4.95078e-5 -0.000229858 -4.28828e-5 3.92214e-5 1.36582e-5; -0.00423966 -0.000179009 -0.000229858 0.0729116 0.0176662 -0.0260393 -0.00202162; -0.00114629 -3.79251e-5 -4.28828e-5 0.0176662 0.00430236 -0.00633655 -0.000490258; 0.00319602 -0.000873305 3.92214e-5 -0.0260393 -0.00633655 0.0117297 0.00310268; 0.00671379 -0.00219557 1.36582e-5 -0.00202162 -0.000490258 0.00310268 0.00510008]
Iteration: 1
Covariance:
[0.0493047 -0.00612283 -2.86036e-5 -0.00423966 -0.00114629 0.00319602 0.00671379; -0.00612283 0.00187592 -1.23091e-5 -0.000179009 -3.79251e-5 -0.000873305 -0.00219557; -2.86036e-5 -1.23091e-5 4.95078e-5 -0.000229858 -4.28828e-5 3.92214e-5 1.36582e-5; -0.00423966 -0.000179009 -0.000229858 0.0729116 0.0176662 -0.0260393 -0.00202162; -0.00114629 -3.79251e-5 -4.28828e-5 0.0176662 0.00430236 -0.00633655 -0.000490258; 0.00319602 -0.000873305 3.92214e-5 -0.0260393 -0.00633655 0.0117297 0.00310268; 0.00671379 -0.00219557 1.36582e-5 -0.00202162 -0.000490258 0.00310268 0.00510008]
Loglik start: -168729.3196 
elapsed time: 967.741407001 seconds
Ending DA-GP-MCMC with adaptive RW estimating 7 parameters
Algorithm: MCWM
Adaptation algorithm: noAdaptation
Prior distribution: Normal
Particle filter: parallel_bootstrap
Time pre-er:  0
Time fit GP model:  0
Time er-part:  968
Number early-rejections: 803
Number of cases directly to ordinary MH: 154
Number of cases directly to ordinary MH accepted: 21
Number cases in in DA part: 845
Number cases in second stage: 42
Number accepted in second stage: 19
Total number of evaluations of the particle filter: 196
Acceptance rate for ordinary MH accepted: 13.6364
Acceptance rate a_1: 4.9704
Acceptance rate a_2: 45.2381
Acceptance rate a_1*a_2: 2.2485
Acceptance rate a (for entier algorithm): 4.0000
#####################################################################
Iterstion:
4
#####################################################################
Starting DA-GP-MCMC estimating 7 parameters 
MCMC algorithm: MCWM
Adaptation algorithm: noAdaptation
Prior distribution: Normal
Particle filter: parallel_bootstrap, on 4 cores
Nbr particles for particle filter: 250
Covariance - kernel_MH_direct:
[0.0342394 -0.00425196 -1.98636e-5 -0.00294421 -0.000796038 0.00221946 0.00466236; -0.00425196 0.00130272 -8.54796e-6 -0.000124312 -2.63369e-5 -0.000606462 -0.0015247; -1.98636e-5 -8.54796e-6 3.43804e-5 -0.000159623 -2.97798e-5 2.72371e-5 9.48485e-6; -0.00294421 -0.000124312 -0.000159623 0.050633 0.0122682 -0.0180828 -0.0014039; -0.000796038 -2.63369e-5 -2.97798e-5 0.0122682 0.00298775 -0.00440038 -0.000340457; 0.00221946 -0.000606462 2.72371e-5 -0.0180828 -0.00440038 0.00814559 0.00215464; 0.00466236 -0.0015247 9.48485e-6 -0.0014039 -0.000340457 0.00215464 0.00354173]
Iteration: 1
Covariance:
[0.0493047 -0.00612283 -2.86036e-5 -0.00423966 -0.00114629 0.00319602 0.00671379; -0.00612283 0.00187592 -1.23091e-5 -0.000179009 -3.79251e-5 -0.000873305 -0.00219557; -2.86036e-5 -1.23091e-5 4.95078e-5 -0.000229858 -4.28828e-5 3.92214e-5 1.36582e-5; -0.00423966 -0.000179009 -0.000229858 0.0729116 0.0176662 -0.0260393 -0.00202162; -0.00114629 -3.79251e-5 -4.28828e-5 0.0176662 0.00430236 -0.00633655 -0.000490258; 0.00319602 -0.000873305 3.92214e-5 -0.0260393 -0.00633655 0.0117297 0.00310268; 0.00671379 -0.00219557 1.36582e-5 -0.00202162 -0.000490258 0.00310268 0.00510008]
Iteration: 1
Covariance:
[0.0493047 -0.00612283 -2.86036e-5 -0.00423966 -0.00114629 0.00319602 0.00671379; -0.00612283 0.00187592 -1.23091e-5 -0.000179009 -3.79251e-5 -0.000873305 -0.00219557; -2.86036e-5 -1.23091e-5 4.95078e-5 -0.000229858 -4.28828e-5 3.92214e-5 1.36582e-5; -0.00423966 -0.000179009 -0.000229858 0.0729116 0.0176662 -0.0260393 -0.00202162; -0.00114629 -3.79251e-5 -4.28828e-5 0.0176662 0.00430236 -0.00633655 -0.000490258; 0.00319602 -0.000873305 3.92214e-5 -0.0260393 -0.00633655 0.0117297 0.00310268; 0.00671379 -0.00219557 1.36582e-5 -0.00202162 -0.000490258 0.00310268 0.00510008]
Loglik start: -168755.8825 
elapsed time: 891.926602937 seconds
Ending DA-GP-MCMC with adaptive RW estimating 7 parameters
Algorithm: MCWM
Adaptation algorithm: noAdaptation
Prior distribution: Normal
Particle filter: parallel_bootstrap
Time pre-er:  0
Time fit GP model:  0
Time er-part:  892
Number early-rejections: 819
Number of cases directly to ordinary MH: 135
Number of cases directly to ordinary MH accepted: 21
Number cases in in DA part: 864
Number cases in second stage: 45
Number accepted in second stage: 27
Total number of evaluations of the particle filter: 180
Acceptance rate for ordinary MH accepted: 15.5556
Acceptance rate a_1: 5.2083
Acceptance rate a_2: 60.0000
Acceptance rate a_1*a_2: 3.1250
Acceptance rate a (for entier algorithm): 4.8000
#####################################################################
Iterstion:
5
#####################################################################
Starting DA-GP-MCMC estimating 7 parameters 
MCMC algorithm: MCWM
Adaptation algorithm: noAdaptation
Prior distribution: Normal
Particle filter: parallel_bootstrap, on 4 cores
Nbr particles for particle filter: 250
Covariance - kernel_MH_direct:
[0.0342394 -0.00425196 -1.98636e-5 -0.00294421 -0.000796038 0.00221946 0.00466236; -0.00425196 0.00130272 -8.54796e-6 -0.000124312 -2.63369e-5 -0.000606462 -0.0015247; -1.98636e-5 -8.54796e-6 3.43804e-5 -0.000159623 -2.97798e-5 2.72371e-5 9.48485e-6; -0.00294421 -0.000124312 -0.000159623 0.050633 0.0122682 -0.0180828 -0.0014039; -0.000796038 -2.63369e-5 -2.97798e-5 0.0122682 0.00298775 -0.00440038 -0.000340457; 0.00221946 -0.000606462 2.72371e-5 -0.0180828 -0.00440038 0.00814559 0.00215464; 0.00466236 -0.0015247 9.48485e-6 -0.0014039 -0.000340457 0.00215464 0.00354173]
Iteration: 1
Covariance:
[0.0493047 -0.00612283 -2.86036e-5 -0.00423966 -0.00114629 0.00319602 0.00671379; -0.00612283 0.00187592 -1.23091e-5 -0.000179009 -3.79251e-5 -0.000873305 -0.00219557; -2.86036e-5 -1.23091e-5 4.95078e-5 -0.000229858 -4.28828e-5 3.92214e-5 1.36582e-5; -0.00423966 -0.000179009 -0.000229858 0.0729116 0.0176662 -0.0260393 -0.00202162; -0.00114629 -3.79251e-5 -4.28828e-5 0.0176662 0.00430236 -0.00633655 -0.000490258; 0.00319602 -0.000873305 3.92214e-5 -0.0260393 -0.00633655 0.0117297 0.00310268; 0.00671379 -0.00219557 1.36582e-5 -0.00202162 -0.000490258 0.00310268 0.00510008]
Iteration: 1
Covariance:
[0.0493047 -0.00612283 -2.86036e-5 -0.00423966 -0.00114629 0.00319602 0.00671379; -0.00612283 0.00187592 -1.23091e-5 -0.000179009 -3.79251e-5 -0.000873305 -0.00219557; -2.86036e-5 -1.23091e-5 4.95078e-5 -0.000229858 -4.28828e-5 3.92214e-5 1.36582e-5; -0.00423966 -0.000179009 -0.000229858 0.0729116 0.0176662 -0.0260393 -0.00202162; -0.00114629 -3.79251e-5 -4.28828e-5 0.0176662 0.00430236 -0.00633655 -0.000490258; 0.00319602 -0.000873305 3.92214e-5 -0.0260393 -0.00633655 0.0117297 0.00310268; 0.00671379 -0.00219557 1.36582e-5 -0.00202162 -0.000490258 0.00310268 0.00510008]
Loglik start: -168778.1346 
elapsed time: 967.324119149 seconds
Ending DA-GP-MCMC with adaptive RW estimating 7 parameters
Algorithm: MCWM
Adaptation algorithm: noAdaptation
Prior distribution: Normal
Particle filter: parallel_bootstrap
Time pre-er:  0
Time fit GP model:  0
Time er-part:  967
Number early-rejections: 803
Number of cases directly to ordinary MH: 158
Number of cases directly to ordinary MH accepted: 29
Number cases in in DA part: 841
Number cases in second stage: 38
Number accepted in second stage: 25
Total number of evaluations of the particle filter: 196
Acceptance rate for ordinary MH accepted: 18.3544
Acceptance rate a_1: 4.5184
Acceptance rate a_2: 65.7895
Acceptance rate a_1*a_2: 2.9727
Acceptance rate a (for entier algorithm): 5.4000
#####################################################################
Iterstion:
6
#####################################################################
Starting DA-GP-MCMC estimating 7 parameters 
MCMC algorithm: MCWM
Adaptation algorithm: noAdaptation
Prior distribution: Normal
Particle filter: parallel_bootstrap, on 4 cores
Nbr particles for particle filter: 250
Covariance - kernel_MH_direct:
[0.0342394 -0.00425196 -1.98636e-5 -0.00294421 -0.000796038 0.00221946 0.00466236; -0.00425196 0.00130272 -8.54796e-6 -0.000124312 -2.63369e-5 -0.000606462 -0.0015247; -1.98636e-5 -8.54796e-6 3.43804e-5 -0.000159623 -2.97798e-5 2.72371e-5 9.48485e-6; -0.00294421 -0.000124312 -0.000159623 0.050633 0.0122682 -0.0180828 -0.0014039; -0.000796038 -2.63369e-5 -2.97798e-5 0.0122682 0.00298775 -0.00440038 -0.000340457; 0.00221946 -0.000606462 2.72371e-5 -0.0180828 -0.00440038 0.00814559 0.00215464; 0.00466236 -0.0015247 9.48485e-6 -0.0014039 -0.000340457 0.00215464 0.00354173]
Iteration: 1
Covariance:
[0.0493047 -0.00612283 -2.86036e-5 -0.00423966 -0.00114629 0.00319602 0.00671379; -0.00612283 0.00187592 -1.23091e-5 -0.000179009 -3.79251e-5 -0.000873305 -0.00219557; -2.86036e-5 -1.23091e-5 4.95078e-5 -0.000229858 -4.28828e-5 3.92214e-5 1.36582e-5; -0.00423966 -0.000179009 -0.000229858 0.0729116 0.0176662 -0.0260393 -0.00202162; -0.00114629 -3.79251e-5 -4.28828e-5 0.0176662 0.00430236 -0.00633655 -0.000490258; 0.00319602 -0.000873305 3.92214e-5 -0.0260393 -0.00633655 0.0117297 0.00310268; 0.00671379 -0.00219557 1.36582e-5 -0.00202162 -0.000490258 0.00310268 0.00510008]
Iteration: 1
Covariance:
[0.0493047 -0.00612283 -2.86036e-5 -0.00423966 -0.00114629 0.00319602 0.00671379; -0.00612283 0.00187592 -1.23091e-5 -0.000179009 -3.79251e-5 -0.000873305 -0.00219557; -2.86036e-5 -1.23091e-5 4.95078e-5 -0.000229858 -4.28828e-5 3.92214e-5 1.36582e-5; -0.00423966 -0.000179009 -0.000229858 0.0729116 0.0176662 -0.0260393 -0.00202162; -0.00114629 -3.79251e-5 -4.28828e-5 0.0176662 0.00430236 -0.00633655 -0.000490258; 0.00319602 -0.000873305 3.92214e-5 -0.0260393 -0.00633655 0.0117297 0.00310268; 0.00671379 -0.00219557 1.36582e-5 -0.00202162 -0.000490258 0.00310268 0.00510008]
Loglik start: -168770.4931 
elapsed time: 835.915197541 seconds
Ending DA-GP-MCMC with adaptive RW estimating 7 parameters
Algorithm: MCWM
Adaptation algorithm: noAdaptation
Prior distribution: Normal
Particle filter: parallel_bootstrap
Time pre-er:  0
Time fit GP model:  0
Time er-part:  836
Number early-rejections: 831
Number of cases directly to ordinary MH: 132
Number of cases directly to ordinary MH accepted: 11
Number cases in in DA part: 867
Number cases in second stage: 36
Number accepted in second stage: 16
Total number of evaluations of the particle filter: 168
Acceptance rate for ordinary MH accepted: 8.3333
Acceptance rate a_1: 4.1522
Acceptance rate a_2: 44.4444
Acceptance rate a_1*a_2: 1.8454
Acceptance rate a (for entier algorithm): 2.7000
#####################################################################
Iterstion:
7
#####################################################################
Starting DA-GP-MCMC estimating 7 parameters 
MCMC algorithm: MCWM
Adaptation algorithm: noAdaptation
Prior distribution: Normal
Particle filter: parallel_bootstrap, on 4 cores
Nbr particles for particle filter: 250
Covariance - kernel_MH_direct:
[0.0342394 -0.00425196 -1.98636e-5 -0.00294421 -0.000796038 0.00221946 0.00466236; -0.00425196 0.00130272 -8.54796e-6 -0.000124312 -2.63369e-5 -0.000606462 -0.0015247; -1.98636e-5 -8.54796e-6 3.43804e-5 -0.000159623 -2.97798e-5 2.72371e-5 9.48485e-6; -0.00294421 -0.000124312 -0.000159623 0.050633 0.0122682 -0.0180828 -0.0014039; -0.000796038 -2.63369e-5 -2.97798e-5 0.0122682 0.00298775 -0.00440038 -0.000340457; 0.00221946 -0.000606462 2.72371e-5 -0.0180828 -0.00440038 0.00814559 0.00215464; 0.00466236 -0.0015247 9.48485e-6 -0.0014039 -0.000340457 0.00215464 0.00354173]
Iteration: 1
Covariance:
[0.0493047 -0.00612283 -2.86036e-5 -0.00423966 -0.00114629 0.00319602 0.00671379; -0.00612283 0.00187592 -1.23091e-5 -0.000179009 -3.79251e-5 -0.000873305 -0.00219557; -2.86036e-5 -1.23091e-5 4.95078e-5 -0.000229858 -4.28828e-5 3.92214e-5 1.36582e-5; -0.00423966 -0.000179009 -0.000229858 0.0729116 0.0176662 -0.0260393 -0.00202162; -0.00114629 -3.79251e-5 -4.28828e-5 0.0176662 0.00430236 -0.00633655 -0.000490258; 0.00319602 -0.000873305 3.92214e-5 -0.0260393 -0.00633655 0.0117297 0.00310268; 0.00671379 -0.00219557 1.36582e-5 -0.00202162 -0.000490258 0.00310268 0.00510008]
Iteration: 1
Covariance:
[0.0493047 -0.00612283 -2.86036e-5 -0.00423966 -0.00114629 0.00319602 0.00671379; -0.00612283 0.00187592 -1.23091e-5 -0.000179009 -3.79251e-5 -0.000873305 -0.00219557; -2.86036e-5 -1.23091e-5 4.95078e-5 -0.000229858 -4.28828e-5 3.92214e-5 1.36582e-5; -0.00423966 -0.000179009 -0.000229858 0.0729116 0.0176662 -0.0260393 -0.00202162; -0.00114629 -3.79251e-5 -4.28828e-5 0.0176662 0.00430236 -0.00633655 -0.000490258; 0.00319602 -0.000873305 3.92214e-5 -0.0260393 -0.00633655 0.0117297 0.00310268; 0.00671379 -0.00219557 1.36582e-5 -0.00202162 -0.000490258 0.00310268 0.00510008]
Loglik start: -168746.3027 
elapsed time: 1013.914074636 seconds
Ending DA-GP-MCMC with adaptive RW estimating 7 parameters
Algorithm: MCWM
Adaptation algorithm: noAdaptation
Prior distribution: Normal
Particle filter: parallel_bootstrap
Time pre-er:  0
Time fit GP model:  0
Time er-part:  1014
Number early-rejections: 793
Number of cases directly to ordinary MH: 152
Number of cases directly to ordinary MH accepted: 11
Number cases in in DA part: 847
Number cases in second stage: 54
Number accepted in second stage: 23
Total number of evaluations of the particle filter: 206
Acceptance rate for ordinary MH accepted: 7.2368
Acceptance rate a_1: 6.3754
Acceptance rate a_2: 42.5926
Acceptance rate a_1*a_2: 2.7155
Acceptance rate a (for entier algorithm): 3.4000
#####################################################################
Iterstion:
8
#####################################################################
Starting DA-GP-MCMC estimating 7 parameters 
MCMC algorithm: MCWM
Adaptation algorithm: noAdaptation
Prior distribution: Normal
Particle filter: parallel_bootstrap, on 4 cores
Nbr particles for particle filter: 250
Covariance - kernel_MH_direct:
[0.0342394 -0.00425196 -1.98636e-5 -0.00294421 -0.000796038 0.00221946 0.00466236; -0.00425196 0.00130272 -8.54796e-6 -0.000124312 -2.63369e-5 -0.000606462 -0.0015247; -1.98636e-5 -8.54796e-6 3.43804e-5 -0.000159623 -2.97798e-5 2.72371e-5 9.48485e-6; -0.00294421 -0.000124312 -0.000159623 0.050633 0.0122682 -0.0180828 -0.0014039; -0.000796038 -2.63369e-5 -2.97798e-5 0.0122682 0.00298775 -0.00440038 -0.000340457; 0.00221946 -0.000606462 2.72371e-5 -0.0180828 -0.00440038 0.00814559 0.00215464; 0.00466236 -0.0015247 9.48485e-6 -0.0014039 -0.000340457 0.00215464 0.00354173]
Iteration: 1
Covariance:
[0.0493047 -0.00612283 -2.86036e-5 -0.00423966 -0.00114629 0.00319602 0.00671379; -0.00612283 0.00187592 -1.23091e-5 -0.000179009 -3.79251e-5 -0.000873305 -0.00219557; -2.86036e-5 -1.23091e-5 4.95078e-5 -0.000229858 -4.28828e-5 3.92214e-5 1.36582e-5; -0.00423966 -0.000179009 -0.000229858 0.0729116 0.0176662 -0.0260393 -0.00202162; -0.00114629 -3.79251e-5 -4.28828e-5 0.0176662 0.00430236 -0.00633655 -0.000490258; 0.00319602 -0.000873305 3.92214e-5 -0.0260393 -0.00633655 0.0117297 0.00310268; 0.00671379 -0.00219557 1.36582e-5 -0.00202162 -0.000490258 0.00310268 0.00510008]
Iteration: 1
Covariance:
[0.0493047 -0.00612283 -2.86036e-5 -0.00423966 -0.00114629 0.00319602 0.00671379; -0.00612283 0.00187592 -1.23091e-5 -0.000179009 -3.79251e-5 -0.000873305 -0.00219557; -2.86036e-5 -1.23091e-5 4.95078e-5 -0.000229858 -4.28828e-5 3.92214e-5 1.36582e-5; -0.00423966 -0.000179009 -0.000229858 0.0729116 0.0176662 -0.0260393 -0.00202162; -0.00114629 -3.79251e-5 -4.28828e-5 0.0176662 0.00430236 -0.00633655 -0.000490258; 0.00319602 -0.000873305 3.92214e-5 -0.0260393 -0.00633655 0.0117297 0.00310268; 0.00671379 -0.00219557 1.36582e-5 -0.00202162 -0.000490258 0.00310268 0.00510008]
Loglik start: -168734.5565 
elapsed time: 968.076446717 seconds
Ending DA-GP-MCMC with adaptive RW estimating 7 parameters
Algorithm: MCWM
Adaptation algorithm: noAdaptation
Prior distribution: Normal
Particle filter: parallel_bootstrap
Time pre-er:  0
Time fit GP model:  0
Time er-part:  968
Number early-rejections: 802
Number of cases directly to ordinary MH: 158
Number of cases directly to ordinary MH accepted: 16
Number cases in in DA part: 841
Number cases in second stage: 39
Number accepted in second stage: 9
Total number of evaluations of the particle filter: 197
Acceptance rate for ordinary MH accepted: 10.1266
Acceptance rate a_1: 4.6373
Acceptance rate a_2: 23.0769
Acceptance rate a_1*a_2: 1.0702
Acceptance rate a (for entier algorithm): 2.5000
#####################################################################
Iterstion:
9
#####################################################################
Starting DA-GP-MCMC estimating 7 parameters 
MCMC algorithm: MCWM
Adaptation algorithm: noAdaptation
Prior distribution: Normal
Particle filter: parallel_bootstrap, on 4 cores
Nbr particles for particle filter: 250
Covariance - kernel_MH_direct:
[0.0342394 -0.00425196 -1.98636e-5 -0.00294421 -0.000796038 0.00221946 0.00466236; -0.00425196 0.00130272 -8.54796e-6 -0.000124312 -2.63369e-5 -0.000606462 -0.0015247; -1.98636e-5 -8.54796e-6 3.43804e-5 -0.000159623 -2.97798e-5 2.72371e-5 9.48485e-6; -0.00294421 -0.000124312 -0.000159623 0.050633 0.0122682 -0.0180828 -0.0014039; -0.000796038 -2.63369e-5 -2.97798e-5 0.0122682 0.00298775 -0.00440038 -0.000340457; 0.00221946 -0.000606462 2.72371e-5 -0.0180828 -0.00440038 0.00814559 0.00215464; 0.00466236 -0.0015247 9.48485e-6 -0.0014039 -0.000340457 0.00215464 0.00354173]
Iteration: 1
Covariance:
[0.0493047 -0.00612283 -2.86036e-5 -0.00423966 -0.00114629 0.00319602 0.00671379; -0.00612283 0.00187592 -1.23091e-5 -0.000179009 -3.79251e-5 -0.000873305 -0.00219557; -2.86036e-5 -1.23091e-5 4.95078e-5 -0.000229858 -4.28828e-5 3.92214e-5 1.36582e-5; -0.00423966 -0.000179009 -0.000229858 0.0729116 0.0176662 -0.0260393 -0.00202162; -0.00114629 -3.79251e-5 -4.28828e-5 0.0176662 0.00430236 -0.00633655 -0.000490258; 0.00319602 -0.000873305 3.92214e-5 -0.0260393 -0.00633655 0.0117297 0.00310268; 0.00671379 -0.00219557 1.36582e-5 -0.00202162 -0.000490258 0.00310268 0.00510008]
Iteration: 1
Covariance:
[0.0493047 -0.00612283 -2.86036e-5 -0.00423966 -0.00114629 0.00319602 0.00671379; -0.00612283 0.00187592 -1.23091e-5 -0.000179009 -3.79251e-5 -0.000873305 -0.00219557; -2.86036e-5 -1.23091e-5 4.95078e-5 -0.000229858 -4.28828e-5 3.92214e-5 1.36582e-5; -0.00423966 -0.000179009 -0.000229858 0.0729116 0.0176662 -0.0260393 -0.00202162; -0.00114629 -3.79251e-5 -4.28828e-5 0.0176662 0.00430236 -0.00633655 -0.000490258; 0.00319602 -0.000873305 3.92214e-5 -0.0260393 -0.00633655 0.0117297 0.00310268; 0.00671379 -0.00219557 1.36582e-5 -0.00202162 -0.000490258 0.00310268 0.00510008]
Loglik start: -168764.3792 
elapsed time: 1020.036125498 seconds
Ending DA-GP-MCMC with adaptive RW estimating 7 parameters
Algorithm: MCWM
Adaptation algorithm: noAdaptation
Prior distribution: Normal
Particle filter: parallel_bootstrap
Time pre-er:  0
Time fit GP model:  0
Time er-part:  1020
Number early-rejections: 791
Number of cases directly to ordinary MH: 154
Number of cases directly to ordinary MH accepted: 12
Number cases in in DA part: 845
Number cases in second stage: 54
Number accepted in second stage: 30
Total number of evaluations of the particle filter: 208
Acceptance rate for ordinary MH accepted: 7.7922
Acceptance rate a_1: 6.3905
Acceptance rate a_2: 55.5556
Acceptance rate a_1*a_2: 3.5503
Acceptance rate a (for entier algorithm): 4.2000
#####################################################################
Iterstion:
10
#####################################################################
Starting DA-GP-MCMC estimating 7 parameters 
MCMC algorithm: MCWM
Adaptation algorithm: noAdaptation
Prior distribution: Normal
Particle filter: parallel_bootstrap, on 4 cores
Nbr particles for particle filter: 250
Covariance - kernel_MH_direct:
[0.0342394 -0.00425196 -1.98636e-5 -0.00294421 -0.000796038 0.00221946 0.00466236; -0.00425196 0.00130272 -8.54796e-6 -0.000124312 -2.63369e-5 -0.000606462 -0.0015247; -1.98636e-5 -8.54796e-6 3.43804e-5 -0.000159623 -2.97798e-5 2.72371e-5 9.48485e-6; -0.00294421 -0.000124312 -0.000159623 0.050633 0.0122682 -0.0180828 -0.0014039; -0.000796038 -2.63369e-5 -2.97798e-5 0.0122682 0.00298775 -0.00440038 -0.000340457; 0.00221946 -0.000606462 2.72371e-5 -0.0180828 -0.00440038 0.00814559 0.00215464; 0.00466236 -0.0015247 9.48485e-6 -0.0014039 -0.000340457 0.00215464 0.00354173]
Iteration: 1
Covariance:
[0.0493047 -0.00612283 -2.86036e-5 -0.00423966 -0.00114629 0.00319602 0.00671379; -0.00612283 0.00187592 -1.23091e-5 -0.000179009 -3.79251e-5 -0.000873305 -0.00219557; -2.86036e-5 -1.23091e-5 4.95078e-5 -0.000229858 -4.28828e-5 3.92214e-5 1.36582e-5; -0.00423966 -0.000179009 -0.000229858 0.0729116 0.0176662 -0.0260393 -0.00202162; -0.00114629 -3.79251e-5 -4.28828e-5 0.0176662 0.00430236 -0.00633655 -0.000490258; 0.00319602 -0.000873305 3.92214e-5 -0.0260393 -0.00633655 0.0117297 0.00310268; 0.00671379 -0.00219557 1.36582e-5 -0.00202162 -0.000490258 0.00310268 0.00510008]
Iteration: 1
Covariance:
[0.0493047 -0.00612283 -2.86036e-5 -0.00423966 -0.00114629 0.00319602 0.00671379; -0.00612283 0.00187592 -1.23091e-5 -0.000179009 -3.79251e-5 -0.000873305 -0.00219557; -2.86036e-5 -1.23091e-5 4.95078e-5 -0.000229858 -4.28828e-5 3.92214e-5 1.36582e-5; -0.00423966 -0.000179009 -0.000229858 0.0729116 0.0176662 -0.0260393 -0.00202162; -0.00114629 -3.79251e-5 -4.28828e-5 0.0176662 0.00430236 -0.00633655 -0.000490258; 0.00319602 -0.000873305 3.92214e-5 -0.0260393 -0.00633655 0.0117297 0.00310268; 0.00671379 -0.00219557 1.36582e-5 -0.00202162 -0.000490258 0.00310268 0.00510008]
Loglik start: -168766.7724 
elapsed time: 956.87420234 seconds
Ending DA-GP-MCMC with adaptive RW estimating 7 parameters
Algorithm: MCWM
Adaptation algorithm: noAdaptation
Prior distribution: Normal
Particle filter: parallel_bootstrap
Time pre-er:  0
Time fit GP model:  0
Time er-part:  957
Number early-rejections: 805
Number of cases directly to ordinary MH: 137
Number of cases directly to ordinary MH accepted: 14
Number cases in in DA part: 862
Number cases in second stage: 57
Number accepted in second stage: 29
Total number of evaluations of the particle filter: 194
Acceptance rate for ordinary MH accepted: 10.2190
Acceptance rate a_1: 6.6125
Acceptance rate a_2: 50.8772
Acceptance rate a_1*a_2: 3.3643
Acceptance rate a (for entier algorithm): 4.3000
#####################################################################
Iterstion:
11
#####################################################################
Starting DA-GP-MCMC estimating 7 parameters 
MCMC algorithm: MCWM
Adaptation algorithm: noAdaptation
Prior distribution: Normal
Particle filter: parallel_bootstrap, on 4 cores
Nbr particles for particle filter: 250
Covariance - kernel_MH_direct:
[0.0342394 -0.00425196 -1.98636e-5 -0.00294421 -0.000796038 0.00221946 0.00466236; -0.00425196 0.00130272 -8.54796e-6 -0.000124312 -2.63369e-5 -0.000606462 -0.0015247; -1.98636e-5 -8.54796e-6 3.43804e-5 -0.000159623 -2.97798e-5 2.72371e-5 9.48485e-6; -0.00294421 -0.000124312 -0.000159623 0.050633 0.0122682 -0.0180828 -0.0014039; -0.000796038 -2.63369e-5 -2.97798e-5 0.0122682 0.00298775 -0.00440038 -0.000340457; 0.00221946 -0.000606462 2.72371e-5 -0.0180828 -0.00440038 0.00814559 0.00215464; 0.00466236 -0.0015247 9.48485e-6 -0.0014039 -0.000340457 0.00215464 0.00354173]
Iteration: 1
Covariance:
[0.0493047 -0.00612283 -2.86036e-5 -0.00423966 -0.00114629 0.00319602 0.00671379; -0.00612283 0.00187592 -1.23091e-5 -0.000179009 -3.79251e-5 -0.000873305 -0.00219557; -2.86036e-5 -1.23091e-5 4.95078e-5 -0.000229858 -4.28828e-5 3.92214e-5 1.36582e-5; -0.00423966 -0.000179009 -0.000229858 0.0729116 0.0176662 -0.0260393 -0.00202162; -0.00114629 -3.79251e-5 -4.28828e-5 0.0176662 0.00430236 -0.00633655 -0.000490258; 0.00319602 -0.000873305 3.92214e-5 -0.0260393 -0.00633655 0.0117297 0.00310268; 0.00671379 -0.00219557 1.36582e-5 -0.00202162 -0.000490258 0.00310268 0.00510008]
Iteration: 1
Covariance:
[0.0493047 -0.00612283 -2.86036e-5 -0.00423966 -0.00114629 0.00319602 0.00671379; -0.00612283 0.00187592 -1.23091e-5 -0.000179009 -3.79251e-5 -0.000873305 -0.00219557; -2.86036e-5 -1.23091e-5 4.95078e-5 -0.000229858 -4.28828e-5 3.92214e-5 1.36582e-5; -0.00423966 -0.000179009 -0.000229858 0.0729116 0.0176662 -0.0260393 -0.00202162; -0.00114629 -3.79251e-5 -4.28828e-5 0.0176662 0.00430236 -0.00633655 -0.000490258; 0.00319602 -0.000873305 3.92214e-5 -0.0260393 -0.00633655 0.0117297 0.00310268; 0.00671379 -0.00219557 1.36582e-5 -0.00202162 -0.000490258 0.00310268 0.00510008]
Loglik start: -168773.4703 
elapsed time: 958.774244394 seconds
Ending DA-GP-MCMC with adaptive RW estimating 7 parameters
Algorithm: MCWM
Adaptation algorithm: noAdaptation
Prior distribution: Normal
Particle filter: parallel_bootstrap
Time pre-er:  0
Time fit GP model:  0
Time er-part:  959
Number early-rejections: 804
Number of cases directly to ordinary MH: 152
Number of cases directly to ordinary MH accepted: 23
Number cases in in DA part: 847
Number cases in second stage: 43
Number accepted in second stage: 22
Total number of evaluations of the particle filter: 195
Acceptance rate for ordinary MH accepted: 15.1316
Acceptance rate a_1: 5.0767
Acceptance rate a_2: 51.1628
Acceptance rate a_1*a_2: 2.5974
Acceptance rate a (for entier algorithm): 4.5000
#####################################################################
Iterstion:
12
#####################################################################
Starting DA-GP-MCMC estimating 7 parameters 
MCMC algorithm: MCWM
Adaptation algorithm: noAdaptation
Prior distribution: Normal
Particle filter: parallel_bootstrap, on 4 cores
Nbr particles for particle filter: 250
Covariance - kernel_MH_direct:
[0.0342394 -0.00425196 -1.98636e-5 -0.00294421 -0.000796038 0.00221946 0.00466236; -0.00425196 0.00130272 -8.54796e-6 -0.000124312 -2.63369e-5 -0.000606462 -0.0015247; -1.98636e-5 -8.54796e-6 3.43804e-5 -0.000159623 -2.97798e-5 2.72371e-5 9.48485e-6; -0.00294421 -0.000124312 -0.000159623 0.050633 0.0122682 -0.0180828 -0.0014039; -0.000796038 -2.63369e-5 -2.97798e-5 0.0122682 0.00298775 -0.00440038 -0.000340457; 0.00221946 -0.000606462 2.72371e-5 -0.0180828 -0.00440038 0.00814559 0.00215464; 0.00466236 -0.0015247 9.48485e-6 -0.0014039 -0.000340457 0.00215464 0.00354173]
Iteration: 1
Covariance:
[0.0493047 -0.00612283 -2.86036e-5 -0.00423966 -0.00114629 0.00319602 0.00671379; -0.00612283 0.00187592 -1.23091e-5 -0.000179009 -3.79251e-5 -0.000873305 -0.00219557; -2.86036e-5 -1.23091e-5 4.95078e-5 -0.000229858 -4.28828e-5 3.92214e-5 1.36582e-5; -0.00423966 -0.000179009 -0.000229858 0.0729116 0.0176662 -0.0260393 -0.00202162; -0.00114629 -3.79251e-5 -4.28828e-5 0.0176662 0.00430236 -0.00633655 -0.000490258; 0.00319602 -0.000873305 3.92214e-5 -0.0260393 -0.00633655 0.0117297 0.00310268; 0.00671379 -0.00219557 1.36582e-5 -0.00202162 -0.000490258 0.00310268 0.00510008]
Iteration: 1
Covariance:
[0.0493047 -0.00612283 -2.86036e-5 -0.00423966 -0.00114629 0.00319602 0.00671379; -0.00612283 0.00187592 -1.23091e-5 -0.000179009 -3.79251e-5 -0.000873305 -0.00219557; -2.86036e-5 -1.23091e-5 4.95078e-5 -0.000229858 -4.28828e-5 3.92214e-5 1.36582e-5; -0.00423966 -0.000179009 -0.000229858 0.0729116 0.0176662 -0.0260393 -0.00202162; -0.00114629 -3.79251e-5 -4.28828e-5 0.0176662 0.00430236 -0.00633655 -0.000490258; 0.00319602 -0.000873305 3.92214e-5 -0.0260393 -0.00633655 0.0117297 0.00310268; 0.00671379 -0.00219557 1.36582e-5 -0.00202162 -0.000490258 0.00310268 0.00510008]
Loglik start: -168743.8491 
elapsed time: 855.092392626 seconds
Ending DA-GP-MCMC with adaptive RW estimating 7 parameters
Algorithm: MCWM
Adaptation algorithm: noAdaptation
Prior distribution: Normal
Particle filter: parallel_bootstrap
Time pre-er:  0
Time fit GP model:  0
Time er-part:  855
Number early-rejections: 826
Number of cases directly to ordinary MH: 134
Number of cases directly to ordinary MH accepted: 12
Number cases in in DA part: 865
Number cases in second stage: 39
Number accepted in second stage: 20
Total number of evaluations of the particle filter: 173
Acceptance rate for ordinary MH accepted: 8.9552
Acceptance rate a_1: 4.5087
Acceptance rate a_2: 51.2821
Acceptance rate a_1*a_2: 2.3121
Acceptance rate a (for entier algorithm): 3.2000
#####################################################################
Iterstion:
13
#####################################################################
Starting DA-GP-MCMC estimating 7 parameters 
MCMC algorithm: MCWM
Adaptation algorithm: noAdaptation
Prior distribution: Normal
Particle filter: parallel_bootstrap, on 4 cores
Nbr particles for particle filter: 250
Covariance - kernel_MH_direct:
[0.0342394 -0.00425196 -1.98636e-5 -0.00294421 -0.000796038 0.00221946 0.00466236; -0.00425196 0.00130272 -8.54796e-6 -0.000124312 -2.63369e-5 -0.000606462 -0.0015247; -1.98636e-5 -8.54796e-6 3.43804e-5 -0.000159623 -2.97798e-5 2.72371e-5 9.48485e-6; -0.00294421 -0.000124312 -0.000159623 0.050633 0.0122682 -0.0180828 -0.0014039; -0.000796038 -2.63369e-5 -2.97798e-5 0.0122682 0.00298775 -0.00440038 -0.000340457; 0.00221946 -0.000606462 2.72371e-5 -0.0180828 -0.00440038 0.00814559 0.00215464; 0.00466236 -0.0015247 9.48485e-6 -0.0014039 -0.000340457 0.00215464 0.00354173]
Iteration: 1
Covariance:
[0.0493047 -0.00612283 -2.86036e-5 -0.00423966 -0.00114629 0.00319602 0.00671379; -0.00612283 0.00187592 -1.23091e-5 -0.000179009 -3.79251e-5 -0.000873305 -0.00219557; -2.86036e-5 -1.23091e-5 4.95078e-5 -0.000229858 -4.28828e-5 3.92214e-5 1.36582e-5; -0.00423966 -0.000179009 -0.000229858 0.0729116 0.0176662 -0.0260393 -0.00202162; -0.00114629 -3.79251e-5 -4.28828e-5 0.0176662 0.00430236 -0.00633655 -0.000490258; 0.00319602 -0.000873305 3.92214e-5 -0.0260393 -0.00633655 0.0117297 0.00310268; 0.00671379 -0.00219557 1.36582e-5 -0.00202162 -0.000490258 0.00310268 0.00510008]
Iteration: 1
Covariance:
[0.0493047 -0.00612283 -2.86036e-5 -0.00423966 -0.00114629 0.00319602 0.00671379; -0.00612283 0.00187592 -1.23091e-5 -0.000179009 -3.79251e-5 -0.000873305 -0.00219557; -2.86036e-5 -1.23091e-5 4.95078e-5 -0.000229858 -4.28828e-5 3.92214e-5 1.36582e-5; -0.00423966 -0.000179009 -0.000229858 0.0729116 0.0176662 -0.0260393 -0.00202162; -0.00114629 -3.79251e-5 -4.28828e-5 0.0176662 0.00430236 -0.00633655 -0.000490258; 0.00319602 -0.000873305 3.92214e-5 -0.0260393 -0.00633655 0.0117297 0.00310268; 0.00671379 -0.00219557 1.36582e-5 -0.00202162 -0.000490258 0.00310268 0.00510008]
Loglik start: -168739.7313 
elapsed time: 1023.800533688 seconds
