run Normal prior model
#####################################################################
Starting MCMC with adaptive RW estimating 7 parameters
Algorithm: MCWM
Adaptation algorithm: AMUpdate_gen
Prior distribution: Normal
Particel filter: parallel_bootstrap, on 10 cores
Iteration: 1
Covariance:
[0.142857 0.0 0.0 0.0 0.0 0.0 0.0; 0.0 0.142857 0.0 0.0 0.0 0.0 0.0; 0.0 0.0 0.142857 0.0 0.0 0.0 0.0; 0.0 0.0 0.0 0.142857 0.0 0.0 0.0; 0.0 0.0 0.0 0.0 0.142857 0.0 0.0; 0.0 0.0 0.0 0.0 0.0 0.142857 0.0; 0.0 0.0 0.0 0.0 0.0 0.0 0.142857]
	From worker 2:	ESS: 172.1890
	From worker 2:	Nbr resample: 25000 
	From worker 3:	ESS: 155.0299
	From worker 3:	Nbr resample: 25000 
	From worker 5:	ESS: 146.4864
	From worker 5:	Nbr resample: 25000 
	From worker 9:	ESS: 136.0110
	From worker 9:	Nbr resample: 25000 
	From worker 11:	ESS: 158.8734
	From worker 6:	ESS: 141.8798
	From worker 11:	Nbr resample: 25000 
	From worker 6:	Nbr resample: 25000 
	From worker 7:	ESS: 136.0462
	From worker 7:	Nbr resample: 25000 
	From worker 4:	ESS: 162.0280
	From worker 4:	Nbr resample: 25000 
	From worker 8:	ESS: 134.8006
	From worker 8:	Nbr resample: 25000 
	From worker 10:	ESS: 147.0434
	From worker 10:	Nbr resample: 25000 
Loglik: -161597.0008 
Percentage done: 0.33 % 
Acceptance rate on iteration 1 to 100 is 0.1313
Covariance:
[0.00832893 -0.000265678 0.001133 0.00388422 0.00220332 7.64734e-5 -9.72392e-5; -0.000265678 0.00529687 -0.00208251 0.00180732 0.00187671 -0.00043359 -0.000647927; 0.001133 -0.00208251 0.00699301 -0.00206988 -0.0013195 0.000499831 0.000871514; 0.00388422 0.00180732 -0.00206988 0.00956473 0.00372921 -0.000451164 -0.00097323; 0.00220332 0.00187671 -0.0013195 0.00372921 0.00720223 -0.000316098 -0.000792495; 7.64734e-5 -0.00043359 0.000499831 -0.000451164 -0.000316098 0.00380083 1.84219e-5; -9.72392e-5 -0.000647927 0.000871514 -0.00097323 -0.000792495 1.84219e-5 0.00389796]
Loglik: -137153.1896 
Loglik values on different cores:
[-1.37189e5,-1.3719e5,-137208.0,-1.37191e5,-1.37192e5,-1.37197e5,-1.37171e5,-1.37205e5,-1.37195e5,-1.37202e5]
	From worker 2:	ESS: 157.7181
	From worker 2:	Nbr resample: 25000 
	From worker 5:	ESS: 163.1994
	From worker 5:	Nbr resample: 25000 
	From worker 3:	ESS: 161.4365
	From worker 3:	Nbr resample: 25000 
	From worker 4:	ESS: 167.0643
	From worker 4:	Nbr resample: 25000 
	From worker 9:	ESS: 160.2371
	From worker 9:	Nbr resample: 25000 
	From worker 10:	ESS: 150.0613
	From worker 10:	Nbr resample: 25000 
	From worker 11:	ESS: 155.0538
	From worker 11:	Nbr resample: 25000 
	From worker 6:	ESS: 161.3784
	From worker 6:	Nbr resample: 25000 
	From worker 7:	ESS: 159.8084
	From worker 7:	Nbr resample: 25000 
	From worker 8:	ESS: 158.5500
	From worker 8:	Nbr resample: 25000 
	From worker 2:	ESS: 162.0796
	From worker 2:	Nbr resample: 25000 
	From worker 3:	ESS: 162.4614
	From worker 3:	Nbr resample: 25000 
	From worker 5:	ESS: 166.0934
	From worker 5:	Nbr resample: 25000 
	From worker 4:	ESS: 161.8367
	From worker 4:	Nbr resample: 25000 
	From worker 10:	ESS: 162.1371
	From worker 10:	Nbr resample: 25000 
	From worker 9:	ESS: 163.2403
	From worker 9:	Nbr resample: 25000 
	From worker 11:	ESS: 163.2135
	From worker 11:	Nbr resample: 25000 
	From worker 6:	ESS: 165.1344
	From worker 6:	Nbr resample: 25000 
	From worker 7:	ESS: 154.8710
	From worker 7:	Nbr resample: 25000 
	From worker 8:	ESS: 159.0589
	From worker 8:	Nbr resample: 25000 
Percentage done: 0.67 % 
Acceptance rate on iteration 101 to 200 is 0.2222
Covariance:
[0.0367387 -0.0177531 0.00936781 0.0245562 -0.00518597 -0.00421736 0.0124851; -0.0177531 0.00988184 -0.00496898 -0.01155 0.00320684 0.00212589 -0.00655592; 0.00936781 -0.00496898 0.00400337 0.00568708 -0.0015968 -0.00114364 0.00336169; 0.0245562 -0.01155 0.00568708 0.0181807 -0.00290428 -0.00273978 0.00802154; -0.00518597 0.00320684 -0.0015968 -0.00290428 0.00255541 0.00068064 -0.00234063; -0.00421736 0.00212589 -0.00114364 -0.00273978 0.00068064 0.00139729 -0.0017391; 0.0124851 -0.00655592 0.00336169 0.00802154 -0.00234063 -0.0017391 0.00562394]
Loglik: -136795.1568 
Loglik values on different cores:
[-1.36804e5,-1.3682e5,-1.36802e5,-1.3681e5,-1.36804e5,-1.36803e5,-1.36804e5,-136794.0,-1.36802e5,-1.3681e5]
	From worker 2:	ESS: 193.6791
	From worker 2:	Nbr resample: 25000 
	From worker 3:	ESS: 194.3330
	From worker 3:	Nbr resample: 25000 
	From worker 4:	ESS: 194.7144
	From worker 4:	Nbr resample: 25000 
	From worker 9:	ESS: 193.0990
	From worker 9:	Nbr resample: 25000 
	From worker 7:	ESS: 194.7899
	From worker 7:	Nbr resample: 25000 
	From worker 8:	ESS: 193.0050
	From worker 8:	Nbr resample: 25000 
	From worker 5:	ESS: 193.6715
	From worker 5:	Nbr resample: 25000 
	From worker 10:	ESS: 194.9908
	From worker 10:	Nbr resample: 25000 
	From worker 6:	ESS: 195.7889
	From worker 6:	Nbr resample: 25000 
	From worker 11:	ESS: 195.9215
	From worker 11:	Nbr resample: 25000 
	From worker 5:	ESS: 193.2967
	From worker 5:	Nbr resample: 25000 
	From worker 10:	ESS: 195.3957
	From worker 10:	Nbr resample: 25000 
	From worker 11:	ESS: 195.1344
	From worker 11:	Nbr resample: 25000 
	From worker 6:	ESS: 194.0633
	From worker 6:	Nbr resample: 25000 
	From worker 8:	ESS: 193.6147
	From worker 8:	Nbr resample: 25000 
	From worker 2:	ESS: 195.1941
	From worker 2:	Nbr resample: 25000 
	From worker 3:	ESS: 194.5070
	From worker 3:	Nbr resample: 25000 
	From worker 9:	ESS: 195.3046
	From worker 9:	Nbr resample: 25000 
	From worker 7:	ESS: 192.6086
	From worker 7:	Nbr resample: 25000 
	From worker 4:	ESS: 193.1779
	From worker 4:	Nbr resample: 25000 
Percentage done: 1.00 % 
Acceptance rate on iteration 201 to 300 is 0.1616
Covariance:
[0.0128645 -0.00638543 0.00301615 0.00852409 -0.00192958 -0.00171668 0.00489897; -0.00638543 0.0035106 -0.00159285 -0.00415468 0.00114375 0.000876124 -0.00258665; 0.00301615 -0.00159285 0.00133746 0.00180898 -0.000527268 -0.000468799 0.00109793; 0.00852409 -0.00415468 0.00180898 0.0061378 -0.00113671 -0.00109064 0.003176; -0.00192958 0.00114375 -0.000527268 -0.00113671 0.000816526 0.000256824 -0.000919327; -0.00171668 0.000876124 -0.000468799 -0.00109064 0.000256824 0.000530124 -0.000720359; 0.00489897 -0.00258665 0.00109793 0.003176 -0.000919327 -0.000720359 0.00231576]
Loglik: -136791.3940 
Loglik values on different cores:
[-1.36803e5,-1.36797e5,-1.36815e5,-1.36801e5,-1.36801e5,-136799.0,-1.36818e5,-136824.0,-1.36815e5,-1.36808e5]
	From worker 2:	ESS: 194.1012
	From worker 2:	Nbr resample: 25000 
	From worker 3:	ESS: 192.2507
	From worker 3:	Nbr resample: 25000 
	From worker 5:	ESS: 194.7838
	From worker 5:	Nbr resample: 25000 
	From worker 11:	ESS: 192.7901
	From worker 11:	Nbr resample: 25000 
	From worker 6:	ESS: 195.4667
	From worker 6:	Nbr resample: 25000 
	From worker 8:	ESS: 195.2609
	From worker 8:	Nbr resample: 25000 
	From worker 10:	ESS: 194.1621
	From worker 10:	Nbr resample: 25000 
	From worker 7:	ESS: 195.3358
	From worker 7:	Nbr resample: 25000 
	From worker 4:	ESS: 193.2691
	From worker 4:	Nbr resample: 25000 
	From worker 9:	ESS: 191.8290
	From worker 9:	Nbr resample: 25000 
	From worker 4:	ESS: 192.0827
	From worker 4:	Nbr resample: 25000 
	From worker 10:	ESS: 194.0713
	From worker 10:	Nbr resample: 25000 
	From worker 9:	ESS: 192.4961
	From worker 9:	Nbr resample: 25000 
	From worker 7:	ESS: 193.7560
	From worker 7:	Nbr resample: 25000 
	From worker 2:	ESS: 196.6232
	From worker 2:	Nbr resample: 25000 
	From worker 3:	ESS: 193.6140
	From worker 3:	Nbr resample: 25000 
	From worker 5:	ESS: 195.3682
	From worker 5:	Nbr resample: 25000 
	From worker 6:	ESS: 194.5068
	From worker 6:	Nbr resample: 25000 
	From worker 8:	ESS: 194.9020
	From worker 8:	Nbr resample: 25000 
	From worker 11:	ESS: 195.4447
	From worker 11:	Nbr resample: 25000 
Percentage done: 1.33 % 
Acceptance rate on iteration 301 to 400 is 0.2323
Covariance:
[0.00613235 -0.00308539 0.00130602 0.00399084 -0.00100458 -0.000711664 0.00252366; -0.00308539 0.00170558 -0.00067302 -0.00197372 0.000590767 0.000362812 -0.00135714; 0.00130602 -0.00067302 0.000957349 0.000649357 -0.000300039 -0.000157222 0.000362127; 0.00399084 -0.00197372 0.000649357 0.00290241 -0.00054287 -0.000490888 0.00160344; -0.00100458 0.000590767 -0.000300039 -0.00054287 0.000438523 8.68949e-5 -0.000516989; -0.000711664 0.000362812 -0.000157222 -0.000490888 8.68949e-5 0.000252633 -0.000290698; 0.00252366 -0.00135714 0.000362127 0.00160344 -0.000516989 -0.000290698 0.00135374]
Loglik: -136786.7152 
Loglik values on different cores:
[-1.36803e5,-1.3679e5,-136810.0,-1.36791e5,-1.36804e5,-1.36799e5,-1.36807e5,-1.36818e5,-1.36802e5,-1.36803e5]
	From worker 9:	ESS: 194.2343
	From worker 9:	Nbr resample: 25000 
	From worker 6:	ESS: 190.3174
	From worker 6:	Nbr resample: 25000 
	From worker 11:	ESS: 189.2998
	From worker 11:	Nbr resample: 25000 
	From worker 8:	ESS: 194.6579
	From worker 8:	Nbr resample: 25000 
	From worker 10:	ESS: 195.2364
	From worker 10:	Nbr resample: 25000 
	From worker 3:	ESS: 194.6599
	From worker 3:	Nbr resample: 25000 
	From worker 2:	ESS: 193.9455
	From worker 2:	Nbr resample: 25000 
	From worker 5:	ESS: 194.4477
	From worker 5:	Nbr resample: 25000 
	From worker 4:	ESS: 191.8528
	From worker 4:	Nbr resample: 25000 
	From worker 7:	ESS: 191.0544
	From worker 7:	Nbr resample: 25000 
	From worker 2:	ESS: 194.7026
	From worker 2:	Nbr resample: 25000 
	From worker 3:	ESS: 195.6695
	From worker 3:	Nbr resample: 25000 
	From worker 5:	ESS: 194.1209
	From worker 5:	Nbr resample: 25000 
	From worker 4:	ESS: 193.0494
	From worker 4:	Nbr resample: 25000 
	From worker 10:	ESS: 193.3258
	From worker 10:	Nbr resample: 25000 
	From worker 7:	ESS: 190.6118
	From worker 7:	Nbr resample: 25000 
	From worker 11:	ESS: 191.9794
	From worker 11:	Nbr resample: 25000 
	From worker 9:	ESS: 194.7161
	From worker 9:	Nbr resample: 25000 
	From worker 6:	ESS: 193.8102
	From worker 6:	Nbr resample: 25000 
	From worker 8:	ESS: 193.6439
	From worker 8:	Nbr resample: 25000 
Percentage done: 1.67 % 
Acceptance rate on iteration 401 to 500 is 0.4242
Covariance:
[0.00470902 -0.00242375 0.002352 0.00233626 -0.00160553 -0.000187052 0.00229083; -0.00242375 0.00136562 -0.00143319 -0.00106697 0.00102718 4.82926e-5 -0.00130553; 0.002352 -0.00143319 0.00763242 -0.00198703 -0.00442323 0.00153699 0.00243471; 0.00233626 -0.00106697 -0.00198703 0.00292401 0.00108169 -0.000907469 0.000372446; -0.00160553 0.00102718 -0.00442323 0.00108169 0.00292647 -0.000922412 -0.00174634; -0.000187052 4.82926e-5 0.00153699 -0.000907469 -0.000922412 0.000612288 0.000264951; 0.00229083 -0.00130553 0.00243471 0.000372446 -0.00174634 0.000264951 0.00173164]
Loglik: -136784.4076 
Loglik values on different cores:
[-1.3678e5,-1.36788e5,-1.36786e5,-1.36801e5,-136795.0,-1.36792e5,-1.36795e5,-1.36794e5,-1.36795e5,-1.36787e5]
	From worker 4:	ESS: 195.3870
	From worker 4:	Nbr resample: 25000 
	From worker 10:	ESS: 194.6329
	From worker 10:	Nbr resample: 25000 
	From worker 11:	ESS: 196.0978
	From worker 11:	Nbr resample: 25000 
	From worker 7:	ESS: 191.7201
	From worker 7:	Nbr resample: 25000 
	From worker 2:	ESS: 195.7913
	From worker 2:	Nbr resample: 25000 
	From worker 8:	ESS: 196.1009
	From worker 8:	Nbr resample: 25000 
	From worker 3:	ESS: 195.1338
	From worker 3:	Nbr resample: 25000 
	From worker 5:	ESS: 194.3166
	From worker 5:	Nbr resample: 25000 
	From worker 9:	ESS: 195.7332
	From worker 9:	Nbr resample: 25000 
	From worker 6:	ESS: 196.5706
	From worker 6:	Nbr resample: 25000 
	From worker 3:	ESS: 195.8036
	From worker 3:	Nbr resample: 25000 
	From worker 5:	ESS: 193.3739
	From worker 5:	Nbr resample: 25000 
	From worker 9:	ESS: 194.7988
	From worker 9:	Nbr resample: 25000 
	From worker 6:	ESS: 196.6531
	From worker 6:	Nbr resample: 25000 
	From worker 2:	ESS: 196.3780
	From worker 2:	Nbr resample: 25000 
	From worker 4:	ESS: 196.5345
	From worker 4:	Nbr resample: 25000 
	From worker 8:	ESS: 194.4348
	From worker 8:	Nbr resample: 25000 
	From worker 11:	ESS: 195.4057
	From worker 11:	Nbr resample: 25000 
	From worker 10:	ESS: 195.5101
	From worker 10:	Nbr resample: 25000 
	From worker 7:	ESS: 195.0713
	From worker 7:	Nbr resample: 25000 
Percentage done: 2.00 % 
Acceptance rate on iteration 501 to 600 is 0.1111
Covariance:
[0.00234783 -0.00121676 0.00135573 0.00108393 -0.000896894 -6.84175e-5 0.00119988; -0.00121676 0.000696142 -0.00109197 -0.000372541 0.000710192 -3.34006e-5 -0.000742581; 0.00135573 -0.00109197 0.0134165 -0.00500813 -0.00725087 0.00230111 0.00324527; 0.00108393 -0.000372541 -0.00500813 0.00313078 0.00264882 -0.00109565 -0.000653166; -0.000896894 0.000710192 -0.00725087 0.00264882 0.0041036 -0.00126386 -0.00193893; -6.84175e-5 -3.34006e-5 0.00230111 -0.00109565 -0.00126386 0.000546017 0.000451312; 0.00119988 -0.000742581 0.00324527 -0.000653166 -0.00193893 0.000451312 0.00131117]
Loglik: -136772.2064 
Loglik values on different cores:
[-1.36795e5,-1.36795e5,-136790.0,-1.36776e5,-136774.0,-1.36788e5,-1.36795e5,-1.36793e5,-1.36792e5,-1.36795e5]
	From worker 2:	ESS: 194.0282
	From worker 2:	Nbr resample: 25000 
	From worker 3:	ESS: 194.1893
	From worker 3:	Nbr resample: 25000 
	From worker 5:	ESS: 195.3367
	From worker 5:	Nbr resample: 25000 
	From worker 9:	ESS: 194.3606
	From worker 9:	Nbr resample: 25000 
	From worker 6:	ESS: 193.7810
	From worker 6:	Nbr resample: 25000 
	From worker 8:	ESS: 195.0836
	From worker 8:	Nbr resample: 25000 
	From worker 4:	ESS: 196.5291
	From worker 4:	Nbr resample: 25000 
	From worker 10:	ESS: 196.7107
	From worker 10:	Nbr resample: 25000 
	From worker 11:	ESS: 195.8223
	From worker 11:	Nbr resample: 25000 
	From worker 7:	ESS: 194.5953
	From worker 7:	Nbr resample: 25000 
	From worker 4:	ESS: 197.1529
	From worker 4:	Nbr resample: 25000 
	From worker 10:	ESS: 195.7404
	From worker 10:	Nbr resample: 25000 
	From worker 11:	ESS: 194.6741
	From worker 11:	Nbr resample: 25000 
	From worker 7:	ESS: 196.1030
	From worker 7:	Nbr resample: 25000 
	From worker 5:	ESS: 192.5631
	From worker 5:	Nbr resample: 25000 
	From worker 2:	ESS: 193.9906
	From worker 2:	Nbr resample: 25000 
	From worker 3:	ESS: 196.6882
	From worker 3:	Nbr resample: 25000 
	From worker 9:	ESS: 197.3024
	From worker 9:	Nbr resample: 25000 
	From worker 6:	ESS: 196.0282
	From worker 6:	Nbr resample: 25000 
	From worker 8:	ESS: 194.1474
	From worker 8:	Nbr resample: 25000 
Percentage done: 2.33 % 
Acceptance rate on iteration 601 to 700 is 0.2020
Covariance:
[0.00163341 -0.000887793 0.00153623 0.000456551 -0.0010158 0.000173885 0.00102961; -0.000887793 0.000530001 -0.00114633 -9.99078e-5 0.000741811 -0.000155804 -0.000652544; 0.00153623 -0.00114633 0.0102361 -0.00356135 -0.00582222 0.0020515 0.00289462; 0.000456551 -9.99078e-5 -0.00356135 0.00201536 0.00197582 -0.000841187 -0.000636952; -0.0010158 0.000741811 -0.00582222 0.00197582 0.00346387 -0.0012238 -0.00180255; 0.000173885 -0.000155804 0.0020515 -0.000841187 -0.0012238 0.000550859 0.000561801; 0.00102961 -0.000652544 0.00289462 -0.000636952 -0.00180255 0.000561801 0.00119866]
Loglik: -136764.3121 
Loglik values on different cores:
[-1.36786e5,-1.36769e5,-1.36779e5,-136779.0,-1.36772e5,-1.36773e5,-1.36773e5,-136783.0,-1.3678e5,-1.36788e5]
	From worker 9:	ESS: 196.4554
	From worker 9:	Nbr resample: 25000 
	From worker 10:	ESS: 194.5440
	From worker 10:	Nbr resample: 25000 
	From worker 11:	ESS: 195.8223
	From worker 11:	Nbr resample: 25000 
	From worker 3:	ESS: 194.8020
	From worker 3:	Nbr resample: 25000 
	From worker 6:	ESS: 194.0360
	From worker 6:	Nbr resample: 25000 
	From worker 8:	ESS: 196.0600
	From worker 8:	Nbr resample: 25000 
	From worker 2:	ESS: 193.8560
	From worker 2:	Nbr resample: 25000 
	From worker 5:	ESS: 195.9039
	From worker 5:	Nbr resample: 25000 
	From worker 4:	ESS: 195.6893
	From worker 4:	Nbr resample: 25000 
	From worker 7:	ESS: 195.2286
	From worker 7:	Nbr resample: 25000 
	From worker 2:	ESS: 195.2241
	From worker 2:	Nbr resample: 25000 
	From worker 5:	ESS: 195.0405
	From worker 5:	Nbr resample: 25000 
	From worker 4:	ESS: 195.6917
	From worker 4:	Nbr resample: 25000 
	From worker 7:	ESS: 196.0889
	From worker 7:	Nbr resample: 25000 
	From worker 3:	ESS: 194.9356
	From worker 3:	Nbr resample: 25000 
	From worker 11:	ESS: 194.5941
	From worker 11:	Nbr resample: 25000 
	From worker 10:	ESS: 191.8909
	From worker 10:	Nbr resample: 25000 
	From worker 9:	ESS: 194.2971
	From worker 9:	Nbr resample: 25000 
	From worker 6:	ESS: 195.3424
	From worker 6:	Nbr resample: 25000 
	From worker 8:	ESS: 195.9531
	From worker 8:	Nbr resample: 25000 
Percentage done: 2.67 % 
Acceptance rate on iteration 701 to 800 is 0.1414
Covariance:
[0.00105338 -0.000552062 0.00106204 0.000242565 -0.000747549 0.000188549 0.000718445; -0.000552062 0.0003198 -0.000723285 -5.1104e-5 0.00048555 -0.000121079 -0.000420252; 0.00106204 -0.000723285 0.00665974 -0.00228001 -0.00395166 0.00153459 0.00198218; 0.000242565 -5.1104e-5 -0.00228001 0.00124641 0.00130804 -0.000590425 -0.000440746; -0.000747549 0.00048555 -0.00395166 0.00130804 0.00247117 -0.000982448 -0.00130332; 0.000188549 -0.000121079 0.00153459 -0.000590425 -0.000982448 0.000483214 0.000478275; 0.000718445 -0.000420252 0.00198218 -0.000440746 -0.00130332 0.000478275 0.000866123]
Loglik: -136775.1137 
Loglik values on different cores:
[-1.36777e5,-136784.0,-1.36795e5,-1.36787e5,-1.36788e5,-1.3678e5,-1.36793e5,-136794.0,-1.36791e5,-1.36784e5]
	From worker 4:	ESS: 195.5027
	From worker 4:	Nbr resample: 25000 
	From worker 9:	ESS: 196.9944
	From worker 9:	Nbr resample: 25000 
	From worker 7:	ESS: 195.0711
	From worker 7:	Nbr resample: 25000 
	From worker 6:	ESS: 195.7154
	From worker 6:	Nbr resample: 25000 
	From worker 8:	ESS: 196.1551
	From worker 8:	Nbr resample: 25000 
	From worker 3:	ESS: 196.2915
	From worker 3:	Nbr resample: 25000 
	From worker 2:	ESS: 195.9648
	From worker 2:	Nbr resample: 25000 
	From worker 5:	ESS: 195.9946
	From worker 5:	Nbr resample: 25000 
	From worker 10:	ESS: 196.1969
	From worker 10:	Nbr resample: 25000 
	From worker 11:	ESS: 195.8299
	From worker 11:	Nbr resample: 25000 
	From worker 2:	ESS: 197.1432
	From worker 2:	Nbr resample: 25000 
	From worker 3:	ESS: 195.5887
	From worker 3:	Nbr resample: 25000 
	From worker 5:	ESS: 196.1185
	From worker 5:	Nbr resample: 25000 
	From worker 10:	ESS: 196.3467
	From worker 10:	Nbr resample: 25000 
	From worker 11:	ESS: 195.7495
	From worker 11:	Nbr resample: 25000 
	From worker 8:	ESS: 196.2993
	From worker 8:	Nbr resample: 25000 
	From worker 6:	ESS: 194.9739
	From worker 6:	Nbr resample: 25000 
	From worker 7:	ESS: 193.7948
	From worker 7:	Nbr resample: 25000 
	From worker 9:	ESS: 197.6924
	From worker 9:	Nbr resample: 25000 
	From worker 4:	ESS: 194.6540
	From worker 4:	Nbr resample: 25000 
Percentage done: 3.00 % 
Acceptance rate on iteration 801 to 900 is 0.2626
Covariance:
[0.000968079 -0.000468234 0.000542508 0.000371968 -0.000413981 2.44604e-5 0.00055153; -0.000468234 0.000258013 -0.000447665 -0.000103546 0.000301825 -4.21505e-5 -0.000310008; 0.000542508 -0.000447665 0.00477803 -0.00174329 -0.00280913 0.00114027 0.00132823; 0.000371968 -0.000103546 -0.00174329 0.00103558 0.000988734 -0.000497961 -0.000258566; -0.000413981 0.000301825 -0.00280913 0.000988734 0.00175024 -0.000731121 -0.000881411; 2.44604e-5 -4.21505e-5 0.00114027 -0.000497961 -0.000731121 0.000396033 0.000313926; 0.00055153 -0.000310008 0.00132823 -0.000258566 -0.000881411 0.000313926 0.000616035]
Loglik: -136781.7932 
Loglik values on different cores:
[-136789.0,-136797.0,-136797.0,-1.36784e5,-1.36778e5,-1.36787e5,-1.36802e5,-1.36785e5,-1.36794e5,-1.3681e5]
	From worker 10:	ESS: 191.8810
	From worker 10:	Nbr resample: 25000 
	From worker 11:	ESS: 194.1510
	From worker 11:	Nbr resample: 25000 
	From worker 8:	ESS: 194.4756
	From worker 8:	Nbr resample: 25000 
	From worker 2:	ESS: 193.6264
	From worker 2:	Nbr resample: 25000 
	From worker 3:	ESS: 194.0308
	From worker 3:	Nbr resample: 25000 
	From worker 5:	ESS: 196.4262
	From worker 5:	Nbr resample: 25000 
	From worker 9:	ESS: 195.2816
	From worker 9:	Nbr resample: 25000 
	From worker 6:	ESS: 197.2771
	From worker 6:	Nbr resample: 25000 
	From worker 7:	ESS: 195.7226
	From worker 7:	Nbr resample: 25000 
	From worker 4:	ESS: 195.8271
	From worker 4:	Nbr resample: 25000 
	From worker 2:	ESS: 194.4098
	From worker 2:	Nbr resample: 25000 
	From worker 3:	ESS: 194.6709
	From worker 3:	Nbr resample: 25000 
	From worker 5:	ESS: 195.5664
	From worker 5:	Nbr resample: 25000 
	From worker 4:	ESS: 194.0809
	From worker 4:	Nbr resample: 25000 
	From worker 9:	ESS: 195.4108
	From worker 9:	Nbr resample: 25000 
	From worker 6:	ESS: 196.2034
	From worker 6:	Nbr resample: 25000 
	From worker 7:	ESS: 195.8659
	From worker 7:	Nbr resample: 25000 
	From worker 8:	ESS: 195.8159
	From worker 8:	Nbr resample: 25000 
	From worker 10:	ESS: 194.9732
	From worker 10:	Nbr resample: 25000 
	From worker 11:	ESS: 197.2374
	From worker 11:	Nbr resample: 25000 
Percentage done: 3.33 % 
Acceptance rate on iteration 901 to 1000 is 0.2727
Covariance:
[0.000793192 -0.00038686 0.000375179 0.000308114 -0.000314544 2.31596e-6 0.000448457; -0.00038686 0.000213571 -0.000294901 -9.8831e-5 0.000220184 -1.75472e-5 -0.000250508; 0.000375179 -0.000294901 0.00351567 -0.00125619 -0.00203216 0.000862233 0.000933988; 0.000308114 -9.8831e-5 -0.00125619 0.000756064 0.000701565 -0.000369999 -0.000162229; -0.000314544 0.000220184 -0.00203216 0.000701565 0.00127854 -0.000548886 -0.000651898; 2.31596e-6 -1.75472e-5 0.000862233 -0.000369999 -0.000548886 0.000317291 0.000227321; 0.000448457 -0.000250508 0.000933988 -0.000162229 -0.000651898 0.000227321 0.00048194]
Loglik: -136772.2671 
Loglik values on different cores:
[-1.36765e5,-1.36778e5,-1.36785e5,-1.36786e5,-1.36778e5,-1.36793e5,-1.36783e5,-136770.0,-1.36769e5,-1.3677e5]
	From worker 4:	ESS: 194.9795
	From worker 4:	Nbr resample: 25000 
	From worker 10:	ESS: 193.0637
	From worker 10:	Nbr resample: 25000 
	From worker 2:	ESS: 194.7147
	From worker 2:	Nbr resample: 25000 
	From worker 8:	ESS: 195.0325
	From worker 8:	Nbr resample: 25000 
	From worker 5:	ESS: 195.4580
	From worker 5:	Nbr resample: 25000 
	From worker 3:	ESS: 194.8236
	From worker 3:	Nbr resample: 25000 
	From worker 7:	ESS: 193.4473
	From worker 7:	Nbr resample: 25000 
	From worker 9:	ESS: 194.6882
	From worker 9:	Nbr resample: 25000 
	From worker 11:	ESS: 196.0401
	From worker 11:	Nbr resample: 25000 
	From worker 6:	ESS: 192.9152
	From worker 6:	Nbr resample: 25000 
	From worker 5:	ESS: 194.9937
	From worker 5:	Nbr resample: 25000 
	From worker 3:	ESS: 196.9497
	From worker 3:	Nbr resample: 25000 
	From worker 11:	ESS: 193.5502
	From worker 11:	Nbr resample: 25000 
	From worker 9:	ESS: 194.8506
	From worker 9:	Nbr resample: 25000 
	From worker 6:	ESS: 195.5663
	From worker 6:	Nbr resample: 25000 
	From worker 7:	ESS: 194.7204
	From worker 7:	Nbr resample: 25000 
	From worker 2:	ESS: 193.9505
	From worker 2:	Nbr resample: 25000 
	From worker 4:	ESS: 194.7615
	From worker 4:	Nbr resample: 25000 
	From worker 10:	ESS: 195.5329
	From worker 10:	Nbr resample: 25000 
	From worker 8:	ESS: 191.2380
	From worker 8:	Nbr resample: 25000 
Percentage done: 3.67 % 
Acceptance rate on iteration 1001 to 1100 is 0.3535
Covariance:
[0.00108307 -0.000550113 0.000460434 0.000421972 -0.000358586 -8.84256e-5 0.000605332; -0.000550113 0.000300821 -0.000320231 -0.000174243 0.00023275 3.08238e-5 -0.000332259; 0.000460434 -0.000320231 0.00273827 -0.00088556 -0.00158737 0.000629602 0.000804613; 0.000421972 -0.000174243 -0.00088556 0.000653541 0.000487972 -0.000317174 -2.36021e-5; -0.000358586 0.00023275 -0.00158737 0.000487972 0.00100205 -0.000399126 -0.000562227; -8.84256e-5 3.08238e-5 0.000629602 -0.000317174 -0.000399126 0.000274061 0.000123433; 0.000605332 -0.000332259 0.000804613 -2.36021e-5 -0.000562227 0.000123433 0.000515027]
Loglik: -136754.6746 
Loglik values on different cores:
[-1.3678e5,-1.36779e5,-136772.0,-1.36782e5,-1.36792e5,-136773.0,-1.36772e5,-1.36778e5,-1.36765e5,-1.36777e5]
	From worker 3:	ESS: 193.4338
	From worker 3:	Nbr resample: 25000 
	From worker 5:	ESS: 195.0529
	From worker 5:	Nbr resample: 25000 
	From worker 4:	ESS: 193.7515
	From worker 4:	Nbr resample: 25000 
	From worker 9:	ESS: 194.5265
	From worker 9:	Nbr resample: 25000 
	From worker 7:	ESS: 195.4063
	From worker 7:	Nbr resample: 25000 
	From worker 2:	ESS: 194.9167
	From worker 2:	Nbr resample: 25000 
	From worker 8:	ESS: 195.0496
	From worker 8:	Nbr resample: 25000 
	From worker 10:	ESS: 194.4488
	From worker 10:	Nbr resample: 25000 
	From worker 11:	ESS: 195.1449
	From worker 11:	Nbr resample: 25000 
	From worker 6:	ESS: 196.1385
	From worker 6:	Nbr resample: 25000 
	From worker 10:	ESS: 195.7356
	From worker 10:	Nbr resample: 25000 
	From worker 11:	ESS: 195.6141
	From worker 11:	Nbr resample: 25000 
	From worker 6:	ESS: 196.2422
	From worker 6:	Nbr resample: 25000 
	From worker 2:	ESS: 196.7239
	From worker 2:	Nbr resample: 25000 
	From worker 4:	ESS: 195.1358
	From worker 4:	Nbr resample: 25000 
	From worker 5:	ESS: 194.3384
	From worker 5:	Nbr resample: 25000 
	From worker 3:	ESS: 191.9239
	From worker 3:	Nbr resample: 25000 
	From worker 8:	ESS: 196.4726
	From worker 8:	Nbr resample: 25000 
	From worker 9:	ESS: 193.3563
	From worker 9:	Nbr resample: 25000 
	From worker 7:	ESS: 193.3198
	From worker 7:	Nbr resample: 25000 
Percentage done: 4.00 % 
Acceptance rate on iteration 1101 to 1200 is 0.2323
Covariance:
[0.00120456 -0.000635259 0.000224629 0.000609584 -0.000275928 -0.000110905 0.000657369; -0.000635259 0.000352724 -0.000170984 -0.000295893 0.000180058 4.60178e-5 -0.000365751; 0.000224629 -0.000170984 0.00198822 -0.000715452 -0.0011387 0.000463783 0.00052813; 0.000609584 -0.000295893 -0.000715452 0.000696683 0.000347063 -0.000266905 0.000134692; -0.000275928 0.000180058 -0.0011387 0.000347063 0.00073641 -0.000296071 -0.000425622; -0.000110905 4.60178e-5 0.000463783 -0.000266905 -0.000296071 0.00021536 7.12875e-5; 0.000657369 -0.000365751 0.00052813 0.000134692 -0.000425622 7.12875e-5 0.000495702]
Loglik: -136777.7208 
Loglik values on different cores:
[-1.36784e5,-1.36788e5,-1.36775e5,-1.3678e5,-1.36788e5,-1.36782e5,-1.36785e5,-136784.0,-1.36784e5,-1.36771e5]
	From worker 7:	ESS: 194.3248
	From worker 7:	Nbr resample: 25000 
	From worker 11:	ESS: 195.8410
	From worker 11:	Nbr resample: 25000 
	From worker 8:	ESS: 195.1850
	From worker 8:	Nbr resample: 25000 
	From worker 2:	ESS: 194.2372
	From worker 2:	Nbr resample: 25000 
	From worker 3:	ESS: 195.0415
	From worker 3:	Nbr resample: 25000 
	From worker 5:	ESS: 195.8894
	From worker 5:	Nbr resample: 25000 
	From worker 9:	ESS: 194.6467
	From worker 9:	Nbr resample: 25000 
	From worker 4:	ESS: 194.6169
	From worker 4:	Nbr resample: 25000 
	From worker 10:	ESS: 195.1809
	From worker 10:	Nbr resample: 25000 
	From worker 6:	ESS: 195.8168
	From worker 6:	Nbr resample: 25000 
	From worker 2:	ESS: 193.9711
	From worker 2:	Nbr resample: 25000 
	From worker 3:	ESS: 195.9658
	From worker 3:	Nbr resample: 25000 
	From worker 5:	ESS: 195.2975
	From worker 5:	Nbr resample: 25000 
	From worker 9:	ESS: 195.5197
	From worker 9:	Nbr resample: 25000 
	From worker 10:	ESS: 195.3034
	From worker 10:	Nbr resample: 25000 
	From worker 4:	ESS: 194.2971
	From worker 4:	Nbr resample: 25000 
	From worker 6:	ESS: 195.2230
	From worker 6:	Nbr resample: 25000 
	From worker 7:	ESS: 195.0612
	From worker 7:	Nbr resample: 25000 
	From worker 11:	ESS: 197.0564
	From worker 11:	Nbr resample: 25000 
	From worker 8:	ESS: 196.9217
	From worker 8:	Nbr resample: 25000 
Percentage done: 4.33 % 
Acceptance rate on iteration 1201 to 1300 is 0.3333
Covariance:
[0.00102368 -0.000540022 0.000166395 0.000546371 -0.00018781 -0.000145062 0.00053184; -0.000540022 0.000301166 -0.000135155 -0.000255929 0.000142501 5.18097e-5 -0.000306218; 0.000166395 -0.000135155 0.00156928 -0.000601955 -0.000937014 0.000408943 0.000438193; 0.000546371 -0.000255929 -0.000601955 0.000675062 0.000383188 -0.000339574 6.36056e-5; -0.00018781 0.000142501 -0.000937014 0.000383188 0.000699829 -0.000355808 -0.000400582; -0.000145062 5.18097e-5 0.000408943 -0.000339574 -0.000355808 0.000306711 0.000111593; 0.00053184 -0.000306218 0.000438193 6.36056e-5 -0.000400582 0.000111593 0.000440399]
Loglik: -136783.1829 
Loglik values on different cores:
[-1.36805e5,-1.36795e5,-1.36804e5,-1.36798e5,-1.36781e5,-1.36803e5,-1.36813e5,-1.36792e5,-1.36798e5,-1.36796e5]
	From worker 2:	ESS: 194.7135
	From worker 2:	Nbr resample: 25000 
	From worker 3:	ESS: 195.5347
	From worker 3:	Nbr resample: 25000 
	From worker 4:	ESS: 194.3331
	From worker 4:	Nbr resample: 25000 
	From worker 7:	ESS: 193.9315
	From worker 7:	Nbr resample: 25000 
	From worker 8:	ESS: 195.1316
	From worker 8:	Nbr resample: 25000 
	From worker 5:	ESS: 193.5524
	From worker 5:	Nbr resample: 25000 
	From worker 10:	ESS: 194.8329
	From worker 10:	Nbr resample: 25000 
	From worker 9:	ESS: 195.8546
	From worker 9:	Nbr resample: 25000 
	From worker 11:	ESS: 196.9921
	From worker 11:	Nbr resample: 25000 
	From worker 6:	ESS: 196.5515
	From worker 6:	Nbr resample: 25000 
	From worker 5:	ESS: 196.5187
	From worker 5:	Nbr resample: 25000 
	From worker 9:	ESS: 196.3504
	From worker 9:	Nbr resample: 25000 
	From worker 10:	ESS: 196.4577
	From worker 10:	Nbr resample: 25000 
	From worker 11:	ESS: 193.8511
	From worker 11:	Nbr resample: 25000 
	From worker 6:	ESS: 194.9703
	From worker 6:	Nbr resample: 25000 
	From worker 3:	ESS: 193.1526
	From worker 3:	Nbr resample: 25000 
	From worker 2:	ESS: 197.3002
	From worker 2:	Nbr resample: 25000 
	From worker 4:	ESS: 194.6231
	From worker 4:	Nbr resample: 25000 
	From worker 7:	ESS: 195.6815
	From worker 7:	Nbr resample: 25000 
	From worker 8:	ESS: 195.6264
	From worker 8:	Nbr resample: 25000 
Percentage done: 4.67 % 
Acceptance rate on iteration 1301 to 1400 is 0.4141
Covariance:
[0.00131442 -0.000671736 0.000222099 0.000665355 -0.000269634 -0.000215663 0.000697441; -0.000671736 0.000366638 -0.000154281 -0.000302828 0.000189733 7.44186e-5 -0.000396702; 0.000222099 -0.000154281 0.00142484 -0.000499258 -0.00085571 0.000347003 0.000430701; 0.000665355 -0.000302828 -0.000499258 0.000685958 0.000308025 -0.0003521 0.000137409; -0.000269634 0.000189733 -0.00085571 0.000308025 0.000672817 -0.000317281 -0.000444089; -0.000215663 7.44186e-5 0.000347003 -0.0003521 -0.000317281 0.000319655 8.08066e-5; 0.000697441 -0.000396702 0.000430701 0.000137409 -0.000444089 8.08066e-5 0.000554956]
Loglik: -136772.1014 
Loglik values on different cores:
[-1.36784e5,-1.36776e5,-1.36803e5,-1.36793e5,-1.36793e5,-1.3678e5,-1.36792e5,-1.36785e5,-1.36784e5,-1.36788e5]
	From worker 11:	ESS: 194.4575
	From worker 11:	Nbr resample: 25000 
	From worker 6:	ESS: 195.2490
	From worker 6:	Nbr resample: 25000 
	From worker 7:	ESS: 195.4679
	From worker 7:	Nbr resample: 25000 
	From worker 8:	ESS: 195.6757
	From worker 8:	Nbr resample: 25000 
	From worker 2:	ESS: 195.2157
	From worker 2:	Nbr resample: 25000 
	From worker 3:	ESS: 194.0969
	From worker 3:	Nbr resample: 25000 
	From worker 4:	ESS: 193.8859
	From worker 4:	Nbr resample: 25000 
	From worker 9:	ESS: 194.9745
	From worker 9:	Nbr resample: 25000 
	From worker 10:	ESS: 195.9193
	From worker 10:	Nbr resample: 25000 
	From worker 5:	ESS: 194.6356
	From worker 5:	Nbr resample: 25000 
	From worker 4:	ESS: 194.0826
	From worker 4:	Nbr resample: 25000 
	From worker 9:	ESS: 195.4823
	From worker 9:	Nbr resample: 25000 
	From worker 10:	ESS: 195.5106
	From worker 10:	Nbr resample: 25000 
	From worker 5:	ESS: 192.7671
	From worker 5:	Nbr resample: 25000 
	From worker 6:	ESS: 196.4399
	From worker 6:	Nbr resample: 25000 
	From worker 2:	ESS: 195.1187
	From worker 2:	Nbr resample: 25000 
	From worker 3:	ESS: 196.2151
	From worker 3:	Nbr resample: 25000 
	From worker 11:	ESS: 192.2489
	From worker 11:	Nbr resample: 25000 
	From worker 7:	ESS: 192.4965
	From worker 7:	Nbr resample: 25000 
	From worker 8:	ESS: 194.4374
	From worker 8:	Nbr resample: 25000 
Percentage done: 5.00 % 
Acceptance rate on iteration 1401 to 1500 is 0.3838
Covariance:
[0.00152873 -0.000763071 0.000251628 0.000803914 -0.000274989 -0.000267545 0.00080113; -0.000763071 0.000406643 -0.000154012 -0.000368066 0.000187899 9.55478e-5 -0.000442697; 0.000251628 -0.000154012 0.00119599 -0.000371102 -0.000708419 0.000267632 0.000382005; 0.000803914 -0.000368066 -0.000371102 0.000720519 0.000234313 -0.000342266 0.000232517; -0.000274989 0.000187899 -0.000708419 0.000234313 0.000580141 -0.000262573 -0.000412448; -0.000267545 9.55478e-5 0.000267632 -0.000342266 -0.000262573 0.000306507 3.1657e-5; 0.00080113 -0.000442697 0.000382005 0.000232517 -0.000412448 3.1657e-5 0.000596113]
Loglik: -136762.2872 
Loglik values on different cores:
[-136775.0,-1.36789e5,-1.36768e5,-1.36783e5,-1.36787e5,-1.36776e5,-1.36771e5,-1.36778e5,-1.3679e5,-1.3678e5]
	From worker 2:	ESS: 193.5333
	From worker 2:	Nbr resample: 25000 
	From worker 3:	ESS: 196.2796
	From worker 3:	Nbr resample: 25000 
	From worker 5:	ESS: 193.7221
	From worker 5:	Nbr resample: 25000 
	From worker 4:	ESS: 195.2238
	From worker 4:	Nbr resample: 25000 
	From worker 10:	ESS: 195.8924
	From worker 10:	Nbr resample: 25000 
	From worker 6:	ESS: 193.2574
	From worker 6:	Nbr resample: 25000 
	From worker 8:	ESS: 195.6639
	From worker 8:	Nbr resample: 25000 
	From worker 7:	ESS: 196.9924
	From worker 7:	Nbr resample: 25000 
	From worker 11:	ESS: 195.0524
	From worker 11:	Nbr resample: 25000 
	From worker 9:	ESS: 193.7800
	From worker 9:	Nbr resample: 25000 
	From worker 9:	ESS: 192.9958
	From worker 9:	Nbr resample: 25000 
	From worker 11:	ESS: 194.8575
	From worker 11:	Nbr resample: 25000 
	From worker 7:	ESS: 194.1901
	From worker 7:	Nbr resample: 25000 
	From worker 8:	ESS: 195.2639
	From worker 8:	Nbr resample: 25000 
	From worker 2:	ESS: 193.9923
	From worker 2:	Nbr resample: 25000 
	From worker 3:	ESS: 196.2756
	From worker 3:	Nbr resample: 25000 
	From worker 6:	ESS: 195.5443
	From worker 6:	Nbr resample: 25000 
	From worker 5:	ESS: 196.7164
	From worker 5:	Nbr resample: 25000 
	From worker 4:	ESS: 194.9933
	From worker 4:	Nbr resample: 25000 
	From worker 10:	ESS: 195.5782
	From worker 10:	Nbr resample: 25000 
Percentage done: 5.33 % 
Acceptance rate on iteration 1501 to 1600 is 0.3636
Covariance:
[0.00217039 -0.00111445 0.000256883 0.00110624 -0.000492623 -0.000314452 0.00121462; -0.00111445 0.000595362 -0.000153593 -0.000538529 0.000298916 0.000127622 -0.000662987; 0.000256883 -0.000153593 0.000998856 -0.000284011 -0.000607964 0.000224673 0.000348724; 0.00110624 -0.000538529 -0.000284011 0.00081623 6.86868e-5 -0.000331831 0.000457079; -0.000492623 0.000298916 -0.000607964 6.86868e-5 0.000577894 -0.000211799 -0.000514705; -0.000314452 0.000127622 0.000224673 -0.000331831 -0.000211799 0.000301486 -2.09044e-5; 0.00121462 -0.000662987 0.000348724 0.000457079 -0.000514705 -2.09044e-5 0.000838789]
Loglik: -136777.4155 
Loglik values on different cores:
[-136777.0,-1.36784e5,-1.36793e5,-1.36776e5,-1.36794e5,-1.36783e5,-136803.0,-1.36792e5,-1.36788e5,-1.36785e5]
	From worker 3:	ESS: 193.0328
	From worker 3:	Nbr resample: 25000 
	From worker 5:	ESS: 193.3016
	From worker 5:	Nbr resample: 25000 
	From worker 7:	ESS: 195.0941
	From worker 7:	Nbr resample: 25000 
	From worker 8:	ESS: 193.6324
	From worker 8:	Nbr resample: 25000 
	From worker 2:	ESS: 194.1553
	From worker 2:	Nbr resample: 25000 
	From worker 4:	ESS: 194.4008
	From worker 4:	Nbr resample: 25000 
	From worker 10:	ESS: 194.0633
	From worker 10:	Nbr resample: 25000 
	From worker 6:	ESS: 193.4626
	From worker 6:	Nbr resample: 25000 
	From worker 11:	ESS: 192.1933
	From worker 11:	Nbr resample: 25000 
	From worker 9:	ESS: 192.0414
	From worker 9:	Nbr resample: 25000 
	From worker 3:	ESS: 192.3628
	From worker 3:	Nbr resample: 25000 
	From worker 4:	ESS: 194.3843
	From worker 4:	Nbr resample: 25000 
	From worker 10:	ESS: 194.4846
	From worker 10:	Nbr resample: 25000 
	From worker 9:	ESS: 194.4980
	From worker 9:	Nbr resample: 25000 
	From worker 11:	ESS: 193.7538
	From worker 11:	Nbr resample: 25000 
	From worker 6:	ESS: 194.9178
	From worker 6:	Nbr resample: 25000 
	From worker 2:	ESS: 193.6020
	From worker 2:	Nbr resample: 25000 
	From worker 5:	ESS: 196.8074
	From worker 5:	Nbr resample: 25000 
	From worker 7:	ESS: 193.6157
	From worker 7:	Nbr resample: 25000 
	From worker 8:	ESS: 192.9221
	From worker 8:	Nbr resample: 25000 
Percentage done: 5.67 % 
Acceptance rate on iteration 1601 to 1700 is 0.3636
Covariance:
[0.00318868 -0.00156402 0.000224808 0.00171414 -0.000673501 -0.000433948 0.00164783; -0.00156402 0.000790078 -0.000137798 -0.00080635 0.000377136 0.000177576 -0.000848872; 0.000224808 -0.000137798 0.000880656 -0.000268212 -0.000541446 0.000225544 0.000304949; 0.00171414 -0.00080635 -0.000268212 0.00118182 -5.27535e-5 -0.000430563 0.000730689; -0.000673501 0.000377136 -0.000541446 -5.27535e-5 0.000573931 -0.000190167 -0.000569295; -0.000433948 0.000177576 0.000225544 -0.000430563 -0.000190167 0.000348562 -8.32626e-5; 0.00164783 -0.000848872 0.000304949 0.000730689 -0.000569295 -8.32626e-5 0.00100564]
Loglik: -136764.4966 
Loglik values on different cores:
[-1.36771e5,-1.3677e5,-1.36773e5,-1.36778e5,-1.36778e5,-1.36781e5,-136785.0,-1.36786e5,-1.3677e5,-1.36779e5]
	From worker 2:	ESS: 192.6732
	From worker 2:	Nbr resample: 25000 
	From worker 9:	ESS: 193.7491
	From worker 9:	Nbr resample: 25000 
	From worker 4:	ESS: 196.3599
	From worker 4:	Nbr resample: 25000 
	From worker 7:	ESS: 194.2852
	From worker 7:	Nbr resample: 25000 
	From worker 8:	ESS: 194.2766
	From worker 8:	Nbr resample: 25000 
	From worker 5:	ESS: 194.6318
	From worker 5:	Nbr resample: 25000 
	From worker 3:	ESS: 193.1848
	From worker 3:	Nbr resample: 25000 
	From worker 10:	ESS: 192.8581
	From worker 10:	Nbr resample: 25000 
	From worker 6:	ESS: 195.5754
	From worker 6:	Nbr resample: 25000 
	From worker 11:	ESS: 196.6268
	From worker 11:	Nbr resample: 25000 
	From worker 3:	ESS: 193.3173
	From worker 3:	Nbr resample: 25000 
	From worker 5:	ESS: 196.2528
	From worker 5:	Nbr resample: 25000 
	From worker 10:	ESS: 193.7346
	From worker 10:	Nbr resample: 25000 
	From worker 11:	ESS: 195.6162
	From worker 11:	Nbr resample: 25000 
	From worker 6:	ESS: 193.9407
	From worker 6:	Nbr resample: 25000 
	From worker 2:	ESS: 194.4831
	From worker 2:	Nbr resample: 25000 
	From worker 4:	ESS: 194.3297
	From worker 4:	Nbr resample: 25000 
	From worker 9:	ESS: 194.4545
	From worker 9:	Nbr resample: 25000 
	From worker 7:	ESS: 195.0458
	From worker 7:	Nbr resample: 25000 
	From worker 8:	ESS: 193.1878
	From worker 8:	Nbr resample: 25000 
Percentage done: 6.00 % 
Acceptance rate on iteration 1701 to 1800 is 0.3535
Covariance:
[0.00294191 -0.00145787 0.000220643 0.00156646 -0.000645263 -0.00036568 0.00154231; -0.00145787 0.000749612 -0.000131967 -0.000728473 0.000380752 0.000124307 -0.000810547; 0.000220643 -0.000131967 0.000771683 -0.000196084 -0.000438925 0.000170942 0.000259106; 0.00156646 -0.000728473 -0.000196084 0.00111776 1.89497e-6 -0.000446008 0.000645581; -0.000645263 0.000380752 -0.000438925 1.89497e-6 0.000627386 -0.000265544 -0.000590303; -0.00036568 0.000124307 0.000170942 -0.000446008 -0.000265544 0.000409513 -1.41712e-5; 0.00154231 -0.000810547 0.000259106 0.000645581 -0.000590303 -1.41712e-5 0.000975992]
Loglik: -136770.1903 
Loglik values on different cores:
[-1.36785e5,-1.36768e5,-1.36788e5,-1.36771e5,-1.36768e5,-1.36777e5,-1.36784e5,-1.36777e5,-1.36793e5,-1.36777e5]
	From worker 2:	ESS: 195.9353
	From worker 2:	Nbr resample: 25000 
	From worker 5:	ESS: 196.0792
	From worker 5:	Nbr resample: 25000 
	From worker 4:	ESS: 194.9332
	From worker 4:	Nbr resample: 25000 
	From worker 9:	ESS: 192.9030
	From worker 9:	Nbr resample: 25000 
	From worker 11:	ESS: 194.1544
	From worker 11:	Nbr resample: 25000 
	From worker 6:	ESS: 194.8036
	From worker 6:	Nbr resample: 25000 
	From worker 8:	ESS: 195.9236
	From worker 8:	Nbr resample: 25000 
	From worker 3:	ESS: 196.2017
	From worker 3:	Nbr resample: 25000 
	From worker 10:	ESS: 197.0007
