run Normal prior model
#####################################################################
Starting MCMC with adaptive RW estimating 7 parameters
Algorithm: MCWM
Adaptation algorithm: AMUpdate_gen
Prior distribution: Normal
Particel filter: parallel_bootstrap, on 10 cores
Iteration: 1
Covariance:
[0.142857 0.0 0.0 0.0 0.0 0.0 0.0; 0.0 0.142857 0.0 0.0 0.0 0.0 0.0; 0.0 0.0 0.142857 0.0 0.0 0.0 0.0; 0.0 0.0 0.0 0.142857 0.0 0.0 0.0; 0.0 0.0 0.0 0.0 0.142857 0.0 0.0; 0.0 0.0 0.0 0.0 0.0 0.142857 0.0; 0.0 0.0 0.0 0.0 0.0 0.0 0.142857]
	From worker 2:	ESS: 135.2296
	From worker 2:	Nbr resample: 35354 
	From worker 7:	ESS: 139.2071
	From worker 7:	Nbr resample: 35354 
	From worker 3:	ESS: 132.8585
	From worker 8:	ESS: 125.7088
	From worker 9:	ESS: 144.8064
	From worker 3:	Nbr resample: 35354 
	From worker 8:	Nbr resample: 35354 
	From worker 4:	ESS: 138.2202
	From worker 9:	Nbr resample: 35354 
	From worker 4:	Nbr resample: 35354 
	From worker 5:	ESS: 144.3259
	From worker 5:	Nbr resample: 35354 
	From worker 11:	ESS: 141.1634
	From worker 11:	Nbr resample: 35354 
	From worker 6:	ESS: 145.3510
	From worker 6:	Nbr resample: 35354 
	From worker 10:	ESS: 149.2197
	From worker 10:	Nbr resample: 35354 
Loglik: -235388.9101 
Percentage done: 0.50 % 
Acceptance rate on iteration 1 to 100 is 0.0505
Covariance:
[0.00708027 -0.000479811 -0.00151315 -0.00135542 0.000839637 -0.0014532 0.00307945; -0.000479811 0.00350164 0.00020464 0.000169805 -4.3693e-5 0.000137117 -0.000413278; -0.00151315 0.00020464 0.00414007 0.00065429 -0.000395272 0.000682944 -0.00131006; -0.00135542 0.000169805 0.00065429 0.00415332 -0.000481262 0.000708361 -0.00128141; 0.000839637 -4.3693e-5 -0.000395272 -0.000481262 0.00395403 -0.000682204 0.000813201; -0.0014532 0.000137117 0.000682944 0.000708361 -0.000682204 0.0043733 -0.00134218; 0.00307945 -0.000413278 -0.00131006 -0.00128141 0.000813201 -0.00134218 0.00612713]
Loglik: -234039.3938 
Loglik values on different cores:
[-2.34108e5,-2.34056e5,-234096.0,-2.34076e5,-2.34076e5,-234108.0,-2.33999e5,-2.34058e5,-2.34096e5,-2.34094e5]
	From worker 5:	ESS: 98.2959
	From worker 5:	Nbr resample: 35354 
	From worker 7:	ESS: 99.2549
	From worker 7:	Nbr resample: 35354 
	From worker 9:	ESS: 108.8310
	From worker 9:	Nbr resample: 35354 
	From worker 8:	ESS: 109.7572
	From worker 8:	Nbr resample: 35354 
	From worker 2:	ESS: 102.5080
	From worker 6:	ESS: 103.7275
	From worker 6:	Nbr resample: 35354 
	From worker 2:	Nbr resample: 35354 
	From worker 3:	ESS: 105.4199
	From worker 3:	Nbr resample: 35354 
	From worker 10:	ESS: 95.9094
	From worker 10:	Nbr resample: 35354 
	From worker 4:	ESS: 98.5422
	From worker 4:	Nbr resample: 35354 
	From worker 11:	ESS: 98.3544
	From worker 11:	Nbr resample: 35354 
	From worker 6:	ESS: 111.8796
	From worker 6:	Nbr resample: 35354 
	From worker 9:	ESS: 111.9601
	From worker 9:	Nbr resample: 35354 
	From worker 2:	ESS: 99.8353
	From worker 2:	Nbr resample: 35354 
	From worker 3:	ESS: 103.8576
	From worker 3:	Nbr resample: 35354 
	From worker 4:	ESS: 108.9519
	From worker 4:	Nbr resample: 35354 
	From worker 5:	ESS: 103.4735
	From worker 5:	Nbr resample: 35354 
	From worker 10:	ESS: 106.9822
	From worker 10:	Nbr resample: 35354 
	From worker 7:	ESS: 103.8749
	From worker 7:	Nbr resample: 35354 
	From worker 8:	ESS: 101.0276
	From worker 8:	Nbr resample: 35354 
	From worker 11:	ESS: 104.2252
	From worker 11:	Nbr resample: 35354 
Percentage done: 1.00 % 
Acceptance rate on iteration 101 to 200 is 0.1919
Covariance:
[0.00126724 -0.000130152 -0.000235786 -0.000230241 0.000133936 -0.000272109 0.000551493; -0.000130152 0.000535382 4.18808e-5 3.89984e-5 -1.58227e-5 3.66532e-5 -9.37982e-5; -0.000235786 4.18808e-5 0.000659692 0.000124251 -0.000109577 0.000152111 -0.000220775; -0.000230241 3.89984e-5 0.000124251 0.00065211 -7.48777e-5 0.00012594 -0.000238865; 0.000133936 -1.58227e-5 -0.000109577 -7.48777e-5 0.000708879 -0.000192389 0.000121604; -0.000272109 3.66532e-5 0.000152111 0.00012594 -0.000192389 0.000769586 -0.000224763; 0.000551493 -9.37982e-5 -0.000220775 -0.000238865 0.000121604 -0.000224763 0.00101781]
Loglik: -233995.7008 
Loglik values on different cores:
[-234031.0,-2.34031e5,-234089.0,-2.34049e5,-2.34031e5,-2.34061e5,-2.34023e5,-2.3404e5,-2.34107e5,-2.3405e5]
	From worker 6:	ESS: 105.7121
	From worker 6:	Nbr resample: 35354 
	From worker 8:	ESS: 122.1430
	From worker 8:	Nbr resample: 35354 
	From worker 3:	ESS: 120.9064
	From worker 3:	Nbr resample: 35354 
	From worker 4:	ESS: 113.8248
	From worker 4:	Nbr resample: 35354 
	From worker 7:	ESS: 115.7644
	From worker 7:	Nbr resample: 35354 
	From worker 5:	ESS: 115.2401
	From worker 5:	Nbr resample: 35354 
	From worker 2:	ESS: 127.0421
	From worker 2:	Nbr resample: 35354 
	From worker 9:	ESS: 107.7872
	From worker 9:	Nbr resample: 35354 
	From worker 11:	ESS: 101.5109
	From worker 11:	Nbr resample: 35354 
	From worker 10:	ESS: 121.9296
	From worker 10:	Nbr resample: 35354 
	From worker 7:	ESS: 115.4931
	From worker 7:	Nbr resample: 35354 
	From worker 9:	ESS: 127.9495
	From worker 9:	Nbr resample: 35354 
	From worker 2:	ESS: 105.5942
	From worker 2:	Nbr resample: 35354 
	From worker 5:	ESS: 119.6132
	From worker 5:	Nbr resample: 35354 
	From worker 11:	ESS: 118.1370
	From worker 11:	Nbr resample: 35354 
	From worker 10:	ESS: 122.8670
	From worker 10:	Nbr resample: 35354 
	From worker 3:	ESS: 116.2366
	From worker 3:	Nbr resample: 35354 
	From worker 6:	ESS: 123.5726
	From worker 6:	Nbr resample: 35354 
	From worker 4:	ESS: 113.6762
	From worker 4:	Nbr resample: 35354 
	From worker 8:	ESS: 118.6574
	From worker 8:	Nbr resample: 35354 
Percentage done: 1.50 % 
Acceptance rate on iteration 201 to 300 is 0.4040
Covariance:
[0.00144511 -0.000198454 0.000123945 -2.74185e-5 -0.000110017 -0.000283021 0.000371526; -0.000198454 0.000290436 -2.00997e-5 8.09433e-6 2.82012e-5 4.95621e-5 -6.55532e-5; 0.000123945 -2.00997e-5 0.000557855 0.000115624 -0.000258733 9.7922e-5 -5.38463e-5; -2.74185e-5 8.09433e-6 0.000115624 0.000377725 -4.49245e-5 2.87929e-5 -0.000134588; -0.000110017 2.82012e-5 -0.000258733 -4.49245e-5 0.000595628 -0.000151987 -2.94944e-5; -0.000283021 4.95621e-5 9.7922e-5 2.87929e-5 -0.000151987 0.000527507 -0.000108715; 0.000371526 -6.55532e-5 -5.38463e-5 -0.000134588 -2.94944e-5 -0.000108715 0.000618923]
Loglik: -233999.5154 
Loglik values on different cores:
[-2.34092e5,-2.34045e5,-2.34124e5,-2.3411e5,-2.34045e5,-2.34116e5,-2.34017e5,-2.34057e5,-2.34009e5,-2.34046e5]
	From worker 7:	ESS: 112.8441
	From worker 7:	Nbr resample: 35354 
	From worker 6:	ESS: 109.9374
	From worker 6:	Nbr resample: 35354 
	From worker 8:	ESS: 112.7094
	From worker 8:	Nbr resample: 35354 
	From worker 10:	ESS: 110.9796
	From worker 10:	Nbr resample: 35354 
	From worker 5:	ESS: 102.0298
	From worker 5:	Nbr resample: 35354 
	From worker 11:	ESS: 111.2513
	From worker 11:	Nbr resample: 35354 
	From worker 2:	ESS: 115.4949
	From worker 2:	Nbr resample: 35354 
	From worker 9:	ESS: 118.8552
	From worker 9:	Nbr resample: 35354 
	From worker 3:	ESS: 113.0158
	From worker 3:	Nbr resample: 35354 
	From worker 4:	ESS: 117.8512
	From worker 4:	Nbr resample: 35354 
	From worker 9:	ESS: 104.7024
	From worker 9:	Nbr resample: 35354 
	From worker 2:	ESS: 112.2966
	From worker 2:	Nbr resample: 35354 
	From worker 5:	ESS: 118.8743
	From worker 5:	Nbr resample: 35354 
	From worker 3:	ESS: 126.0328
	From worker 3:	Nbr resample: 35354 
	From worker 4:	ESS: 122.8827
	From worker 4:	Nbr resample: 35354 
	From worker 11:	ESS: 118.3024
	From worker 11:	Nbr resample: 35354 
	From worker 7:	ESS: 120.8745
	From worker 7:	Nbr resample: 35354 
	From worker 6:	ESS: 120.2216
	From worker 6:	Nbr resample: 35354 
	From worker 8:	ESS: 116.9890
	From worker 8:	Nbr resample: 35354 
	From worker 10:	ESS: 118.1656
	From worker 10:	Nbr resample: 35354 
Percentage done: 2.00 % 
Acceptance rate on iteration 301 to 400 is 0.4747
Covariance:
[0.00197843 -0.000403136 -0.000471101 -0.000149146 5.97771e-5 -0.000599471 0.000682732; -0.000403136 0.000285543 0.000146861 1.99897e-5 -2.03907e-6 0.000156814 -0.000168622; -0.000471101 0.000146861 0.000923463 0.000103261 -0.000313933 0.000263885 -0.000340266; -0.000149146 1.99897e-5 0.000103261 0.00043256 -7.24845e-5 -3.00409e-5 -0.000119905; 5.97771e-5 -2.03907e-6 -0.000313933 -7.24845e-5 0.000655759 -0.000150283 6.7665e-5; -0.000599471 0.000156814 0.000263885 -3.00409e-5 -0.000150283 0.000694853 -0.00027119; 0.000682732 -0.000168622 -0.000340266 -0.000119905 6.7665e-5 -0.00027119 0.000696153]
Loglik: -234030.3514 
Loglik values on different cores:
[-234117.0,-2.34056e5,-2.3412e5,-2.34092e5,-2.34077e5,-2.34089e5,-2.34068e5,-2.34103e5,-2.34038e5,-2.34118e5]
	From worker 7:	ESS: 111.7076
	From worker 7:	Nbr resample: 35354 
	From worker 2:	ESS: 110.8084
	From worker 2:	Nbr resample: 35354 
	From worker 5:	ESS: 119.5128
	From worker 5:	Nbr resample: 35354 
	From worker 3:	ESS: 114.3961
	From worker 3:	Nbr resample: 35354 
	From worker 9:	ESS: 115.1495
	From worker 9:	Nbr resample: 35354 
	From worker 4:	ESS: 109.7129
	From worker 4:	Nbr resample: 35354 
	From worker 10:	ESS: 121.8647
	From worker 10:	Nbr resample: 35354 
	From worker 6:	ESS: 124.8956
	From worker 6:	Nbr resample: 35354 
	From worker 11:	ESS: 120.2047
	From worker 11:	Nbr resample: 35354 
	From worker 8:	ESS: 118.0124
	From worker 8:	Nbr resample: 35354 
	From worker 5:	ESS: 121.0966
	From worker 5:	Nbr resample: 35354 
	From worker 2:	ESS: 113.4707
	From worker 2:	Nbr resample: 35354 
	From worker 9:	ESS: 130.7339
	From worker 9:	Nbr resample: 35354 
	From worker 3:	ESS: 122.3704
	From worker 3:	Nbr resample: 35354 
	From worker 4:	ESS: 113.5105
	From worker 4:	Nbr resample: 35354 
	From worker 6:	ESS: 122.5037
	From worker 6:	Nbr resample: 35354 
	From worker 10:	ESS: 122.5879
	From worker 10:	Nbr resample: 35354 
	From worker 7:	ESS: 123.6702
	From worker 7:	Nbr resample: 35354 
	From worker 11:	ESS: 120.1430
	From worker 11:	Nbr resample: 35354 
	From worker 8:	ESS: 108.6664
	From worker 8:	Nbr resample: 35354 
Percentage done: 2.50 % 
Acceptance rate on iteration 401 to 500 is 0.4242
Covariance:
[0.00187971 -0.000390094 -0.0002274 -0.000581371 -0.000154459 -0.000414484 0.000513127; -0.000390094 0.000262535 9.52288e-5 0.00013294 1.31515e-5 9.42715e-5 -0.000137845; -0.0002274 9.52288e-5 0.0010946 -8.15143e-5 -0.000411502 0.000419226 -0.00033446; -0.000581371 0.00013294 -8.15143e-5 0.00118396 0.000237659 -0.000108885 3.31538e-5; -0.000154459 1.31515e-5 -0.000411502 0.000237659 0.00066789 -0.000202221 0.000111851; -0.000414484 9.42715e-5 0.000419226 -0.000108885 -0.000202221 0.000685065 -0.000287534; 0.000513127 -0.000137845 -0.00033446 3.31538e-5 0.000111851 -0.000287534 0.000610942]
Loglik: -234035.2825 
Loglik values on different cores:
[-2.34151e5,-2.3411e5,-2.34119e5,-2.3413e5,-2.34091e5,-234119.0,-2.34055e5,-2.34113e5,-2.341e5,-2.3409e5]
	From worker 6:	ESS: 111.2230
	From worker 6:	Nbr resample: 35354 
	From worker 2:	ESS: 107.7686
	From worker 2:	Nbr resample: 35354 
	From worker 5:	ESS: 100.5857
	From worker 5:	Nbr resample: 35354 
	From worker 11:	ESS: 102.9141
	From worker 11:	Nbr resample: 35354 
	From worker 7:	ESS: 118.2747
	From worker 7:	Nbr resample: 35354 
	From worker 9:	ESS: 115.8306
	From worker 9:	Nbr resample: 35354 
	From worker 10:	ESS: 109.8790
	From worker 10:	Nbr resample: 35354 
	From worker 3:	ESS: 116.5309
	From worker 3:	Nbr resample: 35354 
	From worker 4:	ESS: 113.4508
	From worker 4:	Nbr resample: 35354 
	From worker 8:	ESS: 109.3207
	From worker 8:	Nbr resample: 35354 
	From worker 9:	ESS: 104.4742
	From worker 9:	Nbr resample: 35354 
	From worker 3:	ESS: 101.6625
	From worker 3:	Nbr resample: 35354 
	From worker 4:	ESS: 102.6545
	From worker 4:	Nbr resample: 35354 
	From worker 8:	ESS: 106.1299
	From worker 8:	Nbr resample: 35354 
	From worker 10:	ESS: 113.6782
	From worker 10:	Nbr resample: 35354 
	From worker 5:	ESS: 105.7692
	From worker 5:	Nbr resample: 35354 
	From worker 7:	ESS: 94.7751
	From worker 7:	Nbr resample: 35354 
	From worker 6:	ESS: 105.8034
	From worker 6:	Nbr resample: 35354 
	From worker 2:	ESS: 103.9774
	From worker 2:	Nbr resample: 35354 
	From worker 11:	ESS: 114.3454
	From worker 11:	Nbr resample: 35354 
Percentage done: 3.00 % 
Acceptance rate on iteration 501 to 600 is 0.4646
Covariance:
[0.00400525 -0.00102631 -0.000127866 -0.00175537 -0.000128954 -0.00110387 0.00164998; -0.00102631 0.000468115 0.000188379 0.000434399 -0.000157693 0.000380863 -0.000550227; -0.000127866 0.000188379 0.00176633 -0.00055521 -0.00120341 0.000736988 -0.000535985; -0.00175537 0.000434399 -0.00055521 0.00233939 0.000761645 -0.000106227 -0.000371603; -0.000128954 -0.000157693 -0.00120341 0.000761645 0.00147318 -0.000659443 0.000480399; -0.00110387 0.000380863 0.000736988 -0.000106227 -0.000659443 0.00110401 -0.000834437; 0.00164998 -0.000550227 -0.000535985 -0.000371603 0.000480399 -0.000834437 0.00152134]
Loglik: -234014.2096 
Loglik values on different cores:
[-2.34055e5,-2.34075e5,-2.34086e5,-234096.0,-2.34058e5,-234051.0,-2.34031e5,-2.34097e5,-2.34064e5,-234107.0]
	From worker 5:	ESS: 122.8729
	From worker 5:	Nbr resample: 35354 
	From worker 6:	ESS: 120.9695
	From worker 6:	Nbr resample: 35354 
	From worker 2:	ESS: 121.5467
	From worker 2:	Nbr resample: 35354 
	From worker 8:	ESS: 121.0158
	From worker 8:	Nbr resample: 35354 
	From worker 3:	ESS: 128.9738
	From worker 3:	Nbr resample: 35354 
	From worker 4:	ESS: 127.4417
	From worker 4:	Nbr resample: 35354 
	From worker 7:	ESS: 125.2212
	From worker 7:	Nbr resample: 35354 
	From worker 10:	ESS: 129.9640
	From worker 10:	Nbr resample: 35354 
	From worker 11:	ESS: 133.0450
	From worker 11:	Nbr resample: 35354 
	From worker 9:	ESS: 127.8758
	From worker 9:	Nbr resample: 35354 
	From worker 9:	ESS: 119.5821
	From worker 9:	Nbr resample: 35354 
	From worker 10:	ESS: 118.2015
	From worker 10:	Nbr resample: 35354 
	From worker 11:	ESS: 122.3496
	From worker 11:	Nbr resample: 35354 
	From worker 5:	ESS: 123.2097
	From worker 5:	Nbr resample: 35354 
	From worker 7:	ESS: 128.6022
	From worker 7:	Nbr resample: 35354 
	From worker 2:	ESS: 120.0724
	From worker 2:	Nbr resample: 35354 
	From worker 8:	ESS: 122.7727
	From worker 8:	Nbr resample: 35354 
	From worker 6:	ESS: 112.4590
	From worker 6:	Nbr resample: 35354 
	From worker 4:	ESS: 117.4992
	From worker 4:	Nbr resample: 35354 
	From worker 3:	ESS: 112.9873
	From worker 3:	Nbr resample: 35354 
Percentage done: 3.50 % 
Acceptance rate on iteration 601 to 700 is 0.3131
Covariance:
[0.00357288 -0.000754384 0.000239505 -0.00158678 -0.000665784 -0.000373517 0.00129267; -0.000754384 0.000362133 0.000109571 0.000313898 -7.63764e-5 0.000261137 -0.00042078; 0.000239505 0.000109571 0.00199802 0.000533081 -0.00114844 0.000347102 -0.000406482; -0.00158678 0.000313898 0.000533081 0.00389273 0.00093806 -0.000968184 -0.000226914; -0.000665784 -7.63764e-5 -0.00114844 0.00093806 0.00167394 -0.000830498 0.000430121; -0.000373517 0.000261137 0.000347102 -0.000968184 -0.000830498 0.00119514 -0.000591366; 0.00129267 -0.00042078 -0.000406482 -0.000226914 0.000430121 -0.000591366 0.00127564]
Loglik: -234032.9788 
Loglik values on different cores:
[-2.34089e5,-2.34067e5,-234032.0,-2.34127e5,-2.34041e5,-2.34098e5,-234062.0,-2.34068e5,-2.34078e5,-2.34037e5]
	From worker 5:	ESS: 125.2252
	From worker 5:	Nbr resample: 35354 
	From worker 7:	ESS: 113.6788
	From worker 7:	Nbr resample: 35354 
	From worker 2:	ESS: 121.8450
	From worker 2:	Nbr resample: 35354 
	From worker 6:	ESS: 118.1188
	From worker 6:	Nbr resample: 35354 
	From worker 9:	ESS: 133.0635
	From worker 9:	Nbr resample: 35354 
	From worker 8:	ESS: 115.5605
	From worker 8:	Nbr resample: 35354 
	From worker 3:	ESS: 124.0856
	From worker 3:	Nbr resample: 35354 
	From worker 10:	ESS: 128.0924
	From worker 10:	Nbr resample: 35354 
	From worker 4:	ESS: 122.2330
	From worker 4:	Nbr resample: 35354 
	From worker 11:	ESS: 124.4286
	From worker 11:	Nbr resample: 35354 
	From worker 7:	ESS: 121.1402
	From worker 7:	Nbr resample: 35354 
	From worker 5:	ESS: 121.6342
	From worker 5:	Nbr resample: 35354 
	From worker 6:	ESS: 119.0716
	From worker 6:	Nbr resample: 35354 
	From worker 9:	ESS: 115.7535
	From worker 9:	Nbr resample: 35354 
	From worker 2:	ESS: 122.2176
	From worker 2:	Nbr resample: 35354 
	From worker 3:	ESS: 110.2356
	From worker 3:	Nbr resample: 35354 
	From worker 4:	ESS: 116.1131
	From worker 4:	Nbr resample: 35354 
	From worker 8:	ESS: 128.0349
	From worker 8:	Nbr resample: 35354 
	From worker 10:	ESS: 110.6427
	From worker 10:	Nbr resample: 35354 
	From worker 11:	ESS: 114.3937
	From worker 11:	Nbr resample: 35354 
Percentage done: 4.00 % 
Acceptance rate on iteration 701 to 800 is 0.3131
Covariance:
[0.00387903 -0.000704694 0.000245318 -0.00146212 -0.000536525 -0.00011049 0.0010113; -0.000704694 0.000356586 0.000241751 0.000286768 -0.000297888 0.00036064 -0.000374561; 0.000245318 0.000241751 0.00198513 0.000406369 -0.00164842 0.00081721 -0.000540027; -0.00146212 0.000286768 0.000406369 0.00324498 0.000638512 -0.000840428 -0.000216414; -0.000536525 -0.000297888 -0.00164842 0.000638512 0.00251852 -0.00145155 0.000638497; -0.00011049 0.00036064 0.00081721 -0.000840428 -0.00145155 0.00159492 -0.00060532; 0.0010113 -0.000374561 -0.000540027 -0.000216414 0.000638497 -0.00060532 0.00133074]
Loglik: -234043.6184 
Loglik values on different cores:
[-2.34107e5,-2.34033e5,-2.34047e5,-2.34061e5,-2.34052e5,-2.34104e5,-2.34073e5,-2.34071e5,-2.34136e5,-2.34059e5]
	From worker 5:	ESS: 104.7371
	From worker 5:	Nbr resample: 35354 
	From worker 7:	ESS: 98.6510
	From worker 7:	Nbr resample: 35354 
	From worker 2:	ESS: 108.3972
	From worker 2:	Nbr resample: 35354 
	From worker 6:	ESS: 108.5832
	From worker 6:	Nbr resample: 35354 
	From worker 9:	ESS: 99.2388
	From worker 9:	Nbr resample: 35354 
	From worker 8:	ESS: 105.8785
	From worker 8:	Nbr resample: 35354 
	From worker 3:	ESS: 97.5743
	From worker 3:	Nbr resample: 35354 
	From worker 4:	ESS: 100.5871
	From worker 4:	Nbr resample: 35354 
	From worker 10:	ESS: 104.1744
	From worker 10:	Nbr resample: 35354 
	From worker 11:	ESS: 109.3742
	From worker 11:	Nbr resample: 35354 
	From worker 5:	ESS: 107.7323
	From worker 5:	Nbr resample: 35354 
	From worker 2:	ESS: 106.3329
	From worker 2:	Nbr resample: 35354 
	From worker 6:	ESS: 111.5581
	From worker 6:	Nbr resample: 35354 
	From worker 9:	ESS: 114.5471
	From worker 9:	Nbr resample: 35354 
	From worker 3:	ESS: 110.4912
	From worker 3:	Nbr resample: 35354 
	From worker 8:	ESS: 120.9232
	From worker 8:	Nbr resample: 35354 
	From worker 10:	ESS: 112.9840
	From worker 10:	Nbr resample: 35354 
	From worker 7:	ESS: 105.2356
	From worker 7:	Nbr resample: 35354 
	From worker 4:	ESS: 111.7795
	From worker 4:	Nbr resample: 35354 
	From worker 11:	ESS: 125.1910
	From worker 11:	Nbr resample: 35354 
Percentage done: 4.50 % 
Acceptance rate on iteration 801 to 900 is 0.3030
Covariance:
[0.00398558 -0.000807459 0.000336744 -0.00088345 -0.000635312 -0.000531706 0.000997026; -0.000807459 0.000391417 0.000207604 2.20669e-5 -0.000271563 0.000508373 -0.000481948; 0.000336744 0.000207604 0.0033004 0.000168518 -0.00331258 0.00145363 -0.000731788; -0.00088345 2.20669e-5 0.000168518 0.00308971 0.000730576 -0.00117386 0.000276149; -0.000635312 -0.000271563 -0.00331258 0.000730576 0.00441143 -0.00217669 0.000978257; -0.000531706 0.000508373 0.00145363 -0.00117386 -0.00217669 0.00215815 -0.00100245; 0.000997026 -0.000481948 -0.000731788 0.000276149 0.000978257 -0.00100245 0.0016196]
Loglik: -234025.7189 
Loglik values on different cores:
[-2.34069e5,-2.34053e5,-2.3405e5,-2.34066e5,-2.34127e5,-2.34093e5,-2.34064e5,-2.34048e5,-2.34035e5,-234027.0]
	From worker 7:	ESS: 127.9828
	From worker 7:	Nbr resample: 35354 
	From worker 8:	ESS: 122.9952
	From worker 8:	Nbr resample: 35354 
	From worker 4:	ESS: 125.3757
	From worker 4:	Nbr resample: 35354 
	From worker 10:	ESS: 120.3131
	From worker 10:	Nbr resample: 35354 
	From worker 11:	ESS: 121.7592
	From worker 11:	Nbr resample: 35354 
	From worker 5:	ESS: 117.9583
	From worker 5:	Nbr resample: 35354 
	From worker 2:	ESS: 114.6267
	From worker 2:	Nbr resample: 35354 
	From worker 3:	ESS: 129.0276
	From worker 3:	Nbr resample: 35354 
	From worker 9:	ESS: 118.8876
	From worker 9:	Nbr resample: 35354 
	From worker 6:	ESS: 113.6748
	From worker 6:	Nbr resample: 35354 
	From worker 5:	ESS: 117.7580
	From worker 5:	Nbr resample: 35354 
	From worker 6:	ESS: 118.8875
	From worker 6:	Nbr resample: 35354 
	From worker 2:	ESS: 113.7095
	From worker 2:	Nbr resample: 35354 
	From worker 9:	ESS: 101.6234
	From worker 9:	Nbr resample: 35354 
	From worker 3:	ESS: 122.1712
	From worker 3:	Nbr resample: 35354 
	From worker 11:	ESS: 125.6707
	From worker 11:	Nbr resample: 35354 
	From worker 7:	ESS: 117.3536
	From worker 7:	Nbr resample: 35354 
	From worker 8:	ESS: 135.1158
	From worker 8:	Nbr resample: 35354 
	From worker 4:	ESS: 115.7380
	From worker 4:	Nbr resample: 35354 
	From worker 10:	ESS: 116.9691
	From worker 10:	Nbr resample: 35354 
Percentage done: 5.00 % 
Acceptance rate on iteration 901 to 1000 is 0.2020
Covariance:
[0.00413267 -0.000620778 0.00262346 0.00114003 -0.00271392 -7.26922e-5 0.000985937; -0.000620778 0.000291748 0.000204113 9.10672e-5 -0.000233608 0.0004222 -0.000319077; 0.00262346 0.000204113 0.00935543 0.00453729 -0.00880285 0.00246672 0.00033399; 0.00114003 9.10672e-5 0.00453729 0.00586075 -0.00366901 0.000273769 0.000829532; -0.00271392 -0.000233608 -0.00880285 -0.00366901 0.00907479 -0.00283491 -0.000106662; -7.26922e-5 0.0004222 0.00246672 0.000273769 -0.00283491 0.00196905 -0.000488871; 0.000985937 -0.000319077 0.00033399 0.000829532 -0.000106662 -0.000488871 0.00125957]
Loglik: -233978.5598 
Loglik values on different cores:
[-2.34024e5,-2.34074e5,-2.34032e5,-2.34032e5,-2.34053e5,-233991.0,-234011.0,-2.34029e5,-2.34027e5,-2.34058e5]
	From worker 5:	ESS: 110.5235
	From worker 5:	Nbr resample: 35354 
	From worker 7:	ESS: 116.4630
	From worker 7:	Nbr resample: 35354 
	From worker 2:	ESS: 110.7875
	From worker 2:	Nbr resample: 35354 
	From worker 6:	ESS: 113.8715
	From worker 6:	Nbr resample: 35354 
	From worker 9:	ESS: 120.7544
	From worker 9:	Nbr resample: 35354 
	From worker 8:	ESS: 115.5250
	From worker 8:	Nbr resample: 35354 
	From worker 10:	ESS: 115.1579
	From worker 10:	Nbr resample: 35354 
	From worker 4:	ESS: 101.5933
	From worker 4:	Nbr resample: 35354 
	From worker 11:	ESS: 111.8050
	From worker 11:	Nbr resample: 35354 
	From worker 3:	ESS: 98.2971
	From worker 3:	Nbr resample: 35354 
	From worker 6:	ESS: 116.5636
	From worker 6:	Nbr resample: 35354 
	From worker 8:	ESS: 117.0310
	From worker 8:	Nbr resample: 35354 
	From worker 4:	ESS: 116.5304
	From worker 4:	Nbr resample: 35354 
	From worker 3:	ESS: 119.9958
	From worker 3:	Nbr resample: 35354 
	From worker 7:	ESS: 129.1175
	From worker 7:	Nbr resample: 35354 
	From worker 5:	ESS: 114.7029
	From worker 5:	Nbr resample: 35354 
	From worker 10:	ESS: 118.5979
	From worker 10:	Nbr resample: 35354 
	From worker 11:	ESS: 111.4007
	From worker 11:	Nbr resample: 35354 
	From worker 2:	ESS: 125.0648
	From worker 2:	Nbr resample: 35354 
	From worker 9:	ESS: 120.8981
	From worker 9:	Nbr resample: 35354 
Percentage done: 5.50 % 
Acceptance rate on iteration 1001 to 1100 is 0.1111
Covariance:
[0.00474189 -0.000470478 0.00120522 -0.00224527 -0.0020062 0.000120905 0.0023271; -0.000470478 0.000206416 8.72735e-6 -0.000208202 -4.27338e-5 0.000239106 -0.00019606; 0.00120522 8.72735e-6 0.00814969 0.00851536 -0.00706339 0.00215426 -0.000792752; -0.00224527 -0.000208202 0.00851536 0.0204359 -0.0055061 0.00130592 -0.00349728; -0.0020062 -4.27338e-5 -0.00706339 -0.0055061 0.00695064 -0.00228218 0.0001637; 0.000120905 0.000239106 0.00215426 0.00130592 -0.00228218 0.00148857 -0.000291569; 0.0023271 -0.00019606 -0.000792752 -0.00349728 0.0001637 -0.000291569 0.00247842]
Loglik: -233978.2401 
Loglik values on different cores:
[-2.34033e5,-2.34063e5,-2.34082e5,-2.34013e5,-2.34055e5,-2.33973e5,-2.34063e5,-2.33987e5,-2.34066e5,-2.34054e5]
	From worker 5:	ESS: 126.1783
	From worker 5:	Nbr resample: 35354 
	From worker 7:	ESS: 118.2920
	From worker 7:	Nbr resample: 35354 
	From worker 2:	ESS: 124.9892
	From worker 2:	Nbr resample: 35354 
	From worker 6:	ESS: 117.1262
	From worker 6:	Nbr resample: 35354 
	From worker 3:	ESS: 127.6555
	From worker 3:	Nbr resample: 35354 
	From worker 9:	ESS: 132.1920
	From worker 9:	Nbr resample: 35354 
	From worker 4:	ESS: 128.2180
	From worker 4:	Nbr resample: 35354 
	From worker 8:	ESS: 122.2895
	From worker 8:	Nbr resample: 35354 
	From worker 10:	ESS: 124.4792
	From worker 10:	Nbr resample: 35354 
	From worker 11:	ESS: 132.2084
	From worker 11:	Nbr resample: 35354 
	From worker 7:	ESS: 119.8024
	From worker 7:	Nbr resample: 35354 
	From worker 2:	ESS: 121.4457
	From worker 2:	Nbr resample: 35354 
	From worker 3:	ESS: 116.8850
	From worker 3:	Nbr resample: 35354 
	From worker 6:	ESS: 128.0064
	From worker 6:	Nbr resample: 35354 
	From worker 9:	ESS: 128.7634
	From worker 9:	Nbr resample: 35354 
	From worker 5:	ESS: 135.2205
	From worker 5:	Nbr resample: 35354 
	From worker 4:	ESS: 120.2256
	From worker 4:	Nbr resample: 35354 
	From worker 8:	ESS: 123.5207
	From worker 8:	Nbr resample: 35354 
	From worker 10:	ESS: 123.7400
	From worker 10:	Nbr resample: 35354 
	From worker 11:	ESS: 121.1363
	From worker 11:	Nbr resample: 35354 
Percentage done: 6.00 % 
Acceptance rate on iteration 1101 to 1200 is 0.0808
Covariance:
[0.00403465 -0.000363011 -0.000126785 -0.00319873 -0.000862357 1.5018e-5 0.0018314; -0.000363011 0.000142523 8.96818e-5 -8.31182e-6 -7.32017e-5 0.000157034 -0.000151111; -0.000126785 8.96818e-5 0.00694548 0.00841769 -0.00536394 0.00119999 -0.000942791; -0.00319873 -8.31182e-6 0.00841769 0.0188307 -0.00486673 0.000457101 -0.00311719; -0.000862357 -7.32017e-5 -0.00536394 -0.00486673 0.00489168 -0.00142054 0.000318191; 1.5018e-5 0.000157034 0.00119999 0.000457101 -0.00142054 0.00112383 -0.000213905; 0.0018314 -0.000151111 -0.000942791 -0.00311719 0.000318191 -0.000213905 0.00183347]
Loglik: -233939.5032 
Loglik values on different cores:
[-2.34059e5,-2.34078e5,-2.34069e5,-2.34025e5,-2.34027e5,-2.34077e5,-2.34048e5,-2.34058e5,-2.3406e5,-2.33975e5]
	From worker 7:	ESS: 125.8833
	From worker 7:	Nbr resample: 35354 
	From worker 2:	ESS: 111.0300
	From worker 2:	Nbr resample: 35354 
	From worker 6:	ESS: 114.0309
	From worker 6:	Nbr resample: 35354 
	From worker 9:	ESS: 113.2548
	From worker 9:	Nbr resample: 35354 
	From worker 4:	ESS: 105.5358
	From worker 4:	Nbr resample: 35354 
	From worker 10:	ESS: 121.7245
	From worker 10:	Nbr resample: 35354 
	From worker 5:	ESS: 120.6894
	From worker 5:	Nbr resample: 35354 
	From worker 11:	ESS: 105.8725
	From worker 11:	Nbr resample: 35354 
	From worker 3:	ESS: 124.4034
	From worker 3:	Nbr resample: 35354 
	From worker 8:	ESS: 125.4929
	From worker 8:	Nbr resample: 35354 
	From worker 5:	ESS: 121.3287
	From worker 5:	Nbr resample: 35354 
	From worker 3:	ESS: 116.6226
	From worker 3:	Nbr resample: 35354 
	From worker 8:	ESS: 113.6907
	From worker 8:	Nbr resample: 35354 
	From worker 11:	ESS: 127.8222
	From worker 11:	Nbr resample: 35354 
	From worker 10:	ESS: 119.2098
	From worker 10:	Nbr resample: 35354 
	From worker 7:	ESS: 124.6792
	From worker 7:	Nbr resample: 35354 
	From worker 2:	ESS: 113.5262
	From worker 2:	Nbr resample: 35354 
	From worker 9:	ESS: 117.0542
	From worker 9:	Nbr resample: 35354 
	From worker 4:	ESS: 113.7427
	From worker 4:	Nbr resample: 35354 
	From worker 6:	ESS: 115.1230
	From worker 6:	Nbr resample: 35354 
Percentage done: 6.50 % 
Acceptance rate on iteration 1201 to 1300 is 0.2020
Covariance:
[0.00325557 -0.000391022 0.000289782 -0.00199355 -0.000786525 0.000118819 0.00146896; -0.000391022 0.000256108 -0.000166936 -0.000529753 3.85788e-5 -3.31345e-5 -0.000255774; 0.000289782 -0.000166936 0.00573765 0.00707227 -0.00426449 0.00112075 -0.00042124; -0.00199355 -0.000529753 0.00707227 0.0161819 -0.00402798 0.000862736 -0.00183406; -0.000786525 3.85788e-5 -0.00426449 -0.00402798 0.00382024 -0.00114632 0.00011615; 0.000118819 -3.31345e-5 0.00112075 0.000862736 -0.00114632 0.00104046 -4.02802e-5; 0.00146896 -0.000255774 -0.00042124 -0.00183406 0.00011615 -4.02802e-5 0.0016041]
Loglik: -233950.6861 
Loglik values on different cores:
[-2.33965e5,-2.33996e5,-2.3395e5,-2.34007e5,-2.33997e5,-2.34007e5,-2.33983e5,-2.33998e5,-2.34047e5,-2.33999e5]
	From worker 7:	ESS: 112.6343
	From worker 7:	Nbr resample: 35354 
	From worker 6:	ESS: 105.7477
	From worker 6:	Nbr resample: 35354 
	From worker 4:	ESS: 109.4229
	From worker 4:	Nbr resample: 35354 
	From worker 5:	ESS: 101.9949
	From worker 5:	Nbr resample: 35354 
	From worker 10:	ESS: 108.9506
	From worker 10:	Nbr resample: 35354 
	From worker 11:	ESS: 119.0087
	From worker 11:	Nbr resample: 35354 
	From worker 2:	ESS: 108.9173
	From worker 2:	Nbr resample: 35354 
	From worker 8:	ESS: 99.8617
	From worker 8:	Nbr resample: 35354 
	From worker 3:	ESS: 116.9920
	From worker 3:	Nbr resample: 35354 
	From worker 9:	ESS: 121.0491
	From worker 9:	Nbr resample: 35354 
	From worker 2:	ESS: 109.5260
	From worker 2:	Nbr resample: 35354 
	From worker 9:	ESS: 106.8081
	From worker 9:	Nbr resample: 35354 
	From worker 3:	ESS: 105.2503
	From worker 3:	Nbr resample: 35354 
	From worker 5:	ESS: 107.2906
	From worker 5:	Nbr resample: 35354 
	From worker 4:	ESS: 107.6631
	From worker 4:	Nbr resample: 35354 
	From worker 8:	ESS: 100.8703
	From worker 8:	Nbr resample: 35354 
	From worker 7:	ESS: 123.3553
	From worker 7:	Nbr resample: 35354 
	From worker 11:	ESS: 118.4344
	From worker 11:	Nbr resample: 35354 
	From worker 10:	ESS: 108.2103
	From worker 10:	Nbr resample: 35354 
	From worker 6:	ESS: 112.1036
	From worker 6:	Nbr resample: 35354 
Percentage done: 7.00 % 
Acceptance rate on iteration 1301 to 1400 is 0.1414
Covariance:
[0.00310238 -0.000605838 0.000618657 -0.000907673 -0.000590924 0.000189918 0.00147409; -0.000605838 0.000358047 -0.000336296 -0.000709737 7.12308e-5 -0.000180922 -0.000409336; 0.000618657 -0.000336296 0.00440402 0.00522863 -0.00327843 0.00121379 0.00010603; -0.000907673 -0.000709737 0.00522863 0.0125306 -0.0024432 0.000457564 -0.00118344; -0.000590924 7.12308e-5 -0.00327843 -0.0024432 0.00341967 -0.00171736 -0.000355789; 0.000189918 -0.000180922 0.00121379 0.000457564 -0.00171736 0.00206844 0.00060142; 0.00147409 -0.000409336 0.00010603 -0.00118344 -0.000355789 0.00060142 0.00168258]
Loglik: -233905.1855 
Loglik values on different cores:
[-2.33971e5,-2.34029e5,-2.33978e5,-2.33977e5,-2.34015e5,-2.33942e5,-2.3396e5,-2.33966e5,-2.33961e5,-2.33923e5]
	From worker 5:	ESS: 118.7072
	From worker 5:	Nbr resample: 35354 
	From worker 7:	ESS: 112.5266
	From worker 7:	Nbr resample: 35354 
	From worker 6:	ESS: 119.7351
	From worker 6:	Nbr resample: 35354 
	From worker 3:	ESS: 116.1992
	From worker 3:	Nbr resample: 35354 
	From worker 10:	ESS: 121.5957
	From worker 10:	Nbr resample: 35354 
	From worker 11:	ESS: 123.5254
	From worker 11:	Nbr resample: 35354 
	From worker 4:	ESS: 118.0565
	From worker 4:	Nbr resample: 35354 
	From worker 2:	ESS: 114.8743
	From worker 2:	Nbr resample: 35354 
	From worker 9:	ESS: 110.4774
	From worker 9:	Nbr resample: 35354 
	From worker 8:	ESS: 123.7700
	From worker 8:	Nbr resample: 35354 
	From worker 2:	ESS: 103.6948
	From worker 2:	Nbr resample: 35354 
	From worker 9:	ESS: 116.0697
	From worker 9:	Nbr resample: 35354 
	From worker 4:	ESS: 118.4021
	From worker 4:	Nbr resample: 35354 
	From worker 8:	ESS: 119.1914
	From worker 8:	Nbr resample: 35354 
	From worker 10:	ESS: 107.7791
	From worker 10:	Nbr resample: 35354 
	From worker 5:	ESS: 119.8662
	From worker 5:	Nbr resample: 35354 
	From worker 11:	ESS: 126.1460
	From worker 11:	Nbr resample: 35354 
	From worker 3:	ESS: 122.4447
	From worker 3:	Nbr resample: 35354 
	From worker 7:	ESS: 102.5430
	From worker 7:	Nbr resample: 35354 
	From worker 6:	ESS: 116.6538
	From worker 6:	Nbr resample: 35354 
Percentage done: 7.50 % 
Acceptance rate on iteration 1401 to 1500 is 0.0808
Covariance:
[0.00264795 -0.000496614 0.000245237 -0.00143894 -0.000599011 0.000532932 0.00139458; -0.000496614 0.000262807 -0.000208735 -0.000388762 7.80995e-5 -0.000188802 -0.00034919; 0.000245237 -0.000208735 0.00329428 0.00419383 -0.00235692 0.000823802 -4.05442e-5; -0.00143894 -0.000388762 0.00419383 0.0105291 -0.00157403 -0.000189755 -0.00135701; -0.000599011 7.80995e-5 -0.00235692 -0.00157403 0.00262718 -0.00152626 -0.000410748; 0.000532932 -0.000188802 0.000823802 -0.000189755 -0.00152626 0.001956 0.000741829; 0.00139458 -0.00034919 -4.05442e-5 -0.00135701 -0.000410748 0.000741829 0.00149977]
Loglik: -233934.1633 
Loglik values on different cores:
[-2.3394e5,-2.33971e5,-2.33948e5,-2.33975e5,-2.33983e5,-2.33989e5,-233915.0,-2.33956e5,-2.3398e5,-2.33908e5]
	From worker 5:	ESS: 123.9465
	From worker 5:	Nbr resample: 35354 
	From worker 2:	ESS: 114.3089
	From worker 2:	Nbr resample: 35354 
	From worker 6:	ESS: 118.3303
	From worker 6:	Nbr resample: 35354 
	From worker 3:	ESS: 113.6538
	From worker 3:	Nbr resample: 35354 
	From worker 4:	ESS: 120.0949
	From worker 4:	Nbr resample: 35354 
	From worker 8:	ESS: 112.8797
	From worker 8:	Nbr resample: 35354 
	From worker 9:	ESS: 115.1006
	From worker 9:	Nbr resample: 35354 
	From worker 10:	ESS: 122.0465
	From worker 10:	Nbr resample: 35354 
	From worker 7:	ESS: 115.4449
	From worker 7:	Nbr resample: 35354 
	From worker 11:	ESS: 120.5541
	From worker 11:	Nbr resample: 35354 
	From worker 7:	ESS: 124.4641
	From worker 7:	Nbr resample: 35354 
	From worker 2:	ESS: 116.4838
	From worker 2:	Nbr resample: 35354 
	From worker 6:	ESS: 130.3653
	From worker 6:	Nbr resample: 35354 
	From worker 9:	ESS: 115.5928
	From worker 9:	Nbr resample: 35354 
	From worker 3:	ESS: 120.8037
	From worker 3:	Nbr resample: 35354 
	From worker 4:	ESS: 125.6057
	From worker 4:	Nbr resample: 35354 
	From worker 5:	ESS: 116.0632
	From worker 5:	Nbr resample: 35354 
	From worker 8:	ESS: 111.3405
	From worker 8:	Nbr resample: 35354 
	From worker 11:	ESS: 124.3199
	From worker 11:	Nbr resample: 35354 
	From worker 10:	ESS: 130.0870
	From worker 10:	Nbr resample: 35354 
Percentage done: 8.00 % 
Acceptance rate on iteration 1501 to 1600 is 0.2222
Covariance:
[0.0026094 -0.000479858 0.000154344 -0.00152554 -0.000325242 0.000365455 0.00142397; -0.000479858 0.000264488 -0.000191405 -0.000409906 6.65606e-6 -0.000163067 -0.000341326; 0.000154344 -0.000191405 0.00257686 0.00349187 -0.00172209 0.000530494 -9.75872e-5; -0.00152554 -0.000409906 0.00349187 0.00964865 -0.000946157 -0.000600095 -0.00156596; -0.000325242 6.65606e-6 -0.00172209 -0.000946157 0.00220973 -0.00147863 -0.000394557; 0.000365455 -0.000163067 0.000530494 -0.000600095 -0.00147863 0.00229143 0.000974821; 0.00142397 -0.000341326 -9.75872e-5 -0.00156596 -0.000394557 0.000974821 0.00161868]
Loglik: -234020.6032 
Loglik values on different cores:
[-2.34105e5,-2.34094e5,-2.34104e5,-2.34053e5,-2.34033e5,-2.34075e5,-2.34042e5,-2.34064e5,-2.34118e5,-2.34086e5]
	From worker 5:	ESS: 118.6197
	From worker 5:	Nbr resample: 35354 
	From worker 2:	ESS: 125.7538
	From worker 2:	Nbr resample: 35354 
	From worker 7:	ESS: 104.0408
	From worker 7:	Nbr resample: 35354 
	From worker 6:	ESS: 118.7268
	From worker 6:	Nbr resample: 35354 
	From worker 9:	ESS: 116.6872
	From worker 9:	Nbr resample: 35354 
	From worker 8:	ESS: 102.1377
	From worker 8:	Nbr resample: 35354 
	From worker 3:	ESS: 100.8540
	From worker 3:	Nbr resample: 35354 
	From worker 10:	ESS: 107.9956
	From worker 10:	Nbr resample: 35354 
	From worker 11:	ESS: 114.1408
	From worker 11:	Nbr resample: 35354 
	From worker 4:	ESS: 110.6081
	From worker 4:	Nbr resample: 35354 
	From worker 7:	ESS: 121.5574
	From worker 7:	Nbr resample: 35354 
	From worker 3:	ESS: 124.5826
	From worker 3:	Nbr resample: 35354 
	From worker 8:	ESS: 121.0296
	From worker 8:	Nbr resample: 35354 
	From worker 11:	ESS: 116.4360
	From worker 11:	Nbr resample: 35354 
	From worker 10:	ESS: 125.0264
	From worker 10:	Nbr resample: 35354 
	From worker 5:	ESS: 112.4134
	From worker 5:	Nbr resample: 35354 
	From worker 4:	ESS: 117.3265
	From worker 4:	Nbr resample: 35354 
	From worker 9:	ESS: 122.3875
	From worker 9:	Nbr resample: 35354 
	From worker 6:	ESS: 112.6310
	From worker 6:	Nbr resample: 35354 
	From worker 2:	ESS: 109.2546
	From worker 2:	Nbr resample: 35354 
Percentage done: 8.50 % 
Acceptance rate on iteration 1601 to 1700 is 0.1717
Covariance:
[0.0040888 -0.000674618 0.000373211 -0.00253314 -0.000631915 0.000174306 0.00201318; -0.000674618 0.000270129 -0.000172546 -0.000233179 -3.05386e-5 -5.9023e-5 -0.000393594; 0.000373211 -0.000172546 0.00202768 0.00251897 -0.00139903 0.000396025 2.34432e-5; -0.00253314 -0.000233179 0.00251897 0.00923632 3.81749e-5 -0.000731742 -0.00188206; -0.000631915 -3.05386e-5 -0.00139903 3.81749e-5 0.00212838 -0.00129607 -0.000473743; 0.000174306 -5.9023e-5 0.000396025 -0.000731742 -0.00129607 0.00190517 0.000742096; 0.00201318 -0.000393594 2.34432e-5 -0.00188206 -0.000473743 0.000742096 0.00167554]
Loglik: -233919.8243 
Loglik values on different cores:
[-2.33951e5,-2.3396e5,-234017.0,-2.34034e5,-2.33953e5,-2.33901e5,-2.3396e5,-2.33979e5,-2.33962e5,-2.33975e5]
	From worker 2:	ESS: 112.5785
	From worker 2:	Nbr resample: 35354 
	From worker 6:	ESS: 121.0526
	From worker 6:	Nbr resample: 35354 
	From worker 4:	ESS: 128.1968
	From worker 4:	Nbr resample: 35354 
	From worker 8:	ESS: 122.6894
	From worker 8:	Nbr resample: 35354 
	From worker 5:	ESS: 119.8532
	From worker 5:	Nbr resample: 35354 
	From worker 11:	ESS: 127.1321
	From worker 11:	Nbr resample: 35354 
	From worker 10:	ESS: 127.2092
	From worker 10:	Nbr resample: 35354 
	From worker 7:	ESS: 122.0546
	From worker 7:	Nbr resample: 35354 
	From worker 9:	ESS: 124.5359
	From worker 9:	Nbr resample: 35354 
	From worker 3:	ESS: 119.4333
	From worker 3:	Nbr resample: 35354 
	From worker 7:	ESS: 116.9271
	From worker 7:	Nbr resample: 35354 
	From worker 9:	ESS: 119.1327
	From worker 9:	Nbr resample: 35354 
	From worker 5:	ESS: 116.2271
	From worker 5:	Nbr resample: 35354 
	From worker 3:	ESS: 125.9096
	From worker 3:	Nbr resample: 35354 
	From worker 2:	ESS: 135.7185
	From worker 2:	Nbr resample: 35354 
	From worker 4:	ESS: 112.8251
	From worker 4:	Nbr resample: 35354 
	From worker 6:	ESS: 109.3607
	From worker 6:	Nbr resample: 35354 
	From worker 8:	ESS: 116.9071
	From worker 8:	Nbr resample: 35354 
	From worker 11:	ESS: 122.6827
	From worker 11:	Nbr resample: 35354 
	From worker 10:	ESS: 116.3220
	From worker 10:	Nbr resample: 35354 
Percentage done: 9.00 % 
Acceptance rate on iteration 1701 to 1800 is 0.1111
Covariance:
[0.00334839 -0.00056302 0.000258492 -0.00209573 -0.000436808 -0.000144847 0.00163379; -0.00056302 0.000218202 -0.000122388 -0.000114942 -3.02076e-5 3.2198e-5 -0.000332719; 0.000258492 -0.000122388 0.00154873 0.00206993 -0.00100697 0.000395828 -3.97137e-5; -0.00209573 -0.000114942 0.00206993 0.00786917 0.000133073 4.5769e-5 -0.00173204; -0.000436808 -3.02076e-5 -0.00100697 0.000133073 0.00160795 -0.000978746 -0.00037139; -0.000144847 3.2198e-5 0.000395828 4.5769e-5 -0.000978746 0.00200513 0.000321487; 0.00163379 -0.000332719 -3.97137e-5 -0.00173204 -0.00037139 0.000321487 0.00139415]
Loglik: -233890.9405 
Loglik values on different cores:
[-2.33965e5,-2.33946e5,-2.33944e5,-2.33942e5,-2.33934e5,-2.33972e5,-2.3394e5,-2.34016e5,-2.33949e5,-2.3397e5]
	From worker 6:	ESS: 132.0714
	From worker 6:	Nbr resample: 35354 
	From worker 8:	ESS: 121.3775
	From worker 8:	Nbr resample: 35354 
	From worker 7:	ESS: 127.9825
	From worker 7:	Nbr resample: 35354 
	From worker 5:	ESS: 119.9329
	From worker 5:	Nbr resample: 35354 
	From worker 11:	ESS: 138.4601
	From worker 11:	Nbr resample: 35354 
	From worker 4:	ESS: 134.9599
	From worker 4:	Nbr resample: 35354 
	From worker 2:	ESS: 127.3418
	From worker 2:	Nbr resample: 35354 
	From worker 3:	ESS: 119.9030
	From worker 3:	Nbr resample: 35354 
	From worker 10:	ESS: 125.7157
