test
Mean:
[0.740547; 0.529457; 3.09533; 3.33054; 0.449554; -0.0725423; 0.692472]
Std:
[0.414; 0.0605657; 0.00872864; 0.328394; 0.0809793; 0.125514; 0.0890202]
[1.95477 1.61525 1.93376 1.76332 2.36569 1.77159 1.97421 1.68768 2.02565 2.24692; 0.436182 0.497493 0.420806 0.477945 0.402051 0.514673 0.479259 0.472069 0.438797 0.414536; 3.10824 3.10421 3.09881 3.09192 3.10698 3.08947 3.09647 3.09773 3.08393 3.09858; 3.10997 3.35469 2.73659 3.17467 3.12135 2.75377 3.21805 3.2588 3.26982 2.84776; 0.399743 0.457483 0.308035 0.410238 0.4014 0.302757 0.421409 0.434602 0.434359 0.333703; 0.0233747 -0.0632215 0.251387 0.00648108 0.0611034 0.0650495 -0.0247367 -0.064401 -0.0182718 0.193093; 0.763005 0.70002 0.821037 0.664701 0.8327 0.60257 0.757991 0.685729 0.711575 0.8742; -1.63362e5 -163311.0 -1.6347e5 -1.63371e5 -1.63368e5 -163448.0 -1.63334e5 -1.63345e5 -1.63383e5 -1.6343e5]Starting ml estimationLength of training data: 4750Start values for optimization:
[-2.0838e6; 88.176; 16220.2; 1.14291e6; 1.88208e5; -7.50097e5; 926.417; 5523.05; -108.547; -10181.0; -1.74535e5; -19936.1; -3.32417e5; -5570.06; -5445.8; -992.622; 151.021; 107.649; -806.737; -272.612; 210.603; 527.298; -455.569; 736.652; -242.411; -7418.11; -41118.2; 1.65037e5; 883.038; 531.779; 1.59707e5; -1368.99; 406.698; -9417.35; 7235.38; 6613.13; 4.04557; 3.69899; -0.922839; -2.82247; -4.75757; -1.16453; -2.56503; -2.10716; -2.44034]Iter     Function value   Gradient norm 
     0     4.008855e+04     5.501335e+07
     1     3.957097e+04     9.853509e+01
Estimated parameters of the GP model:
Estimated Β:s:
[-2.0838e6,88.1762,16220.2,1.14291e6,1.88208e5,-7.50097e5,926.417,5523.05,-108.546,-10181.0,-1.74535e5,-19936.1,-3.32417e5,-5570.06,-5445.8,-992.622,151.022,107.65,-806.737,-272.612,210.603,527.297,-455.571,736.652,-242.41,-7418.12,-41118.2,1.65037e5,883.039,531.777,1.59707e5,-1368.99,406.696,-9417.35,7235.38,6613.13]
Estimated log Φ:s:
[3.92915,-283.721,-235.852,5131.08,51048.7,531.114,2176.16,2120.25,3981.01]
elapsed time: 661.510238657 seconds
Iterstion:
1
#####################################################################
Starting DA-GP-MCMC estimating 7 parameters 
MCMC algorithm: MCWM
Adaptation algorithm: noAdaptation
Prior distribution: Normal
Particle filter: parallel_bootstrap, on 4 cores
Nbr particles for particle filter: 250
Covariance - kernel_MH_direct:
[0.0377142 -0.00478521 -0.000109874 -0.000709428 -0.000252173 0.0015947 0.00463412; -0.00478521 0.00139235 1.73974e-5 8.1877e-5 2.90684e-5 -0.000772902 -0.00139168; -0.000109874 1.73974e-5 3.70011e-5 -0.000213132 -4.21292e-5 4.61245e-5 -1.84596e-5; -0.000709428 8.1877e-5 -0.000213132 0.0463308 0.0114297 -0.0156006 -0.000520352; -0.000252173 2.90684e-5 -4.21292e-5 0.0114297 0.00283785 -0.00388339 -0.000131216; 0.0015947 -0.000772902 4.61245e-5 -0.0156006 -0.00388339 0.00713501 0.0018052; 0.00463412 -0.00139168 -1.84596e-5 -0.000520352 -0.000131216 0.0018052 0.00310702]
Iteration: 1
Covariance:
[0.0543084 -0.00689071 -0.000158218 -0.00102158 -0.00036313 0.00229637 0.00667314; -0.00689071 0.00200498 2.50522e-5 0.000117903 4.18585e-5 -0.00111298 -0.00200402; -0.000158218 2.50522e-5 5.32815e-5 -0.000306911 -6.06661e-5 6.64193e-5 -2.65819e-5; -0.00102158 0.000117903 -0.000306911 0.0667163 0.0164588 -0.0224648 -0.000749307; -0.00036313 4.18585e-5 -6.06661e-5 0.0164588 0.0040865 -0.00559208 -0.000188951; 0.00229637 -0.00111298 6.64193e-5 -0.0224648 -0.00559208 0.0102744 0.00259948; 0.00667314 -0.00200402 -2.65819e-5 -0.000749307 -0.000188951 0.00259948 0.00447411]
Iteration: 1
Covariance:
[0.0543084 -0.00689071 -0.000158218 -0.00102158 -0.00036313 0.00229637 0.00667314; -0.00689071 0.00200498 2.50522e-5 0.000117903 4.18585e-5 -0.00111298 -0.00200402; -0.000158218 2.50522e-5 5.32815e-5 -0.000306911 -6.06661e-5 6.64193e-5 -2.65819e-5; -0.00102158 0.000117903 -0.000306911 0.0667163 0.0164588 -0.0224648 -0.000749307; -0.00036313 4.18585e-5 -6.06661e-5 0.0164588 0.0040865 -0.00559208 -0.000188951; 0.00229637 -0.00111298 6.64193e-5 -0.0224648 -0.00559208 0.0102744 0.00259948; 0.00667314 -0.00200402 -2.65819e-5 -0.000749307 -0.000188951 0.00259948 0.00447411]
Loglik start: -168762.8293 
Percentage done: 10.00 % 
Acceptance rate on iteration 1 to 100 is 0.1010
Covariance:
[0.0543084 -0.00689071 -0.000158218 -0.00102158 -0.00036313 0.00229637 0.00667314; -0.00689071 0.00200498 2.50522e-5 0.000117903 4.18585e-5 -0.00111298 -0.00200402; -0.000158218 2.50522e-5 5.32815e-5 -0.000306911 -6.06661e-5 6.64193e-5 -2.65819e-5; -0.00102158 0.000117903 -0.000306911 0.0667163 0.0164588 -0.0224648 -0.000749307; -0.00036313 4.18585e-5 -6.06661e-5 0.0164588 0.0040865 -0.00559208 -0.000188951; 0.00229637 -0.00111298 6.64193e-5 -0.0224648 -0.00559208 0.0102744 0.00259948; 0.00667314 -0.00200402 -2.65819e-5 -0.000749307 -0.000188951 0.00259948 0.00447411]
Loglik: -168773.9011 
Loglik values on different cores:
[-1.68825e5,-1.68817e5,-1.68801e5,-1.68833e5]
Percentage done: 20.00 % 
Acceptance rate on iteration 101 to 200 is 0.0101
Covariance:
[0.0543084 -0.00689071 -0.000158218 -0.00102158 -0.00036313 0.00229637 0.00667314; -0.00689071 0.00200498 2.50522e-5 0.000117903 4.18585e-5 -0.00111298 -0.00200402; -0.000158218 2.50522e-5 5.32815e-5 -0.000306911 -6.06661e-5 6.64193e-5 -2.65819e-5; -0.00102158 0.000117903 -0.000306911 0.0667163 0.0164588 -0.0224648 -0.000749307; -0.00036313 4.18585e-5 -6.06661e-5 0.0164588 0.0040865 -0.00559208 -0.000188951; 0.00229637 -0.00111298 6.64193e-5 -0.0224648 -0.00559208 0.0102744 0.00259948; 0.00667314 -0.00200402 -2.65819e-5 -0.000749307 -0.000188951 0.00259948 0.00447411]
Loglik: -168779.0771 
Loglik values on different cores:
[-1.68794e5,-168798.0,-1.68783e5,-1.68836e5]
Percentage done: 30.00 % 
Acceptance rate on iteration 201 to 300 is 0.0303
Covariance:
[0.0543084 -0.00689071 -0.000158218 -0.00102158 -0.00036313 0.00229637 0.00667314; -0.00689071 0.00200498 2.50522e-5 0.000117903 4.18585e-5 -0.00111298 -0.00200402; -0.000158218 2.50522e-5 5.32815e-5 -0.000306911 -6.06661e-5 6.64193e-5 -2.65819e-5; -0.00102158 0.000117903 -0.000306911 0.0667163 0.0164588 -0.0224648 -0.000749307; -0.00036313 4.18585e-5 -6.06661e-5 0.0164588 0.0040865 -0.00559208 -0.000188951; 0.00229637 -0.00111298 6.64193e-5 -0.0224648 -0.00559208 0.0102744 0.00259948; 0.00667314 -0.00200402 -2.65819e-5 -0.000749307 -0.000188951 0.00259948 0.00447411]
Loglik: -168757.4075 
Loglik values on different cores:
[-1.68786e5,-1.68739e5,-1.68812e5,-168769.0]
Percentage done: 40.00 % 
Acceptance rate on iteration 301 to 400 is 0.0000
Covariance:
[0.0543084 -0.00689071 -0.000158218 -0.00102158 -0.00036313 0.00229637 0.00667314; -0.00689071 0.00200498 2.50522e-5 0.000117903 4.18585e-5 -0.00111298 -0.00200402; -0.000158218 2.50522e-5 5.32815e-5 -0.000306911 -6.06661e-5 6.64193e-5 -2.65819e-5; -0.00102158 0.000117903 -0.000306911 0.0667163 0.0164588 -0.0224648 -0.000749307; -0.00036313 4.18585e-5 -6.06661e-5 0.0164588 0.0040865 -0.00559208 -0.000188951; 0.00229637 -0.00111298 6.64193e-5 -0.0224648 -0.00559208 0.0102744 0.00259948; 0.00667314 -0.00200402 -2.65819e-5 -0.000749307 -0.000188951 0.00259948 0.00447411]
Loglik: -168757.4075 
Loglik values on different cores:
[-168743.0,-1.68799e5,-1.68754e5,-1.68766e5]
Percentage done: 50.00 % 
Acceptance rate on iteration 401 to 500 is 0.0202
Covariance:
[0.0543084 -0.00689071 -0.000158218 -0.00102158 -0.00036313 0.00229637 0.00667314; -0.00689071 0.00200498 2.50522e-5 0.000117903 4.18585e-5 -0.00111298 -0.00200402; -0.000158218 2.50522e-5 5.32815e-5 -0.000306911 -6.06661e-5 6.64193e-5 -2.65819e-5; -0.00102158 0.000117903 -0.000306911 0.0667163 0.0164588 -0.0224648 -0.000749307; -0.00036313 4.18585e-5 -6.06661e-5 0.0164588 0.0040865 -0.00559208 -0.000188951; 0.00229637 -0.00111298 6.64193e-5 -0.0224648 -0.00559208 0.0102744 0.00259948; 0.00667314 -0.00200402 -2.65819e-5 -0.000749307 -0.000188951 0.00259948 0.00447411]
Loglik: -168766.3851 
Loglik values on different cores:
[-1.6879e5,-1.68791e5,-1.68785e5,-1.6879e5]
Percentage done: 60.00 % 
Acceptance rate on iteration 501 to 600 is 0.0404
Covariance:
[0.0543084 -0.00689071 -0.000158218 -0.00102158 -0.00036313 0.00229637 0.00667314; -0.00689071 0.00200498 2.50522e-5 0.000117903 4.18585e-5 -0.00111298 -0.00200402; -0.000158218 2.50522e-5 5.32815e-5 -0.000306911 -6.06661e-5 6.64193e-5 -2.65819e-5; -0.00102158 0.000117903 -0.000306911 0.0667163 0.0164588 -0.0224648 -0.000749307; -0.00036313 4.18585e-5 -6.06661e-5 0.0164588 0.0040865 -0.00559208 -0.000188951; 0.00229637 -0.00111298 6.64193e-5 -0.0224648 -0.00559208 0.0102744 0.00259948; 0.00667314 -0.00200402 -2.65819e-5 -0.000749307 -0.000188951 0.00259948 0.00447411]
Loglik: -168751.0940 
Loglik values on different cores:
[-1.68799e5,-1.68792e5,-1.68781e5,-1.68806e5]
Percentage done: 70.00 % 
Acceptance rate on iteration 601 to 700 is 0.0303
Covariance:
[0.0543084 -0.00689071 -0.000158218 -0.00102158 -0.00036313 0.00229637 0.00667314; -0.00689071 0.00200498 2.50522e-5 0.000117903 4.18585e-5 -0.00111298 -0.00200402; -0.000158218 2.50522e-5 5.32815e-5 -0.000306911 -6.06661e-5 6.64193e-5 -2.65819e-5; -0.00102158 0.000117903 -0.000306911 0.0667163 0.0164588 -0.0224648 -0.000749307; -0.00036313 4.18585e-5 -6.06661e-5 0.0164588 0.0040865 -0.00559208 -0.000188951; 0.00229637 -0.00111298 6.64193e-5 -0.0224648 -0.00559208 0.0102744 0.00259948; 0.00667314 -0.00200402 -2.65819e-5 -0.000749307 -0.000188951 0.00259948 0.00447411]
Loglik: -168758.4100 
Loglik values on different cores:
[-1.6876e5,-168774.0,-1.68766e5,-1.68786e5]
Percentage done: 80.00 % 
Acceptance rate on iteration 701 to 800 is 0.0808
Covariance:
[0.0543084 -0.00689071 -0.000158218 -0.00102158 -0.00036313 0.00229637 0.00667314; -0.00689071 0.00200498 2.50522e-5 0.000117903 4.18585e-5 -0.00111298 -0.00200402; -0.000158218 2.50522e-5 5.32815e-5 -0.000306911 -6.06661e-5 6.64193e-5 -2.65819e-5; -0.00102158 0.000117903 -0.000306911 0.0667163 0.0164588 -0.0224648 -0.000749307; -0.00036313 4.18585e-5 -6.06661e-5 0.0164588 0.0040865 -0.00559208 -0.000188951; 0.00229637 -0.00111298 6.64193e-5 -0.0224648 -0.00559208 0.0102744 0.00259948; 0.00667314 -0.00200402 -2.65819e-5 -0.000749307 -0.000188951 0.00259948 0.00447411]
Loglik: -168756.6996 
Loglik values on different cores:
[-1.68823e5,-168824.0,-1.68826e5,-1.68805e5]
Percentage done: 90.00 % 
Acceptance rate on iteration 801 to 900 is 0.0505
Covariance:
[0.0543084 -0.00689071 -0.000158218 -0.00102158 -0.00036313 0.00229637 0.00667314; -0.00689071 0.00200498 2.50522e-5 0.000117903 4.18585e-5 -0.00111298 -0.00200402; -0.000158218 2.50522e-5 5.32815e-5 -0.000306911 -6.06661e-5 6.64193e-5 -2.65819e-5; -0.00102158 0.000117903 -0.000306911 0.0667163 0.0164588 -0.0224648 -0.000749307; -0.00036313 4.18585e-5 -6.06661e-5 0.0164588 0.0040865 -0.00559208 -0.000188951; 0.00229637 -0.00111298 6.64193e-5 -0.0224648 -0.00559208 0.0102744 0.00259948; 0.00667314 -0.00200402 -2.65819e-5 -0.000749307 -0.000188951 0.00259948 0.00447411]
Loglik: -168769.7212 
Loglik values on different cores:
[-1.68777e5,-1.68797e5,-1.68785e5,-168784.0]
elapsed time: 1032.96367645 seconds
Ending DA-GP-MCMC with adaptive RW estimating 7 parameters
Algorithm: MCWM
Adaptation algorithm: noAdaptation
Prior distribution: Normal
Particle filter: parallel_bootstrap
Time pre-er:  0
Time fit GP model:  0
Time er-part:  1033
Number early-rejections: 787
Number of cases directly to ordinary MH: 159
Number of cases directly to ordinary MH accepted: 24
Number cases in in DA part: 840
Number cases in second stage: 53
Number accepted in second stage: 17
Total number of evaluations of the particle filter: 212
Acceptance rate for ordinary MH accepted: 15.0943
Acceptance rate a_1: 6.3095
Acceptance rate a_2: 32.0755
Acceptance rate a_1*a_2: 2.0238
Acceptance rate a (for entier algorithm): 4.1000
#####################################################################
Iterstion:
2
#####################################################################
Starting DA-GP-MCMC estimating 7 parameters 
MCMC algorithm: MCWM
Adaptation algorithm: noAdaptation
Prior distribution: Normal
Particle filter: parallel_bootstrap, on 4 cores
Nbr particles for particle filter: 250
Covariance - kernel_MH_direct:
[0.0377142 -0.00478521 -0.000109874 -0.000709428 -0.000252173 0.0015947 0.00463412; -0.00478521 0.00139235 1.73974e-5 8.1877e-5 2.90684e-5 -0.000772902 -0.00139168; -0.000109874 1.73974e-5 3.70011e-5 -0.000213132 -4.21292e-5 4.61245e-5 -1.84596e-5; -0.000709428 8.1877e-5 -0.000213132 0.0463308 0.0114297 -0.0156006 -0.000520352; -0.000252173 2.90684e-5 -4.21292e-5 0.0114297 0.00283785 -0.00388339 -0.000131216; 0.0015947 -0.000772902 4.61245e-5 -0.0156006 -0.00388339 0.00713501 0.0018052; 0.00463412 -0.00139168 -1.84596e-5 -0.000520352 -0.000131216 0.0018052 0.00310702]
Iteration: 1
Covariance:
[0.0543084 -0.00689071 -0.000158218 -0.00102158 -0.00036313 0.00229637 0.00667314; -0.00689071 0.00200498 2.50522e-5 0.000117903 4.18585e-5 -0.00111298 -0.00200402; -0.000158218 2.50522e-5 5.32815e-5 -0.000306911 -6.06661e-5 6.64193e-5 -2.65819e-5; -0.00102158 0.000117903 -0.000306911 0.0667163 0.0164588 -0.0224648 -0.000749307; -0.00036313 4.18585e-5 -6.06661e-5 0.0164588 0.0040865 -0.00559208 -0.000188951; 0.00229637 -0.00111298 6.64193e-5 -0.0224648 -0.00559208 0.0102744 0.00259948; 0.00667314 -0.00200402 -2.65819e-5 -0.000749307 -0.000188951 0.00259948 0.00447411]
Iteration: 1
Covariance:
[0.0543084 -0.00689071 -0.000158218 -0.00102158 -0.00036313 0.00229637 0.00667314; -0.00689071 0.00200498 2.50522e-5 0.000117903 4.18585e-5 -0.00111298 -0.00200402; -0.000158218 2.50522e-5 5.32815e-5 -0.000306911 -6.06661e-5 6.64193e-5 -2.65819e-5; -0.00102158 0.000117903 -0.000306911 0.0667163 0.0164588 -0.0224648 -0.000749307; -0.00036313 4.18585e-5 -6.06661e-5 0.0164588 0.0040865 -0.00559208 -0.000188951; 0.00229637 -0.00111298 6.64193e-5 -0.0224648 -0.00559208 0.0102744 0.00259948; 0.00667314 -0.00200402 -2.65819e-5 -0.000749307 -0.000188951 0.00259948 0.00447411]
Loglik start: -168749.4149 
Percentage done: 10.00 % 
Acceptance rate on iteration 1 to 100 is 0.0707
Covariance:
[0.0543084 -0.00689071 -0.000158218 -0.00102158 -0.00036313 0.00229637 0.00667314; -0.00689071 0.00200498 2.50522e-5 0.000117903 4.18585e-5 -0.00111298 -0.00200402; -0.000158218 2.50522e-5 5.32815e-5 -0.000306911 -6.06661e-5 6.64193e-5 -2.65819e-5; -0.00102158 0.000117903 -0.000306911 0.0667163 0.0164588 -0.0224648 -0.000749307; -0.00036313 4.18585e-5 -6.06661e-5 0.0164588 0.0040865 -0.00559208 -0.000188951; 0.00229637 -0.00111298 6.64193e-5 -0.0224648 -0.00559208 0.0102744 0.00259948; 0.00667314 -0.00200402 -2.65819e-5 -0.000749307 -0.000188951 0.00259948 0.00447411]
Loglik: -168801.8950 
Loglik values on different cores:
[-1.68849e5,-1.68826e5,-1.68829e5,-1.68782e5]
Percentage done: 20.00 % 
Acceptance rate on iteration 101 to 200 is 0.0202
Covariance:
[0.0543084 -0.00689071 -0.000158218 -0.00102158 -0.00036313 0.00229637 0.00667314; -0.00689071 0.00200498 2.50522e-5 0.000117903 4.18585e-5 -0.00111298 -0.00200402; -0.000158218 2.50522e-5 5.32815e-5 -0.000306911 -6.06661e-5 6.64193e-5 -2.65819e-5; -0.00102158 0.000117903 -0.000306911 0.0667163 0.0164588 -0.0224648 -0.000749307; -0.00036313 4.18585e-5 -6.06661e-5 0.0164588 0.0040865 -0.00559208 -0.000188951; 0.00229637 -0.00111298 6.64193e-5 -0.0224648 -0.00559208 0.0102744 0.00259948; 0.00667314 -0.00200402 -2.65819e-5 -0.000749307 -0.000188951 0.00259948 0.00447411]
Loglik: -168776.3408 
Loglik values on different cores:
[-1.68787e5,-168791.0,-1.68773e5,-1.68789e5]
Percentage done: 30.00 % 
Acceptance rate on iteration 201 to 300 is 0.0606
Covariance:
[0.0543084 -0.00689071 -0.000158218 -0.00102158 -0.00036313 0.00229637 0.00667314; -0.00689071 0.00200498 2.50522e-5 0.000117903 4.18585e-5 -0.00111298 -0.00200402; -0.000158218 2.50522e-5 5.32815e-5 -0.000306911 -6.06661e-5 6.64193e-5 -2.65819e-5; -0.00102158 0.000117903 -0.000306911 0.0667163 0.0164588 -0.0224648 -0.000749307; -0.00036313 4.18585e-5 -6.06661e-5 0.0164588 0.0040865 -0.00559208 -0.000188951; 0.00229637 -0.00111298 6.64193e-5 -0.0224648 -0.00559208 0.0102744 0.00259948; 0.00667314 -0.00200402 -2.65819e-5 -0.000749307 -0.000188951 0.00259948 0.00447411]
Loglik: -168756.6515 
Loglik values on different cores:
[-1.68796e5,-1.68801e5,-1.68832e5,-1.68759e5]
Percentage done: 40.00 % 
Acceptance rate on iteration 301 to 400 is 0.0606
Covariance:
[0.0543084 -0.00689071 -0.000158218 -0.00102158 -0.00036313 0.00229637 0.00667314; -0.00689071 0.00200498 2.50522e-5 0.000117903 4.18585e-5 -0.00111298 -0.00200402; -0.000158218 2.50522e-5 5.32815e-5 -0.000306911 -6.06661e-5 6.64193e-5 -2.65819e-5; -0.00102158 0.000117903 -0.000306911 0.0667163 0.0164588 -0.0224648 -0.000749307; -0.00036313 4.18585e-5 -6.06661e-5 0.0164588 0.0040865 -0.00559208 -0.000188951; 0.00229637 -0.00111298 6.64193e-5 -0.0224648 -0.00559208 0.0102744 0.00259948; 0.00667314 -0.00200402 -2.65819e-5 -0.000749307 -0.000188951 0.00259948 0.00447411]
Loglik: -168762.2038 
Loglik values on different cores:
[-1.68789e5,-1.68742e5,-1.68784e5,-1.68787e5]
Percentage done: 50.00 % 
Acceptance rate on iteration 401 to 500 is 0.0303
Covariance:
[0.0543084 -0.00689071 -0.000158218 -0.00102158 -0.00036313 0.00229637 0.00667314; -0.00689071 0.00200498 2.50522e-5 0.000117903 4.18585e-5 -0.00111298 -0.00200402; -0.000158218 2.50522e-5 5.32815e-5 -0.000306911 -6.06661e-5 6.64193e-5 -2.65819e-5; -0.00102158 0.000117903 -0.000306911 0.0667163 0.0164588 -0.0224648 -0.000749307; -0.00036313 4.18585e-5 -6.06661e-5 0.0164588 0.0040865 -0.00559208 -0.000188951; 0.00229637 -0.00111298 6.64193e-5 -0.0224648 -0.00559208 0.0102744 0.00259948; 0.00667314 -0.00200402 -2.65819e-5 -0.000749307 -0.000188951 0.00259948 0.00447411]
Loglik: -168767.1981 
Loglik values on different cores:
[-1.68794e5,-1.68766e5,-1.6877e5,-168777.0]
Percentage done: 60.00 % 
Acceptance rate on iteration 501 to 600 is 0.0101
Covariance:
[0.0543084 -0.00689071 -0.000158218 -0.00102158 -0.00036313 0.00229637 0.00667314; -0.00689071 0.00200498 2.50522e-5 0.000117903 4.18585e-5 -0.00111298 -0.00200402; -0.000158218 2.50522e-5 5.32815e-5 -0.000306911 -6.06661e-5 6.64193e-5 -2.65819e-5; -0.00102158 0.000117903 -0.000306911 0.0667163 0.0164588 -0.0224648 -0.000749307; -0.00036313 4.18585e-5 -6.06661e-5 0.0164588 0.0040865 -0.00559208 -0.000188951; 0.00229637 -0.00111298 6.64193e-5 -0.0224648 -0.00559208 0.0102744 0.00259948; 0.00667314 -0.00200402 -2.65819e-5 -0.000749307 -0.000188951 0.00259948 0.00447411]
Loglik: -168746.6645 
Loglik values on different cores:
[-1.68771e5,-168737.0,-1.68813e5,-1.68776e5]
Percentage done: 70.00 % 
Acceptance rate on iteration 601 to 700 is 0.0505
Covariance:
[0.0543084 -0.00689071 -0.000158218 -0.00102158 -0.00036313 0.00229637 0.00667314; -0.00689071 0.00200498 2.50522e-5 0.000117903 4.18585e-5 -0.00111298 -0.00200402; -0.000158218 2.50522e-5 5.32815e-5 -0.000306911 -6.06661e-5 6.64193e-5 -2.65819e-5; -0.00102158 0.000117903 -0.000306911 0.0667163 0.0164588 -0.0224648 -0.000749307; -0.00036313 4.18585e-5 -6.06661e-5 0.0164588 0.0040865 -0.00559208 -0.000188951; 0.00229637 -0.00111298 6.64193e-5 -0.0224648 -0.00559208 0.0102744 0.00259948; 0.00667314 -0.00200402 -2.65819e-5 -0.000749307 -0.000188951 0.00259948 0.00447411]
Loglik: -168810.3640 
Loglik values on different cores:
[-1.68786e5,-1.68851e5,-1.68807e5,-1.68775e5]
Percentage done: 80.00 % 
Acceptance rate on iteration 701 to 800 is 0.0202
Covariance:
[0.0543084 -0.00689071 -0.000158218 -0.00102158 -0.00036313 0.00229637 0.00667314; -0.00689071 0.00200498 2.50522e-5 0.000117903 4.18585e-5 -0.00111298 -0.00200402; -0.000158218 2.50522e-5 5.32815e-5 -0.000306911 -6.06661e-5 6.64193e-5 -2.65819e-5; -0.00102158 0.000117903 -0.000306911 0.0667163 0.0164588 -0.0224648 -0.000749307; -0.00036313 4.18585e-5 -6.06661e-5 0.0164588 0.0040865 -0.00559208 -0.000188951; 0.00229637 -0.00111298 6.64193e-5 -0.0224648 -0.00559208 0.0102744 0.00259948; 0.00667314 -0.00200402 -2.65819e-5 -0.000749307 -0.000188951 0.00259948 0.00447411]
Loglik: -168754.2916 
Loglik values on different cores:
[-1.6876e5,-168755.0,-1.68796e5,-1.68818e5]
Percentage done: 90.00 % 
Acceptance rate on iteration 801 to 900 is 0.0303
Covariance:
[0.0543084 -0.00689071 -0.000158218 -0.00102158 -0.00036313 0.00229637 0.00667314; -0.00689071 0.00200498 2.50522e-5 0.000117903 4.18585e-5 -0.00111298 -0.00200402; -0.000158218 2.50522e-5 5.32815e-5 -0.000306911 -6.06661e-5 6.64193e-5 -2.65819e-5; -0.00102158 0.000117903 -0.000306911 0.0667163 0.0164588 -0.0224648 -0.000749307; -0.00036313 4.18585e-5 -6.06661e-5 0.0164588 0.0040865 -0.00559208 -0.000188951; 0.00229637 -0.00111298 6.64193e-5 -0.0224648 -0.00559208 0.0102744 0.00259948; 0.00667314 -0.00200402 -2.65819e-5 -0.000749307 -0.000188951 0.00259948 0.00447411]
Loglik: -168803.1478 
Loglik values on different cores:
[-1.68866e5,-168831.0,-1.68794e5,-1.68822e5]
elapsed time: 1080.74172013 seconds
Ending DA-GP-MCMC with adaptive RW estimating 7 parameters
Algorithm: MCWM
Adaptation algorithm: noAdaptation
Prior distribution: Normal
Particle filter: parallel_bootstrap
Time pre-er:  0
Time fit GP model:  0
Time er-part:  1081
Number early-rejections: 777
Number of cases directly to ordinary MH: 155
Number of cases directly to ordinary MH accepted: 18
Number cases in in DA part: 844
Number cases in second stage: 67
Number accepted in second stage: 19
Total number of evaluations of the particle filter: 222
Acceptance rate for ordinary MH accepted: 11.6129
Acceptance rate a_1: 7.9384
Acceptance rate a_2: 28.3582
Acceptance rate a_1*a_2: 2.2512
Acceptance rate a (for entier algorithm): 3.7000
#####################################################################
Iterstion:
3
#####################################################################
Starting DA-GP-MCMC estimating 7 parameters 
MCMC algorithm: MCWM
Adaptation algorithm: noAdaptation
Prior distribution: Normal
Particle filter: parallel_bootstrap, on 4 cores
Nbr particles for particle filter: 250
Covariance - kernel_MH_direct:
[0.0377142 -0.00478521 -0.000109874 -0.000709428 -0.000252173 0.0015947 0.00463412; -0.00478521 0.00139235 1.73974e-5 8.1877e-5 2.90684e-5 -0.000772902 -0.00139168; -0.000109874 1.73974e-5 3.70011e-5 -0.000213132 -4.21292e-5 4.61245e-5 -1.84596e-5; -0.000709428 8.1877e-5 -0.000213132 0.0463308 0.0114297 -0.0156006 -0.000520352; -0.000252173 2.90684e-5 -4.21292e-5 0.0114297 0.00283785 -0.00388339 -0.000131216; 0.0015947 -0.000772902 4.61245e-5 -0.0156006 -0.00388339 0.00713501 0.0018052; 0.00463412 -0.00139168 -1.84596e-5 -0.000520352 -0.000131216 0.0018052 0.00310702]
Iteration: 1
Covariance:
[0.0543084 -0.00689071 -0.000158218 -0.00102158 -0.00036313 0.00229637 0.00667314; -0.00689071 0.00200498 2.50522e-5 0.000117903 4.18585e-5 -0.00111298 -0.00200402; -0.000158218 2.50522e-5 5.32815e-5 -0.000306911 -6.06661e-5 6.64193e-5 -2.65819e-5; -0.00102158 0.000117903 -0.000306911 0.0667163 0.0164588 -0.0224648 -0.000749307; -0.00036313 4.18585e-5 -6.06661e-5 0.0164588 0.0040865 -0.00559208 -0.000188951; 0.00229637 -0.00111298 6.64193e-5 -0.0224648 -0.00559208 0.0102744 0.00259948; 0.00667314 -0.00200402 -2.65819e-5 -0.000749307 -0.000188951 0.00259948 0.00447411]
Iteration: 1
Covariance:
[0.0543084 -0.00689071 -0.000158218 -0.00102158 -0.00036313 0.00229637 0.00667314; -0.00689071 0.00200498 2.50522e-5 0.000117903 4.18585e-5 -0.00111298 -0.00200402; -0.000158218 2.50522e-5 5.32815e-5 -0.000306911 -6.06661e-5 6.64193e-5 -2.65819e-5; -0.00102158 0.000117903 -0.000306911 0.0667163 0.0164588 -0.0224648 -0.000749307; -0.00036313 4.18585e-5 -6.06661e-5 0.0164588 0.0040865 -0.00559208 -0.000188951; 0.00229637 -0.00111298 6.64193e-5 -0.0224648 -0.00559208 0.0102744 0.00259948; 0.00667314 -0.00200402 -2.65819e-5 -0.000749307 -0.000188951 0.00259948 0.00447411]
Loglik start: -168759.1704 
Percentage done: 10.00 % 
Acceptance rate on iteration 1 to 100 is 0.0707
Covariance:
[0.0543084 -0.00689071 -0.000158218 -0.00102158 -0.00036313 0.00229637 0.00667314; -0.00689071 0.00200498 2.50522e-5 0.000117903 4.18585e-5 -0.00111298 -0.00200402; -0.000158218 2.50522e-5 5.32815e-5 -0.000306911 -6.06661e-5 6.64193e-5 -2.65819e-5; -0.00102158 0.000117903 -0.000306911 0.0667163 0.0164588 -0.0224648 -0.000749307; -0.00036313 4.18585e-5 -6.06661e-5 0.0164588 0.0040865 -0.00559208 -0.000188951; 0.00229637 -0.00111298 6.64193e-5 -0.0224648 -0.00559208 0.0102744 0.00259948; 0.00667314 -0.00200402 -2.65819e-5 -0.000749307 -0.000188951 0.00259948 0.00447411]
Loglik: -168758.3089 
Loglik values on different cores:
[-1.68775e5,-1.68777e5,-168792.0,-1.68801e5]
Percentage done: 20.00 % 
Acceptance rate on iteration 101 to 200 is 0.0101
Covariance:
[0.0543084 -0.00689071 -0.000158218 -0.00102158 -0.00036313 0.00229637 0.00667314; -0.00689071 0.00200498 2.50522e-5 0.000117903 4.18585e-5 -0.00111298 -0.00200402; -0.000158218 2.50522e-5 5.32815e-5 -0.000306911 -6.06661e-5 6.64193e-5 -2.65819e-5; -0.00102158 0.000117903 -0.000306911 0.0667163 0.0164588 -0.0224648 -0.000749307; -0.00036313 4.18585e-5 -6.06661e-5 0.0164588 0.0040865 -0.00559208 -0.000188951; 0.00229637 -0.00111298 6.64193e-5 -0.0224648 -0.00559208 0.0102744 0.00259948; 0.00667314 -0.00200402 -2.65819e-5 -0.000749307 -0.000188951 0.00259948 0.00447411]
Loglik: -168755.4649 
Loglik values on different cores:
[-1.68777e5,-1.6878e5,-1.68778e5,-1.68806e5]
Percentage done: 30.00 % 
Acceptance rate on iteration 201 to 300 is 0.0505
Covariance:
[0.0543084 -0.00689071 -0.000158218 -0.00102158 -0.00036313 0.00229637 0.00667314; -0.00689071 0.00200498 2.50522e-5 0.000117903 4.18585e-5 -0.00111298 -0.00200402; -0.000158218 2.50522e-5 5.32815e-5 -0.000306911 -6.06661e-5 6.64193e-5 -2.65819e-5; -0.00102158 0.000117903 -0.000306911 0.0667163 0.0164588 -0.0224648 -0.000749307; -0.00036313 4.18585e-5 -6.06661e-5 0.0164588 0.0040865 -0.00559208 -0.000188951; 0.00229637 -0.00111298 6.64193e-5 -0.0224648 -0.00559208 0.0102744 0.00259948; 0.00667314 -0.00200402 -2.65819e-5 -0.000749307 -0.000188951 0.00259948 0.00447411]
Loglik: -168799.6348 
Loglik values on different cores:
[-168812.0,-1.68793e5,-1.68819e5,-1.68816e5]
Percentage done: 40.00 % 
Acceptance rate on iteration 301 to 400 is 0.0404
Covariance:
[0.0543084 -0.00689071 -0.000158218 -0.00102158 -0.00036313 0.00229637 0.00667314; -0.00689071 0.00200498 2.50522e-5 0.000117903 4.18585e-5 -0.00111298 -0.00200402; -0.000158218 2.50522e-5 5.32815e-5 -0.000306911 -6.06661e-5 6.64193e-5 -2.65819e-5; -0.00102158 0.000117903 -0.000306911 0.0667163 0.0164588 -0.0224648 -0.000749307; -0.00036313 4.18585e-5 -6.06661e-5 0.0164588 0.0040865 -0.00559208 -0.000188951; 0.00229637 -0.00111298 6.64193e-5 -0.0224648 -0.00559208 0.0102744 0.00259948; 0.00667314 -0.00200402 -2.65819e-5 -0.000749307 -0.000188951 0.00259948 0.00447411]
Loglik: -168756.4812 
Loglik values on different cores:
[-1.68831e5,-1.68864e5,-1.68826e5,-1.68833e5]
Percentage done: 50.00 % 
Acceptance rate on iteration 401 to 500 is 0.0404
Covariance:
[0.0543084 -0.00689071 -0.000158218 -0.00102158 -0.00036313 0.00229637 0.00667314; -0.00689071 0.00200498 2.50522e-5 0.000117903 4.18585e-5 -0.00111298 -0.00200402; -0.000158218 2.50522e-5 5.32815e-5 -0.000306911 -6.06661e-5 6.64193e-5 -2.65819e-5; -0.00102158 0.000117903 -0.000306911 0.0667163 0.0164588 -0.0224648 -0.000749307; -0.00036313 4.18585e-5 -6.06661e-5 0.0164588 0.0040865 -0.00559208 -0.000188951; 0.00229637 -0.00111298 6.64193e-5 -0.0224648 -0.00559208 0.0102744 0.00259948; 0.00667314 -0.00200402 -2.65819e-5 -0.000749307 -0.000188951 0.00259948 0.00447411]
Loglik: -168834.7325 
Loglik values on different cores:
[-1.6886e5,-168863.0,-1.6886e5,-1.68816e5]
Percentage done: 60.00 % 
Acceptance rate on iteration 501 to 600 is 0.0909
Covariance:
[0.0543084 -0.00689071 -0.000158218 -0.00102158 -0.00036313 0.00229637 0.00667314; -0.00689071 0.00200498 2.50522e-5 0.000117903 4.18585e-5 -0.00111298 -0.00200402; -0.000158218 2.50522e-5 5.32815e-5 -0.000306911 -6.06661e-5 6.64193e-5 -2.65819e-5; -0.00102158 0.000117903 -0.000306911 0.0667163 0.0164588 -0.0224648 -0.000749307; -0.00036313 4.18585e-5 -6.06661e-5 0.0164588 0.0040865 -0.00559208 -0.000188951; 0.00229637 -0.00111298 6.64193e-5 -0.0224648 -0.00559208 0.0102744 0.00259948; 0.00667314 -0.00200402 -2.65819e-5 -0.000749307 -0.000188951 0.00259948 0.00447411]
Loglik: -168750.3564 
Loglik values on different cores:
[-1.6878e5,-1.68813e5,-1.68825e5,-1.68799e5]
Percentage done: 70.00 % 
Acceptance rate on iteration 601 to 700 is 0.0404
Covariance:
[0.0543084 -0.00689071 -0.000158218 -0.00102158 -0.00036313 0.00229637 0.00667314; -0.00689071 0.00200498 2.50522e-5 0.000117903 4.18585e-5 -0.00111298 -0.00200402; -0.000158218 2.50522e-5 5.32815e-5 -0.000306911 -6.06661e-5 6.64193e-5 -2.65819e-5; -0.00102158 0.000117903 -0.000306911 0.0667163 0.0164588 -0.0224648 -0.000749307; -0.00036313 4.18585e-5 -6.06661e-5 0.0164588 0.0040865 -0.00559208 -0.000188951; 0.00229637 -0.00111298 6.64193e-5 -0.0224648 -0.00559208 0.0102744 0.00259948; 0.00667314 -0.00200402 -2.65819e-5 -0.000749307 -0.000188951 0.00259948 0.00447411]
Loglik: -168774.5593 
Loglik values on different cores:
[-1.68781e5,-1.68794e5,-1.68816e5,-1.68793e5]
Percentage done: 80.00 % 
Acceptance rate on iteration 701 to 800 is 0.0303
Covariance:
[0.0543084 -0.00689071 -0.000158218 -0.00102158 -0.00036313 0.00229637 0.00667314; -0.00689071 0.00200498 2.50522e-5 0.000117903 4.18585e-5 -0.00111298 -0.00200402; -0.000158218 2.50522e-5 5.32815e-5 -0.000306911 -6.06661e-5 6.64193e-5 -2.65819e-5; -0.00102158 0.000117903 -0.000306911 0.0667163 0.0164588 -0.0224648 -0.000749307; -0.00036313 4.18585e-5 -6.06661e-5 0.0164588 0.0040865 -0.00559208 -0.000188951; 0.00229637 -0.00111298 6.64193e-5 -0.0224648 -0.00559208 0.0102744 0.00259948; 0.00667314 -0.00200402 -2.65819e-5 -0.000749307 -0.000188951 0.00259948 0.00447411]
Loglik: -168788.3835 
Loglik values on different cores:
[-1.68816e5,-1.68842e5,-1.68843e5,-1.68853e5]
Percentage done: 90.00 % 
Acceptance rate on iteration 801 to 900 is 0.0808
Covariance:
[0.0543084 -0.00689071 -0.000158218 -0.00102158 -0.00036313 0.00229637 0.00667314; -0.00689071 0.00200498 2.50522e-5 0.000117903 4.18585e-5 -0.00111298 -0.00200402; -0.000158218 2.50522e-5 5.32815e-5 -0.000306911 -6.06661e-5 6.64193e-5 -2.65819e-5; -0.00102158 0.000117903 -0.000306911 0.0667163 0.0164588 -0.0224648 -0.000749307; -0.00036313 4.18585e-5 -6.06661e-5 0.0164588 0.0040865 -0.00559208 -0.000188951; 0.00229637 -0.00111298 6.64193e-5 -0.0224648 -0.00559208 0.0102744 0.00259948; 0.00667314 -0.00200402 -2.65819e-5 -0.000749307 -0.000188951 0.00259948 0.00447411]
Loglik: -168776.1922 
Loglik values on different cores:
[-1.68819e5,-168793.0,-1.68787e5,-1.68802e5]
elapsed time: 1018.956613914 seconds
Ending DA-GP-MCMC with adaptive RW estimating 7 parameters
Algorithm: MCWM
Adaptation algorithm: noAdaptation
Prior distribution: Normal
Particle filter: parallel_bootstrap
Time pre-er:  0
Time fit GP model:  0
Time er-part:  1019
Number early-rejections: 789
Number of cases directly to ordinary MH: 158
Number of cases directly to ordinary MH accepted: 28
Number cases in in DA part: 841
Number cases in second stage: 52
Number accepted in second stage: 18
Total number of evaluations of the particle filter: 210
Acceptance rate for ordinary MH accepted: 17.7215
Acceptance rate a_1: 6.1831
Acceptance rate a_2: 34.6154
Acceptance rate a_1*a_2: 2.1403
Acceptance rate a (for entier algorithm): 4.6000
#####################################################################
Iterstion:
4
#####################################################################
Starting DA-GP-MCMC estimating 7 parameters 
MCMC algorithm: MCWM
Adaptation algorithm: noAdaptation
Prior distribution: Normal
Particle filter: parallel_bootstrap, on 4 cores
Nbr particles for particle filter: 250
Covariance - kernel_MH_direct:
[0.0377142 -0.00478521 -0.000109874 -0.000709428 -0.000252173 0.0015947 0.00463412; -0.00478521 0.00139235 1.73974e-5 8.1877e-5 2.90684e-5 -0.000772902 -0.00139168; -0.000109874 1.73974e-5 3.70011e-5 -0.000213132 -4.21292e-5 4.61245e-5 -1.84596e-5; -0.000709428 8.1877e-5 -0.000213132 0.0463308 0.0114297 -0.0156006 -0.000520352; -0.000252173 2.90684e-5 -4.21292e-5 0.0114297 0.00283785 -0.00388339 -0.000131216; 0.0015947 -0.000772902 4.61245e-5 -0.0156006 -0.00388339 0.00713501 0.0018052; 0.00463412 -0.00139168 -1.84596e-5 -0.000520352 -0.000131216 0.0018052 0.00310702]
Iteration: 1
Covariance:
[0.0543084 -0.00689071 -0.000158218 -0.00102158 -0.00036313 0.00229637 0.00667314; -0.00689071 0.00200498 2.50522e-5 0.000117903 4.18585e-5 -0.00111298 -0.00200402; -0.000158218 2.50522e-5 5.32815e-5 -0.000306911 -6.06661e-5 6.64193e-5 -2.65819e-5; -0.00102158 0.000117903 -0.000306911 0.0667163 0.0164588 -0.0224648 -0.000749307; -0.00036313 4.18585e-5 -6.06661e-5 0.0164588 0.0040865 -0.00559208 -0.000188951; 0.00229637 -0.00111298 6.64193e-5 -0.0224648 -0.00559208 0.0102744 0.00259948; 0.00667314 -0.00200402 -2.65819e-5 -0.000749307 -0.000188951 0.00259948 0.00447411]
Iteration: 1
Covariance:
[0.0543084 -0.00689071 -0.000158218 -0.00102158 -0.00036313 0.00229637 0.00667314; -0.00689071 0.00200498 2.50522e-5 0.000117903 4.18585e-5 -0.00111298 -0.00200402; -0.000158218 2.50522e-5 5.32815e-5 -0.000306911 -6.06661e-5 6.64193e-5 -2.65819e-5; -0.00102158 0.000117903 -0.000306911 0.0667163 0.0164588 -0.0224648 -0.000749307; -0.00036313 4.18585e-5 -6.06661e-5 0.0164588 0.0040865 -0.00559208 -0.000188951; 0.00229637 -0.00111298 6.64193e-5 -0.0224648 -0.00559208 0.0102744 0.00259948; 0.00667314 -0.00200402 -2.65819e-5 -0.000749307 -0.000188951 0.00259948 0.00447411]
Loglik start: -168744.1724 
Percentage done: 10.00 % 
Acceptance rate on iteration 1 to 100 is 0.0303
Covariance:
[0.0543084 -0.00689071 -0.000158218 -0.00102158 -0.00036313 0.00229637 0.00667314; -0.00689071 0.00200498 2.50522e-5 0.000117903 4.18585e-5 -0.00111298 -0.00200402; -0.000158218 2.50522e-5 5.32815e-5 -0.000306911 -6.06661e-5 6.64193e-5 -2.65819e-5; -0.00102158 0.000117903 -0.000306911 0.0667163 0.0164588 -0.0224648 -0.000749307; -0.00036313 4.18585e-5 -6.06661e-5 0.0164588 0.0040865 -0.00559208 -0.000188951; 0.00229637 -0.00111298 6.64193e-5 -0.0224648 -0.00559208 0.0102744 0.00259948; 0.00667314 -0.00200402 -2.65819e-5 -0.000749307 -0.000188951 0.00259948 0.00447411]
Loglik: -168752.7336 
Loglik values on different cores:
[-1.68763e5,-1.68768e5,-168776.0,-1.68759e5]
Percentage done: 20.00 % 
Acceptance rate on iteration 101 to 200 is 0.0000
Covariance:
[0.0543084 -0.00689071 -0.000158218 -0.00102158 -0.00036313 0.00229637 0.00667314; -0.00689071 0.00200498 2.50522e-5 0.000117903 4.18585e-5 -0.00111298 -0.00200402; -0.000158218 2.50522e-5 5.32815e-5 -0.000306911 -6.06661e-5 6.64193e-5 -2.65819e-5; -0.00102158 0.000117903 -0.000306911 0.0667163 0.0164588 -0.0224648 -0.000749307; -0.00036313 4.18585e-5 -6.06661e-5 0.0164588 0.0040865 -0.00559208 -0.000188951; 0.00229637 -0.00111298 6.64193e-5 -0.0224648 -0.00559208 0.0102744 0.00259948; 0.00667314 -0.00200402 -2.65819e-5 -0.000749307 -0.000188951 0.00259948 0.00447411]
Loglik: -168752.7336 
Loglik values on different cores:
[-1.68793e5,-1.68772e5,-1.68759e5,-1.68766e5]
Percentage done: 30.00 % 
Acceptance rate on iteration 201 to 300 is 0.0202
Covariance:
[0.0543084 -0.00689071 -0.000158218 -0.00102158 -0.00036313 0.00229637 0.00667314; -0.00689071 0.00200498 2.50522e-5 0.000117903 4.18585e-5 -0.00111298 -0.00200402; -0.000158218 2.50522e-5 5.32815e-5 -0.000306911 -6.06661e-5 6.64193e-5 -2.65819e-5; -0.00102158 0.000117903 -0.000306911 0.0667163 0.0164588 -0.0224648 -0.000749307; -0.00036313 4.18585e-5 -6.06661e-5 0.0164588 0.0040865 -0.00559208 -0.000188951; 0.00229637 -0.00111298 6.64193e-5 -0.0224648 -0.00559208 0.0102744 0.00259948; 0.00667314 -0.00200402 -2.65819e-5 -0.000749307 -0.000188951 0.00259948 0.00447411]
Loglik: -168733.0476 
Loglik values on different cores:
[-1.68794e5,-1.6873e5,-1.68779e5,-1.68802e5]
Percentage done: 40.00 % 
Acceptance rate on iteration 301 to 400 is 0.0202
Covariance:
[0.0543084 -0.00689071 -0.000158218 -0.00102158 -0.00036313 0.00229637 0.00667314; -0.00689071 0.00200498 2.50522e-5 0.000117903 4.18585e-5 -0.00111298 -0.00200402; -0.000158218 2.50522e-5 5.32815e-5 -0.000306911 -6.06661e-5 6.64193e-5 -2.65819e-5; -0.00102158 0.000117903 -0.000306911 0.0667163 0.0164588 -0.0224648 -0.000749307; -0.00036313 4.18585e-5 -6.06661e-5 0.0164588 0.0040865 -0.00559208 -0.000188951; 0.00229637 -0.00111298 6.64193e-5 -0.0224648 -0.00559208 0.0102744 0.00259948; 0.00667314 -0.00200402 -2.65819e-5 -0.000749307 -0.000188951 0.00259948 0.00447411]
Loglik: -168782.3495 
Loglik values on different cores:
[-1.68794e5,-1.68778e5,-1.68742e5,-168776.0]
Percentage done: 50.00 % 
Acceptance rate on iteration 401 to 500 is 0.0101
Covariance:
[0.0543084 -0.00689071 -0.000158218 -0.00102158 -0.00036313 0.00229637 0.00667314; -0.00689071 0.00200498 2.50522e-5 0.000117903 4.18585e-5 -0.00111298 -0.00200402; -0.000158218 2.50522e-5 5.32815e-5 -0.000306911 -6.06661e-5 6.64193e-5 -2.65819e-5; -0.00102158 0.000117903 -0.000306911 0.0667163 0.0164588 -0.0224648 -0.000749307; -0.00036313 4.18585e-5 -6.06661e-5 0.0164588 0.0040865 -0.00559208 -0.000188951; 0.00229637 -0.00111298 6.64193e-5 -0.0224648 -0.00559208 0.0102744 0.00259948; 0.00667314 -0.00200402 -2.65819e-5 -0.000749307 -0.000188951 0.00259948 0.00447411]
Loglik: -168752.7827 
Loglik values on different cores:
[-1.68794e5,-1.68806e5,-1.68763e5,-1.68786e5]
Percentage done: 60.00 % 
Acceptance rate on iteration 501 to 600 is 0.0303
Covariance:
[0.0543084 -0.00689071 -0.000158218 -0.00102158 -0.00036313 0.00229637 0.00667314; -0.00689071 0.00200498 2.50522e-5 0.000117903 4.18585e-5 -0.00111298 -0.00200402; -0.000158218 2.50522e-5 5.32815e-5 -0.000306911 -6.06661e-5 6.64193e-5 -2.65819e-5; -0.00102158 0.000117903 -0.000306911 0.0667163 0.0164588 -0.0224648 -0.000749307; -0.00036313 4.18585e-5 -6.06661e-5 0.0164588 0.0040865 -0.00559208 -0.000188951; 0.00229637 -0.00111298 6.64193e-5 -0.0224648 -0.00559208 0.0102744 0.00259948; 0.00667314 -0.00200402 -2.65819e-5 -0.000749307 -0.000188951 0.00259948 0.00447411]
Loglik: -168772.2127 
Loglik values on different cores:
[-1.68785e5,-1.68821e5,-1.68779e5,-1.68814e5]
Percentage done: 70.00 % 
Acceptance rate on iteration 601 to 700 is 0.0505
Covariance:
[0.0543084 -0.00689071 -0.000158218 -0.00102158 -0.00036313 0.00229637 0.00667314; -0.00689071 0.00200498 2.50522e-5 0.000117903 4.18585e-5 -0.00111298 -0.00200402; -0.000158218 2.50522e-5 5.32815e-5 -0.000306911 -6.06661e-5 6.64193e-5 -2.65819e-5; -0.00102158 0.000117903 -0.000306911 0.0667163 0.0164588 -0.0224648 -0.000749307; -0.00036313 4.18585e-5 -6.06661e-5 0.0164588 0.0040865 -0.00559208 -0.000188951; 0.00229637 -0.00111298 6.64193e-5 -0.0224648 -0.00559208 0.0102744 0.00259948; 0.00667314 -0.00200402 -2.65819e-5 -0.000749307 -0.000188951 0.00259948 0.00447411]
Loglik: -168778.8643 
Loglik values on different cores:
[-1.6881e5,-1.68808e5,-1.68819e5,-1.68788e5]
Percentage done: 80.00 % 
Acceptance rate on iteration 701 to 800 is 0.0404
Covariance:
[0.0543084 -0.00689071 -0.000158218 -0.00102158 -0.00036313 0.00229637 0.00667314; -0.00689071 0.00200498 2.50522e-5 0.000117903 4.18585e-5 -0.00111298 -0.00200402; -0.000158218 2.50522e-5 5.32815e-5 -0.000306911 -6.06661e-5 6.64193e-5 -2.65819e-5; -0.00102158 0.000117903 -0.000306911 0.0667163 0.0164588 -0.0224648 -0.000749307; -0.00036313 4.18585e-5 -6.06661e-5 0.0164588 0.0040865 -0.00559208 -0.000188951; 0.00229637 -0.00111298 6.64193e-5 -0.0224648 -0.00559208 0.0102744 0.00259948; 0.00667314 -0.00200402 -2.65819e-5 -0.000749307 -0.000188951 0.00259948 0.00447411]
Loglik: -168773.8249 
Loglik values on different cores:
[-1.68838e5,-1.68765e5,-1.688e5,-1.68818e5]
Percentage done: 90.00 % 
Acceptance rate on iteration 801 to 900 is 0.0202
Covariance:
