run Normal prior model
#####################################################################
Starting MCMC with adaptive RW estimating 7 parameters
Algorithm: MCWM
Adaptation algorithm: AMUpdate_gen
Prior distribution: Normal
Particel filter: parallel_bootstrap, on 10 cores
Iteration: 1
Covariance:
[0.142857 0.0 0.0 0.0 0.0 0.0 0.0; 0.0 0.142857 0.0 0.0 0.0 0.0 0.0; 0.0 0.0 0.142857 0.0 0.0 0.0 0.0; 0.0 0.0 0.0 0.142857 0.0 0.0 0.0; 0.0 0.0 0.0 0.0 0.142857 0.0 0.0; 0.0 0.0 0.0 0.0 0.0 0.142857 0.0; 0.0 0.0 0.0 0.0 0.0 0.0 0.142857]
	From worker 2:	ESS: 364.5820
	From worker 2:	Nbr resample: 24799 
	From worker 7:	ESS: 358.9335
	From worker 7:	Nbr resample: 24799 
	From worker 6:	ESS: 411.2226
	From worker 6:	Nbr resample: 24799 
	From worker 3:	ESS: 357.0288
	From worker 3:	Nbr resample: 24799 
	From worker 10:	ESS: 382.4386
	From worker 10:	Nbr resample: 24799 
	From worker 5:	ESS: 382.7991
	From worker 5:	Nbr resample: 24799 
	From worker 8:	ESS: 365.5018
	From worker 8:	Nbr resample: 24799 
	From worker 9:	ESS: 366.0189
	From worker 11:	ESS: 355.7296
	From worker 9:	Nbr resample: 24799 
	From worker 11:	Nbr resample: 24799 
	From worker 4:	ESS: 358.6771
	From worker 4:	Nbr resample: 24799 
Loglik: -191508.5914 
Percentage done: 0.50 % 
Acceptance rate on iteration 1 to 100 is 0.1111
Covariance:
[0.0147496 -0.00292318 0.00608523 0.00694977 0.000374048 -0.00141514 0.00504348; -0.00292318 0.00607015 -0.00192547 -0.00232903 0.000309886 0.000426328 -0.00170909; 0.00608523 -0.00192547 0.0109576 0.00307067 0.000349689 -0.000793638 0.00371254; 0.00694977 -0.00232903 0.00307067 0.0118363 -0.00109056 -0.000991031 0.00368931; 0.000374048 0.000309886 0.000349689 -0.00109056 0.00779356 -4.38722e-5 -0.000589667; -0.00141514 0.000426328 -0.000793638 -0.000991031 -4.38722e-5 0.00550078 -0.000969671; 0.00504348 -0.00170909 0.00371254 0.00368931 -0.000589667 -0.000969671 0.00866875]
Loglik: -186647.7646 
Loglik values on different cores:
[-1.86664e5,-1.86703e5,-1.86663e5,-1.86679e5,-1.86651e5,-1.86686e5,-1.86671e5,-1.86701e5,-1.86665e5,-1.86676e5]
	From worker 7:	ESS: 247.4448
	From worker 7:	Nbr resample: 24799 
	From worker 4:	ESS: 274.7859
	From worker 4:	Nbr resample: 24799 
	From worker 5:	ESS: 229.6101
	From worker 5:	Nbr resample: 24799 
	From worker 10:	ESS: 253.3854
	From worker 10:	Nbr resample: 24799 
	From worker 11:	ESS: 255.1169
	From worker 11:	Nbr resample: 24799 
	From worker 6:	ESS: 243.4455
	From worker 6:	Nbr resample: 24799 
	From worker 8:	ESS: 293.5454
	From worker 8:	Nbr resample: 24799 
	From worker 2:	ESS: 277.3729
	From worker 2:	Nbr resample: 24799 
	From worker 9:	ESS: 197.1108
	From worker 9:	Nbr resample: 24799 
	From worker 3:	ESS: 243.5066
	From worker 3:	Nbr resample: 24799 
	From worker 2:	ESS: 303.6518
	From worker 2:	Nbr resample: 24799 
	From worker 4:	ESS: 317.4259
	From worker 4:	Nbr resample: 24799 
	From worker 6:	ESS: 288.6211
	From worker 6:	Nbr resample: 24799 
	From worker 8:	ESS: 285.3589
	From worker 8:	Nbr resample: 24799 
	From worker 11:	ESS: 366.1824
	From worker 11:	Nbr resample: 24799 
	From worker 9:	ESS: 311.8854
	From worker 9:	Nbr resample: 24799 
	From worker 7:	ESS: 386.0759
	From worker 7:	Nbr resample: 24799 
	From worker 3:	ESS: 384.2924
	From worker 3:	Nbr resample: 24799 
	From worker 10:	ESS: 230.7563
	From worker 10:	Nbr resample: 24799 
	From worker 5:	ESS: 302.5069
	From worker 5:	Nbr resample: 24799 
Percentage done: 1.00 % 
Acceptance rate on iteration 101 to 200 is 0.1313
Covariance:
[0.00271317 -0.000594981 0.00114328 0.000928839 0.000241677 -6.19349e-5 0.00103559; -0.000594981 0.000957238 -0.000376201 -0.000305702 -6.00481e-6 5.33015e-5 -0.000350582; 0.00114328 -0.000376201 0.00187116 0.000491112 0.000102537 -0.000232694 0.000641117; 0.000928839 -0.000305702 0.000491112 0.00196003 -0.00029438 -0.000268024 0.000418336; 0.000241677 -6.00481e-6 0.000102537 -0.00029438 0.0012962 0.000113021 3.20775e-5; -6.19349e-5 5.33015e-5 -0.000232694 -0.000268024 0.000113021 0.00137177 -3.79746e-5; 0.00103559 -0.000350582 0.000641117 0.000418336 3.20775e-5 -3.79746e-5 0.00148002]
Loglik: -186603.4399 
Loglik values on different cores:
[-1.86651e5,-186621.0,-1.86619e5,-1.86634e5,-1.86594e5,-1.86621e5,-1.86639e5,-1.86637e5,-1.86621e5,-1.86627e5]
	From worker 6:	ESS: 323.7353
	From worker 6:	Nbr resample: 24799 
	From worker 8:	ESS: 355.9327
	From worker 8:	Nbr resample: 24799 
	From worker 4:	ESS: 358.8879
	From worker 4:	Nbr resample: 24799 
	From worker 5:	ESS: 339.6873
	From worker 5:	Nbr resample: 24799 
	From worker 3:	ESS: 293.6485
	From worker 3:	Nbr resample: 24799 
	From worker 7:	ESS: 341.7589
	From worker 7:	Nbr resample: 24799 
	From worker 11:	ESS: 259.4239
	From worker 11:	Nbr resample: 24799 
	From worker 10:	ESS: 379.3603
	From worker 10:	Nbr resample: 24799 
	From worker 9:	ESS: 292.6839
	From worker 9:	Nbr resample: 24799 
	From worker 2:	ESS: 314.7752
	From worker 2:	Nbr resample: 24799 
	From worker 2:	ESS: 325.3995
	From worker 2:	Nbr resample: 24799 
	From worker 11:	ESS: 321.0450
	From worker 11:	Nbr resample: 24799 
	From worker 5:	ESS: 256.3094
	From worker 5:	Nbr resample: 24799 
	From worker 7:	ESS: 340.7266
	From worker 7:	Nbr resample: 24799 
	From worker 10:	ESS: 281.2446
	From worker 10:	Nbr resample: 24799 
	From worker 4:	ESS: 288.4379
	From worker 4:	Nbr resample: 24799 
	From worker 8:	ESS: 259.3691
	From worker 8:	Nbr resample: 24799 
	From worker 6:	ESS: 299.4553
	From worker 6:	Nbr resample: 24799 
	From worker 9:	ESS: 280.8712
	From worker 9:	Nbr resample: 24799 
	From worker 3:	ESS: 301.2042
	From worker 3:	Nbr resample: 24799 
Percentage done: 1.50 % 
Acceptance rate on iteration 201 to 300 is 0.2121
Covariance:
[0.00194174 -0.000266677 0.000291133 0.000570488 0.000251248 0.000609694 0.000468736; -0.000266677 0.000358762 -0.000117147 -0.000147704 -1.97319e-5 -2.20992e-5 -0.000130544; 0.000291133 -0.000117147 0.000785569 0.000150753 -3.43978e-5 -0.000265358 0.000302605; 0.000570488 -0.000147704 0.000150753 0.000882201 -4.86272e-5 6.11429e-5 0.000178241; 0.000251248 -1.97319e-5 -3.43978e-5 -4.86272e-5 0.000524957 0.000220519 -8.19399e-6; 0.000609694 -2.20992e-5 -0.000265358 6.11429e-5 0.000220519 0.00105995 -4.47547e-5; 0.000468736 -0.000130544 0.000302605 0.000178241 -8.19399e-6 -4.47547e-5 0.000629609]
Loglik: -186621.6248 
Loglik values on different cores:
[-1.86632e5,-1.86634e5,-1.86645e5,-1.86625e5,-1.86637e5,-1.86641e5,-1.8665e5,-186664.0,-1.86669e5,-1.86661e5]
	From worker 9:	ESS: 337.6005
	From worker 9:	Nbr resample: 24799 
	From worker 7:	ESS: 310.0530
	From worker 7:	Nbr resample: 24799 
	From worker 5:	ESS: 341.8676
	From worker 5:	Nbr resample: 24799 
	From worker 11:	ESS: 362.6073
	From worker 11:	Nbr resample: 24799 
	From worker 4:	ESS: 270.8061
	From worker 4:	Nbr resample: 24799 
	From worker 6:	ESS: 309.0257
	From worker 6:	Nbr resample: 24799 
	From worker 10:	ESS: 338.1883
	From worker 10:	Nbr resample: 24799 
	From worker 8:	ESS: 267.2354
	From worker 8:	Nbr resample: 24799 
	From worker 2:	ESS: 307.7992
	From worker 2:	Nbr resample: 24799 
	From worker 3:	ESS: 326.9057
	From worker 3:	Nbr resample: 24799 
	From worker 2:	ESS: 350.2250
	From worker 2:	Nbr resample: 24799 
	From worker 7:	ESS: 315.3136
	From worker 7:	Nbr resample: 24799 
	From worker 11:	ESS: 249.5651
	From worker 11:	Nbr resample: 24799 
	From worker 4:	ESS: 310.3033
	From worker 4:	Nbr resample: 24799 
	From worker 10:	ESS: 273.6534
	From worker 10:	Nbr resample: 24799 
	From worker 6:	ESS: 340.9812
	From worker 6:	Nbr resample: 24799 
	From worker 5:	ESS: 298.8284
	From worker 5:	Nbr resample: 24799 
	From worker 8:	ESS: 319.8381
	From worker 8:	Nbr resample: 24799 
	From worker 9:	ESS: 277.8759
	From worker 9:	Nbr resample: 24799 
	From worker 3:	ESS: 298.3195
	From worker 3:	Nbr resample: 24799 
Percentage done: 2.00 % 
Acceptance rate on iteration 301 to 400 is 0.2929
Covariance:
[0.00315832 -0.000616748 -3.24951e-5 0.00142967 0.000480011 0.000267727 0.000522527; -0.000616748 0.000327426 -6.25152e-5 -0.000330976 -7.08988e-5 -8.47138e-6 -0.000157229; -3.24951e-5 -6.25152e-5 0.000475327 -2.12748e-5 -6.90767e-5 -0.000127624 0.000160631; 0.00142967 -0.000330976 -2.12748e-5 0.00124482 0.00016666 -8.87284e-5 0.000196998; 0.000480011 -7.08988e-5 -6.90767e-5 0.00016666 0.000337955 0.000106425 2.87765e-5; 0.000267727 -8.47138e-6 -0.000127624 -8.87284e-5 0.000106425 0.000718347 3.37548e-5; 0.000522527 -0.000157229 0.000160631 0.000196998 2.87765e-5 3.37548e-5 0.000417503]
Loglik: -186623.1658 
Loglik values on different cores:
[-1.86657e5,-1.86657e5,-1.86642e5,-1.86642e5,-1.86656e5,-1.86623e5,-1.86633e5,-1.8666e5,-1.8664e5,-1.86654e5]
	From worker 9:	ESS: 306.8999
	From worker 9:	Nbr resample: 24799 
	From worker 8:	ESS: 334.0792
	From worker 8:	Nbr resample: 24799 
	From worker 4:	ESS: 330.9350
	From worker 4:	Nbr resample: 24799 
	From worker 10:	ESS: 323.5927
	From worker 10:	Nbr resample: 24799 
	From worker 7:	ESS: 345.3239
	From worker 7:	Nbr resample: 24799 
	From worker 5:	ESS: 301.7549
	From worker 5:	Nbr resample: 24799 
	From worker 6:	ESS: 366.9869
	From worker 6:	Nbr resample: 24799 
	From worker 11:	ESS: 288.2187
	From worker 11:	Nbr resample: 24799 
	From worker 2:	ESS: 321.5581
	From worker 2:	Nbr resample: 24799 
	From worker 3:	ESS: 305.9879
	From worker 3:	Nbr resample: 24799 
	From worker 11:	ESS: 333.2507
	From worker 11:	Nbr resample: 24799 
	From worker 2:	ESS: 348.0184
	From worker 2:	Nbr resample: 24799 
	From worker 7:	ESS: 354.2559
	From worker 7:	Nbr resample: 24799 
	From worker 4:	ESS: 342.1560
	From worker 4:	Nbr resample: 24799 
	From worker 6:	ESS: 366.8416
	From worker 6:	Nbr resample: 24799 
	From worker 8:	ESS: 327.3167
	From worker 8:	Nbr resample: 24799 
	From worker 9:	ESS: 267.2454
	From worker 9:	Nbr resample: 24799 
	From worker 5:	ESS: 336.1016
	From worker 5:	Nbr resample: 24799 
	From worker 10:	ESS: 269.9246
	From worker 10:	Nbr resample: 24799 
	From worker 3:	ESS: 315.5573
	From worker 3:	Nbr resample: 24799 
Percentage done: 2.50 % 
Acceptance rate on iteration 401 to 500 is 0.2323
Covariance:
[0.00275706 -0.000500455 -9.47296e-5 0.00154933 0.000448589 -0.000458467 0.000327023; -0.000500455 0.000218051 -2.81666e-5 -0.000282943 -5.9188e-5 8.06817e-5 -9.52569e-5; -9.47296e-5 -2.81666e-5 0.000343053 -0.000103666 -9.7341e-5 -9.3862e-6 0.000122303; 0.00154933 -0.000282943 -0.000103666 0.00127934 0.000256066 -0.000491833 0.000121444; 0.000448589 -5.9188e-5 -9.7341e-5 0.000256066 0.000244687 -7.6502e-5 1.06047e-6; -0.000458467 8.06817e-5 -9.3862e-6 -0.000491833 -7.6502e-5 0.000771964 -5.69224e-6; 0.000327023 -9.52569e-5 0.000122303 0.000121444 1.06047e-6 -5.69224e-6 0.000243375]
Loglik: -186618.6022 
Loglik values on different cores:
[-1.86658e5,-1.86621e5,-1.86664e5,-1.86637e5,-186620.0,-1.86672e5,-1.86659e5,-186657.0,-1.86678e5,-1.86654e5]
	From worker 11:	ESS: 345.3912
	From worker 11:	Nbr resample: 24799 
	From worker 5:	ESS: 381.4537
	From worker 5:	Nbr resample: 24799 
	From worker 6:	ESS: 338.7339
	From worker 6:	Nbr resample: 24799 
	From worker 7:	ESS: 366.7425
	From worker 7:	Nbr resample: 24799 
	From worker 10:	ESS: 341.2027
	From worker 10:	Nbr resample: 24799 
	From worker 4:	ESS: 347.4240
	From worker 4:	Nbr resample: 24799 
	From worker 9:	ESS: 327.8200
	From worker 9:	Nbr resample: 24799 
	From worker 3:	ESS: 375.7934
	From worker 3:	Nbr resample: 24799 
	From worker 2:	ESS: 345.0140
	From worker 2:	Nbr resample: 24799 
	From worker 8:	ESS: 338.8899
	From worker 8:	Nbr resample: 24799 
	From worker 2:	ESS: 365.9692
	From worker 2:	Nbr resample: 24799 
	From worker 10:	ESS: 284.4248
	From worker 10:	Nbr resample: 24799 
	From worker 6:	ESS: 313.6537
	From worker 6:	Nbr resample: 24799 
	From worker 7:	ESS: 376.5931
	From worker 7:	Nbr resample: 24799 
	From worker 4:	ESS: 301.2566
	From worker 4:	Nbr resample: 24799 
	From worker 11:	ESS: 344.6708
	From worker 11:	Nbr resample: 24799 
	From worker 8:	ESS: 363.0226
	From worker 8:	Nbr resample: 24799 
	From worker 9:	ESS: 291.1102
	From worker 9:	Nbr resample: 24799 
	From worker 3:	ESS: 299.6114
	From worker 3:	Nbr resample: 24799 
	From worker 5:	ESS: 338.1057
	From worker 5:	Nbr resample: 24799 
Percentage done: 3.00 % 
Acceptance rate on iteration 501 to 600 is 0.3333
Covariance:
[0.00232213 -0.000467996 -0.000141089 0.00114114 0.000357872 -0.000249644 0.000423379; -0.000467996 0.000193031 1.01991e-5 -0.000185865 -5.29184e-5 -2.92289e-6 -0.000125556; -0.000141089 1.01991e-5 0.000306058 -4.56379e-5 -9.07843e-5 -0.000114058 5.52504e-5; 0.00114114 -0.000185865 -4.56379e-5 0.00128086 0.000265745 -0.0010039 9.79468e-5; 0.000357872 -5.29184e-5 -9.07843e-5 0.000265745 0.000205515 -0.000177446 1.8036e-5; -0.000249644 -2.92289e-6 -0.000114058 -0.0010039 -0.000177446 0.00178594 4.42622e-5; 0.000423379 -0.000125556 5.52504e-5 9.79468e-5 1.8036e-5 4.42622e-5 0.000277077]
Loglik: -186624.4351 
Loglik values on different cores:
[-1.86622e5,-1.86649e5,-186633.0,-1.8662e5,-1.8662e5,-186639.0,-1.86654e5,-1.86654e5,-1.86658e5,-186651.0]
	From worker 11:	ESS: 296.8130
	From worker 11:	Nbr resample: 24799 
	From worker 7:	ESS: 444.6657
	From worker 7:	Nbr resample: 24799 
	From worker 6:	ESS: 276.4115
	From worker 6:	Nbr resample: 24799 
	From worker 5:	ESS: 376.3694
	From worker 5:	Nbr resample: 24799 
	From worker 10:	ESS: 289.3750
	From worker 10:	Nbr resample: 24799 
	From worker 4:	ESS: 326.1764
	From worker 4:	Nbr resample: 24799 
	From worker 2:	ESS: 282.3119
	From worker 2:	Nbr resample: 24799 
	From worker 9:	ESS: 337.7053
	From worker 9:	Nbr resample: 24799 
	From worker 8:	ESS: 343.4796
	From worker 8:	Nbr resample: 24799 
	From worker 3:	ESS: 400.9900
	From worker 3:	Nbr resample: 24799 
	From worker 2:	ESS: 340.9369
	From worker 2:	Nbr resample: 24799 
	From worker 7:	ESS: 335.0425
	From worker 7:	Nbr resample: 24799 
	From worker 6:	ESS: 273.8556
	From worker 6:	Nbr resample: 24799 
	From worker 8:	ESS: 313.0359
	From worker 8:	Nbr resample: 24799 
	From worker 9:	ESS: 355.1191
	From worker 9:	Nbr resample: 24799 
	From worker 10:	ESS: 304.2356
	From worker 10:	Nbr resample: 24799 
	From worker 11:	ESS: 313.2258
	From worker 11:	Nbr resample: 24799 
	From worker 4:	ESS: 341.9959
	From worker 4:	Nbr resample: 24799 
	From worker 5:	ESS: 361.2797
	From worker 5:	Nbr resample: 24799 
	From worker 3:	ESS: 399.3593
	From worker 3:	Nbr resample: 24799 
Percentage done: 3.50 % 
Acceptance rate on iteration 601 to 700 is 0.4040
Covariance:
[0.00268125 -0.000515606 0.000181955 0.00133373 0.000177276 0.000170875 0.00020357; -0.000515606 0.000186113 -6.56842e-5 -0.000229149 -1.97811e-5 -0.000118641 -9.51122e-5; 0.000181955 -6.56842e-5 0.000576841 0.000156003 -0.000200179 0.000281859 6.16386e-5; 0.00133373 -0.000229149 0.000156003 0.00132999 0.000172334 -0.000802339 3.8904e-5; 0.000177276 -1.97811e-5 -0.000200179 0.000172334 0.000233142 -0.000356201 1.85264e-5; 0.000170875 -0.000118641 0.000281859 -0.000802339 -0.000356201 0.00285475 4.28023e-5; 0.00020357 -9.51122e-5 6.16386e-5 3.8904e-5 1.85264e-5 4.28023e-5 0.000310794]
Loglik: -186610.0954 
Loglik values on different cores:
[-1.86666e5,-1.86595e5,-1.86658e5,-1.8661e5,-1.86667e5,-1.8665e5,-1.86631e5,-1.86605e5,-1.86645e5,-1.86649e5]
	From worker 11:	ESS: 391.5113
	From worker 11:	Nbr resample: 24799 
	From worker 10:	ESS: 338.5704
	From worker 10:	Nbr resample: 24799 
	From worker 5:	ESS: 328.0285
	From worker 5:	Nbr resample: 24799 
	From worker 2:	ESS: 318.8822
	From worker 2:	Nbr resample: 24799 
	From worker 9:	ESS: 297.0726
	From worker 9:	Nbr resample: 24799 
	From worker 6:	ESS: 307.3238
	From worker 6:	Nbr resample: 24799 
	From worker 4:	ESS: 297.5819
	From worker 4:	Nbr resample: 24799 
	From worker 7:	ESS: 335.5288
	From worker 7:	Nbr resample: 24799 
	From worker 3:	ESS: 374.8050
	From worker 3:	Nbr resample: 24799 
	From worker 8:	ESS: 399.5557
	From worker 8:	Nbr resample: 24799 
	From worker 2:	ESS: 357.0754
	From worker 2:	Nbr resample: 24799 
	From worker 4:	ESS: 275.7184
	From worker 4:	Nbr resample: 24799 
	From worker 7:	ESS: 317.7412
	From worker 7:	Nbr resample: 24799 
	From worker 8:	ESS: 274.8767
	From worker 8:	Nbr resample: 24799 
	From worker 5:	ESS: 323.9591
	From worker 5:	Nbr resample: 24799 
	From worker 6:	ESS: 294.1420
	From worker 6:	Nbr resample: 24799 
	From worker 10:	ESS: 288.4077
	From worker 10:	Nbr resample: 24799 
	From worker 11:	ESS: 306.5778
	From worker 11:	Nbr resample: 24799 
	From worker 9:	ESS: 372.5136
	From worker 9:	Nbr resample: 24799 
	From worker 3:	ESS: 358.8438
	From worker 3:	Nbr resample: 24799 
Percentage done: 4.00 % 
Acceptance rate on iteration 701 to 800 is 0.3535
Covariance:
[0.00291176 -0.000462856 0.000354734 0.00128615 0.000182542 4.4014e-5 0.000118164; -0.000462856 0.000169644 -7.23871e-5 -0.000125924 3.56172e-6 -0.000158211 -8.66891e-5; 0.000354734 -7.23871e-5 0.000591928 6.81182e-5 -0.000201909 0.000366067 2.362e-6; 0.00128615 -0.000125924 6.81182e-5 0.00375627 0.000862501 -0.00249163 -0.00016821; 0.000182542 3.56172e-6 -0.000201909 0.000862501 0.000385685 -0.000830406 -2.70026e-5; 4.4014e-5 -0.000158211 0.000366067 -0.00249163 -0.000830406 0.0039848 0.000194967; 0.000118164 -8.66891e-5 2.362e-6 -0.00016821 -2.70026e-5 0.000194967 0.00031994]
Loglik: -186614.2466 
Loglik values on different cores:
[-1.86637e5,-1.86659e5,-1.86632e5,-1.86613e5,-1.86662e5,-1.86619e5,-1.86645e5,-1.8663e5,-1.86605e5,-1.86633e5]
	From worker 10:	ESS: 340.9806
	From worker 10:	Nbr resample: 24799 
	From worker 2:	ESS: 327.6525
	From worker 2:	Nbr resample: 24799 
	From worker 6:	ESS: 298.2566
	From worker 6:	Nbr resample: 24799 
	From worker 7:	ESS: 304.7118
	From worker 7:	Nbr resample: 24799 
	From worker 5:	ESS: 308.9858
	From worker 5:	Nbr resample: 24799 
	From worker 4:	ESS: 303.4068
	From worker 4:	Nbr resample: 24799 
	From worker 11:	ESS: 312.5568
	From worker 11:	Nbr resample: 24799 
	From worker 9:	ESS: 287.6467
	From worker 9:	Nbr resample: 24799 
	From worker 8:	ESS: 277.2745
	From worker 8:	Nbr resample: 24799 
	From worker 3:	ESS: 311.6104
	From worker 3:	Nbr resample: 24799 
	From worker 2:	ESS: 348.6671
	From worker 2:	Nbr resample: 24799 
	From worker 4:	ESS: 328.3005
	From worker 4:	Nbr resample: 24799 
	From worker 7:	ESS: 254.1702
	From worker 7:	Nbr resample: 24799 
	From worker 5:	ESS: 281.7214
	From worker 5:	Nbr resample: 24799 
	From worker 11:	ESS: 336.3768
	From worker 11:	Nbr resample: 24799 
	From worker 6:	ESS: 361.8537
	From worker 6:	Nbr resample: 24799 
	From worker 10:	ESS: 341.0516
	From worker 10:	Nbr resample: 24799 
	From worker 8:	ESS: 314.8479
	From worker 8:	Nbr resample: 24799 
	From worker 9:	ESS: 341.8294
	From worker 9:	Nbr resample: 24799 
	From worker 3:	ESS: 324.3483
	From worker 3:	Nbr resample: 24799 
Percentage done: 4.50 % 
Acceptance rate on iteration 801 to 900 is 0.3939
Covariance:
[0.00559095 -0.0006075 0.000868745 0.00195557 0.000221582 9.51912e-5 0.000370356; -0.0006075 0.000190236 -3.78384e-5 -8.15514e-6 3.14744e-5 -0.00027234 -0.000127666; 0.000868745 -3.78384e-5 0.000908742 0.000453027 -0.000191404 7.17254e-5 5.37082e-5; 0.00195557 -8.15514e-6 0.000453027 0.00659562 0.00140884 -0.00421316 -0.000230289; 0.000221582 3.14744e-5 -0.000191404 0.00140884 0.000542754 -0.00114829 -0.000126377; 9.51912e-5 -0.00027234 7.17254e-5 -0.00421316 -0.00114829 0.00489064 0.000307813; 0.000370356 -0.000127666 5.37082e-5 -0.000230289 -0.000126377 0.000307813 0.00041492]
Loglik: -186621.6627 
Loglik values on different cores:
[-1.86618e5,-1.86623e5,-1.86638e5,-1.86592e5,-186622.0,-1.86634e5,-1.86611e5,-1.86618e5,-1.86641e5,-1.86643e5]
	From worker 2:	ESS: 320.5927
	From worker 2:	Nbr resample: 24799 
	From worker 7:	ESS: 359.6955
	From worker 7:	Nbr resample: 24799 
	From worker 5:	ESS: 390.9009
	From worker 5:	Nbr resample: 24799 
	From worker 4:	ESS: 318.5774
	From worker 4:	Nbr resample: 24799 
	From worker 6:	ESS: 314.1137
	From worker 6:	Nbr resample: 24799 
	From worker 11:	ESS: 296.6639
	From worker 11:	Nbr resample: 24799 
	From worker 10:	ESS: 307.2364
	From worker 10:	Nbr resample: 24799 
	From worker 9:	ESS: 275.3987
	From worker 9:	Nbr resample: 24799 
	From worker 8:	ESS: 296.0785
	From worker 8:	Nbr resample: 24799 
	From worker 3:	ESS: 334.7177
	From worker 3:	Nbr resample: 24799 
	From worker 2:	ESS: 330.7942
	From worker 2:	Nbr resample: 24799 
	From worker 4:	ESS: 335.1884
	From worker 4:	Nbr resample: 24799 
	From worker 11:	ESS: 356.5927
	From worker 11:	Nbr resample: 24799 
	From worker 5:	ESS: 314.5857
	From worker 5:	Nbr resample: 24799 
	From worker 10:	ESS: 283.9512
	From worker 10:	Nbr resample: 24799 
	From worker 6:	ESS: 371.7943
	From worker 6:	Nbr resample: 24799 
	From worker 8:	ESS: 291.1810
	From worker 8:	Nbr resample: 24799 
	From worker 7:	ESS: 315.7660
	From worker 7:	Nbr resample: 24799 
	From worker 9:	ESS: 349.9269
	From worker 9:	Nbr resample: 24799 
	From worker 3:	ESS: 336.0466
	From worker 3:	Nbr resample: 24799 
Percentage done: 5.00 % 
Acceptance rate on iteration 901 to 1000 is 0.3737
Covariance:
[0.00575146 -0.000705794 0.000401133 -4.57855e-5 -0.000126375 0.000776989 0.000298677; -0.000705794 0.00023753 8.04544e-5 0.000450232 9.60817e-5 -0.000675741 -0.000135742; 0.000401133 8.04544e-5 0.00129907 0.000493074 -0.000283127 -0.000364905 0.000119072; -4.57855e-5 0.000450232 0.000493074 0.0143762 0.00314175 -0.00888305 -0.000290172; -0.000126375 9.60817e-5 -0.000283127 0.00314175 0.000964019 -0.00200465 -0.000128312; 0.000776989 -0.000675741 -0.000364905 -0.00888305 -0.00200465 0.00911998 0.000465347; 0.000298677 -0.000135742 0.000119072 -0.000290172 -0.000128312 0.000465347 0.000441046]
Loglik: -186588.0281 
Loglik values on different cores:
[-1.86607e5,-1.86619e5,-1.86593e5,-1.86634e5,-186596.0,-1.86637e5,-1.86623e5,-1.86604e5,-1.86618e5,-1.86617e5]
	From worker 2:	ESS: 299.1306
	From worker 2:	Nbr resample: 24799 
	From worker 6:	ESS: 293.1531
	From worker 10:	ESS: 297.7485
	From worker 10:	Nbr resample: 24799 
	From worker 6:	Nbr resample: 24799 
	From worker 4:	ESS: 340.7668
	From worker 4:	Nbr resample: 24799 
	From worker 7:	ESS: 344.4396
	From worker 7:	Nbr resample: 24799 
	From worker 11:	ESS: 352.3640
	From worker 11:	Nbr resample: 24799 
	From worker 5:	ESS: 318.4088
	From worker 5:	Nbr resample: 24799 
	From worker 9:	ESS: 277.2386
	From worker 9:	Nbr resample: 24799 
	From worker 8:	ESS: 303.1672
	From worker 8:	Nbr resample: 24799 
	From worker 3:	ESS: 310.4343
	From worker 3:	Nbr resample: 24799 
	From worker 2:	ESS: 356.4522
	From worker 2:	Nbr resample: 24799 
	From worker 7:	ESS: 295.1811
	From worker 7:	Nbr resample: 24799 
	From worker 4:	ESS: 354.8450
	From worker 4:	Nbr resample: 24799 
	From worker 5:	ESS: 348.3681
	From worker 5:	Nbr resample: 24799 
	From worker 11:	ESS: 303.1656
	From worker 11:	Nbr resample: 24799 
	From worker 8:	ESS: 321.5888
	From worker 8:	Nbr resample: 24799 
	From worker 10:	ESS: 320.2574
	From worker 10:	Nbr resample: 24799 
	From worker 6:	ESS: 303.0061
	From worker 6:	Nbr resample: 24799 
	From worker 9:	ESS: 336.5914
	From worker 9:	Nbr resample: 24799 
	From worker 3:	ESS: 307.9907
	From worker 3:	Nbr resample: 24799 
Percentage done: 5.50 % 
Acceptance rate on iteration 1001 to 1100 is 0.1717
Covariance:
[0.0047888 -0.000665778 0.000324441 -0.00458243 -0.00109067 0.000844904 0.000436442; -0.000665778 0.000237577 5.69366e-5 0.00272054 0.000595242 -0.000562897 -0.000194114; 0.000324441 5.69366e-5 0.0016827 -0.00189432 -0.00103378 -0.000252788 -2.47151e-5; -0.00458243 0.00272054 -0.00189432 0.119922 0.0273357 -0.0093349 -0.00369422; -0.00109067 0.000595242 -0.00103378 0.0273357 0.00657145 -0.0020774 -0.000809953; 0.000844904 -0.000562897 -0.000252788 -0.0093349 -0.0020774 0.00716847 0.000500694; 0.000436442 -0.000194114 -2.47151e-5 -0.00369422 -0.000809953 0.000500694 0.000494364]
Loglik: -186578.2349 
Loglik values on different cores:
[-1.86598e5,-1.86574e5,-1.86567e5,-1.86589e5,-1.86584e5,-1.86575e5,-1.86585e5,-1.8661e5,-1.86568e5,-1.86569e5]
	From worker 2:	ESS: 294.7907
	From worker 2:	Nbr resample: 24799 
	From worker 5:	ESS: 355.8900
	From worker 5:	Nbr resample: 24799 
	From worker 7:	ESS: 363.2034
	From worker 7:	Nbr resample: 24799 
	From worker 6:	ESS: 341.6302
	From worker 6:	Nbr resample: 24799 
	From worker 4:	ESS: 267.9055
	From worker 4:	Nbr resample: 24799 
	From worker 8:	ESS: 333.7953
	From worker 8:	Nbr resample: 24799 
	From worker 10:	ESS: 305.6543
	From worker 10:	Nbr resample: 24799 
	From worker 9:	ESS: 383.7932
	From worker 9:	Nbr resample: 24799 
	From worker 11:	ESS: 324.1274
	From worker 11:	Nbr resample: 24799 
	From worker 3:	ESS: 277.1751
	From worker 3:	Nbr resample: 24799 
	From worker 2:	ESS: 251.1184
	From worker 2:	Nbr resample: 24799 
	From worker 10:	ESS: 343.0919
	From worker 10:	Nbr resample: 24799 
	From worker 11:	ESS: 358.2813
	From worker 11:	Nbr resample: 24799 
	From worker 7:	ESS: 334.0262
	From worker 7:	Nbr resample: 24799 
	From worker 8:	ESS: 339.5600
	From worker 8:	Nbr resample: 24799 
	From worker 5:	ESS: 277.4540
	From worker 5:	Nbr resample: 24799 
	From worker 9:	ESS: 331.9437
	From worker 9:	Nbr resample: 24799 
	From worker 6:	ESS: 312.3230
	From worker 6:	Nbr resample: 24799 
	From worker 4:	ESS: 340.4124
	From worker 4:	Nbr resample: 24799 
	From worker 3:	ESS: 374.5168
	From worker 3:	Nbr resample: 24799 
Percentage done: 6.00 % 
Acceptance rate on iteration 1101 to 1200 is 0.0404
Covariance:
[0.00318327 -0.000437216 0.000166336 -0.00218703 -0.000532957 0.000455174 0.000246823; -0.000437216 0.000161225 1.77657e-5 0.00208714 0.000458518 -0.000400024 -0.000140391; 0.000166336 1.77657e-5 0.00157134 -0.0104771 -0.00276789 0.000657472 0.000386321; -0.00218703 0.00208714 -0.0104771 0.256347 0.0582441 -0.0218476 -0.0101351; -0.000532957 0.000458518 -0.00276789 0.0582441 0.0134547 -0.00492885 -0.00228036; 0.000455174 -0.000400024 0.000657472 -0.0218476 -0.00492885 0.00607978 0.00100032; 0.000246823 -0.000140391 0.000386321 -0.0101351 -0.00228036 0.00100032 0.000663043]
Loglik: -186544.9517 
Loglik values on different cores:
[-1.86593e5,-1.86616e5,-1.86573e5,-1.86576e5,-1.86583e5,-1.86599e5,-1.86602e5,-1.86584e5,-1.86599e5,-1.86586e5]
	From worker 4:	ESS: 313.7889
	From worker 4:	Nbr resample: 24799 
	From worker 11:	ESS: 345.8696
	From worker 11:	Nbr resample: 24799 
	From worker 2:	ESS: 364.6404
	From worker 2:	Nbr resample: 24799 
	From worker 7:	ESS: 292.8235
	From worker 7:	Nbr resample: 24799 
	From worker 5:	ESS: 325.7223
	From worker 5:	Nbr resample: 24799 
	From worker 6:	ESS: 377.4960
	From worker 6:	Nbr resample: 24799 
	From worker 10:	ESS: 341.1511
	From worker 10:	Nbr resample: 24799 
	From worker 8:	ESS: 310.5900
	From worker 8:	Nbr resample: 24799 
	From worker 9:	ESS: 285.7962
	From worker 9:	Nbr resample: 24799 
	From worker 3:	ESS: 326.3867
	From worker 3:	Nbr resample: 24799 
	From worker 2:	ESS: 324.6668
	From worker 2:	Nbr resample: 24799 
	From worker 7:	ESS: 320.0860
	From worker 7:	Nbr resample: 24799 
	From worker 5:	ESS: 359.1092
	From worker 5:	Nbr resample: 24799 
	From worker 10:	ESS: 321.0046
	From worker 10:	Nbr resample: 24799 
	From worker 6:	ESS: 352.8116
	From worker 6:	Nbr resample: 24799 
	From worker 11:	ESS: 255.7595
	From worker 11:	Nbr resample: 24799 
	From worker 4:	ESS: 322.4867
	From worker 4:	Nbr resample: 24799 
	From worker 8:	ESS: 264.6018
	From worker 8:	Nbr resample: 24799 
	From worker 9:	ESS: 331.9831
	From worker 9:	Nbr resample: 24799 
	From worker 3:	ESS: 368.6315
	From worker 3:	Nbr resample: 24799 
Percentage done: 6.50 % 
Acceptance rate on iteration 1201 to 1300 is 0.0606
Covariance:
[0.00240981 -0.000379984 0.000206822 -0.00401123 -0.000937539 0.000516235 0.000234342; -0.000379984 0.000147175 -4.62873e-5 0.00277168 0.000621512 -0.000408188 -0.000147241; 0.000206822 -4.62873e-5 0.00126703 -0.0104587 -0.00265119 0.000855263 0.000388946; -0.00401123 0.00277168 -0.0104587 0.241021 0.0548428 -0.0223543 -0.00931848; -0.000937539 0.000621512 -0.00265119 0.0548428 0.0126331 -0.00507505 -0.00210806; 0.000516235 -0.000408188 0.000855263 -0.0223543 -0.00507505 0.00501491 0.000969291; 0.000234342 -0.000147241 0.000388946 -0.00931848 -0.00210806 0.000969291 0.000565295]
Loglik: -186526.9541 
Loglik values on different cores:
[-186572.0,-1.86564e5,-1.86577e5,-1.8653e5,-1.86535e5,-1.8658e5,-1.86531e5,-1.86567e5,-186542.0,-1.86556e5]
	From worker 4:	ESS: 307.1632
	From worker 4:	Nbr resample: 24799 
	From worker 5:	ESS: 363.3345
	From worker 5:	Nbr resample: 24799 
	From worker 6:	ESS: 322.7637
	From worker 6:	Nbr resample: 24799 
	From worker 11:	ESS: 288.1093
	From worker 11:	Nbr resample: 24799 
	From worker 10:	ESS: 332.1140
	From worker 10:	Nbr resample: 24799 
	From worker 2:	ESS: 279.5549
	From worker 2:	Nbr resample: 24799 
	From worker 7:	ESS: 311.5662
	From worker 7:	Nbr resample: 24799 
	From worker 8:	ESS: 340.3412
	From worker 8:	Nbr resample: 24799 
	From worker 9:	ESS: 324.2488
	From worker 9:	Nbr resample: 24799 
	From worker 3:	ESS: 428.8791
	From worker 3:	Nbr resample: 24799 
	From worker 2:	ESS: 318.2233
	From worker 2:	Nbr resample: 24799 
	From worker 11:	ESS: 308.0863
	From worker 11:	Nbr resample: 24799 
	From worker 4:	ESS: 280.8886
	From worker 4:	Nbr resample: 24799 
	From worker 7:	ESS: 304.4634
	From worker 7:	Nbr resample: 24799 
	From worker 5:	ESS: 303.8704
	From worker 5:	Nbr resample: 24799 
	From worker 6:	ESS: 363.7981
	From worker 6:	Nbr resample: 24799 
	From worker 10:	ESS: 350.4592
	From worker 10:	Nbr resample: 24799 
	From worker 8:	ESS: 313.4255
	From worker 8:	Nbr resample: 24799 
	From worker 9:	ESS: 314.2476
	From worker 9:	Nbr resample: 24799 
	From worker 3:	ESS: 297.1254
	From worker 3:	Nbr resample: 24799 
Percentage done: 7.00 % 
Acceptance rate on iteration 1301 to 1400 is 0.1717
Covariance:
[0.00227215 -0.000362778 -0.000550783 -8.28724e-5 0.000184889 0.000313059 0.000168; -0.000362778 0.000130365 9.94356e-5 0.00174217 0.000342688 -0.000314933 -0.000112645; -0.000550783 9.94356e-5 0.00263211 -0.0133557 -0.00379753 0.000842866 0.000255038; -8.28724e-5 0.00174217 -0.0133557 0.220342 0.0512534 -0.0197107 -0.00773335; 0.000184889 0.000342688 -0.00379753 0.0512534 0.0122399 -0.00446105 -0.00170701; 0.000313059 -0.000314933 0.000842866 -0.0197107 -0.00446105 0.00411285 0.00083283; 0.000168 -0.000112645 0.000255038 -0.00773335 -0.00170701 0.00083283 0.000470755]
Loglik: -186534.6148 
Loglik values on different cores:
[-1.86583e5,-1.86588e5,-1.86546e5,-1.86556e5,-1.86575e5,-1.86566e5,-1.86541e5,-1.86533e5,-186568.0,-186536.0]
	From worker 7:	ESS: 299.2583
	From worker 7:	Nbr resample: 24799 
	From worker 4:	ESS: 329.0635
	From worker 4:	Nbr resample: 24799 
	From worker 10:	ESS: 397.4395
	From worker 10:	Nbr resample: 24799 
	From worker 11:	ESS: 331.1198
	From worker 11:	Nbr resample: 24799 
	From worker 2:	ESS: 362.2551
	From worker 2:	Nbr resample: 24799 
	From worker 6:	ESS: 352.9174
	From worker 6:	Nbr resample: 24799 
	From worker 9:	ESS: 318.6970
	From worker 9:	Nbr resample: 24799 
	From worker 5:	ESS: 288.7400
	From worker 5:	Nbr resample: 24799 
	From worker 8:	ESS: 302.7156
	From worker 8:	Nbr resample: 24799 
	From worker 3:	ESS: 369.1550
	From worker 3:	Nbr resample: 24799 
	From worker 2:	ESS: 305.3532
	From worker 2:	Nbr resample: 24799 
	From worker 11:	ESS: 348.9571
	From worker 11:	Nbr resample: 24799 
	From worker 4:	ESS: 372.2751
	From worker 4:	Nbr resample: 24799 
	From worker 5:	ESS: 326.4072
	From worker 5:	Nbr resample: 24799 
	From worker 10:	ESS: 317.7884
	From worker 10:	Nbr resample: 24799 
	From worker 8:	ESS: 375.5818
	From worker 8:	Nbr resample: 24799 
	From worker 6:	ESS: 359.4416
	From worker 6:	Nbr resample: 24799 
	From worker 7:	ESS: 378.3544
	From worker 7:	Nbr resample: 24799 
	From worker 9:	ESS: 299.2210
	From worker 9:	Nbr resample: 24799 
	From worker 3:	ESS: 334.9232
	From worker 3:	Nbr resample: 24799 
Percentage done: 7.50 % 
Acceptance rate on iteration 1401 to 1500 is 0.0606
Covariance:
[0.0017495 -0.000260152 -0.00098333 0.00137137 0.000657987 -7.45388e-5 0.000102813; -0.000260152 9.48516e-5 6.86771e-5 0.00135362 0.000267173 -0.000258193 -7.85285e-5; -0.00098333 6.86771e-5 0.00610831 -0.0221363 -0.00693894 0.00294513 0.000201302; 0.00137137 0.00135362 -0.0221363 0.205008 0.0511367 -0.023829 -0.00539192; 0.000657987 0.000267173 -0.00693894 0.0511367 0.0133383 -0.0060622 -0.00120088; -7.45388e-5 -0.000258193 0.00294513 -0.023829 -0.0060622 0.00507628 0.000583574; 0.000102813 -7.85285e-5 0.000201302 -0.00539192 -0.00120088 0.000583574 0.000336944]
Loglik: -186525.0632 
Loglik values on different cores:
[-1.86568e5,-1.8655e5,-1.86572e5,-1.86552e5,-1.86565e5,-1.86553e5,-1.86528e5,-1.86575e5,-1.86544e5,-1.86539e5]
	From worker 11:	ESS: 237.9056
	From worker 11:	Nbr resample: 24799 
	From worker 4:	ESS: 335.2843
	From worker 4:	Nbr resample: 24799 
	From worker 7:	ESS: 301.9953
	From worker 7:	Nbr resample: 24799 
	From worker 2:	ESS: 342.3793
	From worker 2:	Nbr resample: 24799 
	From worker 6:	ESS: 347.6494
	From worker 6:	Nbr resample: 24799 
	From worker 5:	ESS: 251.3431
	From worker 5:	Nbr resample: 24799 
	From worker 9:	ESS: 348.5241
	From worker 9:	Nbr resample: 24799 
	From worker 8:	ESS: 323.9975
	From worker 8:	Nbr resample: 24799 
	From worker 10:	ESS: 300.3027
	From worker 10:	Nbr resample: 24799 
	From worker 3:	ESS: 347.4577
	From worker 3:	Nbr resample: 24799 
	From worker 2:	ESS: 375.4615
	From worker 2:	Nbr resample: 24799 
	From worker 4:	ESS: 295.0872
	From worker 4:	Nbr resample: 24799 
	From worker 5:	ESS: 337.6795
	From worker 5:	Nbr resample: 24799 
	From worker 10:	ESS: 298.9300
	From worker 10:	Nbr resample: 24799 
	From worker 8:	ESS: 330.4407
	From worker 8:	Nbr resample: 24799 
	From worker 7:	ESS: 341.0429
	From worker 7:	Nbr resample: 24799 
	From worker 9:	ESS: 314.9226
	From worker 9:	Nbr resample: 24799 
	From worker 6:	ESS: 360.2743
	From worker 6:	Nbr resample: 24799 
	From worker 11:	ESS: 353.9331
	From worker 11:	Nbr resample: 24799 
	From worker 3:	ESS: 340.2535
	From worker 3:	Nbr resample: 24799 
Percentage done: 8.00 % 
Acceptance rate on iteration 1501 to 1600 is 0.0909
Covariance:
[0.00392148 -0.000440066 -0.00190076 -0.00784972 -0.000728692 0.00124722 -8.97563e-5; -0.000440066 0.000102219 0.000199882 0.00177476 0.000283575 -0.000311357 -4.43605e-5; -0.00190076 0.000199882 0.00542306 -0.0118485 -0.00461394 0.00142706 0.000242062; -0.00784972 0.00177476 -0.0118485 0.184478 0.0423056 -0.0229648 -0.00322966; -0.000728692 0.000283575 -0.00461394 0.0423056 0.0105141 -0.00521734 -0.000777679; 0.00124722 -0.000311357 0.00142706 -0.0229648 -0.00521734 0.00467774 0.000310899; -8.97563e-5 -4.43605e-5 0.000242062 -0.00322966 -0.000777679 0.000310899 0.0002666]
Loglik: -186531.6552 
Loglik values on different cores:
[-1.86552e5,-186565.0,-1.86564e5,-1.86553e5,-1.86564e5,-1.86556e5,-1.86568e5,-1.86561e5,-1.86578e5,-1.86558e5]
	From worker 2:	ESS: 332.8630
	From worker 2:	Nbr resample: 24799 
	From worker 4:	ESS: 335.1528
	From worker 4:	Nbr resample: 24799 
	From worker 11:	ESS: 379.0989
	From worker 11:	Nbr resample: 24799 
	From worker 6:	ESS: 313.4775
	From worker 6:	Nbr resample: 24799 
	From worker 7:	ESS: 389.0148
	From worker 7:	Nbr resample: 24799 
	From worker 5:	ESS: 368.5329
	From worker 5:	Nbr resample: 24799 
	From worker 10:	ESS: 364.0704
	From worker 10:	Nbr resample: 24799 
	From worker 3:	ESS: 344.2032
	From worker 3:	Nbr resample: 24799 
	From worker 8:	ESS: 388.8753
	From worker 8:	Nbr resample: 24799 
	From worker 9:	ESS: 422.3261
	From worker 9:	Nbr resample: 24799 
	From worker 2:	ESS: 288.6839
	From worker 2:	Nbr resample: 24799 
	From worker 4:	ESS: 307.2094
	From worker 4:	Nbr resample: 24799 
	From worker 11:	ESS: 345.1032
	From worker 11:	Nbr resample: 24799 
	From worker 7:	ESS: 404.3177
	From worker 7:	Nbr resample: 24799 
	From worker 10:	ESS: 307.5298
	From worker 10:	Nbr resample: 24799 
	From worker 6:	ESS: 323.6291
	From worker 6:	Nbr resample: 24799 
	From worker 9:	ESS: 328.2537
	From worker 9:	Nbr resample: 24799 
	From worker 8:	ESS: 321.5208
	From worker 8:	Nbr resample: 24799 
	From worker 5:	ESS: 422.1450
	From worker 5:	Nbr resample: 24799 
	From worker 3:	ESS: 327.3920
	From worker 3:	Nbr resample: 24799 
Percentage done: 8.50 % 
Acceptance rate on iteration 1601 to 1700 is 0.1111
Covariance:
[0.00376292 -0.000373761 -0.000854927 -0.00923336 -0.00139577 0.00159852 -0.000186454; -0.000373761 8.01792e-5 0.00011486 0.00148096 0.000254688 -0.000266177 -2.6774e-5; -0.000854927 0.00011486 0.00763227 -0.012349 -0.00565738 0.00256527 -0.000175237; -0.00923336 0.00148096 -0.012349 0.162356 0.0375937 -0.0217166 -0.00208444; -0.00139577 0.000254688 -0.00565738 0.0375937 0.00991509 -0.00538819 -0.00036504; 0.00159852 -0.000266177 0.00256527 -0.0217166 -0.00538819 0.00462894 7.73989e-5; -0.000186454 -2.6774e-5 -0.000175237 -0.00208444 -0.00036504 7.73989e-5 0.000249277]
Loglik: -186536.3459 
Loglik values on different cores:
[-1.86568e5,-1.86545e5,-1.86553e5,-1.86568e5,-186558.0,-1.86556e5,-1.86578e5,-1.86583e5,-1.86558e5,-1.86565e5]
	From worker 4:	ESS: 318.3223
	From worker 4:	Nbr resample: 24799 
	From worker 7:	ESS: 311.3566
	From worker 7:	Nbr resample: 24799 
	From worker 8:	ESS: 365.0941
	From worker 8:	Nbr resample: 24799 
	From worker 2:	ESS: 325.0064
	From worker 2:	Nbr resample: 24799 
	From worker 6:	ESS: 344.0526
	From worker 6:	Nbr resample: 24799 
	From worker 9:	ESS: 330.8301
	From worker 9:	Nbr resample: 24799 
	From worker 10:	ESS: 385.5146
	From worker 10:	Nbr resample: 24799 
	From worker 11:	ESS: 335.9127
	From worker 11:	Nbr resample: 24799 
	From worker 5:	ESS: 385.3082
	From worker 5:	Nbr resample: 24799 
	From worker 3:	ESS: 321.7872
	From worker 3:	Nbr resample: 24799 
	From worker 2:	ESS: 325.0763
	From worker 2:	Nbr resample: 24799 
	From worker 4:	ESS: 339.9706
	From worker 4:	Nbr resample: 24799 
	From worker 11:	ESS: 307.9980
	From worker 11:	Nbr resample: 24799 
	From worker 5:	ESS: 355.4747
	From worker 5:	Nbr resample: 24799 
	From worker 6:	ESS: 324.0356
	From worker 6:	Nbr resample: 24799 
	From worker 8:	ESS: 307.9268
	From worker 8:	Nbr resample: 24799 
	From worker 10:	ESS: 310.2194
	From worker 10:	Nbr resample: 24799 
	From worker 9:	ESS: 367.4208
	From worker 9:	Nbr resample: 24799 
	From worker 7:	ESS: 375.3922
	From worker 7:	Nbr resample: 24799 
	From worker 3:	ESS: 359.7337
	From worker 3:	Nbr resample: 24799 
Percentage done: 9.00 % 
Acceptance rate on iteration 1701 to 1800 is 0.1313
Covariance:
[0.0041395 -0.000376046 -0.00448748 -0.0110234 0.000114876 0.0018154 0.000217182; -0.000376046 7.07897e-5 0.00034522 0.00138964 0.000113758 -0.000246635 -4.73036e-5; -0.00448748 0.00034522 0.0196639 0.00131007 -0.00924401 0.000113087 -0.00133292; -0.0110234 0.00138964 0.00131007 0.140308 0.0263923 -0.0185259 -0.00270475; 0.000114876 0.000113758 -0.00924401 0.0263923 0.00960994 -0.00354662 0.000113311; 0.0018154 -0.000246635 0.000113087 -0.0185259 -0.00354662 0.00387882 0.000224403; 0.000217182 -4.73036e-5 -0.00133292 -0.00270475 0.000113311 0.000224403 0.00030795]
Loglik: -185990.0131 
Loglik values on different cores:
[-1.8603e5,-1.85988e5,-1.8601e5,-1.86033e5,-1.86028e5,-1.86014e5,-1.86051e5,-1.86012e5,-1.86011e5,-1.86024e5]
	From worker 4:	ESS: 305.7752
	From worker 4:	Nbr resample: 24799 
	From worker 8:	ESS: 285.8098
	From worker 8:	Nbr resample: 24799 
	From worker 7:	ESS: 293.8611
	From worker 7:	Nbr resample: 24799 
	From worker 2:	ESS: 385.2093
	From worker 3:	ESS: 287.8669
	From worker 2:	Nbr resample: 24799 
	From worker 3:	Nbr resample: 24799 
	From worker 5:	ESS: 335.8201
	From worker 5:	Nbr resample: 24799 
	From worker 6:	ESS: 395.2447
	From worker 6:	Nbr resample: 24799 
	From worker 11:	ESS: 323.5445
	From worker 11:	Nbr resample: 24799 
	From worker 9:	ESS: 365.4960
	From worker 9:	Nbr resample: 24799 
	From worker 10:	ESS: 313.2615
	From worker 10:	Nbr resample: 24799 
	From worker 2:	ESS: 344.2764
