Mean:
[0.812679; 0.498312; 3.09518; 4.76858; 0.751082; 0.105764; 1.86359]
Std:
[0.18483; 0.0416535; 0.00598779; 0.403769; 0.0723197; 0.102933; 0.0646767]
[1.0273 0.804987 1.13624 0.965732 0.972216 1.0343 1.0366 0.939893 0.915212 0.910641; 0.459874 0.536414 0.432048 0.47989 0.495962 0.48235 0.480984 0.48946 0.497073 0.496; 3.08879 3.09379 3.09919 3.08991 3.08932 3.09031 3.09118 3.0881 3.09377 3.09295; 5.69733 5.60576 5.42411 5.45901 5.50773 5.44401 5.28206 5.25788 5.44316 5.1258; 0.915352 0.894918 0.863271 0.870534 0.877169 0.86539 0.843753 0.834467 0.869704 0.808282; -0.108789 -0.0916062 -0.0297381 -0.0568214 -0.0570339 -0.0301993 -0.0180127 -0.00602823 -0.045902 0.0364389; 1.91672 1.82418 1.93512 1.89116 1.87716 1.87968 1.84879 1.83675 1.86021 1.8326; -1.85887e5 -1.85823e5 -1.85849e5 -1.85818e5 -1.85812e5 -1.85811e5 -1.85826e5 -1.85839e5 -1.8582e5 -1.85833e5]Starting ml estimationLength of training data: 4900Start values for optimization:
[-2.21713e6; 3953.65; 37867.9; 1.2677e6; 85833.6; -4.31611e5; 19682.6; 15720.0; -316.998; -11461.1; -2.01076e5; -10077.9; -3.75963e5; -19861.4; -5815.49; -2111.63; -597.468; 123.13; -1819.42; -770.216; 181.473; -2851.21; 697.071; -5951.12; -1420.21; -7811.82; -24774.1; 1.32201e5; -138.502; -1144.69; 1.17072e5; 3643.72; -932.516; -73063.1; 21821.9; 12699.7; 3.31598; 2.96941; -1.69947; -3.18902; -5.12988; -0.941958; -2.66246; -2.30667; -2.74973]Iter     Function value   Gradient norm 
     0     3.446488e+04     1.279461e+07
     1     3.442772e+04     1.014336e+07
     2     3.219255e+04     8.788072e+02
     3     3.214790e+04     1.698210e+02
     4     3.209563e+04     1.696528e+02
     5     3.181980e+04     1.842803e+02
     6     3.181713e+04     4.390358e+01
     7     3.180840e+04     9.332429e+01
     8     3.180432e+04     4.103552e+01
     9     3.180431e+04     2.930643e+01
    10     3.180425e+04     9.928609e+00
Estimated parameters of the GP model:
Estimated Β:s:
[-2.21713e6,3953.65,37867.9,1.2677e6,85833.6,-4.31611e5,19682.6,15720.0,-316.996,-11461.1,-2.01076e5,-10077.8,-3.75963e5,-19861.4,-5815.48,-2111.63,-597.465,123.134,-1819.42,-770.215,181.475,-2851.21,697.072,-5951.12,-1420.21,-7811.82,-24774.1,1.32201e5,-138.501,-1144.68,1.17072e5,3643.72,-932.51,-73063.1,21821.9,12699.7]
Estimated log Φ:s:
[2.75328,-207.684,460.037,1969.62,15314.4,15.241,374.617,449.993,1423.36]
elapsed time: 648.918939946 seconds
#####################################################################
Starting DA-GP-MCMC estimating 7 parameters 
MCMC algorithm: MCWM
Adaptation algorithm: noAdaptation
Prior distribution: Normal
Particel filter: parallel_bootstrap
Covariance - kernel_MH_direct:
[0.102884 -0.00605763 -8.09741e-5 -0.0105894 -0.00209147 0.0049231 0.0067002; -0.00605763 0.000828817 7.51904e-6 0.00162543 0.000306161 -0.000703315 -0.000886801; -8.09741e-5 7.51904e-6 1.52222e-5 -0.000207909 -3.48213e-5 4.20743e-5 -1.03083e-5; -0.0105894 0.00162543 -0.000207909 0.0677268 0.0123102 -0.0173296 -0.00196071; -0.00209147 0.000306161 -3.48213e-5 0.0123102 0.00224626 -0.00316884 -0.000366347; 0.0049231 -0.000703315 4.20743e-5 -0.0173296 -0.00316884 0.00478657 0.00108902; 0.0067002 -0.000886801 -1.03083e-5 -0.00196071 -0.000366347 0.00108902 0.00176891]
Iteration: 1
Covariance:
[0.148153 -0.00872299 -0.000116603 -0.0152488 -0.00301171 0.00708927 0.00964828; -0.00872299 0.0011935 1.08274e-5 0.00234062 0.000440872 -0.00101277 -0.00127699; -0.000116603 1.08274e-5 2.19199e-5 -0.000299389 -5.01426e-5 6.05869e-5 -1.48439e-5; -0.0152488 0.00234062 -0.000299389 0.0975266 0.0177267 -0.0249547 -0.00282342; -0.00301171 0.000440872 -5.01426e-5 0.0177267 0.00323462 -0.00456313 -0.000527539; 0.00708927 -0.00101277 6.05869e-5 -0.0249547 -0.00456313 0.00689266 0.0015682; 0.00964828 -0.00127699 -1.48439e-5 -0.00282342 -0.000527539 0.0015682 0.00254722]
Iteration: 1
Covariance:
[0.148153 -0.00872299 -0.000116603 -0.0152488 -0.00301171 0.00708927 0.00964828; -0.00872299 0.0011935 1.08274e-5 0.00234062 0.000440872 -0.00101277 -0.00127699; -0.000116603 1.08274e-5 2.19199e-5 -0.000299389 -5.01426e-5 6.05869e-5 -1.48439e-5; -0.0152488 0.00234062 -0.000299389 0.0975266 0.0177267 -0.0249547 -0.00282342; -0.00301171 0.000440872 -5.01426e-5 0.0177267 0.00323462 -0.00456313 -0.000527539; 0.00708927 -0.00101277 6.05869e-5 -0.0249547 -0.00456313 0.00689266 0.0015682; 0.00964828 -0.00127699 -1.48439e-5 -0.00282342 -0.000527539 0.0015682 0.00254722]
	From worker 6:	ESS: 4.5098
	From worker 6:	Nbr resample: 35354 
	From worker 9:	ESS: 7.4285
	From worker 9:	Nbr resample: 35354 
	From worker 8:	ESS: 4.7251
	From worker 8:	Nbr resample: 35354 
	From worker 5:	ESS: 5.6851
	From worker 5:	Nbr resample: 35354 
	From worker 10:	ESS: 3.4515
	From worker 10:	Nbr resample: 35354 
	From worker 2:	ESS: 2.3101
	From worker 2:	Nbr resample: 35354 
	From worker 3:	ESS: 8.5191
	From worker 3:	Nbr resample: 35354 
	From worker 7:	ESS: 4.5337
	From worker 7:	Nbr resample: 35354 
	From worker 11:	ESS: 3.9137
	From worker 11:	Nbr resample: 35354 
	From worker 4:	ESS: 5.7896
	From worker 4:	Nbr resample: 35354 
Loglik start: -430005.7240 
Percentage done: 0.50 % 
Acceptance rate on iteration 1 to 100 is 0.1313
Covariance:
[0.148153 -0.00872299 -0.000116603 -0.0152488 -0.00301171 0.00708927 0.00964828; -0.00872299 0.0011935 1.08274e-5 0.00234062 0.000440872 -0.00101277 -0.00127699; -0.000116603 1.08274e-5 2.19199e-5 -0.000299389 -5.01426e-5 6.05869e-5 -1.48439e-5; -0.0152488 0.00234062 -0.000299389 0.0975266 0.0177267 -0.0249547 -0.00282342; -0.00301171 0.000440872 -5.01426e-5 0.0177267 0.00323462 -0.00456313 -0.000527539; 0.00708927 -0.00101277 6.05869e-5 -0.0249547 -0.00456313 0.00689266 0.0015682; 0.00964828 -0.00127699 -1.48439e-5 -0.00282342 -0.000527539 0.0015682 0.00254722]
Loglik: -272754.0559 
Loglik values on different cores:
[-2.85438e5,-2.85423e5,-2.85448e5,-2.85448e5,-2.85438e5,-2.85442e5,-2.85428e5,-2.85428e5,-2.854e5,-2.8547e5]
Percentage done: 1.00 % 
Acceptance rate on iteration 101 to 200 is 0.0505
Covariance:
[0.148153 -0.00872299 -0.000116603 -0.0152488 -0.00301171 0.00708927 0.00964828; -0.00872299 0.0011935 1.08274e-5 0.00234062 0.000440872 -0.00101277 -0.00127699; -0.000116603 1.08274e-5 2.19199e-5 -0.000299389 -5.01426e-5 6.05869e-5 -1.48439e-5; -0.0152488 0.00234062 -0.000299389 0.0975266 0.0177267 -0.0249547 -0.00282342; -0.00301171 0.000440872 -5.01426e-5 0.0177267 0.00323462 -0.00456313 -0.000527539; 0.00708927 -0.00101277 6.05869e-5 -0.0249547 -0.00456313 0.00689266 0.0015682; 0.00964828 -0.00127699 -1.48439e-5 -0.00282342 -0.000527539 0.0015682 0.00254722]
Loglik: -261272.2073 
Loglik values on different cores:
[-2.61285e5,-2.61304e5,-2.61288e5,-2.61279e5,-2.6128e5,-2.61289e5,-2.61293e5,-2.61272e5,-2.61268e5,-2.61298e5]
Percentage done: 1.50 % 
Acceptance rate on iteration 201 to 300 is 0.0707
Covariance:
[0.148153 -0.00872299 -0.000116603 -0.0152488 -0.00301171 0.00708927 0.00964828; -0.00872299 0.0011935 1.08274e-5 0.00234062 0.000440872 -0.00101277 -0.00127699; -0.000116603 1.08274e-5 2.19199e-5 -0.000299389 -5.01426e-5 6.05869e-5 -1.48439e-5; -0.0152488 0.00234062 -0.000299389 0.0975266 0.0177267 -0.0249547 -0.00282342; -0.00301171 0.000440872 -5.01426e-5 0.0177267 0.00323462 -0.00456313 -0.000527539; 0.00708927 -0.00101277 6.05869e-5 -0.0249547 -0.00456313 0.00689266 0.0015682; 0.00964828 -0.00127699 -1.48439e-5 -0.00282342 -0.000527539 0.0015682 0.00254722]
Loglik: -249183.7161 
Loglik values on different cores:
[-2.49208e5,-2.49203e5,-249198.0,-2.49226e5,-2.49198e5,-2.49201e5,-2.49178e5,-2.49205e5,-2.49213e5,-2.49191e5]
	From worker 6:	ESS: 191.7360
	From worker 6:	Nbr resample: 35354 
	From worker 9:	ESS: 182.5081
	From worker 9:	Nbr resample: 35354 
	From worker 3:	ESS: 181.2747
	From worker 3:	Nbr resample: 35354 
	From worker 10:	ESS: 173.2929
	From worker 10:	Nbr resample: 35354 
	From worker 11:	ESS: 189.2265
	From worker 11:	Nbr resample: 35354 
	From worker 5:	ESS: 184.5391
	From worker 5:	Nbr resample: 35354 
	From worker 7:	ESS: 180.1230
	From worker 7:	Nbr resample: 35354 
	From worker 8:	ESS: 167.8013
	From worker 8:	Nbr resample: 35354 
	From worker 4:	ESS: 177.8469
	From worker 4:	Nbr resample: 35354 
	From worker 2:	ESS: 181.4583
	From worker 2:	Nbr resample: 35354 
Percentage done: 2.00 % 
Acceptance rate on iteration 301 to 400 is 0.0606
Covariance:
[0.148153 -0.00872299 -0.000116603 -0.0152488 -0.00301171 0.00708927 0.00964828; -0.00872299 0.0011935 1.08274e-5 0.00234062 0.000440872 -0.00101277 -0.00127699; -0.000116603 1.08274e-5 2.19199e-5 -0.000299389 -5.01426e-5 6.05869e-5 -1.48439e-5; -0.0152488 0.00234062 -0.000299389 0.0975266 0.0177267 -0.0249547 -0.00282342; -0.00301171 0.000440872 -5.01426e-5 0.0177267 0.00323462 -0.00456313 -0.000527539; 0.00708927 -0.00101277 6.05869e-5 -0.0249547 -0.00456313 0.00689266 0.0015682; 0.00964828 -0.00127699 -1.48439e-5 -0.00282342 -0.000527539 0.0015682 0.00254722]
Loglik: -239885.0005 
Loglik values on different cores:
[-2.39894e5,-2.39875e5,-2.39888e5,-2.39893e5,-2.39909e5,-2.39899e5,-2.39898e5,-2.39875e5,-2.39877e5,-2.39896e5]
Percentage done: 2.50 % 
Acceptance rate on iteration 401 to 500 is 0.0707
Covariance:
[0.148153 -0.00872299 -0.000116603 -0.0152488 -0.00301171 0.00708927 0.00964828; -0.00872299 0.0011935 1.08274e-5 0.00234062 0.000440872 -0.00101277 -0.00127699; -0.000116603 1.08274e-5 2.19199e-5 -0.000299389 -5.01426e-5 6.05869e-5 -1.48439e-5; -0.0152488 0.00234062 -0.000299389 0.0975266 0.0177267 -0.0249547 -0.00282342; -0.00301171 0.000440872 -5.01426e-5 0.0177267 0.00323462 -0.00456313 -0.000527539; 0.00708927 -0.00101277 6.05869e-5 -0.0249547 -0.00456313 0.00689266 0.0015682; 0.00964828 -0.00127699 -1.48439e-5 -0.00282342 -0.000527539 0.0015682 0.00254722]
Loglik: -229814.6554 
Loglik values on different cores:
[-2.29814e5,-2.29827e5,-2.29839e5,-2.29826e5,-2.29826e5,-2.29843e5,-2.29826e5,-2.29818e5,-2.29821e5,-2.29825e5]
Percentage done: 3.00 % 
Acceptance rate on iteration 501 to 600 is 0.0808
Covariance:
[0.148153 -0.00872299 -0.000116603 -0.0152488 -0.00301171 0.00708927 0.00964828; -0.00872299 0.0011935 1.08274e-5 0.00234062 0.000440872 -0.00101277 -0.00127699; -0.000116603 1.08274e-5 2.19199e-5 -0.000299389 -5.01426e-5 6.05869e-5 -1.48439e-5; -0.0152488 0.00234062 -0.000299389 0.0975266 0.0177267 -0.0249547 -0.00282342; -0.00301171 0.000440872 -5.01426e-5 0.0177267 0.00323462 -0.00456313 -0.000527539; 0.00708927 -0.00101277 6.05869e-5 -0.0249547 -0.00456313 0.00689266 0.0015682; 0.00964828 -0.00127699 -1.48439e-5 -0.00282342 -0.000527539 0.0015682 0.00254722]
Loglik: -215930.9974 
Loglik values on different cores:
[-2.15958e5,-2.15938e5,-2.15955e5,-2.15967e5,-2.15959e5,-2.15935e5,-2.15942e5,-2.15929e5,-2.1595e5,-2.15955e5]
Percentage done: 3.50 % 
Acceptance rate on iteration 601 to 700 is 0.1313
Covariance:
[0.148153 -0.00872299 -0.000116603 -0.0152488 -0.00301171 0.00708927 0.00964828; -0.00872299 0.0011935 1.08274e-5 0.00234062 0.000440872 -0.00101277 -0.00127699; -0.000116603 1.08274e-5 2.19199e-5 -0.000299389 -5.01426e-5 6.05869e-5 -1.48439e-5; -0.0152488 0.00234062 -0.000299389 0.0975266 0.0177267 -0.0249547 -0.00282342; -0.00301171 0.000440872 -5.01426e-5 0.0177267 0.00323462 -0.00456313 -0.000527539; 0.00708927 -0.00101277 6.05869e-5 -0.0249547 -0.00456313 0.00689266 0.0015682; 0.00964828 -0.00127699 -1.48439e-5 -0.00282342 -0.000527539 0.0015682 0.00254722]
Loglik: -199729.5020 
Loglik values on different cores:
[-1.99874e5,-1.99847e5,-1.99889e5,-1.9984e5,-1.9988e5,-1.99853e5,-1.99853e5,-1.99884e5,-1.99861e5,-199882.0]
Percentage done: 4.00 % 
Acceptance rate on iteration 701 to 800 is 0.0404
Covariance:
[0.148153 -0.00872299 -0.000116603 -0.0152488 -0.00301171 0.00708927 0.00964828; -0.00872299 0.0011935 1.08274e-5 0.00234062 0.000440872 -0.00101277 -0.00127699; -0.000116603 1.08274e-5 2.19199e-5 -0.000299389 -5.01426e-5 6.05869e-5 -1.48439e-5; -0.0152488 0.00234062 -0.000299389 0.0975266 0.0177267 -0.0249547 -0.00282342; -0.00301171 0.000440872 -5.01426e-5 0.0177267 0.00323462 -0.00456313 -0.000527539; 0.00708927 -0.00101277 6.05869e-5 -0.0249547 -0.00456313 0.00689266 0.0015682; 0.00964828 -0.00127699 -1.48439e-5 -0.00282342 -0.000527539 0.0015682 0.00254722]
Loglik: -193689.2693 
Loglik values on different cores:
[-1.93711e5,-193732.0,-1.93753e5,-1.93749e5,-1.93741e5,-1.93719e5,-1.9372e5,-1.93704e5,-1.93738e5,-1.93856e5]
Percentage done: 4.50 % 
Acceptance rate on iteration 801 to 900 is 0.0909
Covariance:
[0.148153 -0.00872299 -0.000116603 -0.0152488 -0.00301171 0.00708927 0.00964828; -0.00872299 0.0011935 1.08274e-5 0.00234062 0.000440872 -0.00101277 -0.00127699; -0.000116603 1.08274e-5 2.19199e-5 -0.000299389 -5.01426e-5 6.05869e-5 -1.48439e-5; -0.0152488 0.00234062 -0.000299389 0.0975266 0.0177267 -0.0249547 -0.00282342; -0.00301171 0.000440872 -5.01426e-5 0.0177267 0.00323462 -0.00456313 -0.000527539; 0.00708927 -0.00101277 6.05869e-5 -0.0249547 -0.00456313 0.00689266 0.0015682; 0.00964828 -0.00127699 -1.48439e-5 -0.00282342 -0.000527539 0.0015682 0.00254722]
Loglik: -179506.5117 
Loglik values on different cores:
[-1.79552e5,-1.79529e5,-1.79603e5,-1.79503e5,-1.79508e5,-1.79526e5,-1.79563e5,-1.79548e5,-1.79523e5,-1.79503e5]
Percentage done: 5.00 % 
Acceptance rate on iteration 901 to 1000 is 0.0909
Covariance:
[0.148153 -0.00872299 -0.000116603 -0.0152488 -0.00301171 0.00708927 0.00964828; -0.00872299 0.0011935 1.08274e-5 0.00234062 0.000440872 -0.00101277 -0.00127699; -0.000116603 1.08274e-5 2.19199e-5 -0.000299389 -5.01426e-5 6.05869e-5 -1.48439e-5; -0.0152488 0.00234062 -0.000299389 0.0975266 0.0177267 -0.0249547 -0.00282342; -0.00301171 0.000440872 -5.01426e-5 0.0177267 0.00323462 -0.00456313 -0.000527539; 0.00708927 -0.00101277 6.05869e-5 -0.0249547 -0.00456313 0.00689266 0.0015682; 0.00964828 -0.00127699 -1.48439e-5 -0.00282342 -0.000527539 0.0015682 0.00254722]
Loglik: -166458.2705 
Loglik values on different cores:
[-1.66514e5,-1.66475e5,-1.66475e5,-1.66502e5,-1.66491e5,-1.6654e5,-1.66494e5,-1.66481e5,-1.66412e5,-1.66553e5]
Percentage done: 5.50 % 
Acceptance rate on iteration 1001 to 1100 is 0.0606
Covariance:
[0.148153 -0.00872299 -0.000116603 -0.0152488 -0.00301171 0.00708927 0.00964828; -0.00872299 0.0011935 1.08274e-5 0.00234062 0.000440872 -0.00101277 -0.00127699; -0.000116603 1.08274e-5 2.19199e-5 -0.000299389 -5.01426e-5 6.05869e-5 -1.48439e-5; -0.0152488 0.00234062 -0.000299389 0.0975266 0.0177267 -0.0249547 -0.00282342; -0.00301171 0.000440872 -5.01426e-5 0.0177267 0.00323462 -0.00456313 -0.000527539; 0.00708927 -0.00101277 6.05869e-5 -0.0249547 -0.00456313 0.00689266 0.0015682; 0.00964828 -0.00127699 -1.48439e-5 -0.00282342 -0.000527539 0.0015682 0.00254722]
Loglik: -157009.8248 
Loglik values on different cores:
[-1.57104e5,-1.57186e5,-1.57049e5,-1.57131e5,-1.57091e5,-157059.0,-1.57101e5,-1.5712e5,-1.56832e5,-1.56857e5]
	From worker 9:	ESS: 43.8135
	From worker 9:	Nbr resample: 35354 
	From worker 10:	ESS: 49.3262
	From worker 10:	Nbr resample: 35354 
	From worker 5:	ESS: 54.5860
	From worker 5:	Nbr resample: 35354 
	From worker 6:	ESS: 51.9363
	From worker 6:	Nbr resample: 35354 
	From worker 3:	ESS: 47.2596
	From worker 3:	Nbr resample: 35354 
	From worker 8:	ESS: 47.0761
	From worker 8:	Nbr resample: 35354 
	From worker 7:	ESS: 53.8876
	From worker 7:	Nbr resample: 35354 
	From worker 11:	ESS: 43.4996
	From worker 11:	Nbr resample: 35354 
	From worker 4:	ESS: 56.2152
	From worker 4:	Nbr resample: 35354 
	From worker 2:	ESS: 58.3776
	From worker 2:	Nbr resample: 35354 
Percentage done: 6.00 % 
Acceptance rate on iteration 1101 to 1200 is 0.0505
Covariance:
[0.148153 -0.00872299 -0.000116603 -0.0152488 -0.00301171 0.00708927 0.00964828; -0.00872299 0.0011935 1.08274e-5 0.00234062 0.000440872 -0.00101277 -0.00127699; -0.000116603 1.08274e-5 2.19199e-5 -0.000299389 -5.01426e-5 6.05869e-5 -1.48439e-5; -0.0152488 0.00234062 -0.000299389 0.0975266 0.0177267 -0.0249547 -0.00282342; -0.00301171 0.000440872 -5.01426e-5 0.0177267 0.00323462 -0.00456313 -0.000527539; 0.00708927 -0.00101277 6.05869e-5 -0.0249547 -0.00456313 0.00689266 0.0015682; 0.00964828 -0.00127699 -1.48439e-5 -0.00282342 -0.000527539 0.0015682 0.00254722]
Loglik: -152224.0835 
Loglik values on different cores:
[-1.52636e5,-1.52503e5,-1.52625e5,-1.52177e5,-1.52425e5,-1.52433e5,-1.52495e5,-1.52507e5,-1.52503e5,-1.52193e5]
Percentage done: 6.50 % 
Acceptance rate on iteration 1201 to 1300 is 0.1010
Covariance:
[0.148153 -0.00872299 -0.000116603 -0.0152488 -0.00301171 0.00708927 0.00964828; -0.00872299 0.0011935 1.08274e-5 0.00234062 0.000440872 -0.00101277 -0.00127699; -0.000116603 1.08274e-5 2.19199e-5 -0.000299389 -5.01426e-5 6.05869e-5 -1.48439e-5; -0.0152488 0.00234062 -0.000299389 0.0975266 0.0177267 -0.0249547 -0.00282342; -0.00301171 0.000440872 -5.01426e-5 0.0177267 0.00323462 -0.00456313 -0.000527539; 0.00708927 -0.00101277 6.05869e-5 -0.0249547 -0.00456313 0.00689266 0.0015682; 0.00964828 -0.00127699 -1.48439e-5 -0.00282342 -0.000527539 0.0015682 0.00254722]
Loglik: -140313.8279 
Loglik values on different cores:
[-1.40504e5,-1.40898e5,-1.40473e5,-1.40403e5,-1.41014e5,-1.40849e5,-1.40301e5,-1.40477e5,-1.40328e5,-1.40785e5]
Percentage done: 7.00 % 
Acceptance rate on iteration 1301 to 1400 is 0.0808
Covariance:
[0.148153 -0.00872299 -0.000116603 -0.0152488 -0.00301171 0.00708927 0.00964828; -0.00872299 0.0011935 1.08274e-5 0.00234062 0.000440872 -0.00101277 -0.00127699; -0.000116603 1.08274e-5 2.19199e-5 -0.000299389 -5.01426e-5 6.05869e-5 -1.48439e-5; -0.0152488 0.00234062 -0.000299389 0.0975266 0.0177267 -0.0249547 -0.00282342; -0.00301171 0.000440872 -5.01426e-5 0.0177267 0.00323462 -0.00456313 -0.000527539; 0.00708927 -0.00101277 6.05869e-5 -0.0249547 -0.00456313 0.00689266 0.0015682; 0.00964828 -0.00127699 -1.48439e-5 -0.00282342 -0.000527539 0.0015682 0.00254722]
Loglik: -135198.9662 
Loglik values on different cores:
[-1.3556e5,-1.3548e5,-1.35701e5,-1.36254e5,-136452.0,-1.35864e5,-1.35757e5,-1.35546e5,-136129.0,-1.35595e5]
Percentage done: 7.50 % 
Acceptance rate on iteration 1401 to 1500 is 0.0404
Covariance:
[0.148153 -0.00872299 -0.000116603 -0.0152488 -0.00301171 0.00708927 0.00964828; -0.00872299 0.0011935 1.08274e-5 0.00234062 0.000440872 -0.00101277 -0.00127699; -0.000116603 1.08274e-5 2.19199e-5 -0.000299389 -5.01426e-5 6.05869e-5 -1.48439e-5; -0.0152488 0.00234062 -0.000299389 0.0975266 0.0177267 -0.0249547 -0.00282342; -0.00301171 0.000440872 -5.01426e-5 0.0177267 0.00323462 -0.00456313 -0.000527539; 0.00708927 -0.00101277 6.05869e-5 -0.0249547 -0.00456313 0.00689266 0.0015682; 0.00964828 -0.00127699 -1.48439e-5 -0.00282342 -0.000527539 0.0015682 0.00254722]
Loglik: -130865.3944 
Loglik values on different cores:
[-1.32082e5,-1.30964e5,-1.30955e5,-1.32143e5,-130947.0,-1.31143e5,-1.31223e5,-1.31133e5,-1.32188e5,-1.31151e5]
Percentage done: 8.00 % 
Acceptance rate on iteration 1501 to 1600 is 0.0707
Covariance:
[0.148153 -0.00872299 -0.000116603 -0.0152488 -0.00301171 0.00708927 0.00964828; -0.00872299 0.0011935 1.08274e-5 0.00234062 0.000440872 -0.00101277 -0.00127699; -0.000116603 1.08274e-5 2.19199e-5 -0.000299389 -5.01426e-5 6.05869e-5 -1.48439e-5; -0.0152488 0.00234062 -0.000299389 0.0975266 0.0177267 -0.0249547 -0.00282342; -0.00301171 0.000440872 -5.01426e-5 0.0177267 0.00323462 -0.00456313 -0.000527539; 0.00708927 -0.00101277 6.05869e-5 -0.0249547 -0.00456313 0.00689266 0.0015682; 0.00964828 -0.00127699 -1.48439e-5 -0.00282342 -0.000527539 0.0015682 0.00254722]
Loglik: -119549.9068 
Loglik values on different cores:
[-1.20172e5,-1.21975e5,-119662.0,-1.21568e5,-1.19579e5,-1.20557e5,-1.21739e5,-1.19572e5,-1.19986e5,-1.21695e5]
	From worker 6:	ESS: 15.5725
	From worker 6:	Nbr resample: 35354 
	From worker 3:	ESS: 15.1543
	From worker 3:	Nbr resample: 35354 
	From worker 8:	ESS: 18.7845
	From worker 8:	Nbr resample: 35354 
	From worker 10:	ESS: 15.6722
	From worker 10:	Nbr resample: 35354 
	From worker 2:	ESS: 17.5916
	From worker 2:	Nbr resample: 35354 
	From worker 11:	ESS: 11.0494
	From worker 11:	Nbr resample: 35354 
	From worker 4:	ESS: 20.3266
	From worker 4:	Nbr resample: 35354 
	From worker 9:	ESS: 14.5375
	From worker 9:	Nbr resample: 35354 
	From worker 5:	ESS: 27.1794
	From worker 5:	Nbr resample: 35354 
	From worker 7:	ESS: 20.6577
	From worker 7:	Nbr resample: 35354 
	From worker 5:	ESS: 15.2098
	From worker 5:	Nbr resample: 35354 
	From worker 9:	ESS: 14.3499
	From worker 9:	Nbr resample: 35354 
	From worker 10:	ESS: 17.0122
	From worker 10:	Nbr resample: 35354 
	From worker 8:	ESS: 23.6333
	From worker 8:	Nbr resample: 35354 
	From worker 3:	ESS: 18.3624
	From worker 3:	Nbr resample: 35354 
	From worker 4:	ESS: 14.9007
	From worker 4:	Nbr resample: 35354 
	From worker 2:	ESS: 11.6360
	From worker 2:	Nbr resample: 35354 
	From worker 11:	ESS: 18.4661
	From worker 11:	Nbr resample: 35354 
	From worker 7:	ESS: 18.5626
	From worker 7:	Nbr resample: 35354 
	From worker 6:	ESS: 14.4387
	From worker 6:	Nbr resample: 35354 
Percentage done: 8.50 % 
Acceptance rate on iteration 1601 to 1700 is 0.0707
Covariance:
[0.148153 -0.00872299 -0.000116603 -0.0152488 -0.00301171 0.00708927 0.00964828; -0.00872299 0.0011935 1.08274e-5 0.00234062 0.000440872 -0.00101277 -0.00127699; -0.000116603 1.08274e-5 2.19199e-5 -0.000299389 -5.01426e-5 6.05869e-5 -1.48439e-5; -0.0152488 0.00234062 -0.000299389 0.0975266 0.0177267 -0.0249547 -0.00282342; -0.00301171 0.000440872 -5.01426e-5 0.0177267 0.00323462 -0.00456313 -0.000527539; 0.00708927 -0.00101277 6.05869e-5 -0.0249547 -0.00456313 0.00689266 0.0015682; 0.00964828 -0.00127699 -1.48439e-5 -0.00282342 -0.000527539 0.0015682 0.00254722]
Loglik: -111408.3401 
Loglik values on different cores:
[-1.11232e5,-1.1168e5,-1.12713e5,-1.1122e5,-114615.0,-1.15451e5,-1.14839e5,-111457.0,-1.11857e5,-1.11646e5]
	From worker 6:	ESS: 15.2775
	From worker 6:	Nbr resample: 35354 
	From worker 10:	ESS: 22.9833
	From worker 10:	Nbr resample: 35354 
	From worker 8:	ESS: 24.7129
	From worker 8:	Nbr resample: 35354 
	From worker 9:	ESS: 20.9590
	From worker 9:	Nbr resample: 35354 
	From worker 5:	ESS: 24.0874
	From worker 5:	Nbr resample: 35354 
	From worker 3:	ESS: 17.3372
	From worker 3:	Nbr resample: 35354 
	From worker 4:	ESS: 20.0535
	From worker 4:	Nbr resample: 35354 
	From worker 7:	ESS: 26.1653
	From worker 7:	Nbr resample: 35354 
	From worker 11:	ESS: 22.8014
	From worker 11:	Nbr resample: 35354 
	From worker 2:	ESS: 26.2909
	From worker 2:	Nbr resample: 35354 
	From worker 10:	ESS: 15.8839
	From worker 10:	Nbr resample: 35354 
	From worker 6:	ESS: 13.8721
	From worker 6:	Nbr resample: 35354 
	From worker 9:	ESS: 23.3458
	From worker 9:	Nbr resample: 35354 
	From worker 8:	ESS: 15.0932
	From worker 8:	Nbr resample: 35354 
	From worker 2:	ESS: 13.3187
	From worker 2:	Nbr resample: 35354 
	From worker 4:	ESS: 17.5217
	From worker 4:	Nbr resample: 35354 
	From worker 7:	ESS: 18.1967
	From worker 7:	Nbr resample: 35354 
	From worker 11:	ESS: 14.0551
	From worker 11:	Nbr resample: 35354 
	From worker 3:	ESS: 18.1904
	From worker 3:	Nbr resample: 35354 
	From worker 5:	ESS: 16.5298
	From worker 5:	Nbr resample: 35354 
Percentage done: 9.00 % 
Acceptance rate on iteration 1701 to 1800 is 0.0303
Covariance:
[0.148153 -0.00872299 -0.000116603 -0.0152488 -0.00301171 0.00708927 0.00964828; -0.00872299 0.0011935 1.08274e-5 0.00234062 0.000440872 -0.00101277 -0.00127699; -0.000116603 1.08274e-5 2.19199e-5 -0.000299389 -5.01426e-5 6.05869e-5 -1.48439e-5; -0.0152488 0.00234062 -0.000299389 0.0975266 0.0177267 -0.0249547 -0.00282342; -0.00301171 0.000440872 -5.01426e-5 0.0177267 0.00323462 -0.00456313 -0.000527539; 0.00708927 -0.00101277 6.05869e-5 -0.0249547 -0.00456313 0.00689266 0.0015682; 0.00964828 -0.00127699 -1.48439e-5 -0.00282342 -0.000527539 0.0015682 0.00254722]
Loglik: -108592.6335 
Loglik values on different cores:
[-1.12878e5,-1.08647e5,-1.11129e5,-110993.0,-1.13165e5,-1.08607e5,-1.09838e5,-1.08691e5,-1.13231e5,-1.10469e5]
	From worker 6:	ESS: 41.8165
	From worker 6:	Nbr resample: 35354 
	From worker 9:	ESS: 36.4795
	From worker 9:	Nbr resample: 35354 
	From worker 3:	ESS: 35.6220
	From worker 3:	Nbr resample: 35354 
	From worker 8:	ESS: 33.7971
	From worker 8:	Nbr resample: 35354 
	From worker 5:	ESS: 35.0803
	From worker 5:	Nbr resample: 35354 
	From worker 11:	ESS: 35.7573
	From worker 11:	Nbr resample: 35354 
	From worker 7:	ESS: 38.7543
	From worker 7:	Nbr resample: 35354 
	From worker 4:	ESS: 34.0319
	From worker 4:	Nbr resample: 35354 
	From worker 2:	ESS: 35.8066
	From worker 2:	Nbr resample: 35354 
	From worker 10:	ESS: 27.0162
	From worker 10:	Nbr resample: 35354 
Percentage done: 9.50 % 
Acceptance rate on iteration 1801 to 1900 is 0.0909
Covariance:
[0.148153 -0.00872299 -0.000116603 -0.0152488 -0.00301171 0.00708927 0.00964828; -0.00872299 0.0011935 1.08274e-5 0.00234062 0.000440872 -0.00101277 -0.00127699; -0.000116603 1.08274e-5 2.19199e-5 -0.000299389 -5.01426e-5 6.05869e-5 -1.48439e-5; -0.0152488 0.00234062 -0.000299389 0.0975266 0.0177267 -0.0249547 -0.00282342; -0.00301171 0.000440872 -5.01426e-5 0.0177267 0.00323462 -0.00456313 -0.000527539; 0.00708927 -0.00101277 6.05869e-5 -0.0249547 -0.00456313 0.00689266 0.0015682; 0.00964828 -0.00127699 -1.48439e-5 -0.00282342 -0.000527539 0.0015682 0.00254722]
Loglik: -99739.2010 
Loglik values on different cores:
[-1.01114e5,-1.01255e5,-1.03927e5,-1.01844e5,-1.00511e5,-1.05264e5,-1.0085e5,-1.00974e5,-1.0629e5,-1.04946e5]
Percentage done: 10.00 % 
Acceptance rate on iteration 1901 to 2000 is 0.0303
Covariance:
[0.148153 -0.00872299 -0.000116603 -0.0152488 -0.00301171 0.00708927 0.00964828; -0.00872299 0.0011935 1.08274e-5 0.00234062 0.000440872 -0.00101277 -0.00127699; -0.000116603 1.08274e-5 2.19199e-5 -0.000299389 -5.01426e-5 6.05869e-5 -1.48439e-5; -0.0152488 0.00234062 -0.000299389 0.0975266 0.0177267 -0.0249547 -0.00282342; -0.00301171 0.000440872 -5.01426e-5 0.0177267 0.00323462 -0.00456313 -0.000527539; 0.00708927 -0.00101277 6.05869e-5 -0.0249547 -0.00456313 0.00689266 0.0015682; 0.00964828 -0.00127699 -1.48439e-5 -0.00282342 -0.000527539 0.0015682 0.00254722]
Loglik: -95494.7107 
Loglik values on different cores:
[-96561.0,-96147.8,-96581.5,-95497.0,-96135.1,-95778.0,-95931.3,-98719.9,-95713.3,-97413.8]
	From worker 3:	ESS: 37.9641
	From worker 3:	Nbr resample: 35354 
	From worker 6:	ESS: 25.7116
	From worker 6:	Nbr resample: 35354 
	From worker 10:	ESS: 28.6866
	From worker 10:	Nbr resample: 35354 
	From worker 5:	ESS: 28.2190
	From worker 5:	Nbr resample: 35354 
	From worker 9:	ESS: 30.6261
	From worker 9:	Nbr resample: 35354 
	From worker 8:	ESS: 30.1096
	From worker 8:	Nbr resample: 35354 
	From worker 11:	ESS: 28.3956
	From worker 11:	Nbr resample: 35354 
	From worker 7:	ESS: 35.3240
	From worker 7:	Nbr resample: 35354 
	From worker 2:	ESS: 29.6426
	From worker 2:	Nbr resample: 35354 
	From worker 4:	ESS: 30.9659
	From worker 4:	Nbr resample: 35354 
	From worker 6:	ESS: 26.8776
	From worker 6:	Nbr resample: 35354 
	From worker 3:	ESS: 23.6298
	From worker 3:	Nbr resample: 35354 
	From worker 7:	ESS: 22.1755
	From worker 7:	Nbr resample: 35354 
	From worker 9:	ESS: 21.3738
	From worker 9:	Nbr resample: 35354 
	From worker 8:	ESS: 21.7700
	From worker 8:	Nbr resample: 35354 
	From worker 2:	ESS: 25.1322
	From worker 2:	Nbr resample: 35354 
	From worker 5:	ESS: 23.5037
	From worker 5:	Nbr resample: 35354 
	From worker 4:	ESS: 22.7606
	From worker 4:	Nbr resample: 35354 
	From worker 11:	ESS: 28.7770
	From worker 11:	Nbr resample: 35354 
	From worker 10:	ESS: 21.1541
	From worker 10:	Nbr resample: 35354 
Percentage done: 10.50 % 
Acceptance rate on iteration 2001 to 2100 is 0.0606
Covariance:
[0.148153 -0.00872299 -0.000116603 -0.0152488 -0.00301171 0.00708927 0.00964828; -0.00872299 0.0011935 1.08274e-5 0.00234062 0.000440872 -0.00101277 -0.00127699; -0.000116603 1.08274e-5 2.19199e-5 -0.000299389 -5.01426e-5 6.05869e-5 -1.48439e-5; -0.0152488 0.00234062 -0.000299389 0.0975266 0.0177267 -0.0249547 -0.00282342; -0.00301171 0.000440872 -5.01426e-5 0.0177267 0.00323462 -0.00456313 -0.000527539; 0.00708927 -0.00101277 6.05869e-5 -0.0249547 -0.00456313 0.00689266 0.0015682; 0.00964828 -0.00127699 -1.48439e-5 -0.00282342 -0.000527539 0.0015682 0.00254722]
Loglik: -85627.5567 
Loglik values on different cores:
[-93094.1,-93324.0,-90874.5,-86854.5,-86133.3,-85848.6,-87367.7,-90017.2,-89829.6,-89307.2]
Percentage done: 11.00 % 
Acceptance rate on iteration 2101 to 2200 is 0.0909
Covariance:
[0.148153 -0.00872299 -0.000116603 -0.0152488 -0.00301171 0.00708927 0.00964828; -0.00872299 0.0011935 1.08274e-5 0.00234062 0.000440872 -0.00101277 -0.00127699; -0.000116603 1.08274e-5 2.19199e-5 -0.000299389 -5.01426e-5 6.05869e-5 -1.48439e-5; -0.0152488 0.00234062 -0.000299389 0.0975266 0.0177267 -0.0249547 -0.00282342; -0.00301171 0.000440872 -5.01426e-5 0.0177267 0.00323462 -0.00456313 -0.000527539; 0.00708927 -0.00101277 6.05869e-5 -0.0249547 -0.00456313 0.00689266 0.0015682; 0.00964828 -0.00127699 -1.48439e-5 -0.00282342 -0.000527539 0.0015682 0.00254722]
Loglik: -72383.8774 
Loglik values on different cores:
[-89762.8,-82554.4,-1.08111e5,-73746.8,-78424.8,-80685.4,-80085.2,-78963.1,-72998.1,-91199.8]
Percentage done: 11.50 % 
Acceptance rate on iteration 2201 to 2300 is 0.1313
Covariance:
[0.148153 -0.00872299 -0.000116603 -0.0152488 -0.00301171 0.00708927 0.00964828; -0.00872299 0.0011935 1.08274e-5 0.00234062 0.000440872 -0.00101277 -0.00127699; -0.000116603 1.08274e-5 2.19199e-5 -0.000299389 -5.01426e-5 6.05869e-5 -1.48439e-5; -0.0152488 0.00234062 -0.000299389 0.0975266 0.0177267 -0.0249547 -0.00282342; -0.00301171 0.000440872 -5.01426e-5 0.0177267 0.00323462 -0.00456313 -0.000527539; 0.00708927 -0.00101277 6.05869e-5 -0.0249547 -0.00456313 0.00689266 0.0015682; 0.00964828 -0.00127699 -1.48439e-5 -0.00282342 -0.000527539 0.0015682 0.00254722]
Loglik: -63453.4367 
Loglik values on different cores:
[-1.35021e5,-1.38001e5,-90306.8,-1.08347e5,-76965.3,-5.85747e5,-1.03761e5,-86260.6,-109394.0,-83582.0]
Percentage done: 12.00 % 
Acceptance rate on iteration 2301 to 2400 is 0.0808
Covariance:
[0.148153 -0.00872299 -0.000116603 -0.0152488 -0.00301171 0.00708927 0.00964828; -0.00872299 0.0011935 1.08274e-5 0.00234062 0.000440872 -0.00101277 -0.00127699; -0.000116603 1.08274e-5 2.19199e-5 -0.000299389 -5.01426e-5 6.05869e-5 -1.48439e-5; -0.0152488 0.00234062 -0.000299389 0.0975266 0.0177267 -0.0249547 -0.00282342; -0.00301171 0.000440872 -5.01426e-5 0.0177267 0.00323462 -0.00456313 -0.000527539; 0.00708927 -0.00101277 6.05869e-5 -0.0249547 -0.00456313 0.00689266 0.0015682; 0.00964828 -0.00127699 -1.48439e-5 -0.00282342 -0.000527539 0.0015682 0.00254722]
Loglik: -56425.5828 
Loglik values on different cores:
[-137254.0,-1.06329e5,-1.00723e5,-98315.1,-89385.6,-93315.5,-56454.1,-57558.4,-94061.5,-97320.7]
Percentage done: 12.50 % 
Acceptance rate on iteration 2401 to 2500 is 0.0606
Covariance:
[0.148153 -0.00872299 -0.000116603 -0.0152488 -0.00301171 0.00708927 0.00964828; -0.00872299 0.0011935 1.08274e-5 0.00234062 0.000440872 -0.00101277 -0.00127699; -0.000116603 1.08274e-5 2.19199e-5 -0.000299389 -5.01426e-5 6.05869e-5 -1.48439e-5; -0.0152488 0.00234062 -0.000299389 0.0975266 0.0177267 -0.0249547 -0.00282342; -0.00301171 0.000440872 -5.01426e-5 0.0177267 0.00323462 -0.00456313 -0.000527539; 0.00708927 -0.00101277 6.05869e-5 -0.0249547 -0.00456313 0.00689266 0.0015682; 0.00964828 -0.00127699 -1.48439e-5 -0.00282342 -0.000527539 0.0015682 0.00254722]
Loglik: -49390.3714 
Loglik values on different cores:
[-52977.6,-1.19301e5,-157226.0,-52927.0,-1.15207e5,-52948.3,-122583.0,-54324.0,-54322.9,-54281.4]
Percentage done: 13.00 % 
Acceptance rate on iteration 2501 to 2600 is 0.0101
Covariance:
[0.148153 -0.00872299 -0.000116603 -0.0152488 -0.00301171 0.00708927 0.00964828; -0.00872299 0.0011935 1.08274e-5 0.00234062 0.000440872 -0.00101277 -0.00127699; -0.000116603 1.08274e-5 2.19199e-5 -0.000299389 -5.01426e-5 6.05869e-5 -1.48439e-5; -0.0152488 0.00234062 -0.000299389 0.0975266 0.0177267 -0.0249547 -0.00282342; -0.00301171 0.000440872 -5.01426e-5 0.0177267 0.00323462 -0.00456313 -0.000527539; 0.00708927 -0.00101277 6.05869e-5 -0.0249547 -0.00456313 0.00689266 0.0015682; 0.00964828 -0.00127699 -1.48439e-5 -0.00282342 -0.000527539 0.0015682 0.00254722]
Loglik: -49357.1694 
Loglik values on different cores:
[-1.36283e5,-1.47335e7,-1.2529e10,-1.46888e5,-51171.3,-1.49253e5,-1.16042e5,-1.33437e5,-1.2741e5,-1.19308e5]
Percentage done: 13.50 % 
Acceptance rate on iteration 2601 to 2700 is 0.0505
Covariance:
[0.148153 -0.00872299 -0.000116603 -0.0152488 -0.00301171 0.00708927 0.00964828; -0.00872299 0.0011935 1.08274e-5 0.00234062 0.000440872 -0.00101277 -0.00127699; -0.000116603 1.08274e-5 2.19199e-5 -0.000299389 -5.01426e-5 6.05869e-5 -1.48439e-5; -0.0152488 0.00234062 -0.000299389 0.0975266 0.0177267 -0.0249547 -0.00282342; -0.00301171 0.000440872 -5.01426e-5 0.0177267 0.00323462 -0.00456313 -0.000527539; 0.00708927 -0.00101277 6.05869e-5 -0.0249547 -0.00456313 0.00689266 0.0015682; 0.00964828 -0.00127699 -1.48439e-5 -0.00282342 -0.000527539 0.0015682 0.00254722]
Loglik: -49805.0531 
Loglik values on different cores:
[-1.97552e5,-1.56609e5,-54533.8,-4.69228e8,-1.20323e7,-2.0133e5,-53079.0,-1.74354e8,-52962.6,-52973.1]
Percentage done: 14.00 % 
Acceptance rate on iteration 2701 to 2800 is 0.0303
Covariance:
[0.148153 -0.00872299 -0.000116603 -0.0152488 -0.00301171 0.00708927 0.00964828; -0.00872299 0.0011935 1.08274e-5 0.00234062 0.000440872 -0.00101277 -0.00127699; -0.000116603 1.08274e-5 2.19199e-5 -0.000299389 -5.01426e-5 6.05869e-5 -1.48439e-5; -0.0152488 0.00234062 -0.000299389 0.0975266 0.0177267 -0.0249547 -0.00282342; -0.00301171 0.000440872 -5.01426e-5 0.0177267 0.00323462 -0.00456313 -0.000527539; 0.00708927 -0.00101277 6.05869e-5 -0.0249547 -0.00456313 0.00689266 0.0015682; 0.00964828 -0.00127699 -1.48439e-5 -0.00282342 -0.000527539 0.0015682 0.00254722]
Loglik: -47159.5853 
Loglik values on different cores:
[-47559.8,-48189.7,-47673.5,-47282.5,-2.46771e12,-47304.8,-47251.5,-48217.6,-6.99784e10,-47265.1]
Percentage done: 14.50 % 
Acceptance rate on iteration 2801 to 2900 is 0.0101
Covariance:
[0.148153 -0.00872299 -0.000116603 -0.0152488 -0.00301171 0.00708927 0.00964828; -0.00872299 0.0011935 1.08274e-5 0.00234062 0.000440872 -0.00101277 -0.00127699; -0.000116603 1.08274e-5 2.19199e-5 -0.000299389 -5.01426e-5 6.05869e-5 -1.48439e-5; -0.0152488 0.00234062 -0.000299389 0.0975266 0.0177267 -0.0249547 -0.00282342; -0.00301171 0.000440872 -5.01426e-5 0.0177267 0.00323462 -0.00456313 -0.000527539; 0.00708927 -0.00101277 6.05869e-5 -0.0249547 -0.00456313 0.00689266 0.0015682; 0.00964828 -0.00127699 -1.48439e-5 -0.00282342 -0.000527539 0.0015682 0.00254722]
Loglik: -46909.3702 
Loglik values on different cores:
[-1.40822e14,-46910.0,-1.03597e15,-1.66491e14,-7.30262e14,-46915.4,-1.08399e13,-7.34431e11,-48299.8,-4.19642e13]
Percentage done: 15.00 % 
Acceptance rate on iteration 2901 to 3000 is 0.0000
Covariance:
[0.148153 -0.00872299 -0.000116603 -0.0152488 -0.00301171 0.00708927 0.00964828; -0.00872299 0.0011935 1.08274e-5 0.00234062 0.000440872 -0.00101277 -0.00127699; -0.000116603 1.08274e-5 2.19199e-5 -0.000299389 -5.01426e-5 6.05869e-5 -1.48439e-5; -0.0152488 0.00234062 -0.000299389 0.0975266 0.0177267 -0.0249547 -0.00282342; -0.00301171 0.000440872 -5.01426e-5 0.0177267 0.00323462 -0.00456313 -0.000527539; 0.00708927 -0.00101277 6.05869e-5 -0.0249547 -0.00456313 0.00689266 0.0015682; 0.00964828 -0.00127699 -1.48439e-5 -0.00282342 -0.000527539 0.0015682 0.00254722]
Loglik: -46909.3702 
Loglik values on different cores:
[-46942.3,-46901.9,-2.38502e14,NaN,-4.40083e14,-46970.6,NaN,-1.0105e14,-48379.0,-47107.8]
	From worker 3:	ESS: 92.1060
	From worker 3:	Nbr resample: 35354 
	From worker 10:	ESS: 82.3885
	From worker 10:	Nbr resample: 35354 
	From worker 6:	ESS: 93.7630
	From worker 6:	Nbr resample: 35354 
	From worker 8:	ESS: 84.4444
	From worker 8:	Nbr resample: 35354 
	From worker 11:	ESS: 94.5879
	From worker 11:	Nbr resample: 35354 
	From worker 4:	ESS: 81.0406
	From worker 4:	Nbr resample: 35354 
	From worker 2:	ESS: 80.9805
	From worker 2:	Nbr resample: 35354 
	From worker 5:	ESS: NaN
	From worker 5:	Nbr resample: 35354 
	From worker 9:	ESS: NaN
	From worker 9:	Nbr resample: 35354 
	From worker 7:	ESS: NaN
	From worker 7:	Nbr resample: 35354 
Percentage done: 15.50 % 
Acceptance rate on iteration 3001 to 3100 is 0.0000
Covariance:
[0.148153 -0.00872299 -0.000116603 -0.0152488 -0.00301171 0.00708927 0.00964828; -0.00872299 0.0011935 1.08274e-5 0.00234062 0.000440872 -0.00101277 -0.00127699; -0.000116603 1.08274e-5 2.19199e-5 -0.000299389 -5.01426e-5 6.05869e-5 -1.48439e-5; -0.0152488 0.00234062 -0.000299389 0.0975266 0.0177267 -0.0249547 -0.00282342; -0.00301171 0.000440872 -5.01426e-5 0.0177267 0.00323462 -0.00456313 -0.000527539; 0.00708927 -0.00101277 6.05869e-5 -0.0249547 -0.00456313 0.00689266 0.0015682; 0.00964828 -0.00127699 -1.48439e-5 -0.00282342 -0.000527539 0.0015682 0.00254722]
Loglik: -46909.3702 
Loglik values on different cores:
[NaN,-48315.6,NaN,-1.89711e12,NaN,-47527.6,NaN,-46942.8,-48319.0,NaN]
	From worker 6:	ESS: 44.4425
	From worker 6:	Nbr resample: 35354 
	From worker 3:	ESS: 48.8089
	From worker 3:	Nbr resample: 35354 
	From worker 11:	ESS: 52.3758
	From worker 11:	Nbr resample: 35354 
	From worker 7:	ESS: 43.4352
	From worker 7:	Nbr resample: 35354 
	From worker 4:	ESS: 1.0000
	From worker 4:	Nbr resample: 35354 
	From worker 9:	ESS: 1.0000
	From worker 9:	Nbr resample: 35354 
	From worker 10:	ESS: 1.0000
	From worker 10:	Nbr resample: 35354 
	From worker 8:	ESS: 1.0000
	From worker 8:	Nbr resample: 35354 
	From worker 5:	ESS: 1.0000
	From worker 5:	Nbr resample: 35354 
	From worker 2:	ESS: 1.0000
	From worker 2:	Nbr resample: 35354 
	From worker 10:	ESS: 48.3736
	From worker 10:	Nbr resample: 35354 
	From worker 8:	ESS: 62.4348
	From worker 8:	Nbr resample: 35354 
	From worker 3:	ESS: 57.4262
	From worker 3:	Nbr resample: 35354 
	From worker 5:	ESS: 48.3687
	From worker 5:	Nbr resample: 35354 
	From worker 2:	ESS: 61.0912
	From worker 2:	Nbr resample: 35354 
	From worker 7:	ESS: 69.9080
	From worker 7:	Nbr resample: 35354 
	From worker 6:	ESS: NaN
	From worker 6:	Nbr resample: 35354 
	From worker 9:	ESS: 1.0000
	From worker 9:	Nbr resample: 35354 
	From worker 11:	ESS: NaN
	From worker 11:	Nbr resample: 35354 
	From worker 4:	ESS: NaN
	From worker 4:	Nbr resample: 35354 
Percentage done: 16.00 % 
Acceptance rate on iteration 3101 to 3200 is 0.0000
Covariance:
[0.148153 -0.00872299 -0.000116603 -0.0152488 -0.00301171 0.00708927 0.00964828; -0.00872299 0.0011935 1.08274e-5 0.00234062 0.000440872 -0.00101277 -0.00127699; -0.000116603 1.08274e-5 2.19199e-5 -0.000299389 -5.01426e-5 6.05869e-5 -1.48439e-5; -0.0152488 0.00234062 -0.000299389 0.0975266 0.0177267 -0.0249547 -0.00282342; -0.00301171 0.000440872 -5.01426e-5 0.0177267 0.00323462 -0.00456313 -0.000527539; 0.00708927 -0.00101277 6.05869e-5 -0.0249547 -0.00456313 0.00689266 0.0015682; 0.00964828 -0.00127699 -1.48439e-5 -0.00282342 -0.000527539 0.0015682 0.00254722]
Loglik: -46909.3702 
Loglik values on different cores:
[-48588.9,-48324.3,-1.71927e13,-46933.1,-46898.5,-47192.3,-2.1711e15,NaN,-1.70554e13,-48359.4]
Percentage done: 16.50 % 
Acceptance rate on iteration 3201 to 3300 is 0.0000
Covariance:
[0.148153 -0.00872299 -0.000116603 -0.0152488 -0.00301171 0.00708927 0.00964828; -0.00872299 0.0011935 1.08274e-5 0.00234062 0.000440872 -0.00101277 -0.00127699; -0.000116603 1.08274e-5 2.19199e-5 -0.000299389 -5.01426e-5 6.05869e-5 -1.48439e-5; -0.0152488 0.00234062 -0.000299389 0.0975266 0.0177267 -0.0249547 -0.00282342; -0.00301171 0.000440872 -5.01426e-5 0.0177267 0.00323462 -0.00456313 -0.000527539; 0.00708927 -0.00101277 6.05869e-5 -0.0249547 -0.00456313 0.00689266 0.0015682; 0.00964828 -0.00127699 -1.48439e-5 -0.00282342 -0.000527539 0.0015682 0.00254722]
Loglik: -46909.3702 
Loglik values on different cores:
