test
Mean:
[0.73553; 0.528004; 3.09478; 3.37221; 0.4599; -0.0934874; 0.677957]
Std:
[0.25212; 0.046826; 0.00796601; 0.272535; 0.0662614; 0.105267; 0.0749804]
[0.828503 0.572387 0.438231 0.584613 0.59361 0.604875 0.642232 0.689036 0.472046 0.348844; 0.513859 0.549784 0.552077 0.537688 0.563616 0.521447 0.538732 0.523034 0.571247 0.572327; 3.10641 3.10312 3.10389 3.10535 3.1052 3.10377 3.10071 3.10918 3.09848 3.10257; 3.55641 3.40206 3.25468 3.16646 3.07132 3.61673 3.31522 3.35653 2.96727 2.98849; 0.511542 0.476123 0.436954 0.412722 0.387549 0.526511 0.454302 0.457166 0.366762 0.368999; -0.0603538 -0.0609381 -0.0368956 -0.0276338 0.033234 -0.101714 -0.0376862 -0.0268545 0.0516209 0.0800523; 0.79055 0.731002 0.705909 0.671607 0.689273 0.787183 0.69484 0.762687 0.668035 0.7084; -1.68848e5 -1.68795e5 -1.68798e5 -1.68791e5 -1.68782e5 -168795.0 -1.68796e5 -1.68784e5 -1.68777e5 -1.68854e5]Starting ml estimationLength of training data: 5000Start values for optimization:
[-2.39969e6; -970.829; 23346.0; 1.32969e6; 2.20754e5; -9.0882e5; -2892.58; 10114.5; -260.181; -12559.9; -2.02353e5; -19650.8; -3.51872e5; -6273.64; -5491.74; -2220.36; 896.608; 20.849; -674.155; -189.488; -24.7426; -322.503; -748.907; 793.458; -251.462; -7857.03; -52456.7; 2.17766e5; 1431.68; -587.135; 1.62808e5; 442.683; -224.632; -19088.1; 10314.3; 7088.9; 3.86992; 3.52334; -1.37785; -3.06132; -4.83257; -1.29999; -2.71415; -2.25126; -2.59053]Iter     Function value   Gradient norm 
     0     4.039994e+04     3.380574e+07
     1     4.022776e+04     1.049559e+07
     2     3.992110e+04     1.817935e+05
     3     3.992114e+04     1.350395e+05
Estimated parameters of the GP model:
Estimated Β:s:
[-2.39969e6,-970.829,23346.0,1.32969e6,2.20754e5,-9.0882e5,-2892.58,10114.5,-260.181,-12559.9,-2.02353e5,-19650.8,-3.51872e5,-6273.64,-5491.74,-2220.36,896.608,20.849,-674.155,-189.488,-24.7426,-322.503,-748.907,793.458,-251.462,-7857.03,-52456.7,2.17766e5,1431.68,-587.135,1.62808e5,442.683,-224.632,-19088.1,10314.3,7088.9]
Estimated log Φ:s:
[3.86971,3.16798,-0.530603,1.82535,9.62107,-0.974742,-1.19065,-0.518446,0.512184]
elapsed time: 932.224060112 seconds
#####################################################################
Starting DA-GP-MCMC estimating 7 parameters 
MCMC algorithm: MCWM
Adaptation algorithm: noAdaptation
Prior distribution: Normal
Particle filter: parallel_bootstrap, on 4 cores
Nbr particles for particle filter: 250
Covariance - kernel_MH_direct:
[0.0342394 -0.00425196 -1.98636e-5 -0.00294421 -0.000796038 0.00221946 0.00466236; -0.00425196 0.00130272 -8.54796e-6 -0.000124312 -2.63369e-5 -0.000606462 -0.0015247; -1.98636e-5 -8.54796e-6 3.43804e-5 -0.000159623 -2.97798e-5 2.72371e-5 9.48485e-6; -0.00294421 -0.000124312 -0.000159623 0.050633 0.0122682 -0.0180828 -0.0014039; -0.000796038 -2.63369e-5 -2.97798e-5 0.0122682 0.00298775 -0.00440038 -0.000340457; 0.00221946 -0.000606462 2.72371e-5 -0.0180828 -0.00440038 0.00814559 0.00215464; 0.00466236 -0.0015247 9.48485e-6 -0.0014039 -0.000340457 0.00215464 0.00354173]
Iteration: 1
Covariance:
[0.0493047 -0.00612283 -2.86036e-5 -0.00423966 -0.00114629 0.00319602 0.00671379; -0.00612283 0.00187592 -1.23091e-5 -0.000179009 -3.79251e-5 -0.000873305 -0.00219557; -2.86036e-5 -1.23091e-5 4.95078e-5 -0.000229858 -4.28828e-5 3.92214e-5 1.36582e-5; -0.00423966 -0.000179009 -0.000229858 0.0729116 0.0176662 -0.0260393 -0.00202162; -0.00114629 -3.79251e-5 -4.28828e-5 0.0176662 0.00430236 -0.00633655 -0.000490258; 0.00319602 -0.000873305 3.92214e-5 -0.0260393 -0.00633655 0.0117297 0.00310268; 0.00671379 -0.00219557 1.36582e-5 -0.00202162 -0.000490258 0.00310268 0.00510008]
Iteration: 1
Covariance:
[0.0493047 -0.00612283 -2.86036e-5 -0.00423966 -0.00114629 0.00319602 0.00671379; -0.00612283 0.00187592 -1.23091e-5 -0.000179009 -3.79251e-5 -0.000873305 -0.00219557; -2.86036e-5 -1.23091e-5 4.95078e-5 -0.000229858 -4.28828e-5 3.92214e-5 1.36582e-5; -0.00423966 -0.000179009 -0.000229858 0.0729116 0.0176662 -0.0260393 -0.00202162; -0.00114629 -3.79251e-5 -4.28828e-5 0.0176662 0.00430236 -0.00633655 -0.000490258; 0.00319602 -0.000873305 3.92214e-5 -0.0260393 -0.00633655 0.0117297 0.00310268; 0.00671379 -0.00219557 1.36582e-5 -0.00202162 -0.000490258 0.00310268 0.00510008]
Loglik start: -168764.7974 
Percentage done: 10.00 % 
Acceptance rate on iteration 1 to 1000 is 0.0360
Covariance:
[0.0493047 -0.00612283 -2.86036e-5 -0.00423966 -0.00114629 0.00319602 0.00671379; -0.00612283 0.00187592 -1.23091e-5 -0.000179009 -3.79251e-5 -0.000873305 -0.00219557; -2.86036e-5 -1.23091e-5 4.95078e-5 -0.000229858 -4.28828e-5 3.92214e-5 1.36582e-5; -0.00423966 -0.000179009 -0.000229858 0.0729116 0.0176662 -0.0260393 -0.00202162; -0.00114629 -3.79251e-5 -4.28828e-5 0.0176662 0.00430236 -0.00633655 -0.000490258; 0.00319602 -0.000873305 3.92214e-5 -0.0260393 -0.00633655 0.0117297 0.00310268; 0.00671379 -0.00219557 1.36582e-5 -0.00202162 -0.000490258 0.00310268 0.00510008]
Loglik: -168770.31334815 
Loglik values on different cores:
[-1.68793e5,-1.68775e5,-1.68814e5,-1.68799e5]
Percentage done: 20.00 % 
Acceptance rate on iteration 1001 to 2000 is 0.0330
Covariance:
[0.0493047 -0.00612283 -2.86036e-5 -0.00423966 -0.00114629 0.00319602 0.00671379; -0.00612283 0.00187592 -1.23091e-5 -0.000179009 -3.79251e-5 -0.000873305 -0.00219557; -2.86036e-5 -1.23091e-5 4.95078e-5 -0.000229858 -4.28828e-5 3.92214e-5 1.36582e-5; -0.00423966 -0.000179009 -0.000229858 0.0729116 0.0176662 -0.0260393 -0.00202162; -0.00114629 -3.79251e-5 -4.28828e-5 0.0176662 0.00430236 -0.00633655 -0.000490258; 0.00319602 -0.000873305 3.92214e-5 -0.0260393 -0.00633655 0.0117297 0.00310268; 0.00671379 -0.00219557 1.36582e-5 -0.00202162 -0.000490258 0.00310268 0.00510008]
Loglik: -168781.74731860 
Loglik values on different cores:
[-1.68793e5,-168808.0,-1.68828e5,-168781.0]
Percentage done: 30.00 % 
Acceptance rate on iteration 2001 to 3000 is 0.0400
Covariance:
[0.0493047 -0.00612283 -2.86036e-5 -0.00423966 -0.00114629 0.00319602 0.00671379; -0.00612283 0.00187592 -1.23091e-5 -0.000179009 -3.79251e-5 -0.000873305 -0.00219557; -2.86036e-5 -1.23091e-5 4.95078e-5 -0.000229858 -4.28828e-5 3.92214e-5 1.36582e-5; -0.00423966 -0.000179009 -0.000229858 0.0729116 0.0176662 -0.0260393 -0.00202162; -0.00114629 -3.79251e-5 -4.28828e-5 0.0176662 0.00430236 -0.00633655 -0.000490258; 0.00319602 -0.000873305 3.92214e-5 -0.0260393 -0.00633655 0.0117297 0.00310268; 0.00671379 -0.00219557 1.36582e-5 -0.00202162 -0.000490258 0.00310268 0.00510008]
Loglik: -168790.39946613 
Loglik values on different cores:
[-1.68799e5,-1.68811e5,-1.68801e5,-1.68834e5]
Percentage done: 40.00 % 
Acceptance rate on iteration 3001 to 4000 is 0.0260
Covariance:
[0.0493047 -0.00612283 -2.86036e-5 -0.00423966 -0.00114629 0.00319602 0.00671379; -0.00612283 0.00187592 -1.23091e-5 -0.000179009 -3.79251e-5 -0.000873305 -0.00219557; -2.86036e-5 -1.23091e-5 4.95078e-5 -0.000229858 -4.28828e-5 3.92214e-5 1.36582e-5; -0.00423966 -0.000179009 -0.000229858 0.0729116 0.0176662 -0.0260393 -0.00202162; -0.00114629 -3.79251e-5 -4.28828e-5 0.0176662 0.00430236 -0.00633655 -0.000490258; 0.00319602 -0.000873305 3.92214e-5 -0.0260393 -0.00633655 0.0117297 0.00310268; 0.00671379 -0.00219557 1.36582e-5 -0.00202162 -0.000490258 0.00310268 0.00510008]
Loglik: -168785.03738548 
Loglik values on different cores:
[-168824.0,-1.68876e5,-1.6886e5,-1.68815e5]
Percentage done: 50.00 % 
Acceptance rate on iteration 4001 to 5000 is 0.0440
Covariance:
[0.0493047 -0.00612283 -2.86036e-5 -0.00423966 -0.00114629 0.00319602 0.00671379; -0.00612283 0.00187592 -1.23091e-5 -0.000179009 -3.79251e-5 -0.000873305 -0.00219557; -2.86036e-5 -1.23091e-5 4.95078e-5 -0.000229858 -4.28828e-5 3.92214e-5 1.36582e-5; -0.00423966 -0.000179009 -0.000229858 0.0729116 0.0176662 -0.0260393 -0.00202162; -0.00114629 -3.79251e-5 -4.28828e-5 0.0176662 0.00430236 -0.00633655 -0.000490258; 0.00319602 -0.000873305 3.92214e-5 -0.0260393 -0.00633655 0.0117297 0.00310268; 0.00671379 -0.00219557 1.36582e-5 -0.00202162 -0.000490258 0.00310268 0.00510008]
Loglik: -168760.27093829 
Loglik values on different cores:
[-1.68773e5,-1.6881e5,-1.68801e5,-1.68807e5]
Percentage done: 60.00 % 
Acceptance rate on iteration 5001 to 6000 is 0.0350
Covariance:
[0.0493047 -0.00612283 -2.86036e-5 -0.00423966 -0.00114629 0.00319602 0.00671379; -0.00612283 0.00187592 -1.23091e-5 -0.000179009 -3.79251e-5 -0.000873305 -0.00219557; -2.86036e-5 -1.23091e-5 4.95078e-5 -0.000229858 -4.28828e-5 3.92214e-5 1.36582e-5; -0.00423966 -0.000179009 -0.000229858 0.0729116 0.0176662 -0.0260393 -0.00202162; -0.00114629 -3.79251e-5 -4.28828e-5 0.0176662 0.00430236 -0.00633655 -0.000490258; 0.00319602 -0.000873305 3.92214e-5 -0.0260393 -0.00633655 0.0117297 0.00310268; 0.00671379 -0.00219557 1.36582e-5 -0.00202162 -0.000490258 0.00310268 0.00510008]
Loglik: -168793.43140281 
Loglik values on different cores:
[-1.68818e5,-1.68817e5,-1.68804e5,-1.68784e5]
Percentage done: 70.00 % 
Acceptance rate on iteration 6001 to 7000 is 0.0430
Covariance:
[0.0493047 -0.00612283 -2.86036e-5 -0.00423966 -0.00114629 0.00319602 0.00671379; -0.00612283 0.00187592 -1.23091e-5 -0.000179009 -3.79251e-5 -0.000873305 -0.00219557; -2.86036e-5 -1.23091e-5 4.95078e-5 -0.000229858 -4.28828e-5 3.92214e-5 1.36582e-5; -0.00423966 -0.000179009 -0.000229858 0.0729116 0.0176662 -0.0260393 -0.00202162; -0.00114629 -3.79251e-5 -4.28828e-5 0.0176662 0.00430236 -0.00633655 -0.000490258; 0.00319602 -0.000873305 3.92214e-5 -0.0260393 -0.00633655 0.0117297 0.00310268; 0.00671379 -0.00219557 1.36582e-5 -0.00202162 -0.000490258 0.00310268 0.00510008]
Loglik: -168816.78710919 
Loglik values on different cores:
[-1.68843e5,-1.68841e5,-168818.0,-1.6882e5]
Percentage done: 80.00 % 
Acceptance rate on iteration 7001 to 8000 is 0.0450
Covariance:
[0.0493047 -0.00612283 -2.86036e-5 -0.00423966 -0.00114629 0.00319602 0.00671379; -0.00612283 0.00187592 -1.23091e-5 -0.000179009 -3.79251e-5 -0.000873305 -0.00219557; -2.86036e-5 -1.23091e-5 4.95078e-5 -0.000229858 -4.28828e-5 3.92214e-5 1.36582e-5; -0.00423966 -0.000179009 -0.000229858 0.0729116 0.0176662 -0.0260393 -0.00202162; -0.00114629 -3.79251e-5 -4.28828e-5 0.0176662 0.00430236 -0.00633655 -0.000490258; 0.00319602 -0.000873305 3.92214e-5 -0.0260393 -0.00633655 0.0117297 0.00310268; 0.00671379 -0.00219557 1.36582e-5 -0.00202162 -0.000490258 0.00310268 0.00510008]
Loglik: -168769.53177115 
Loglik values on different cores:
[-1.68812e5,-1.68796e5,-1.6881e5,-1.68812e5]
Percentage done: 90.00 % 
Acceptance rate on iteration 8001 to 9000 is 0.0370
Covariance:
[0.0493047 -0.00612283 -2.86036e-5 -0.00423966 -0.00114629 0.00319602 0.00671379; -0.00612283 0.00187592 -1.23091e-5 -0.000179009 -3.79251e-5 -0.000873305 -0.00219557; -2.86036e-5 -1.23091e-5 4.95078e-5 -0.000229858 -4.28828e-5 3.92214e-5 1.36582e-5; -0.00423966 -0.000179009 -0.000229858 0.0729116 0.0176662 -0.0260393 -0.00202162; -0.00114629 -3.79251e-5 -4.28828e-5 0.0176662 0.00430236 -0.00633655 -0.000490258; 0.00319602 -0.000873305 3.92214e-5 -0.0260393 -0.00633655 0.0117297 0.00310268; 0.00671379 -0.00219557 1.36582e-5 -0.00202162 -0.000490258 0.00310268 0.00510008]
Loglik: -168741.68105163 
Loglik values on different cores:
[-1.68763e5,-1.68768e5,-1.68804e5,-1.68811e5]
elapsed time: 15295.194083636 seconds
Ending DA-GP-MCMC with adaptive RW estimating 7 parameters
Algorithm: MCWM
Adaptation algorithm: noAdaptation
Prior distribution: Normal
Particle filter: parallel_bootstrap
Time pre-er:  0
Time fit GP model:  0
Time er-part:  15295
Number early-rejections: 6808
Number of cases directly to ordinary MH: 1500
Number of cases directly to ordinary MH accepted: 243
Number cases in in DA part: 8499
Number cases in second stage: 1691
Number accepted in second stage: 132
Total number of evaluations of the particle filter: 3191
Acceptance rate for ordinary MH accepted: 16.2000
Acceptance rate a_1: 19.8965
Acceptance rate a_2: 7.8060
Acceptance rate a_1*a_2: 1.5531
Acceptance rate a (for entier algorithm): 3.7500
#####################################################################
Est prob:
[0.216,0.916286,0.784,0.0837143]
#####################################################################
Starting ADA-GP-MCMC with adaptive RW estimating 7 parameters
MCMC algorithm: MCWM
Adaptation algorithm: noAdaptation
Select case model: DT
Prior distribution: Normal
Particle filter: parallel_bootstrap, on 4 cores
Nbr particles for particle filter: 250
Covariance - kernel_MH_direct:
[0.0342394 -0.00425196 -1.98636e-5 -0.00294421 -0.000796038 0.00221946 0.00466236; -0.00425196 0.00130272 -8.54796e-6 -0.000124312 -2.63369e-5 -0.000606462 -0.0015247; -1.98636e-5 -8.54796e-6 3.43804e-5 -0.000159623 -2.97798e-5 2.72371e-5 9.48485e-6; -0.00294421 -0.000124312 -0.000159623 0.050633 0.0122682 -0.0180828 -0.0014039; -0.000796038 -2.63369e-5 -2.97798e-5 0.0122682 0.00298775 -0.00440038 -0.000340457; 0.00221946 -0.000606462 2.72371e-5 -0.0180828 -0.00440038 0.00814559 0.00215464; 0.00466236 -0.0015247 9.48485e-6 -0.0014039 -0.000340457 0.00215464 0.00354173]
Iteration: 1
Covariance:
[0.0493047 -0.00612283 -2.86036e-5 -0.00423966 -0.00114629 0.00319602 0.00671379; -0.00612283 0.00187592 -1.23091e-5 -0.000179009 -3.79251e-5 -0.000873305 -0.00219557; -2.86036e-5 -1.23091e-5 4.95078e-5 -0.000229858 -4.28828e-5 3.92214e-5 1.36582e-5; -0.00423966 -0.000179009 -0.000229858 0.0729116 0.0176662 -0.0260393 -0.00202162; -0.00114629 -3.79251e-5 -4.28828e-5 0.0176662 0.00430236 -0.00633655 -0.000490258; 0.00319602 -0.000873305 3.92214e-5 -0.0260393 -0.00633655 0.0117297 0.00310268; 0.00671379 -0.00219557 1.36582e-5 -0.00202162 -0.000490258 0.00310268 0.00510008]
Iteration: 1
Covariance:
[0.0493047 -0.00612283 -2.86036e-5 -0.00423966 -0.00114629 0.00319602 0.00671379; -0.00612283 0.00187592 -1.23091e-5 -0.000179009 -3.79251e-5 -0.000873305 -0.00219557; -2.86036e-5 -1.23091e-5 4.95078e-5 -0.000229858 -4.28828e-5 3.92214e-5 1.36582e-5; -0.00423966 -0.000179009 -0.000229858 0.0729116 0.0176662 -0.0260393 -0.00202162; -0.00114629 -3.79251e-5 -4.28828e-5 0.0176662 0.00430236 -0.00633655 -0.000490258; 0.00319602 -0.000873305 3.92214e-5 -0.0260393 -0.00633655 0.0117297 0.00310268; 0.00671379 -0.00219557 1.36582e-5 -0.00202162 -0.000490258 0.00310268 0.00510008]
Loglik: -168752.8335 
Percentage done: 10.00 % 
Acceptance rate on iteration 1 to 1000 is 0.0150
Covariance:
[0.0493047 -0.00612283 -2.86036e-5 -0.00423966 -0.00114629 0.00319602 0.00671379; -0.00612283 0.00187592 -1.23091e-5 -0.000179009 -3.79251e-5 -0.000873305 -0.00219557; -2.86036e-5 -1.23091e-5 4.95078e-5 -0.000229858 -4.28828e-5 3.92214e-5 1.36582e-5; -0.00423966 -0.000179009 -0.000229858 0.0729116 0.0176662 -0.0260393 -0.00202162; -0.00114629 -3.79251e-5 -4.28828e-5 0.0176662 0.00430236 -0.00633655 -0.000490258; 0.00319602 -0.000873305 3.92214e-5 -0.0260393 -0.00633655 0.0117297 0.00310268; 0.00671379 -0.00219557 1.36582e-5 -0.00202162 -0.000490258 0.00310268 0.00510008]
Loglik: -168758.2186 
Loglik values on different cores:
[-1.68758e5,-1.68805e5,-1.6875e5,-168793.0]
Percentage done: 20.00 % 
Acceptance rate on iteration 1001 to 2000 is 0.0350
Covariance:
[0.0493047 -0.00612283 -2.86036e-5 -0.00423966 -0.00114629 0.00319602 0.00671379; -0.00612283 0.00187592 -1.23091e-5 -0.000179009 -3.79251e-5 -0.000873305 -0.00219557; -2.86036e-5 -1.23091e-5 4.95078e-5 -0.000229858 -4.28828e-5 3.92214e-5 1.36582e-5; -0.00423966 -0.000179009 -0.000229858 0.0729116 0.0176662 -0.0260393 -0.00202162; -0.00114629 -3.79251e-5 -4.28828e-5 0.0176662 0.00430236 -0.00633655 -0.000490258; 0.00319602 -0.000873305 3.92214e-5 -0.0260393 -0.00633655 0.0117297 0.00310268; 0.00671379 -0.00219557 1.36582e-5 -0.00202162 -0.000490258 0.00310268 0.00510008]
Loglik: -168802.2089 
Loglik values on different cores:
[-1.68825e5,-1.68807e5,-1.68836e5,-1.68792e5]
Percentage done: 30.00 % 
Acceptance rate on iteration 2001 to 3000 is 0.0200
Covariance:
[0.0493047 -0.00612283 -2.86036e-5 -0.00423966 -0.00114629 0.00319602 0.00671379; -0.00612283 0.00187592 -1.23091e-5 -0.000179009 -3.79251e-5 -0.000873305 -0.00219557; -2.86036e-5 -1.23091e-5 4.95078e-5 -0.000229858 -4.28828e-5 3.92214e-5 1.36582e-5; -0.00423966 -0.000179009 -0.000229858 0.0729116 0.0176662 -0.0260393 -0.00202162; -0.00114629 -3.79251e-5 -4.28828e-5 0.0176662 0.00430236 -0.00633655 -0.000490258; 0.00319602 -0.000873305 3.92214e-5 -0.0260393 -0.00633655 0.0117297 0.00310268; 0.00671379 -0.00219557 1.36582e-5 -0.00202162 -0.000490258 0.00310268 0.00510008]
Loglik: -168771.0921 
Loglik values on different cores:
[-1.68834e5,-1.68759e5,-1.688e5,-1.68833e5]
Percentage done: 40.00 % 
Acceptance rate on iteration 3001 to 4000 is 0.0400
Covariance:
[0.0493047 -0.00612283 -2.86036e-5 -0.00423966 -0.00114629 0.00319602 0.00671379; -0.00612283 0.00187592 -1.23091e-5 -0.000179009 -3.79251e-5 -0.000873305 -0.00219557; -2.86036e-5 -1.23091e-5 4.95078e-5 -0.000229858 -4.28828e-5 3.92214e-5 1.36582e-5; -0.00423966 -0.000179009 -0.000229858 0.0729116 0.0176662 -0.0260393 -0.00202162; -0.00114629 -3.79251e-5 -4.28828e-5 0.0176662 0.00430236 -0.00633655 -0.000490258; 0.00319602 -0.000873305 3.92214e-5 -0.0260393 -0.00633655 0.0117297 0.00310268; 0.00671379 -0.00219557 1.36582e-5 -0.00202162 -0.000490258 0.00310268 0.00510008]
Loglik: -168786.8386 
Loglik values on different cores:
[-1.68811e5,-1.68832e5,-1.68801e5,-168790.0]
Percentage done: 50.00 % 
Acceptance rate on iteration 4001 to 5000 is 0.0480
Covariance:
[0.0493047 -0.00612283 -2.86036e-5 -0.00423966 -0.00114629 0.00319602 0.00671379; -0.00612283 0.00187592 -1.23091e-5 -0.000179009 -3.79251e-5 -0.000873305 -0.00219557; -2.86036e-5 -1.23091e-5 4.95078e-5 -0.000229858 -4.28828e-5 3.92214e-5 1.36582e-5; -0.00423966 -0.000179009 -0.000229858 0.0729116 0.0176662 -0.0260393 -0.00202162; -0.00114629 -3.79251e-5 -4.28828e-5 0.0176662 0.00430236 -0.00633655 -0.000490258; 0.00319602 -0.000873305 3.92214e-5 -0.0260393 -0.00633655 0.0117297 0.00310268; 0.00671379 -0.00219557 1.36582e-5 -0.00202162 -0.000490258 0.00310268 0.00510008]
Loglik: -168745.4815 
Loglik values on different cores:
[-1.68808e5,-1.68813e5,-1.68756e5,-1.68735e5]
Percentage done: 60.00 % 
Acceptance rate on iteration 5001 to 6000 is 0.0400
Covariance:
[0.0493047 -0.00612283 -2.86036e-5 -0.00423966 -0.00114629 0.00319602 0.00671379; -0.00612283 0.00187592 -1.23091e-5 -0.000179009 -3.79251e-5 -0.000873305 -0.00219557; -2.86036e-5 -1.23091e-5 4.95078e-5 -0.000229858 -4.28828e-5 3.92214e-5 1.36582e-5; -0.00423966 -0.000179009 -0.000229858 0.0729116 0.0176662 -0.0260393 -0.00202162; -0.00114629 -3.79251e-5 -4.28828e-5 0.0176662 0.00430236 -0.00633655 -0.000490258; 0.00319602 -0.000873305 3.92214e-5 -0.0260393 -0.00633655 0.0117297 0.00310268; 0.00671379 -0.00219557 1.36582e-5 -0.00202162 -0.000490258 0.00310268 0.00510008]
Loglik: NaN 
Loglik values on different cores:
[-1.68815e5,-1.68858e5,-1.68861e5,-168889.0]
Percentage done: 70.00 % 
Acceptance rate on iteration 6001 to 7000 is 0.0310
Covariance:
[0.0493047 -0.00612283 -2.86036e-5 -0.00423966 -0.00114629 0.00319602 0.00671379; -0.00612283 0.00187592 -1.23091e-5 -0.000179009 -3.79251e-5 -0.000873305 -0.00219557; -2.86036e-5 -1.23091e-5 4.95078e-5 -0.000229858 -4.28828e-5 3.92214e-5 1.36582e-5; -0.00423966 -0.000179009 -0.000229858 0.0729116 0.0176662 -0.0260393 -0.00202162; -0.00114629 -3.79251e-5 -4.28828e-5 0.0176662 0.00430236 -0.00633655 -0.000490258; 0.00319602 -0.000873305 3.92214e-5 -0.0260393 -0.00633655 0.0117297 0.00310268; 0.00671379 -0.00219557 1.36582e-5 -0.00202162 -0.000490258 0.00310268 0.00510008]
Loglik: NaN 
Loglik values on different cores:
[-1.68791e5,-1.68739e5,-1.68778e5,-1.68743e5]
Percentage done: 80.00 % 
Acceptance rate on iteration 7001 to 8000 is 0.0180
Covariance:
[0.0493047 -0.00612283 -2.86036e-5 -0.00423966 -0.00114629 0.00319602 0.00671379; -0.00612283 0.00187592 -1.23091e-5 -0.000179009 -3.79251e-5 -0.000873305 -0.00219557; -2.86036e-5 -1.23091e-5 4.95078e-5 -0.000229858 -4.28828e-5 3.92214e-5 1.36582e-5; -0.00423966 -0.000179009 -0.000229858 0.0729116 0.0176662 -0.0260393 -0.00202162; -0.00114629 -3.79251e-5 -4.28828e-5 0.0176662 0.00430236 -0.00633655 -0.000490258; 0.00319602 -0.000873305 3.92214e-5 -0.0260393 -0.00633655 0.0117297 0.00310268; 0.00671379 -0.00219557 1.36582e-5 -0.00202162 -0.000490258 0.00310268 0.00510008]
Loglik: -168758.3716 
Loglik values on different cores:
[-1.68804e5,-1.68803e5,-1.68794e5,-1.68787e5]
Percentage done: 90.00 % 
Acceptance rate on iteration 8001 to 9000 is 0.0210
Covariance:
[0.0493047 -0.00612283 -2.86036e-5 -0.00423966 -0.00114629 0.00319602 0.00671379; -0.00612283 0.00187592 -1.23091e-5 -0.000179009 -3.79251e-5 -0.000873305 -0.00219557; -2.86036e-5 -1.23091e-5 4.95078e-5 -0.000229858 -4.28828e-5 3.92214e-5 1.36582e-5; -0.00423966 -0.000179009 -0.000229858 0.0729116 0.0176662 -0.0260393 -0.00202162; -0.00114629 -3.79251e-5 -4.28828e-5 0.0176662 0.00430236 -0.00633655 -0.000490258; 0.00319602 -0.000873305 3.92214e-5 -0.0260393 -0.00633655 0.0117297 0.00310268; 0.00671379 -0.00219557 1.36582e-5 -0.00202162 -0.000490258 0.00310268 0.00510008]
Loglik: -168791.3467 
Loglik values on different cores:
[-1.68812e5,-1.68857e5,-168831.0,-1.68858e5]
elapsed time: 9582.68610519 seconds
Ending ADA-GP-MCMC with adaptive RW estimating 7 parameters
Algorithm: MCWM
Adaptation algorithm: noAdaptation
Prior distribution: Normal
Particel filter: parallel_bootstrap
Time consumption:Time pre-er:  0
Time fit GP model:  0
Time er-part:  9583
Number early-rejections: 6708
Number of cases directly to ordinary MH: 1521
Number split acceptance region early-accept: 7
Number split acceptance region early-reject: 1296
Number cases in DA part: 8478
Number cases in second stage: 1770
Number accepted in second stage: 90
Total number of evaluations of the particle filter: 1965
Acceptance rate for ordinary MH accepted: 15.2531
Acceptance rate a_1: 20.8776
Acceptance rate a_2: 5.0847
Acceptance rate a_1*a_2: 1.0616
Acceptance rate a (for entier algorithm): 3.2200
Number case 1 or 3: 1626
Number case 2 or 4: 144
Number case 1: 299, 0.1839 % of all cases
Number case 2: 121, 0.8403 % of all cases
Number case 3: 1327, 0.8161 % of all cases
Number case 4: 23, 0.1597 % of all cases
Number pf runs in case 1: 292, prob pf given case 1 97.6589 %
Number pf runs in case 2: 121, prob pf given case 2 100.0000 %
Number pf runs in case 3: 31, prob pf given case 3 2.3361 %
Number pf runs in case 4: 0, prob pf given case 4 0.0000 %
#####################################################################
