Mean:
[-1.19057; -0.118965; 3.34955; 1.41077; 0.419424; 0.545089; 0.658982]
Std:
[0.143103; 0.0841138; 0.00548768; 0.151472; 0.0881552; 0.208332; 0.103276]
Iterstion:
1
#####################################################################
Starting DA-GP-MCMC estimating 7 parameters 
MCMC algorithm: MCWM
Adaptation algorithm: noAdaptation
Prior distribution: Normal
Particle filter: parallel_bootstrap, on 10 cores
Nbr particles for particle filter: 200
Covariance - kernel_MH_direct:
[0.00991339 -0.0053033 2.08687e-5 -0.00272119 -0.00151846 0.00408097 0.00352629; -0.0053033 0.00329585 -3.22471e-7 0.00119033 0.000717069 -0.00264579 -0.00290463; 2.08687e-5 -3.22471e-7 1.4453e-5 -3.83281e-5 -6.52926e-5 8.40749e-5 -2.11871e-5; -0.00272119 0.00119033 -3.83281e-5 0.0149816 0.00804527 -0.0158054 -0.000190284; -0.00151846 0.000717069 -6.52926e-5 0.00804527 0.00478585 -0.00959829 -0.000250044; 0.00408097 -0.00264579 8.40749e-5 -0.0158054 -0.00959829 0.022534 0.00296991; 0.00352629 -0.00290463 -2.11871e-5 -0.000190284 -0.000250044 0.00296991 0.00447754]
Iteration: 1
Covariance:
[0.0142753 -0.00763675 3.00509e-5 -0.00391852 -0.00218659 0.00587659 0.00507786; -0.00763675 0.00474602 -4.64358e-7 0.00171408 0.00103258 -0.00380993 -0.00418267; 3.00509e-5 -4.64358e-7 2.08123e-5 -5.51925e-5 -9.40214e-5 0.000121068 -3.05095e-5; -0.00391852 0.00171408 -5.51925e-5 0.0215736 0.0115852 -0.0227598 -0.00027401; -0.00218659 0.00103258 -9.40214e-5 0.0115852 0.00689162 -0.0138215 -0.000360063; 0.00587659 -0.00380993 0.000121068 -0.0227598 -0.0138215 0.0324489 0.00427667; 0.00507786 -0.00418267 -3.05095e-5 -0.00027401 -0.000360063 0.00427667 0.00644766]
Iteration: 1
Covariance:
[0.0142753 -0.00763675 3.00509e-5 -0.00391852 -0.00218659 0.00587659 0.00507786; -0.00763675 0.00474602 -4.64358e-7 0.00171408 0.00103258 -0.00380993 -0.00418267; 3.00509e-5 -4.64358e-7 2.08123e-5 -5.51925e-5 -9.40214e-5 0.000121068 -3.05095e-5; -0.00391852 0.00171408 -5.51925e-5 0.0215736 0.0115852 -0.0227598 -0.00027401; -0.00218659 0.00103258 -9.40214e-5 0.0115852 0.00689162 -0.0138215 -0.000360063; 0.00587659 -0.00380993 0.000121068 -0.0227598 -0.0138215 0.0324489 0.00427667; 0.00507786 -0.00418267 -3.05095e-5 -0.00027401 -0.000360063 0.00427667 0.00644766]
Loglik start: -137047.3266 
elapsed time: 68.160359579 seconds
Ending DA-GP-MCMC with adaptive RW estimating 7 parameters
Algorithm: MCWM
Adaptation algorithm: noAdaptation
Prior distribution: Normal
Particle filter: parallel_bootstrap
Time pre-er:  0
Time fit GP model:  0
Time er-part:  68
Number early-rejections: 83
Number of cases directly to ordinary MH: 10
Number of cases directly to ordinary MH accepted: 3
Number cases in in DA part: 89
Number cases in second stage: 6
Number accepted in second stage: 2
Total number of evaluations of the particle filter: 16
Acceptance rate for ordinary MH accepted: 30.0000
Acceptance rate a_1: 6.7416
Acceptance rate a_2: 33.3333
Acceptance rate a_1*a_2: 2.2472
Acceptance rate a (for entier algorithm): 5.0000
#####################################################################
Iterstion:
2
#####################################################################
Starting DA-GP-MCMC estimating 7 parameters 
MCMC algorithm: MCWM
Adaptation algorithm: noAdaptation
Prior distribution: Normal
Particle filter: parallel_bootstrap, on 10 cores
Nbr particles for particle filter: 200
Covariance - kernel_MH_direct:
[0.00991339 -0.0053033 2.08687e-5 -0.00272119 -0.00151846 0.00408097 0.00352629; -0.0053033 0.00329585 -3.22471e-7 0.00119033 0.000717069 -0.00264579 -0.00290463; 2.08687e-5 -3.22471e-7 1.4453e-5 -3.83281e-5 -6.52926e-5 8.40749e-5 -2.11871e-5; -0.00272119 0.00119033 -3.83281e-5 0.0149816 0.00804527 -0.0158054 -0.000190284; -0.00151846 0.000717069 -6.52926e-5 0.00804527 0.00478585 -0.00959829 -0.000250044; 0.00408097 -0.00264579 8.40749e-5 -0.0158054 -0.00959829 0.022534 0.00296991; 0.00352629 -0.00290463 -2.11871e-5 -0.000190284 -0.000250044 0.00296991 0.00447754]
Iteration: 1
Covariance:
[0.0142753 -0.00763675 3.00509e-5 -0.00391852 -0.00218659 0.00587659 0.00507786; -0.00763675 0.00474602 -4.64358e-7 0.00171408 0.00103258 -0.00380993 -0.00418267; 3.00509e-5 -4.64358e-7 2.08123e-5 -5.51925e-5 -9.40214e-5 0.000121068 -3.05095e-5; -0.00391852 0.00171408 -5.51925e-5 0.0215736 0.0115852 -0.0227598 -0.00027401; -0.00218659 0.00103258 -9.40214e-5 0.0115852 0.00689162 -0.0138215 -0.000360063; 0.00587659 -0.00380993 0.000121068 -0.0227598 -0.0138215 0.0324489 0.00427667; 0.00507786 -0.00418267 -3.05095e-5 -0.00027401 -0.000360063 0.00427667 0.00644766]
Iteration: 1
Covariance:
[0.0142753 -0.00763675 3.00509e-5 -0.00391852 -0.00218659 0.00587659 0.00507786; -0.00763675 0.00474602 -4.64358e-7 0.00171408 0.00103258 -0.00380993 -0.00418267; 3.00509e-5 -4.64358e-7 2.08123e-5 -5.51925e-5 -9.40214e-5 0.000121068 -3.05095e-5; -0.00391852 0.00171408 -5.51925e-5 0.0215736 0.0115852 -0.0227598 -0.00027401; -0.00218659 0.00103258 -9.40214e-5 0.0115852 0.00689162 -0.0138215 -0.000360063; 0.00587659 -0.00380993 0.000121068 -0.0227598 -0.0138215 0.0324489 0.00427667; 0.00507786 -0.00418267 -3.05095e-5 -0.00027401 -0.000360063 0.00427667 0.00644766]
Loglik start: -137066.3772 
elapsed time: 127.893301665 seconds
Ending DA-GP-MCMC with adaptive RW estimating 7 parameters
Algorithm: MCWM
Adaptation algorithm: noAdaptation
Prior distribution: Normal
Particle filter: parallel_bootstrap
Time pre-er:  0
Time fit GP model:  0
Time er-part:  128
Number early-rejections: 67
Number of cases directly to ordinary MH: 12
Number of cases directly to ordinary MH accepted: 7
Number cases in in DA part: 87
Number cases in second stage: 20
Number accepted in second stage: 3
Total number of evaluations of the particle filter: 32
Acceptance rate for ordinary MH accepted: 58.3333
Acceptance rate a_1: 22.9885
Acceptance rate a_2: 15.0000
Acceptance rate a_1*a_2: 3.4483
Acceptance rate a (for entier algorithm): 10.0000
#####################################################################
Iterstion:
3
#####################################################################
Starting DA-GP-MCMC estimating 7 parameters 
MCMC algorithm: MCWM
Adaptation algorithm: noAdaptation
Prior distribution: Normal
Particle filter: parallel_bootstrap, on 10 cores
Nbr particles for particle filter: 200
Covariance - kernel_MH_direct:
[0.00991339 -0.0053033 2.08687e-5 -0.00272119 -0.00151846 0.00408097 0.00352629; -0.0053033 0.00329585 -3.22471e-7 0.00119033 0.000717069 -0.00264579 -0.00290463; 2.08687e-5 -3.22471e-7 1.4453e-5 -3.83281e-5 -6.52926e-5 8.40749e-5 -2.11871e-5; -0.00272119 0.00119033 -3.83281e-5 0.0149816 0.00804527 -0.0158054 -0.000190284; -0.00151846 0.000717069 -6.52926e-5 0.00804527 0.00478585 -0.00959829 -0.000250044; 0.00408097 -0.00264579 8.40749e-5 -0.0158054 -0.00959829 0.022534 0.00296991; 0.00352629 -0.00290463 -2.11871e-5 -0.000190284 -0.000250044 0.00296991 0.00447754]
Iteration: 1
Covariance:
[0.0142753 -0.00763675 3.00509e-5 -0.00391852 -0.00218659 0.00587659 0.00507786; -0.00763675 0.00474602 -4.64358e-7 0.00171408 0.00103258 -0.00380993 -0.00418267; 3.00509e-5 -4.64358e-7 2.08123e-5 -5.51925e-5 -9.40214e-5 0.000121068 -3.05095e-5; -0.00391852 0.00171408 -5.51925e-5 0.0215736 0.0115852 -0.0227598 -0.00027401; -0.00218659 0.00103258 -9.40214e-5 0.0115852 0.00689162 -0.0138215 -0.000360063; 0.00587659 -0.00380993 0.000121068 -0.0227598 -0.0138215 0.0324489 0.00427667; 0.00507786 -0.00418267 -3.05095e-5 -0.00027401 -0.000360063 0.00427667 0.00644766]
Iteration: 1
Covariance:
[0.0142753 -0.00763675 3.00509e-5 -0.00391852 -0.00218659 0.00587659 0.00507786; -0.00763675 0.00474602 -4.64358e-7 0.00171408 0.00103258 -0.00380993 -0.00418267; 3.00509e-5 -4.64358e-7 2.08123e-5 -5.51925e-5 -9.40214e-5 0.000121068 -3.05095e-5; -0.00391852 0.00171408 -5.51925e-5 0.0215736 0.0115852 -0.0227598 -0.00027401; -0.00218659 0.00103258 -9.40214e-5 0.0115852 0.00689162 -0.0138215 -0.000360063; 0.00587659 -0.00380993 0.000121068 -0.0227598 -0.0138215 0.0324489 0.00427667; 0.00507786 -0.00418267 -3.05095e-5 -0.00027401 -0.000360063 0.00427667 0.00644766]
Loglik start: -137087.5832 
elapsed time: 165.072779781 seconds
Ending DA-GP-MCMC with adaptive RW estimating 7 parameters
Algorithm: MCWM
Adaptation algorithm: noAdaptation
Prior distribution: Normal
Particle filter: parallel_bootstrap
Time pre-er:  0
Time fit GP model:  0
Time er-part:  165
Number early-rejections: 57
Number of cases directly to ordinary MH: 21
Number of cases directly to ordinary MH accepted: 7
Number cases in in DA part: 78
Number cases in second stage: 21
Number accepted in second stage: 6
Total number of evaluations of the particle filter: 42
Acceptance rate for ordinary MH accepted: 33.3333
Acceptance rate a_1: 26.9231
Acceptance rate a_2: 28.5714
Acceptance rate a_1*a_2: 7.6923
Acceptance rate a (for entier algorithm): 13.0000
#####################################################################
Iterstion:
4
#####################################################################
Starting DA-GP-MCMC estimating 7 parameters 
MCMC algorithm: MCWM
Adaptation algorithm: noAdaptation
Prior distribution: Normal
Particle filter: parallel_bootstrap, on 10 cores
Nbr particles for particle filter: 200
Covariance - kernel_MH_direct:
[0.00991339 -0.0053033 2.08687e-5 -0.00272119 -0.00151846 0.00408097 0.00352629; -0.0053033 0.00329585 -3.22471e-7 0.00119033 0.000717069 -0.00264579 -0.00290463; 2.08687e-5 -3.22471e-7 1.4453e-5 -3.83281e-5 -6.52926e-5 8.40749e-5 -2.11871e-5; -0.00272119 0.00119033 -3.83281e-5 0.0149816 0.00804527 -0.0158054 -0.000190284; -0.00151846 0.000717069 -6.52926e-5 0.00804527 0.00478585 -0.00959829 -0.000250044; 0.00408097 -0.00264579 8.40749e-5 -0.0158054 -0.00959829 0.022534 0.00296991; 0.00352629 -0.00290463 -2.11871e-5 -0.000190284 -0.000250044 0.00296991 0.00447754]
Iteration: 1
Covariance:
[0.0142753 -0.00763675 3.00509e-5 -0.00391852 -0.00218659 0.00587659 0.00507786; -0.00763675 0.00474602 -4.64358e-7 0.00171408 0.00103258 -0.00380993 -0.00418267; 3.00509e-5 -4.64358e-7 2.08123e-5 -5.51925e-5 -9.40214e-5 0.000121068 -3.05095e-5; -0.00391852 0.00171408 -5.51925e-5 0.0215736 0.0115852 -0.0227598 -0.00027401; -0.00218659 0.00103258 -9.40214e-5 0.0115852 0.00689162 -0.0138215 -0.000360063; 0.00587659 -0.00380993 0.000121068 -0.0227598 -0.0138215 0.0324489 0.00427667; 0.00507786 -0.00418267 -3.05095e-5 -0.00027401 -0.000360063 0.00427667 0.00644766]
Iteration: 1
Covariance:
[0.0142753 -0.00763675 3.00509e-5 -0.00391852 -0.00218659 0.00587659 0.00507786; -0.00763675 0.00474602 -4.64358e-7 0.00171408 0.00103258 -0.00380993 -0.00418267; 3.00509e-5 -4.64358e-7 2.08123e-5 -5.51925e-5 -9.40214e-5 0.000121068 -3.05095e-5; -0.00391852 0.00171408 -5.51925e-5 0.0215736 0.0115852 -0.0227598 -0.00027401; -0.00218659 0.00103258 -9.40214e-5 0.0115852 0.00689162 -0.0138215 -0.000360063; 0.00587659 -0.00380993 0.000121068 -0.0227598 -0.0138215 0.0324489 0.00427667; 0.00507786 -0.00418267 -3.05095e-5 -0.00027401 -0.000360063 0.00427667 0.00644766]
Loglik start: -137049.5338 
elapsed time: 85.307495036 seconds
Ending DA-GP-MCMC with adaptive RW estimating 7 parameters
Algorithm: MCWM
Adaptation algorithm: noAdaptation
Prior distribution: Normal
Particle filter: parallel_bootstrap
Time pre-er:  0
Time fit GP model:  0
Time er-part:  85
Number early-rejections: 78
Number of cases directly to ordinary MH: 14
Number of cases directly to ordinary MH accepted: 4
Number cases in in DA part: 85
Number cases in second stage: 7
Number accepted in second stage: 2
Total number of evaluations of the particle filter: 21
Acceptance rate for ordinary MH accepted: 28.5714
Acceptance rate a_1: 8.2353
Acceptance rate a_2: 28.5714
Acceptance rate a_1*a_2: 2.3529
Acceptance rate a (for entier algorithm): 6.0000
#####################################################################
Iterstion:
5
#####################################################################
Starting DA-GP-MCMC estimating 7 parameters 
MCMC algorithm: MCWM
Adaptation algorithm: noAdaptation
Prior distribution: Normal
Particle filter: parallel_bootstrap, on 10 cores
Nbr particles for particle filter: 200
Covariance - kernel_MH_direct:
[0.00991339 -0.0053033 2.08687e-5 -0.00272119 -0.00151846 0.00408097 0.00352629; -0.0053033 0.00329585 -3.22471e-7 0.00119033 0.000717069 -0.00264579 -0.00290463; 2.08687e-5 -3.22471e-7 1.4453e-5 -3.83281e-5 -6.52926e-5 8.40749e-5 -2.11871e-5; -0.00272119 0.00119033 -3.83281e-5 0.0149816 0.00804527 -0.0158054 -0.000190284; -0.00151846 0.000717069 -6.52926e-5 0.00804527 0.00478585 -0.00959829 -0.000250044; 0.00408097 -0.00264579 8.40749e-5 -0.0158054 -0.00959829 0.022534 0.00296991; 0.00352629 -0.00290463 -2.11871e-5 -0.000190284 -0.000250044 0.00296991 0.00447754]
Iteration: 1
Covariance:
[0.0142753 -0.00763675 3.00509e-5 -0.00391852 -0.00218659 0.00587659 0.00507786; -0.00763675 0.00474602 -4.64358e-7 0.00171408 0.00103258 -0.00380993 -0.00418267; 3.00509e-5 -4.64358e-7 2.08123e-5 -5.51925e-5 -9.40214e-5 0.000121068 -3.05095e-5; -0.00391852 0.00171408 -5.51925e-5 0.0215736 0.0115852 -0.0227598 -0.00027401; -0.00218659 0.00103258 -9.40214e-5 0.0115852 0.00689162 -0.0138215 -0.000360063; 0.00587659 -0.00380993 0.000121068 -0.0227598 -0.0138215 0.0324489 0.00427667; 0.00507786 -0.00418267 -3.05095e-5 -0.00027401 -0.000360063 0.00427667 0.00644766]
Iteration: 1
Covariance:
[0.0142753 -0.00763675 3.00509e-5 -0.00391852 -0.00218659 0.00587659 0.00507786; -0.00763675 0.00474602 -4.64358e-7 0.00171408 0.00103258 -0.00380993 -0.00418267; 3.00509e-5 -4.64358e-7 2.08123e-5 -5.51925e-5 -9.40214e-5 0.000121068 -3.05095e-5; -0.00391852 0.00171408 -5.51925e-5 0.0215736 0.0115852 -0.0227598 -0.00027401; -0.00218659 0.00103258 -9.40214e-5 0.0115852 0.00689162 -0.0138215 -0.000360063; 0.00587659 -0.00380993 0.000121068 -0.0227598 -0.0138215 0.0324489 0.00427667; 0.00507786 -0.00418267 -3.05095e-5 -0.00027401 -0.000360063 0.00427667 0.00644766]
Loglik start: -137068.3979 
elapsed time: 123.699972625 seconds
Ending DA-GP-MCMC with adaptive RW estimating 7 parameters
Algorithm: MCWM
Adaptation algorithm: noAdaptation
Prior distribution: Normal
Particle filter: parallel_bootstrap
Time pre-er:  0
Time fit GP model:  0
Time er-part:  124
Number early-rejections: 68
Number of cases directly to ordinary MH: 12
Number of cases directly to ordinary MH accepted: 4
Number cases in in DA part: 87
Number cases in second stage: 19
Number accepted in second stage: 3
Total number of evaluations of the particle filter: 31
Acceptance rate for ordinary MH accepted: 33.3333
Acceptance rate a_1: 21.8391
Acceptance rate a_2: 15.7895
Acceptance rate a_1*a_2: 3.4483
Acceptance rate a (for entier algorithm): 7.0000
#####################################################################
