run Normal prior model
#####################################################################
Starting MCMC with adaptive RW estimating 7 parameters
Algorithm: MCWM
Adaptation algorithm: AMUpdate_gen
Prior distribution: Normal
Particel filter: parallel_bootstrap, on 10 cores
Iteration: 1
Covariance:
[0.142857 0.0 0.0 0.0 0.0 0.0 0.0; 0.0 0.142857 0.0 0.0 0.0 0.0 0.0; 0.0 0.0 0.142857 0.0 0.0 0.0 0.0; 0.0 0.0 0.0 0.142857 0.0 0.0 0.0; 0.0 0.0 0.0 0.0 0.142857 0.0 0.0; 0.0 0.0 0.0 0.0 0.0 0.142857 0.0; 0.0 0.0 0.0 0.0 0.0 0.0 0.142857]
	From worker 11:	ESS: 397.3472
	From worker 11:	Nbr resample: 24799 
	From worker 2:	ESS: 364.4037
	From worker 2:	Nbr resample: 24799 
	From worker 9:	ESS: 426.2212
	From worker 9:	Nbr resample: 24799 
	From worker 5:	ESS: 421.7723
	From worker 5:	Nbr resample: 24799 
	From worker 10:	ESS: 410.4558
	From worker 10:	Nbr resample: 24799 
	From worker 3:	ESS: 367.7297
	From worker 3:	Nbr resample: 24799 
	From worker 4:	ESS: 378.8953
	From worker 4:	Nbr resample: 24799 
	From worker 6:	ESS: 419.9240
	From worker 7:	ESS: 414.3619
	From worker 6:	Nbr resample: 24799 
	From worker 7:	Nbr resample: 24799 
	From worker 8:	ESS: 347.9680
	From worker 8:	Nbr resample: 24799 
Loglik: -194517.1748 
Percentage done: 0.33 % 
Acceptance rate on iteration 1 to 100 is 0.1010
Covariance:
[0.00462082 -0.000414437 0.00115307 -0.00148837 -0.000475671 -0.00240088 -0.000245422; -0.000414437 0.00299008 -0.000346003 0.000417308 0.000111156 0.000578439 2.15259e-5; 0.00115307 -0.000346003 0.00459968 -0.00124335 -0.000370491 -0.00214537 -0.000131549; -0.00148837 0.000417308 -0.00124335 0.00475585 0.00133235 0.00230686 0.000163626; -0.000475671 0.000111156 -0.000370491 0.00133235 0.00510111 0.000950525 0.000284379; -0.00240088 0.000578439 -0.00214537 0.00230686 0.000950525 0.00681425 0.000278922; -0.000245422 2.15259e-5 -0.000131549 0.000163626 0.000284379 0.000278922 0.00304978]
Loglik: -186687.3570 
Loglik values on different cores:
[-1.86683e5,-1.86684e5,-1.867e5,-1.86705e5,-1.86719e5,-1.8672e5,-1.86699e5,-1.86741e5,-1.86731e5,-186698.0]
	From worker 8:	ESS: 300.0837
	From worker 8:	Nbr resample: 24799 
	From worker 4:	ESS: 306.9113
	From worker 4:	Nbr resample: 24799 
	From worker 11:	ESS: 294.3887
	From worker 11:	Nbr resample: 24799 
	From worker 5:	ESS: 268.6332
	From worker 5:	Nbr resample: 24799 
	From worker 6:	ESS: 290.5960
	From worker 6:	Nbr resample: 24799 
	From worker 2:	ESS: 281.7599
	From worker 2:	Nbr resample: 24799 
	From worker 10:	ESS: 352.7897
	From worker 10:	Nbr resample: 24799 
	From worker 9:	ESS: 357.7630
	From worker 9:	Nbr resample: 24799 
	From worker 3:	ESS: 344.6327
	From worker 3:	Nbr resample: 24799 
	From worker 7:	ESS: 306.5660
	From worker 7:	Nbr resample: 24799 
	From worker 8:	ESS: 259.5525
	From worker 8:	Nbr resample: 24799 
	From worker 4:	ESS: 306.0962
	From worker 4:	Nbr resample: 24799 
	From worker 11:	ESS: 323.4618
	From worker 11:	Nbr resample: 24799 
	From worker 5:	ESS: 337.4841
	From worker 5:	Nbr resample: 24799 
	From worker 9:	ESS: 348.9665
	From worker 9:	Nbr resample: 24799 
	From worker 6:	ESS: 260.9152
	From worker 6:	Nbr resample: 24799 
	From worker 2:	ESS: 289.3860
	From worker 2:	Nbr resample: 24799 
	From worker 10:	ESS: 300.6732
	From worker 10:	Nbr resample: 24799 
	From worker 3:	ESS: 389.5473
	From worker 3:	Nbr resample: 24799 
	From worker 7:	ESS: 314.1866
	From worker 7:	Nbr resample: 24799 
Percentage done: 0.67 % 
Acceptance rate on iteration 101 to 200 is 0.2626
Covariance:
[0.0018897 -0.000352667 0.000802448 -0.00114506 0.000320415 -0.00137305 0.000482377; -0.000352667 0.000650725 -0.000208295 0.000325265 -7.6177e-5 0.000363183 -0.000152602; 0.000802448 -0.000208295 0.0015453 -0.000596035 0.000340298 -0.000900171 0.000157731; -0.00114506 0.000325265 -0.000596035 0.00181351 6.77022e-5 0.0012407 -0.000495822; 0.000320415 -7.6177e-5 0.000340298 6.77022e-5 0.00147959 -9.34065e-5 0.000231063; -0.00137305 0.000363183 -0.000900171 0.0012407 -9.34065e-5 0.00229115 -0.000449303; 0.000482377 -0.000152602 0.000157731 -0.000495822 0.000231063 -0.000449303 0.000966204]
Loglik: -186671.7934 
Loglik values on different cores:
[-1.86683e5,-1.86722e5,-1.86673e5,-1.86661e5,-186703.0,-1.86684e5,-1.86673e5,-1.86681e5,-1.86701e5,-1.86693e5]
	From worker 4:	ESS: 261.1696
	From worker 4:	Nbr resample: 24799 
	From worker 8:	ESS: 264.1154
	From worker 8:	Nbr resample: 24799 
	From worker 11:	ESS: 287.9788
	From worker 11:	Nbr resample: 24799 
	From worker 5:	ESS: 264.4511
	From worker 5:	Nbr resample: 24799 
	From worker 6:	ESS: 206.5525
	From worker 6:	Nbr resample: 24799 
	From worker 2:	ESS: 244.5203
	From worker 2:	Nbr resample: 24799 
	From worker 10:	ESS: 354.5705
	From worker 10:	Nbr resample: 24799 
	From worker 9:	ESS: 271.9791
	From worker 9:	Nbr resample: 24799 
	From worker 3:	ESS: 255.0607
	From worker 3:	Nbr resample: 24799 
	From worker 7:	ESS: 303.1777
	From worker 7:	Nbr resample: 24799 
	From worker 8:	ESS: 300.6540
	From worker 8:	Nbr resample: 24799 
	From worker 11:	ESS: 302.2115
	From worker 11:	Nbr resample: 24799 
	From worker 4:	ESS: 237.6958
	From worker 4:	Nbr resample: 24799 
	From worker 5:	ESS: 342.5727
	From worker 5:	Nbr resample: 24799 
	From worker 10:	ESS: 314.3250
	From worker 10:	Nbr resample: 24799 
	From worker 9:	ESS: 278.9473
	From worker 9:	Nbr resample: 24799 
	From worker 6:	ESS: 269.4706
	From worker 6:	Nbr resample: 24799 
	From worker 3:	ESS: 259.8135
	From worker 3:	Nbr resample: 24799 
	From worker 2:	ESS: 330.5559
	From worker 2:	Nbr resample: 24799 
	From worker 7:	ESS: 282.3046
	From worker 7:	Nbr resample: 24799 
Percentage done: 1.00 % 
Acceptance rate on iteration 201 to 300 is 0.3333
Covariance:
[0.00122198 -0.000240767 0.00101478 -0.000869357 -0.000167991 -0.000831045 0.000337928; -0.000240767 0.000296889 -0.000247484 0.000223233 5.48232e-5 0.000184098 -8.74803e-5; 0.00101478 -0.000247484 0.00215213 -0.000666057 -0.000573019 -0.000386739 0.000269217; -0.000869357 0.000223233 -0.000666057 0.0013196 0.000294738 0.00093016 -0.000347188; -0.000167991 5.48232e-5 -0.000573019 0.000294738 0.00129819 -0.000337499 7.82983e-5; -0.000831045 0.000184098 -0.000386739 0.00093016 -0.000337499 0.00200112 -0.000459512; 0.000337928 -8.74803e-5 0.000269217 -0.000347188 7.82983e-5 -0.000459512 0.000547454]
Loglik: -186664.8138 
Loglik values on different cores:
[-1.86704e5,-1.86699e5,-1.8666e5,-1.86654e5,-1.86687e5,-1.8668e5,-1.86682e5,-1.86687e5,-1.86674e5,-1.86698e5]
	From worker 8:	ESS: 302.2903
	From worker 8:	Nbr resample: 24799 
	From worker 4:	ESS: 294.4826
	From worker 4:	Nbr resample: 24799 
	From worker 11:	ESS: 300.7931
	From worker 11:	Nbr resample: 24799 
	From worker 5:	ESS: 293.4777
	From worker 5:	Nbr resample: 24799 
	From worker 6:	ESS: 279.1065
	From worker 6:	Nbr resample: 24799 
	From worker 2:	ESS: 331.3871
	From worker 2:	Nbr resample: 24799 
	From worker 9:	ESS: 393.7524
	From worker 9:	Nbr resample: 24799 
	From worker 10:	ESS: 303.7977
	From worker 10:	Nbr resample: 24799 
	From worker 3:	ESS: 370.2961
	From worker 3:	Nbr resample: 24799 
	From worker 7:	ESS: 262.6519
	From worker 7:	Nbr resample: 24799 
	From worker 8:	ESS: 258.1149
	From worker 8:	Nbr resample: 24799 
	From worker 4:	ESS: 280.4792
	From worker 4:	Nbr resample: 24799 
	From worker 11:	ESS: 285.5627
	From worker 11:	Nbr resample: 24799 
	From worker 5:	ESS: 296.1901
	From worker 5:	Nbr resample: 24799 
	From worker 6:	ESS: 297.3448
	From worker 6:	Nbr resample: 24799 
	From worker 2:	ESS: 336.7097
	From worker 2:	Nbr resample: 24799 
	From worker 10:	ESS: 239.6943
	From worker 10:	Nbr resample: 24799 
	From worker 9:	ESS: 279.3415
	From worker 9:	Nbr resample: 24799 
	From worker 3:	ESS: 328.7728
	From worker 3:	Nbr resample: 24799 
	From worker 7:	ESS: 299.8115
	From worker 7:	Nbr resample: 24799 
Percentage done: 1.33 % 
Acceptance rate on iteration 301 to 400 is 0.3838
Covariance:
[0.00132984 -0.000257485 0.000704481 -0.000575898 -0.000701705 1.11709e-5 0.000255507; -0.000257485 0.000206174 -0.000179699 0.000146408 0.000171836 1.86015e-5 -7.22777e-5; 0.000704481 -0.000179699 0.0016432 -0.000229303 -0.00128462 0.000419162 0.000318696; -0.000575898 0.000146408 -0.000229303 0.000958334 -0.00033174 0.00103914 -0.000120876; -0.000701705 0.000171836 -0.00128462 -0.00033174 0.00387908 -0.00257942 -0.000402145; 1.11709e-5 1.86015e-5 0.000419162 0.00103914 -0.00257942 0.0033964 7.28391e-5; 0.000255507 -7.22777e-5 0.000318696 -0.000120876 -0.000402145 7.28391e-5 0.000435368]
Loglik: -186662.0271 
Loglik values on different cores:
[-186676.0,-1.867e5,-1.86676e5,-1.86655e5,-1.8666e5,-1.86672e5,-1.86704e5,-1.86679e5,-1.86683e5,-1.86684e5]
	From worker 4:	ESS: 231.6514
	From worker 4:	Nbr resample: 24799 
	From worker 8:	ESS: 335.5662
	From worker 8:	Nbr resample: 24799 
	From worker 11:	ESS: 349.6542
	From worker 11:	Nbr resample: 24799 
	From worker 5:	ESS: 292.6450
	From worker 5:	Nbr resample: 24799 
	From worker 6:	ESS: 262.5657
	From worker 6:	Nbr resample: 24799 
	From worker 2:	ESS: 281.0003
	From worker 2:	Nbr resample: 24799 
	From worker 10:	ESS: 254.4051
	From worker 10:	Nbr resample: 24799 
	From worker 9:	ESS: 284.6782
	From worker 9:	Nbr resample: 24799 
	From worker 3:	ESS: 249.1429
	From worker 3:	Nbr resample: 24799 
	From worker 7:	ESS: 324.0193
	From worker 7:	Nbr resample: 24799 
	From worker 8:	ESS: 305.5928
	From worker 8:	Nbr resample: 24799 
	From worker 6:	ESS: 292.1763
	From worker 6:	Nbr resample: 24799 
	From worker 11:	ESS: 367.1732
	From worker 11:	Nbr resample: 24799 
	From worker 4:	ESS: 301.9636
	From worker 4:	Nbr resample: 24799 
	From worker 5:	ESS: 291.6563
	From worker 5:	Nbr resample: 24799 
	From worker 10:	ESS: 313.4358
	From worker 10:	Nbr resample: 24799 
	From worker 2:	ESS: 326.1487
	From worker 2:	Nbr resample: 24799 
	From worker 9:	ESS: 300.5659
	From worker 9:	Nbr resample: 24799 
	From worker 3:	ESS: 299.6953
	From worker 3:	Nbr resample: 24799 
	From worker 7:	ESS: 277.9230
	From worker 7:	Nbr resample: 24799 
Percentage done: 1.67 % 
Acceptance rate on iteration 401 to 500 is 0.4141
Covariance:
[0.00211801 -0.000424614 0.00135045 -0.000901458 -0.000216276 -0.000997722 0.000551889; -0.000424614 0.000222552 -0.000256187 0.000174461 -2.07756e-5 0.000254595 -0.000143827; 0.00135045 -0.000256187 0.00192995 -0.000563437 -0.000802603 -0.000433795 0.000438476; -0.000901458 0.000174461 -0.000563437 0.00103114 0.000141624 0.000876296 -0.00025276; -0.000216276 -2.07756e-5 -0.000802603 0.000141624 0.0055637 -0.00376265 -0.000389576; -0.000997722 0.000254595 -0.000433795 0.000876296 -0.00376265 0.00441752 -0.000120662; 0.000551889 -0.000143827 0.000438476 -0.00025276 -0.000389576 -0.000120662 0.000465413]
Loglik: -186653.2172 
Loglik values on different cores:
[-1.86723e5,-186700.0,-1.86708e5,-1.86717e5,-1.86708e5,-186670.0,-1.86705e5,-1.86725e5,-1.86684e5,-1.8669e5]
	From worker 4:	ESS: 343.4171
	From worker 4:	Nbr resample: 24799 
	From worker 8:	ESS: 398.2456
	From worker 8:	Nbr resample: 24799 
	From worker 11:	ESS: 337.1973
	From worker 11:	Nbr resample: 24799 
	From worker 5:	ESS: 323.4316
	From worker 5:	Nbr resample: 24799 
	From worker 6:	ESS: 307.8658
	From worker 6:	Nbr resample: 24799 
	From worker 2:	ESS: 358.6541
	From worker 2:	Nbr resample: 24799 
	From worker 10:	ESS: 328.8201
	From worker 10:	Nbr resample: 24799 
	From worker 9:	ESS: 313.1673
	From worker 9:	Nbr resample: 24799 
	From worker 3:	ESS: 376.7428
	From worker 3:	Nbr resample: 24799 
	From worker 7:	ESS: 308.6561
	From worker 7:	Nbr resample: 24799 
	From worker 8:	ESS: 294.1647
	From worker 8:	Nbr resample: 24799 
	From worker 4:	ESS: 332.4080
	From worker 4:	Nbr resample: 24799 
	From worker 11:	ESS: 310.7686
	From worker 11:	Nbr resample: 24799 
	From worker 5:	ESS: 278.7540
	From worker 5:	Nbr resample: 24799 
	From worker 6:	ESS: 320.2461
	From worker 6:	Nbr resample: 24799 
	From worker 9:	ESS: 316.4581
	From worker 9:	Nbr resample: 24799 
	From worker 10:	ESS: 317.3805
	From worker 10:	Nbr resample: 24799 
	From worker 2:	ESS: 339.2271
	From worker 2:	Nbr resample: 24799 
	From worker 3:	ESS: 269.1361
	From worker 3:	Nbr resample: 24799 
	From worker 7:	ESS: 291.3638
	From worker 7:	Nbr resample: 24799 
Percentage done: 2.00 % 
Acceptance rate on iteration 501 to 600 is 0.4242
Covariance:
[0.00211733 -0.000398121 0.0011701 -0.00125149 0.000584996 -0.00173243 0.000399986; -0.000398121 0.000195465 -0.00011937 0.000315649 -0.00069614 0.0007604 -2.59442e-5; 0.0011701 -0.00011937 0.00397012 -0.0014171 -0.00621037 0.00278353 0.000711827; -0.00125149 0.000315649 -0.0014171 0.00359456 -0.0032547 0.00425427 0.000474241; 0.000584996 -0.00069614 -0.00621037 -0.0032547 0.0314265 -0.0220195 -0.00330872; -0.00173243 0.0007604 0.00278353 0.00425427 -0.0220195 0.0176482 0.00215451; 0.000399986 -2.59442e-5 0.000711827 0.000474241 -0.00330872 0.00215451 0.000796698]
Loglik: -186620.7234 
Loglik values on different cores:
[-1.86653e5,-1.8663e5,-1.86637e5,-1.86666e5,-1.86628e5,-186655.0,-1.86637e5,-1.8667e5,-1.86636e5,-1.8669e5]
	From worker 4:	ESS: 428.2544
	From worker 4:	Nbr resample: 24799 
	From worker 5:	ESS: 345.0023
	From worker 5:	Nbr resample: 24799 
	From worker 8:	ESS: 296.5326
	From worker 8:	Nbr resample: 24799 
	From worker 11:	ESS: 286.2832
	From worker 11:	Nbr resample: 24799 
	From worker 6:	ESS: 332.4187
	From worker 6:	Nbr resample: 24799 
	From worker 2:	ESS: 298.3257
	From worker 2:	Nbr resample: 24799 
	From worker 3:	ESS: 332.6455
	From worker 3:	Nbr resample: 24799 
	From worker 10:	ESS: 248.2866
	From worker 10:	Nbr resample: 24799 
	From worker 9:	ESS: 481.9636
	From worker 9:	Nbr resample: 24799 
	From worker 7:	ESS: 275.0945
	From worker 7:	Nbr resample: 24799 
	From worker 8:	ESS: 285.5516
	From worker 8:	Nbr resample: 24799 
	From worker 4:	ESS: 301.6604
	From worker 4:	Nbr resample: 24799 
	From worker 5:	ESS: 339.1928
	From worker 5:	Nbr resample: 24799 
	From worker 11:	ESS: 314.9989
	From worker 11:	Nbr resample: 24799 
	From worker 6:	ESS: 288.8435
	From worker 6:	Nbr resample: 24799 
	From worker 10:	ESS: 329.5317
	From worker 10:	Nbr resample: 24799 
	From worker 2:	ESS: 483.8859
	From worker 2:	Nbr resample: 24799 
	From worker 9:	ESS: 285.6857
	From worker 9:	Nbr resample: 24799 
	From worker 3:	ESS: 327.9497
	From worker 3:	Nbr resample: 24799 
	From worker 7:	ESS: 284.1888
	From worker 7:	Nbr resample: 24799 
Percentage done: 2.33 % 
Acceptance rate on iteration 601 to 700 is 0.3434
Covariance:
[0.00233436 -0.000357075 0.00103736 -0.000948731 -0.00184941 7.64777e-5 0.00094905; -0.000357075 0.000226257 9.03662e-5 0.000129472 -0.00132806 0.000912903 -0.000132313; 0.00103736 9.03662e-5 0.00420074 -0.0016069 -0.0102501 0.00542164 0.000680508; -0.000948731 0.000129472 -0.0016069 0.00305687 0.000801813 0.00123505 0.000291332; -0.00184941 -0.00132806 -0.0102501 0.000801813 0.0532754 -0.0330881 -0.00396714; 7.64777e-5 0.000912903 0.00542164 0.00123505 -0.0330881 0.0226255 0.00255905; 0.00094905 -0.000132313 0.000680508 0.000291332 -0.00396714 0.00255905 0.00114594]
Loglik: -186646.6252 
Loglik values on different cores:
[-1.86671e5,-1.86672e5,-1.86664e5,-1.86649e5,-1.86681e5,-186700.0,-1.86681e5,-1.86684e5,-1.86685e5,-1.86612e5]
	From worker 8:	ESS: 286.6765
	From worker 8:	Nbr resample: 24799 
	From worker 4:	ESS: 380.3573
	From worker 4:	Nbr resample: 24799 
	From worker 2:	ESS: 283.5203
	From worker 2:	Nbr resample: 24799 
	From worker 11:	ESS: 263.9309
	From worker 11:	Nbr resample: 24799 
	From worker 5:	ESS: 390.9161
	From worker 5:	Nbr resample: 24799 
	From worker 6:	ESS: 304.5795
	From worker 6:	Nbr resample: 24799 
	From worker 10:	ESS: 308.4737
	From worker 10:	Nbr resample: 24799 
	From worker 9:	ESS: 456.9279
	From worker 9:	Nbr resample: 24799 
	From worker 3:	ESS: 277.9073
	From worker 3:	Nbr resample: 24799 
	From worker 7:	ESS: 314.0242
	From worker 7:	Nbr resample: 24799 
	From worker 8:	ESS: 313.6277
	From worker 8:	Nbr resample: 24799 
	From worker 2:	ESS: 259.6769
	From worker 2:	Nbr resample: 24799 
	From worker 4:	ESS: 355.5869
	From worker 4:	Nbr resample: 24799 
	From worker 11:	ESS: 362.9816
	From worker 11:	Nbr resample: 24799 
	From worker 5:	ESS: 307.0017
	From worker 5:	Nbr resample: 24799 
	From worker 6:	ESS: 278.6792
	From worker 6:	Nbr resample: 24799 
	From worker 9:	ESS: 248.8621
	From worker 9:	Nbr resample: 24799 
	From worker 10:	ESS: 381.3972
	From worker 10:	Nbr resample: 24799 
	From worker 3:	ESS: 327.2834
	From worker 3:	Nbr resample: 24799 
	From worker 7:	ESS: 292.7555
	From worker 7:	Nbr resample: 24799 
Percentage done: 2.67 % 
Acceptance rate on iteration 701 to 800 is 0.3434
Covariance:
[0.00295686 -0.000678876 0.00182837 -0.00274258 -0.00673702 0.00136039 0.00188988; -0.000678876 0.000361693 -0.000339218 0.000989113 0.000855044 0.000273031 -0.000589461; 0.00182837 -0.000339218 0.0048235 -0.00311759 -0.0127929 0.0055896 0.00169562; -0.00274258 0.000989113 -0.00311759 0.00688872 0.0102525 -0.00106527 -0.00212768; -0.00673702 0.000855044 -0.0127929 0.0102525 0.0676957 -0.0322126 -0.00882723; 0.00136039 0.000273031 0.0055896 -0.00106527 -0.0322126 0.0194701 0.00340459; 0.00188988 -0.000589461 0.00169562 -0.00212768 -0.00882723 0.00340459 0.00225167]
Loglik: -186646.8011 
Loglik values on different cores:
[-1.86654e5,-1.86668e5,-1.86659e5,-186649.0,-1.86621e5,-1.86683e5,-1.86703e5,-186659.0,-1.86674e5,-1.86683e5]
	From worker 8:	ESS: 334.5544
	From worker 8:	Nbr resample: 24799 
	From worker 4:	ESS: 315.2339
	From worker 4:	Nbr resample: 24799 
	From worker 11:	ESS: 256.8868
	From worker 11:	Nbr resample: 24799 
	From worker 2:	ESS: 305.8470
	From worker 2:	Nbr resample: 24799 
	From worker 5:	ESS: 277.2360
	From worker 5:	Nbr resample: 24799 
	From worker 6:	ESS: 301.3630
	From worker 6:	Nbr resample: 24799 
	From worker 9:	ESS: 319.8219
	From worker 9:	Nbr resample: 24799 
	From worker 10:	ESS: 320.0634
	From worker 10:	Nbr resample: 24799 
	From worker 3:	ESS: 280.3427
	From worker 3:	Nbr resample: 24799 
	From worker 7:	ESS: 306.4559
	From worker 7:	Nbr resample: 24799 
	From worker 8:	ESS: 285.7107
	From worker 8:	Nbr resample: 24799 
	From worker 2:	ESS: 321.4998
	From worker 2:	Nbr resample: 24799 
	From worker 11:	ESS: 300.8608
	From worker 11:	Nbr resample: 24799 
	From worker 4:	ESS: 255.3107
	From worker 4:	Nbr resample: 24799 
	From worker 5:	ESS: 295.5217
	From worker 5:	Nbr resample: 24799 
	From worker 10:	ESS: 358.6787
	From worker 10:	Nbr resample: 24799 
	From worker 6:	ESS: 306.0374
	From worker 6:	Nbr resample: 24799 
	From worker 9:	ESS: 477.0620
	From worker 9:	Nbr resample: 24799 
	From worker 3:	ESS: 321.3657
	From worker 3:	Nbr resample: 24799 
	From worker 7:	ESS: 278.5902
	From worker 7:	Nbr resample: 24799 
Percentage done: 3.00 % 
Acceptance rate on iteration 801 to 900 is 0.2525
Covariance:
[0.007364 -0.00186731 0.00450697 -0.00991128 -0.0102331 -0.00352754 0.00391984; -0.00186731 0.000709848 -0.000571357 0.0025618 0.00137682 0.00153881 -0.00121882; 0.00450697 -0.000571357 0.00829134 -0.0086886 -0.0164859 0.00215842 0.00200947; -0.00991128 0.0025618 -0.0086886 0.0185441 0.0186038 0.0054417 -0.00488475; -0.0102331 0.00137682 -0.0164859 0.0186038 0.0630994 -0.0209898 -0.00804073; -0.00352754 0.00153881 0.00215842 0.0054417 -0.0209898 0.0187451 0.000128019; 0.00391984 -0.00121882 0.00200947 -0.00488475 -0.00804073 0.000128019 0.00312127]
Loglik: -186605.8803 
Loglik values on different cores:
[-186675.0,-1.86709e5,-1.86633e5,-186642.0,-186653.0,-186644.0,-1.8665e5,-1.86671e5,-1.86675e5,-1.86679e5]
	From worker 8:	ESS: 284.6642
	From worker 8:	Nbr resample: 24799 
	From worker 5:	ESS: 306.8896
	From worker 5:	Nbr resample: 24799 
	From worker 4:	ESS: 319.8668
	From worker 4:	Nbr resample: 24799 
	From worker 2:	ESS: 343.7486
	From worker 2:	Nbr resample: 24799 
	From worker 11:	ESS: 335.8429
	From worker 11:	Nbr resample: 24799 
	From worker 9:	ESS: 302.5793
	From worker 9:	Nbr resample: 24799 
	From worker 6:	ESS: 256.1572
	From worker 6:	Nbr resample: 24799 
	From worker 3:	ESS: 254.9616
	From worker 3:	Nbr resample: 24799 
	From worker 10:	ESS: 329.2910
	From worker 10:	Nbr resample: 24799 
	From worker 7:	ESS: 318.2932
	From worker 7:	Nbr resample: 24799 
	From worker 8:	ESS: 272.7130
	From worker 8:	Nbr resample: 24799 
	From worker 2:	ESS: 272.7098
	From worker 2:	Nbr resample: 24799 
	From worker 4:	ESS: 275.7301
	From worker 4:	Nbr resample: 24799 
	From worker 11:	ESS: 318.9819
	From worker 11:	Nbr resample: 24799 
	From worker 5:	ESS: 321.4710
	From worker 5:	Nbr resample: 24799 
	From worker 6:	ESS: 279.9681
	From worker 6:	Nbr resample: 24799 
	From worker 10:	ESS: 305.1811
	From worker 10:	Nbr resample: 24799 
	From worker 9:	ESS: 311.1994
	From worker 9:	Nbr resample: 24799 
	From worker 3:	ESS: 290.9027
	From worker 3:	Nbr resample: 24799 
	From worker 7:	ESS: 297.0620
	From worker 7:	Nbr resample: 24799 
Percentage done: 3.33 % 
Acceptance rate on iteration 901 to 1000 is 0.2222
Covariance:
[0.00618592 -0.00165095 0.00342104 -0.00896337 -0.00848789 -0.00322824 0.00322264; -0.00165095 0.000634012 -0.000271945 0.00255725 0.00205577 0.00117213 -0.00102399; 0.00342104 -0.000271945 0.00853322 -0.00436722 -0.000980444 -0.000783823 0.00158144; -0.00896337 0.00255725 -0.00436722 0.0211273 0.0316084 0.00289036 -0.0040206; -0.00848789 0.00205577 -0.000980444 0.0316084 0.115008 -0.025985 -0.00521995; -0.00322824 0.00117213 -0.000783823 0.00289036 -0.025985 0.0162825 -0.000397582; 0.00322264 -0.00102399 0.00158144 -0.0040206 -0.00521995 -0.000397582 0.00247958]
Loglik: -186603.1379 
Loglik values on different cores:
[-1.86581e5,-1.86624e5,-1.86615e5,-1.86614e5,-186639.0,-1.8664e5,-1.86579e5,-186603.0,-1.86657e5,-1.8664e5]
	From worker 8:	ESS: 298.4328
	From worker 8:	Nbr resample: 24799 
	From worker 4:	ESS: 296.1796
	From worker 4:	Nbr resample: 24799 
	From worker 2:	ESS: 274.2949
	From worker 2:	Nbr resample: 24799 
	From worker 11:	ESS: 329.8902
	From worker 11:	Nbr resample: 24799 
	From worker 5:	ESS: 330.4208
	From worker 5:	Nbr resample: 24799 
	From worker 9:	ESS: 260.6546
	From worker 9:	Nbr resample: 24799 
	From worker 6:	ESS: 260.8143
	From worker 6:	Nbr resample: 24799 
	From worker 10:	ESS: 412.2691
	From worker 10:	Nbr resample: 24799 
	From worker 3:	ESS: 336.9778
	From worker 3:	Nbr resample: 24799 
	From worker 7:	ESS: 358.7661
	From worker 7:	Nbr resample: 24799 
	From worker 8:	ESS: 314.1558
	From worker 8:	Nbr resample: 24799 
	From worker 2:	ESS: 245.7582
	From worker 2:	Nbr resample: 24799 
	From worker 4:	ESS: 381.8271
	From worker 4:	Nbr resample: 24799 
	From worker 11:	ESS: 246.8716
	From worker 11:	Nbr resample: 24799 
	From worker 6:	ESS: 332.8339
	From worker 6:	Nbr resample: 24799 
	From worker 5:	ESS: 385.4221
	From worker 5:	Nbr resample: 24799 
	From worker 10:	ESS: 280.1894
	From worker 10:	Nbr resample: 24799 
	From worker 9:	ESS: 381.9268
	From worker 9:	Nbr resample: 24799 
	From worker 3:	ESS: 254.8669
	From worker 3:	Nbr resample: 24799 
	From worker 7:	ESS: 365.0703
	From worker 7:	Nbr resample: 24799 
Percentage done: 3.67 % 
Acceptance rate on iteration 1001 to 1100 is 0.3535
Covariance:
[0.00737421 -0.00184076 0.0045052 -0.0144464 -0.00131926 -0.010553 0.00373084; -0.00184076 0.000639815 -0.000617193 0.00341464 0.000121846 0.00257959 -0.0011297; 0.0045052 -0.000617193 0.00885113 -0.00890206 0.00507313 -0.00655999 0.00251736; -0.0144464 0.00341464 -0.00890206 0.0465019 0.015733 0.0292238 -0.00603195; -0.00131926 0.000121846 0.00507313 0.015733 0.144378 -0.0481389 0.00104911; -0.010553 0.00257959 -0.00655999 0.0292238 -0.0481389 0.0455762 -0.00401969; 0.00373084 -0.0011297 0.00251736 -0.00603195 0.00104911 -0.00401969 0.00318721]
Loglik: -186626.8454 
Loglik values on different cores:
[-1.8666e5,-186655.0,-1.86655e5,-1.8664e5,-1.86664e5,-1.86624e5,-1.86635e5,-1.86639e5,-1.86635e5,-186629.0]
	From worker 8:	ESS: 356.3290
	From worker 8:	Nbr resample: 24799 
	From worker 2:	ESS: 308.9304
	From worker 2:	Nbr resample: 24799 
	From worker 4:	ESS: 341.4139
	From worker 4:	Nbr resample: 24799 
	From worker 11:	ESS: 341.1260
	From worker 11:	Nbr resample: 24799 
	From worker 5:	ESS: 398.7274
	From worker 5:	Nbr resample: 24799 
	From worker 6:	ESS: 337.8230
	From worker 6:	Nbr resample: 24799 
	From worker 3:	ESS: 313.6791
	From worker 3:	Nbr resample: 24799 
	From worker 9:	ESS: 341.1517
	From worker 9:	Nbr resample: 24799 
	From worker 10:	ESS: 379.1656
	From worker 10:	Nbr resample: 24799 
	From worker 7:	ESS: 446.0036
	From worker 7:	Nbr resample: 24799 
	From worker 8:	ESS: 452.3494
	From worker 8:	Nbr resample: 24799 
	From worker 11:	ESS: 317.2468
	From worker 11:	Nbr resample: 24799 
	From worker 4:	ESS: 297.3529
	From worker 4:	Nbr resample: 24799 
	From worker 2:	ESS: 401.1147
	From worker 2:	Nbr resample: 24799 
	From worker 5:	ESS: 334.1716
	From worker 5:	Nbr resample: 24799 
	From worker 6:	ESS: 317.6497
	From worker 6:	Nbr resample: 24799 
	From worker 10:	ESS: 273.2224
	From worker 10:	Nbr resample: 24799 
	From worker 9:	ESS: 350.7482
	From worker 9:	Nbr resample: 24799 
	From worker 3:	ESS: 287.0438
	From worker 3:	Nbr resample: 24799 
	From worker 7:	ESS: 307.1987
	From worker 7:	Nbr resample: 24799 
Percentage done: 4.00 % 
Acceptance rate on iteration 1101 to 1200 is 0.2424
Covariance:
[0.0088232 -0.00208403 0.00510026 -0.0240894 -0.00564122 -0.0144747 0.00427064; -0.00208403 0.000673227 -0.000793025 0.00539253 0.00148557 0.00320183 -0.00118734; 0.00510026 -0.000793025 0.00853145 -0.0134914 0.00528561 -0.00868933 0.00281636; -0.0240894 0.00539253 -0.0134914 0.0914849 0.0344467 0.0495297 -0.0100726; -0.00564122 0.00148557 0.00528561 0.0344467 0.140345 -0.0287507 -0.000578039; -0.0144747 0.00320183 -0.00868933 0.0495297 -0.0287507 0.0485591 -0.00572508; 0.00427064 -0.00118734 0.00281636 -0.0100726 -0.000578039 -0.00572508 0.00327795]
Loglik: -186615.8969 
Loglik values on different cores:
[-1.86663e5,-1.86579e5,-1.86641e5,-1.86611e5,-1.8668e5,-1.8663e5,-1.86633e5,-1.86615e5,-1.86673e5,-1.86654e5]
	From worker 8:	ESS: 406.9167
	From worker 8:	Nbr resample: 24799 
	From worker 2:	ESS: 297.4124
	From worker 2:	Nbr resample: 24799 
	From worker 4:	ESS: 314.9540
	From worker 4:	Nbr resample: 24799 
	From worker 11:	ESS: 288.1624
	From worker 11:	Nbr resample: 24799 
	From worker 5:	ESS: 330.5074
	From worker 5:	Nbr resample: 24799 
	From worker 6:	ESS: 225.5140
	From worker 6:	Nbr resample: 24799 
	From worker 3:	ESS: 293.4453
	From worker 3:	Nbr resample: 24799 
	From worker 9:	ESS: 342.5330
	From worker 9:	Nbr resample: 24799 
	From worker 10:	ESS: 286.6850
	From worker 10:	Nbr resample: 24799 
	From worker 7:	ESS: 365.5044
	From worker 7:	Nbr resample: 24799 
	From worker 8:	ESS: 284.6170
	From worker 8:	Nbr resample: 24799 
	From worker 2:	ESS: 461.9407
	From worker 2:	Nbr resample: 24799 
	From worker 11:	ESS: 285.4709
	From worker 11:	Nbr resample: 24799 
	From worker 4:	ESS: 317.7746
	From worker 4:	Nbr resample: 24799 
	From worker 5:	ESS: 456.0331
	From worker 5:	Nbr resample: 24799 
	From worker 6:	ESS: 396.3069
	From worker 6:	Nbr resample: 24799 
	From worker 9:	ESS: 279.4455
	From worker 9:	Nbr resample: 24799 
	From worker 10:	ESS: 395.3067
	From worker 10:	Nbr resample: 24799 
	From worker 3:	ESS: 445.5720
	From worker 3:	Nbr resample: 24799 
	From worker 7:	ESS: 417.1028
	From worker 7:	Nbr resample: 24799 
Percentage done: 4.33 % 
Acceptance rate on iteration 1201 to 1300 is 0.2121
Covariance:
[0.00817358 -0.00187232 0.00516365 -0.0252264 -0.00485348 -0.0130989 0.00385804; -0.00187232 0.000603341 -0.000952491 0.00529578 0.000840863 0.00285029 -0.00113585; 0.00516365 -0.000952491 0.0111776 -0.0146347 0.014207 -0.00980844 0.00342699; -0.0252264 0.00529578 -0.0146347 0.114894 0.0268775 0.0517385 -0.00910986; -0.00485348 0.000840863 0.014207 0.0268775 0.143133 -0.0281162 0.00154511; -0.0130989 0.00285029 -0.00980844 0.0517385 -0.0281162 0.043174 -0.00519677; 0.00385804 -0.00113585 0.00342699 -0.00910986 0.00154511 -0.00519677 0.00319191]
Loglik: -186569.8894 
Loglik values on different cores:
[-1.86625e5,-1.86637e5,-1.86598e5,-186636.0,-186612.0,-1.86603e5,-1.86648e5,-1.86621e5,-1.86628e5,-1.86598e5]
	From worker 8:	ESS: 281.1591
	From worker 8:	Nbr resample: 24799 
	From worker 4:	ESS: 310.8679
	From worker 4:	Nbr resample: 24799 
	From worker 2:	ESS: 311.1165
	From worker 2:	Nbr resample: 24799 
	From worker 11:	ESS: 220.6571
	From worker 11:	Nbr resample: 24799 
	From worker 6:	ESS: 305.2117
	From worker 6:	Nbr resample: 24799 
	From worker 5:	ESS: 288.8024
	From worker 5:	Nbr resample: 24799 
	From worker 3:	ESS: 240.0860
	From worker 3:	Nbr resample: 24799 
	From worker 9:	ESS: 311.4982
	From worker 9:	Nbr resample: 24799 
	From worker 10:	ESS: 249.9895
	From worker 10:	Nbr resample: 24799 
	From worker 7:	ESS: 221.6884
	From worker 7:	Nbr resample: 24799 
	From worker 8:	ESS: 272.8439
	From worker 8:	Nbr resample: 24799 
	From worker 4:	ESS: 297.4616
	From worker 4:	Nbr resample: 24799 
	From worker 2:	ESS: 310.8512
	From worker 2:	Nbr resample: 24799 
	From worker 11:	ESS: 309.4336
	From worker 11:	Nbr resample: 24799 
	From worker 3:	ESS: 288.6326
	From worker 3:	Nbr resample: 24799 
	From worker 6:	ESS: 333.4020
	From worker 6:	Nbr resample: 24799 
	From worker 5:	ESS: 293.5649
	From worker 5:	Nbr resample: 24799 
	From worker 9:	ESS: 290.2779
	From worker 9:	Nbr resample: 24799 
	From worker 10:	ESS: 318.2296
	From worker 10:	Nbr resample: 24799 
	From worker 7:	ESS: 302.7382
	From worker 7:	Nbr resample: 24799 
Percentage done: 4.67 % 
Acceptance rate on iteration 1301 to 1400 is 0.0606
Covariance:
[0.00562045 -0.00132364 0.00398075 -0.018254 -0.0010633 -0.0096706 0.00276294; -0.00132364 0.000542419 -0.00168452 0.00545813 -0.00430494 0.00334364 -0.00100877; 0.00398075 -0.00168452 0.0167496 -0.0244612 0.0518748 -0.0185719 0.00434255; -0.018254 0.00545813 -0.0244612 0.106132 -0.0495162 0.0556409 -0.00976045; -0.0010633 -0.00430494 0.0518748 -0.0495162 0.291232 -0.0739688 0.0103515; -0.0096706 0.00334364 -0.0185719 0.0556409 -0.0739688 0.04527 -0.00628533; 0.00276294 -0.00100877 0.00434255 -0.00976045 0.0103515 -0.00628533 0.00263526]
Loglik: -186549.2376 
Loglik values on different cores:
[-1.86607e5,-1.86576e5,-1.86566e5,-1.86557e5,-1.8666e5,-1.8655e5,-1.86608e5,-186603.0,-186614.0,-1.8655e5]
	From worker 8:	ESS: 296.5025
	From worker 8:	Nbr resample: 24799 
	From worker 4:	ESS: 300.3564
	From worker 4:	Nbr resample: 24799 
	From worker 3:	ESS: 280.5332
	From worker 3:	Nbr resample: 24799 
	From worker 5:	ESS: 328.2980
	From worker 5:	Nbr resample: 24799 
	From worker 2:	ESS: 267.1670
	From worker 2:	Nbr resample: 24799 
	From worker 6:	ESS: 308.1871
	From worker 6:	Nbr resample: 24799 
	From worker 11:	ESS: 297.9299
	From worker 11:	Nbr resample: 24799 
	From worker 9:	ESS: 281.8040
	From worker 9:	Nbr resample: 24799 
	From worker 10:	ESS: 262.6900
	From worker 10:	Nbr resample: 24799 
	From worker 7:	ESS: 358.4355
	From worker 7:	Nbr resample: 24799 
	From worker 8:	ESS: 258.0889
	From worker 8:	Nbr resample: 24799 
	From worker 4:	ESS: 288.0696
	From worker 4:	Nbr resample: 24799 
	From worker 2:	ESS: 286.2134
	From worker 2:	Nbr resample: 24799 
	From worker 6:	ESS: 276.8879
	From worker 6:	Nbr resample: 24799 
	From worker 3:	ESS: 271.6925
	From worker 3:	Nbr resample: 24799 
	From worker 5:	ESS: 363.2166
	From worker 5:	Nbr resample: 24799 
	From worker 11:	ESS: 236.7189
	From worker 11:	Nbr resample: 24799 
	From worker 9:	ESS: 368.6313
	From worker 9:	Nbr resample: 24799 
	From worker 10:	ESS: 292.5524
	From worker 10:	Nbr resample: 24799 
	From worker 7:	ESS: 417.3055
	From worker 7:	Nbr resample: 24799 
Percentage done: 5.00 % 
Acceptance rate on iteration 1401 to 1500 is 0.1010
Covariance:
[0.00437943 -0.00100901 0.00259326 -0.0130842 -0.00184325 -0.00752186 0.00199282; -0.00100901 0.000456403 -0.0014765 0.00454749 -0.00414915 0.00264848 -0.000857064; 0.00259326 -0.0014765 0.0151011 -0.0226849 0.0508727 -0.0149805 0.0040877; -0.0130842 0.00454749 -0.0226849 0.0873488 -0.0584146 0.0439582 -0.00883168; -0.00184325 -0.00414915 0.0508727 -0.0584146 0.268777 -0.0606212 0.0115376; -0.00752186 0.00264848 -0.0149805 0.0439582 -0.0606212 0.0352653 -0.00513469; 0.00199282 -0.000857064 0.0040877 -0.00883168 0.0115376 -0.00513469 0.00227245]
Loglik: -186606.7912 
Loglik values on different cores:
[-1.86651e5,-1.86653e5,-1.86692e5,-1.86653e5,-1.86659e5,-1.8663e5,-1.86613e5,-1.86636e5,-1.86658e5,-1.86653e5]
	From worker 8:	ESS: 304.7293
	From worker 8:	Nbr resample: 24799 
	From worker 2:	ESS: 319.6331
	From worker 2:	Nbr resample: 24799 
	From worker 4:	ESS: 307.5219
	From worker 4:	Nbr resample: 24799 
	From worker 11:	ESS: 238.0616
	From worker 11:	Nbr resample: 24799 
	From worker 5:	ESS: 295.5167
	From worker 5:	Nbr resample: 24799 
	From worker 3:	ESS: 325.4680
	From worker 3:	Nbr resample: 24799 
	From worker 6:	ESS: 380.5444
	From worker 6:	Nbr resample: 24799 
	From worker 9:	ESS: 324.2668
	From worker 9:	Nbr resample: 24799 
	From worker 10:	ESS: 276.6942
	From worker 10:	Nbr resample: 24799 
	From worker 7:	ESS: 298.4519
	From worker 7:	Nbr resample: 24799 
	From worker 8:	ESS: 303.3656
	From worker 8:	Nbr resample: 24799 
	From worker 4:	ESS: 296.1731
	From worker 4:	Nbr resample: 24799 
	From worker 2:	ESS: 305.1673
	From worker 2:	Nbr resample: 24799 
	From worker 11:	ESS: 258.2246
	From worker 11:	Nbr resample: 24799 
	From worker 3:	ESS: 255.7393
	From worker 3:	Nbr resample: 24799 
	From worker 5:	ESS: 243.8886
	From worker 5:	Nbr resample: 24799 
	From worker 6:	ESS: 280.9153
	From worker 6:	Nbr resample: 24799 
	From worker 10:	ESS: 438.9340
	From worker 10:	Nbr resample: 24799 
	From worker 9:	ESS: 330.7275
	From worker 9:	Nbr resample: 24799 
	From worker 7:	ESS: 247.7842
	From worker 7:	Nbr resample: 24799 
Percentage done: 5.33 % 
Acceptance rate on iteration 1501 to 1600 is 0.2323
Covariance:
[0.00371468 -0.000878579 0.00164448 -0.0103186 -0.0020023 -0.00685712 0.00152407; -0.000878579 0.000625125 -0.000830201 0.00644667 -0.00282428 0.00348527 -0.000906092; 0.00164448 -0.000830201 0.0134077 -0.0154984 0.0414189 -0.00853604 0.00328042; -0.0103186 0.00644667 -0.0154984 0.117989 -0.0416299 0.0523882 -0.0096093; -0.0020023 -0.00282428 0.0414189 -0.0416299 0.215907 -0.0450263 0.00898183; -0.00685712 0.00348527 -0.00853604 0.0523882 -0.0450263 0.0394465 -0.00463789; 0.00152407 -0.000906092 0.00328042 -0.0096093 0.00898183 -0.00463789 0.002116]
Loglik: -186579.4753 
Loglik values on different cores:
[-1.86607e5,-1.86589e5,-1.86613e5,-1.86641e5,-1.86609e5,-1.86651e5,-1.86599e5,-1.86648e5,-186643.0,-1.86627e5]
	From worker 8:	ESS: 300.6323
	From worker 8:	Nbr resample: 24799 
	From worker 4:	ESS: 211.2705
	From worker 4:	Nbr resample: 24799 
	From worker 11:	ESS: 411.5446
	From worker 11:	Nbr resample: 24799 
	From worker 2:	ESS: 229.0325
	From worker 2:	Nbr resample: 24799 
	From worker 3:	ESS: 318.6621
	From worker 3:	Nbr resample: 24799 
	From worker 5:	ESS: 319.3140
	From worker 5:	Nbr resample: 24799 
	From worker 6:	ESS: 454.6504
	From worker 6:	Nbr resample: 24799 
	From worker 9:	ESS: 301.7451
	From worker 9:	Nbr resample: 24799 
	From worker 10:	ESS: 255.9847
	From worker 10:	Nbr resample: 24799 
	From worker 7:	ESS: 186.3969
	From worker 7:	Nbr resample: 24799 
	From worker 8:	ESS: 314.4379
	From worker 8:	Nbr resample: 24799 
	From worker 4:	ESS: 238.7882
	From worker 4:	Nbr resample: 24799 
	From worker 11:	ESS: 282.6212
	From worker 11:	Nbr resample: 24799 
	From worker 2:	ESS: 230.1442
	From worker 2:	Nbr resample: 24799 
	From worker 3:	ESS: 419.6392
	From worker 3:	Nbr resample: 24799 
	From worker 5:	ESS: 228.8435
	From worker 5:	Nbr resample: 24799 
	From worker 6:	ESS: 380.8765
	From worker 6:	Nbr resample: 24799 
	From worker 10:	ESS: 266.1907
	From worker 10:	Nbr resample: 24799 
	From worker 9:	ESS: 334.1137
	From worker 9:	Nbr resample: 24799 
	From worker 7:	ESS: 398.5947
	From worker 7:	Nbr resample: 24799 
Percentage done: 5.67 % 
Acceptance rate on iteration 1601 to 1700 is 0.1616
Covariance:
[0.00292387 -0.000730159 0.00120055 -0.00955667 -0.00147766 -0.00575445 0.00122291; -0.000730159 0.000545603 -0.000551826 0.00715754 -0.00232474 0.0034211 -0.000772763; 0.00120055 -0.000551826 0.0116059 -0.00800027 0.034344 -0.00567561 0.00254316; -0.00955667 0.00715754 -0.00800027 0.196466 -0.0404358 0.0757571 -0.0105156; -0.00147766 -0.00232474 0.034344 -0.0404358 0.176347 -0.0400054 0.00777299; -0.00575445 0.0034211 -0.00567561 0.0757571 -0.0400054 0.0432425 -0.00479632; 0.00122291 -0.000772763 0.00254316 -0.0105156 0.00777299 -0.00479632 0.00175534]
Loglik: -186552.2846 
Loglik values on different cores:
[-1.86584e5,-1.86582e5,-1.86601e5,-186567.0,-1.8656e5,-1.86605e5,-1.86639e5,-1.86571e5,-1.86587e5,-186600.0]
	From worker 8:	ESS: 270.2286
	From worker 8:	Nbr resample: 24799 
	From worker 2:	ESS: 294.5783
	From worker 2:	Nbr resample: 24799 
	From worker 11:	ESS: 283.6294
	From worker 11:	Nbr resample: 24799 
	From worker 4:	ESS: 411.9581
	From worker 4:	Nbr resample: 24799 
	From worker 6:	ESS: 257.9314
	From worker 6:	Nbr resample: 24799 
	From worker 3:	ESS: 310.3589
	From worker 3:	Nbr resample: 24799 
	From worker 5:	ESS: 276.7536
	From worker 5:	Nbr resample: 24799 
	From worker 9:	ESS: 376.9064
	From worker 9:	Nbr resample: 24799 
	From worker 10:	ESS: 363.7209
	From worker 10:	Nbr resample: 24799 
	From worker 7:	ESS: 315.5321
	From worker 7:	Nbr resample: 24799 
	From worker 8:	ESS: 330.1754
	From worker 8:	Nbr resample: 24799 
	From worker 2:	ESS: 280.9102
	From worker 2:	Nbr resample: 24799 
	From worker 11:	ESS: 235.6603
	From worker 11:	Nbr resample: 24799 
	From worker 3:	ESS: 221.9344
	From worker 3:	Nbr resample: 24799 
	From worker 4:	ESS: 230.6094
	From worker 4:	Nbr resample: 24799 
	From worker 6:	ESS: 285.3480
	From worker 6:	Nbr resample: 24799 
	From worker 5:	ESS: 382.2268
	From worker 5:	Nbr resample: 24799 
	From worker 10:	ESS: 333.6232
	From worker 10:	Nbr resample: 24799 
	From worker 9:	ESS: 296.7220
	From worker 9:	Nbr resample: 24799 
	From worker 7:	ESS: 256.9847
	From worker 7:	Nbr resample: 24799 
Percentage done: 6.00 % 
Acceptance rate on iteration 1701 to 1800 is 0.0707
Covariance:
[0.0040513 -0.00103684 0.00151736 0.00621527 -0.00286453 0.00119398 0.00222922; -0.00103684 0.000538115 -0.000556746 0.0022517 -0.00125511 0.00124613 -0.000915839; 0.00151736 -0.000556746 0.00865569 -0.000659609 0.0242849 -0.00204313 0.00228987; 0.00621527 0.0022517 -0.000659609 0.26402 -0.04312 0.102615 0.00152819; -0.00286453 -0.00125511 0.0242849 -0.04312 0.130425 -0.0343559 0.0044695; 0.00119398 0.00124613 -0.00204313 0.102615 -0.0343559 0.0501659 0.000284682; 0.00222922 -0.000915839 0.00228987 0.00152819 0.0044695 0.000284682 0.00223443]
Loglik: -186511.9156 
Loglik values on different cores:
[-1.86553e5,-1.86557e5,-1.8657e5,-1.86539e5,-1.86555e5,-1.86582e5,-1.86551e5,-1.86565e5,-1.86585e5,-1.86543e5]
	From worker 4:	ESS: 234.4991
	From worker 4:	Nbr resample: 24799 
	From worker 8:	ESS: 201.9861
	From worker 8:	Nbr resample: 24799 
	From worker 2:	ESS: 318.0651
	From worker 2:	Nbr resample: 24799 
	From worker 11:	ESS: 314.1367
	From worker 11:	Nbr resample: 24799 
	From worker 3:	ESS: 254.3547
	From worker 3:	Nbr resample: 24799 
	From worker 5:	ESS: 219.9466
	From worker 5:	Nbr resample: 24799 
	From worker 6:	ESS: 295.4162
	From worker 6:	Nbr resample: 24799 
	From worker 9:	ESS: 258.1868
	From worker 9:	Nbr resample: 24799 
	From worker 10:	ESS: 243.0191
	From worker 10:	Nbr resample: 24799 
	From worker 7:	ESS: 294.8576
	From worker 7:	Nbr resample: 24799 
	From worker 4:	ESS: 358.9907
	From worker 4:	Nbr resample: 24799 
	From worker 8:	ESS: 388.0018
	From worker 8:	Nbr resample: 24799 
	From worker 2:	ESS: 337.5831
	From worker 2:	Nbr resample: 24799 
	From worker 3:	ESS: 295.6283
	From worker 3:	Nbr resample: 24799 
	From worker 11:	ESS: 318.2546
	From worker 11:	Nbr resample: 24799 
