test
Mean:
[0.740547; 0.529457; 3.09533; 3.33054; 0.449554; -0.0725423; 0.692472]
Std:
[0.414; 0.0605657; 0.00872864; 0.328394; 0.0809793; 0.125514; 0.0890202]
[1.95477 1.61525 1.93376 1.76332 2.36569 1.77159 1.97421 1.68768 2.02565 2.24692; 0.436182 0.497493 0.420806 0.477945 0.402051 0.514673 0.479259 0.472069 0.438797 0.414536; 3.10824 3.10421 3.09881 3.09192 3.10698 3.08947 3.09647 3.09773 3.08393 3.09858; 3.10997 3.35469 2.73659 3.17467 3.12135 2.75377 3.21805 3.2588 3.26982 2.84776; 0.399743 0.457483 0.308035 0.410238 0.4014 0.302757 0.421409 0.434602 0.434359 0.333703; 0.0233747 -0.0632215 0.251387 0.00648108 0.0611034 0.0650495 -0.0247367 -0.064401 -0.0182718 0.193093; 0.763005 0.70002 0.821037 0.664701 0.8327 0.60257 0.757991 0.685729 0.711575 0.8742; -1.63362e5 -163311.0 -1.6347e5 -1.63371e5 -1.63368e5 -163448.0 -1.63334e5 -1.63345e5 -1.63383e5 -1.6343e5]Starting ml estimationLength of training data: 4750Start values for optimization:
[-2.0838e6; 88.176; 16220.2; 1.14291e6; 1.88208e5; -7.50097e5; 926.417; 5523.05; -108.547; -10181.0; -1.74535e5; -19936.1; -3.32417e5; -5570.06; -5445.8; -992.622; 151.021; 107.649; -806.737; -272.612; 210.603; 527.298; -455.569; 736.652; -242.411; -7418.11; -41118.2; 1.65037e5; 883.038; 531.779; 1.59707e5; -1368.99; 406.698; -9417.35; 7235.38; 6613.13; 4.04557; 3.69899; -0.922839; -2.82247; -4.75757; -1.16453; -2.56503; -2.10716; -2.44034]Iter     Function value   Gradient norm 
     0     4.008855e+04     5.501335e+07
     1     3.957097e+04     9.853509e+01
Estimated parameters of the GP model:
Estimated Β:s:
[-2.0838e6,88.1762,16220.2,1.14291e6,1.88208e5,-7.50097e5,926.417,5523.05,-108.546,-10181.0,-1.74535e5,-19936.1,-3.32417e5,-5570.06,-5445.8,-992.622,151.022,107.65,-806.737,-272.612,210.603,527.297,-455.571,736.652,-242.41,-7418.12,-41118.2,1.65037e5,883.039,531.777,1.59707e5,-1368.99,406.696,-9417.35,7235.38,6613.13]
Estimated log Φ:s:
[3.92915,-283.721,-235.852,5131.08,51048.7,531.114,2176.16,2120.25,3981.01]
elapsed time: 676.632532566 seconds
Iterstion:
1
#####################################################################
Starting DA-GP-MCMC estimating 7 parameters 
MCMC algorithm: MCWM
Adaptation algorithm: noAdaptation
Prior distribution: Normal
Particle filter: parallel_bootstrap, on 4 cores
Nbr particles for particle filter: 250
Covariance - kernel_MH_direct:
[0.0377142 -0.00478521 -0.000109874 -0.000709428 -0.000252173 0.0015947 0.00463412; -0.00478521 0.00139235 1.73974e-5 8.1877e-5 2.90684e-5 -0.000772902 -0.00139168; -0.000109874 1.73974e-5 3.70011e-5 -0.000213132 -4.21292e-5 4.61245e-5 -1.84596e-5; -0.000709428 8.1877e-5 -0.000213132 0.0463308 0.0114297 -0.0156006 -0.000520352; -0.000252173 2.90684e-5 -4.21292e-5 0.0114297 0.00283785 -0.00388339 -0.000131216; 0.0015947 -0.000772902 4.61245e-5 -0.0156006 -0.00388339 0.00713501 0.0018052; 0.00463412 -0.00139168 -1.84596e-5 -0.000520352 -0.000131216 0.0018052 0.00310702]
Iteration: 1
Covariance:
[0.0543084 -0.00689071 -0.000158218 -0.00102158 -0.00036313 0.00229637 0.00667314; -0.00689071 0.00200498 2.50522e-5 0.000117903 4.18585e-5 -0.00111298 -0.00200402; -0.000158218 2.50522e-5 5.32815e-5 -0.000306911 -6.06661e-5 6.64193e-5 -2.65819e-5; -0.00102158 0.000117903 -0.000306911 0.0667163 0.0164588 -0.0224648 -0.000749307; -0.00036313 4.18585e-5 -6.06661e-5 0.0164588 0.0040865 -0.00559208 -0.000188951; 0.00229637 -0.00111298 6.64193e-5 -0.0224648 -0.00559208 0.0102744 0.00259948; 0.00667314 -0.00200402 -2.65819e-5 -0.000749307 -0.000188951 0.00259948 0.00447411]
Iteration: 1
Covariance:
[0.0543084 -0.00689071 -0.000158218 -0.00102158 -0.00036313 0.00229637 0.00667314; -0.00689071 0.00200498 2.50522e-5 0.000117903 4.18585e-5 -0.00111298 -0.00200402; -0.000158218 2.50522e-5 5.32815e-5 -0.000306911 -6.06661e-5 6.64193e-5 -2.65819e-5; -0.00102158 0.000117903 -0.000306911 0.0667163 0.0164588 -0.0224648 -0.000749307; -0.00036313 4.18585e-5 -6.06661e-5 0.0164588 0.0040865 -0.00559208 -0.000188951; 0.00229637 -0.00111298 6.64193e-5 -0.0224648 -0.00559208 0.0102744 0.00259948; 0.00667314 -0.00200402 -2.65819e-5 -0.000749307 -0.000188951 0.00259948 0.00447411]
Loglik start: -168750.8217 
Percentage done: 10.00 % 
Acceptance rate on iteration 1 to 100 is 0.0101
Covariance:
[0.0543084 -0.00689071 -0.000158218 -0.00102158 -0.00036313 0.00229637 0.00667314; -0.00689071 0.00200498 2.50522e-5 0.000117903 4.18585e-5 -0.00111298 -0.00200402; -0.000158218 2.50522e-5 5.32815e-5 -0.000306911 -6.06661e-5 6.64193e-5 -2.65819e-5; -0.00102158 0.000117903 -0.000306911 0.0667163 0.0164588 -0.0224648 -0.000749307; -0.00036313 4.18585e-5 -6.06661e-5 0.0164588 0.0040865 -0.00559208 -0.000188951; 0.00229637 -0.00111298 6.64193e-5 -0.0224648 -0.00559208 0.0102744 0.00259948; 0.00667314 -0.00200402 -2.65819e-5 -0.000749307 -0.000188951 0.00259948 0.00447411]
Loglik: -168754.5308 
Loglik values on different cores:
[-1.68778e5,-1.68775e5,-1.68801e5,-1.68824e5]
Percentage done: 20.00 % 
Acceptance rate on iteration 101 to 200 is 0.0000
Covariance:
[0.0543084 -0.00689071 -0.000158218 -0.00102158 -0.00036313 0.00229637 0.00667314; -0.00689071 0.00200498 2.50522e-5 0.000117903 4.18585e-5 -0.00111298 -0.00200402; -0.000158218 2.50522e-5 5.32815e-5 -0.000306911 -6.06661e-5 6.64193e-5 -2.65819e-5; -0.00102158 0.000117903 -0.000306911 0.0667163 0.0164588 -0.0224648 -0.000749307; -0.00036313 4.18585e-5 -6.06661e-5 0.0164588 0.0040865 -0.00559208 -0.000188951; 0.00229637 -0.00111298 6.64193e-5 -0.0224648 -0.00559208 0.0102744 0.00259948; 0.00667314 -0.00200402 -2.65819e-5 -0.000749307 -0.000188951 0.00259948 0.00447411]
Loglik: -168754.5308 
Loglik values on different cores:
[-1.68792e5,-168806.0,-1.68777e5,-1.68751e5]
Percentage done: 30.00 % 
Acceptance rate on iteration 201 to 300 is 0.0202
Covariance:
[0.0543084 -0.00689071 -0.000158218 -0.00102158 -0.00036313 0.00229637 0.00667314; -0.00689071 0.00200498 2.50522e-5 0.000117903 4.18585e-5 -0.00111298 -0.00200402; -0.000158218 2.50522e-5 5.32815e-5 -0.000306911 -6.06661e-5 6.64193e-5 -2.65819e-5; -0.00102158 0.000117903 -0.000306911 0.0667163 0.0164588 -0.0224648 -0.000749307; -0.00036313 4.18585e-5 -6.06661e-5 0.0164588 0.0040865 -0.00559208 -0.000188951; 0.00229637 -0.00111298 6.64193e-5 -0.0224648 -0.00559208 0.0102744 0.00259948; 0.00667314 -0.00200402 -2.65819e-5 -0.000749307 -0.000188951 0.00259948 0.00447411]
Loglik: -168768.7857 
Loglik values on different cores:
[-1.68837e5,-168802.0,-1.68799e5,-1.68845e5]
Percentage done: 40.00 % 
Acceptance rate on iteration 301 to 400 is 0.0606
Covariance:
[0.0543084 -0.00689071 -0.000158218 -0.00102158 -0.00036313 0.00229637 0.00667314; -0.00689071 0.00200498 2.50522e-5 0.000117903 4.18585e-5 -0.00111298 -0.00200402; -0.000158218 2.50522e-5 5.32815e-5 -0.000306911 -6.06661e-5 6.64193e-5 -2.65819e-5; -0.00102158 0.000117903 -0.000306911 0.0667163 0.0164588 -0.0224648 -0.000749307; -0.00036313 4.18585e-5 -6.06661e-5 0.0164588 0.0040865 -0.00559208 -0.000188951; 0.00229637 -0.00111298 6.64193e-5 -0.0224648 -0.00559208 0.0102744 0.00259948; 0.00667314 -0.00200402 -2.65819e-5 -0.000749307 -0.000188951 0.00259948 0.00447411]
Loglik: -168778.3143 
Loglik values on different cores:
[-168800.0,-1.68856e5,-1.68801e5,-1.68783e5]
Percentage done: 50.00 % 
Acceptance rate on iteration 401 to 500 is 0.0404
Covariance:
[0.0543084 -0.00689071 -0.000158218 -0.00102158 -0.00036313 0.00229637 0.00667314; -0.00689071 0.00200498 2.50522e-5 0.000117903 4.18585e-5 -0.00111298 -0.00200402; -0.000158218 2.50522e-5 5.32815e-5 -0.000306911 -6.06661e-5 6.64193e-5 -2.65819e-5; -0.00102158 0.000117903 -0.000306911 0.0667163 0.0164588 -0.0224648 -0.000749307; -0.00036313 4.18585e-5 -6.06661e-5 0.0164588 0.0040865 -0.00559208 -0.000188951; 0.00229637 -0.00111298 6.64193e-5 -0.0224648 -0.00559208 0.0102744 0.00259948; 0.00667314 -0.00200402 -2.65819e-5 -0.000749307 -0.000188951 0.00259948 0.00447411]
Loglik: -168798.3465 
Loglik values on different cores:
[-1.6881e5,-1.68804e5,-1.68806e5,-1.68803e5]
Percentage done: 60.00 % 
Acceptance rate on iteration 501 to 600 is 0.0303
Covariance:
[0.0543084 -0.00689071 -0.000158218 -0.00102158 -0.00036313 0.00229637 0.00667314; -0.00689071 0.00200498 2.50522e-5 0.000117903 4.18585e-5 -0.00111298 -0.00200402; -0.000158218 2.50522e-5 5.32815e-5 -0.000306911 -6.06661e-5 6.64193e-5 -2.65819e-5; -0.00102158 0.000117903 -0.000306911 0.0667163 0.0164588 -0.0224648 -0.000749307; -0.00036313 4.18585e-5 -6.06661e-5 0.0164588 0.0040865 -0.00559208 -0.000188951; 0.00229637 -0.00111298 6.64193e-5 -0.0224648 -0.00559208 0.0102744 0.00259948; 0.00667314 -0.00200402 -2.65819e-5 -0.000749307 -0.000188951 0.00259948 0.00447411]
Loglik: -168758.0231 
Loglik values on different cores:
[-1.68753e5,-1.68792e5,-1.6878e5,-1.68801e5]
Percentage done: 70.00 % 
Acceptance rate on iteration 601 to 700 is 0.0606
Covariance:
[0.0543084 -0.00689071 -0.000158218 -0.00102158 -0.00036313 0.00229637 0.00667314; -0.00689071 0.00200498 2.50522e-5 0.000117903 4.18585e-5 -0.00111298 -0.00200402; -0.000158218 2.50522e-5 5.32815e-5 -0.000306911 -6.06661e-5 6.64193e-5 -2.65819e-5; -0.00102158 0.000117903 -0.000306911 0.0667163 0.0164588 -0.0224648 -0.000749307; -0.00036313 4.18585e-5 -6.06661e-5 0.0164588 0.0040865 -0.00559208 -0.000188951; 0.00229637 -0.00111298 6.64193e-5 -0.0224648 -0.00559208 0.0102744 0.00259948; 0.00667314 -0.00200402 -2.65819e-5 -0.000749307 -0.000188951 0.00259948 0.00447411]
Loglik: -168737.3255 
Loglik values on different cores:
[-1.68821e5,-1.6882e5,-1.688e5,-1.68816e5]
Percentage done: 80.00 % 
Acceptance rate on iteration 701 to 800 is 0.0606
Covariance:
[0.0543084 -0.00689071 -0.000158218 -0.00102158 -0.00036313 0.00229637 0.00667314; -0.00689071 0.00200498 2.50522e-5 0.000117903 4.18585e-5 -0.00111298 -0.00200402; -0.000158218 2.50522e-5 5.32815e-5 -0.000306911 -6.06661e-5 6.64193e-5 -2.65819e-5; -0.00102158 0.000117903 -0.000306911 0.0667163 0.0164588 -0.0224648 -0.000749307; -0.00036313 4.18585e-5 -6.06661e-5 0.0164588 0.0040865 -0.00559208 -0.000188951; 0.00229637 -0.00111298 6.64193e-5 -0.0224648 -0.00559208 0.0102744 0.00259948; 0.00667314 -0.00200402 -2.65819e-5 -0.000749307 -0.000188951 0.00259948 0.00447411]
Loglik: -168764.1081 
Loglik values on different cores:
[-1.68771e5,-1.68786e5,-1.688e5,-1.68777e5]
Percentage done: 90.00 % 
Acceptance rate on iteration 801 to 900 is 0.0000
Covariance:
[0.0543084 -0.00689071 -0.000158218 -0.00102158 -0.00036313 0.00229637 0.00667314; -0.00689071 0.00200498 2.50522e-5 0.000117903 4.18585e-5 -0.00111298 -0.00200402; -0.000158218 2.50522e-5 5.32815e-5 -0.000306911 -6.06661e-5 6.64193e-5 -2.65819e-5; -0.00102158 0.000117903 -0.000306911 0.0667163 0.0164588 -0.0224648 -0.000749307; -0.00036313 4.18585e-5 -6.06661e-5 0.0164588 0.0040865 -0.00559208 -0.000188951; 0.00229637 -0.00111298 6.64193e-5 -0.0224648 -0.00559208 0.0102744 0.00259948; 0.00667314 -0.00200402 -2.65819e-5 -0.000749307 -0.000188951 0.00259948 0.00447411]
Loglik: -168764.1081 
Loglik values on different cores:
[-1.68766e5,-1.68791e5,-168759.0,-1.68727e5]
elapsed time: 1022.414884156 seconds
Ending DA-GP-MCMC with adaptive RW estimating 7 parameters
Algorithm: MCWM
Adaptation algorithm: noAdaptation
Prior distribution: Normal
Particle filter: parallel_bootstrap
Time pre-er:  0
Time fit GP model:  0
Time er-part:  1022
Number early-rejections: 787
Number of cases directly to ordinary MH: 164
Number of cases directly to ordinary MH accepted: 15
Number cases in in DA part: 835
Number cases in second stage: 48
Number accepted in second stage: 20
Total number of evaluations of the particle filter: 212
Acceptance rate for ordinary MH accepted: 9.1463
Acceptance rate a_1: 5.7485
Acceptance rate a_2: 41.6667
Acceptance rate a_1*a_2: 2.3952
Acceptance rate a (for entier algorithm): 3.5000
#####################################################################
Iterstion:
2
#####################################################################
Starting DA-GP-MCMC estimating 7 parameters 
MCMC algorithm: MCWM
Adaptation algorithm: noAdaptation
Prior distribution: Normal
Particle filter: parallel_bootstrap, on 4 cores
Nbr particles for particle filter: 250
Covariance - kernel_MH_direct:
[0.0377142 -0.00478521 -0.000109874 -0.000709428 -0.000252173 0.0015947 0.00463412; -0.00478521 0.00139235 1.73974e-5 8.1877e-5 2.90684e-5 -0.000772902 -0.00139168; -0.000109874 1.73974e-5 3.70011e-5 -0.000213132 -4.21292e-5 4.61245e-5 -1.84596e-5; -0.000709428 8.1877e-5 -0.000213132 0.0463308 0.0114297 -0.0156006 -0.000520352; -0.000252173 2.90684e-5 -4.21292e-5 0.0114297 0.00283785 -0.00388339 -0.000131216; 0.0015947 -0.000772902 4.61245e-5 -0.0156006 -0.00388339 0.00713501 0.0018052; 0.00463412 -0.00139168 -1.84596e-5 -0.000520352 -0.000131216 0.0018052 0.00310702]
Iteration: 1
Covariance:
[0.0543084 -0.00689071 -0.000158218 -0.00102158 -0.00036313 0.00229637 0.00667314; -0.00689071 0.00200498 2.50522e-5 0.000117903 4.18585e-5 -0.00111298 -0.00200402; -0.000158218 2.50522e-5 5.32815e-5 -0.000306911 -6.06661e-5 6.64193e-5 -2.65819e-5; -0.00102158 0.000117903 -0.000306911 0.0667163 0.0164588 -0.0224648 -0.000749307; -0.00036313 4.18585e-5 -6.06661e-5 0.0164588 0.0040865 -0.00559208 -0.000188951; 0.00229637 -0.00111298 6.64193e-5 -0.0224648 -0.00559208 0.0102744 0.00259948; 0.00667314 -0.00200402 -2.65819e-5 -0.000749307 -0.000188951 0.00259948 0.00447411]
Iteration: 1
Covariance:
[0.0543084 -0.00689071 -0.000158218 -0.00102158 -0.00036313 0.00229637 0.00667314; -0.00689071 0.00200498 2.50522e-5 0.000117903 4.18585e-5 -0.00111298 -0.00200402; -0.000158218 2.50522e-5 5.32815e-5 -0.000306911 -6.06661e-5 6.64193e-5 -2.65819e-5; -0.00102158 0.000117903 -0.000306911 0.0667163 0.0164588 -0.0224648 -0.000749307; -0.00036313 4.18585e-5 -6.06661e-5 0.0164588 0.0040865 -0.00559208 -0.000188951; 0.00229637 -0.00111298 6.64193e-5 -0.0224648 -0.00559208 0.0102744 0.00259948; 0.00667314 -0.00200402 -2.65819e-5 -0.000749307 -0.000188951 0.00259948 0.00447411]
Loglik start: -168752.4477 
Percentage done: 10.00 % 
Acceptance rate on iteration 1 to 100 is 0.0000
Covariance:
[0.0543084 -0.00689071 -0.000158218 -0.00102158 -0.00036313 0.00229637 0.00667314; -0.00689071 0.00200498 2.50522e-5 0.000117903 4.18585e-5 -0.00111298 -0.00200402; -0.000158218 2.50522e-5 5.32815e-5 -0.000306911 -6.06661e-5 6.64193e-5 -2.65819e-5; -0.00102158 0.000117903 -0.000306911 0.0667163 0.0164588 -0.0224648 -0.000749307; -0.00036313 4.18585e-5 -6.06661e-5 0.0164588 0.0040865 -0.00559208 -0.000188951; 0.00229637 -0.00111298 6.64193e-5 -0.0224648 -0.00559208 0.0102744 0.00259948; 0.00667314 -0.00200402 -2.65819e-5 -0.000749307 -0.000188951 0.00259948 0.00447411]
Loglik: -168752.4477 
Loglik values on different cores:
[-1.68795e5,-1.6874e5,-1.68761e5,-1.68773e5]
Percentage done: 20.00 % 
Acceptance rate on iteration 101 to 200 is 0.0505
Covariance:
[0.0543084 -0.00689071 -0.000158218 -0.00102158 -0.00036313 0.00229637 0.00667314; -0.00689071 0.00200498 2.50522e-5 0.000117903 4.18585e-5 -0.00111298 -0.00200402; -0.000158218 2.50522e-5 5.32815e-5 -0.000306911 -6.06661e-5 6.64193e-5 -2.65819e-5; -0.00102158 0.000117903 -0.000306911 0.0667163 0.0164588 -0.0224648 -0.000749307; -0.00036313 4.18585e-5 -6.06661e-5 0.0164588 0.0040865 -0.00559208 -0.000188951; 0.00229637 -0.00111298 6.64193e-5 -0.0224648 -0.00559208 0.0102744 0.00259948; 0.00667314 -0.00200402 -2.65819e-5 -0.000749307 -0.000188951 0.00259948 0.00447411]
Loglik: -168782.9993 
Loglik values on different cores:
[-1.68798e5,-1.68786e5,-1.68847e5,-1.68794e5]
Percentage done: 30.00 % 
Acceptance rate on iteration 201 to 300 is 0.0202
Covariance:
[0.0543084 -0.00689071 -0.000158218 -0.00102158 -0.00036313 0.00229637 0.00667314; -0.00689071 0.00200498 2.50522e-5 0.000117903 4.18585e-5 -0.00111298 -0.00200402; -0.000158218 2.50522e-5 5.32815e-5 -0.000306911 -6.06661e-5 6.64193e-5 -2.65819e-5; -0.00102158 0.000117903 -0.000306911 0.0667163 0.0164588 -0.0224648 -0.000749307; -0.00036313 4.18585e-5 -6.06661e-5 0.0164588 0.0040865 -0.00559208 -0.000188951; 0.00229637 -0.00111298 6.64193e-5 -0.0224648 -0.00559208 0.0102744 0.00259948; 0.00667314 -0.00200402 -2.65819e-5 -0.000749307 -0.000188951 0.00259948 0.00447411]
Loglik: -168766.2645 
Loglik values on different cores:
[-1.68757e5,-1.68811e5,-1.68805e5,-168789.0]
Percentage done: 40.00 % 
Acceptance rate on iteration 301 to 400 is 0.0505
Covariance:
[0.0543084 -0.00689071 -0.000158218 -0.00102158 -0.00036313 0.00229637 0.00667314; -0.00689071 0.00200498 2.50522e-5 0.000117903 4.18585e-5 -0.00111298 -0.00200402; -0.000158218 2.50522e-5 5.32815e-5 -0.000306911 -6.06661e-5 6.64193e-5 -2.65819e-5; -0.00102158 0.000117903 -0.000306911 0.0667163 0.0164588 -0.0224648 -0.000749307; -0.00036313 4.18585e-5 -6.06661e-5 0.0164588 0.0040865 -0.00559208 -0.000188951; 0.00229637 -0.00111298 6.64193e-5 -0.0224648 -0.00559208 0.0102744 0.00259948; 0.00667314 -0.00200402 -2.65819e-5 -0.000749307 -0.000188951 0.00259948 0.00447411]
Loglik: -168773.5489 
Loglik values on different cores:
[-1.68855e5,-1.68864e5,-1.68838e5,-1.68848e5]
Percentage done: 50.00 % 
Acceptance rate on iteration 401 to 500 is 0.0606
Covariance:
[0.0543084 -0.00689071 -0.000158218 -0.00102158 -0.00036313 0.00229637 0.00667314; -0.00689071 0.00200498 2.50522e-5 0.000117903 4.18585e-5 -0.00111298 -0.00200402; -0.000158218 2.50522e-5 5.32815e-5 -0.000306911 -6.06661e-5 6.64193e-5 -2.65819e-5; -0.00102158 0.000117903 -0.000306911 0.0667163 0.0164588 -0.0224648 -0.000749307; -0.00036313 4.18585e-5 -6.06661e-5 0.0164588 0.0040865 -0.00559208 -0.000188951; 0.00229637 -0.00111298 6.64193e-5 -0.0224648 -0.00559208 0.0102744 0.00259948; 0.00667314 -0.00200402 -2.65819e-5 -0.000749307 -0.000188951 0.00259948 0.00447411]
Loglik: -168763.8294 
Loglik values on different cores:
[-1.68777e5,-1.68788e5,-1.68788e5,-1.68814e5]
Percentage done: 60.00 % 
Acceptance rate on iteration 501 to 600 is 0.0404
Covariance:
[0.0543084 -0.00689071 -0.000158218 -0.00102158 -0.00036313 0.00229637 0.00667314; -0.00689071 0.00200498 2.50522e-5 0.000117903 4.18585e-5 -0.00111298 -0.00200402; -0.000158218 2.50522e-5 5.32815e-5 -0.000306911 -6.06661e-5 6.64193e-5 -2.65819e-5; -0.00102158 0.000117903 -0.000306911 0.0667163 0.0164588 -0.0224648 -0.000749307; -0.00036313 4.18585e-5 -6.06661e-5 0.0164588 0.0040865 -0.00559208 -0.000188951; 0.00229637 -0.00111298 6.64193e-5 -0.0224648 -0.00559208 0.0102744 0.00259948; 0.00667314 -0.00200402 -2.65819e-5 -0.000749307 -0.000188951 0.00259948 0.00447411]
Loglik: -168747.2448 
Loglik values on different cores:
[-1.68759e5,-1.68773e5,-1.68772e5,-1.68811e5]
Percentage done: 70.00 % 
Acceptance rate on iteration 601 to 700 is 0.0202
Covariance:
[0.0543084 -0.00689071 -0.000158218 -0.00102158 -0.00036313 0.00229637 0.00667314; -0.00689071 0.00200498 2.50522e-5 0.000117903 4.18585e-5 -0.00111298 -0.00200402; -0.000158218 2.50522e-5 5.32815e-5 -0.000306911 -6.06661e-5 6.64193e-5 -2.65819e-5; -0.00102158 0.000117903 -0.000306911 0.0667163 0.0164588 -0.0224648 -0.000749307; -0.00036313 4.18585e-5 -6.06661e-5 0.0164588 0.0040865 -0.00559208 -0.000188951; 0.00229637 -0.00111298 6.64193e-5 -0.0224648 -0.00559208 0.0102744 0.00259948; 0.00667314 -0.00200402 -2.65819e-5 -0.000749307 -0.000188951 0.00259948 0.00447411]
Loglik: -168788.9182 
Loglik values on different cores:
[-1.6879e5,-1.68825e5,-1.68825e5,-1.68794e5]
Percentage done: 80.00 % 
Acceptance rate on iteration 701 to 800 is 0.0404
Covariance:
[0.0543084 -0.00689071 -0.000158218 -0.00102158 -0.00036313 0.00229637 0.00667314; -0.00689071 0.00200498 2.50522e-5 0.000117903 4.18585e-5 -0.00111298 -0.00200402; -0.000158218 2.50522e-5 5.32815e-5 -0.000306911 -6.06661e-5 6.64193e-5 -2.65819e-5; -0.00102158 0.000117903 -0.000306911 0.0667163 0.0164588 -0.0224648 -0.000749307; -0.00036313 4.18585e-5 -6.06661e-5 0.0164588 0.0040865 -0.00559208 -0.000188951; 0.00229637 -0.00111298 6.64193e-5 -0.0224648 -0.00559208 0.0102744 0.00259948; 0.00667314 -0.00200402 -2.65819e-5 -0.000749307 -0.000188951 0.00259948 0.00447411]
Loglik: -168758.4868 
Loglik values on different cores:
[-1.68815e5,-1.68806e5,-1.68752e5,-1.68803e5]
Percentage done: 90.00 % 
Acceptance rate on iteration 801 to 900 is 0.0404
Covariance:
[0.0543084 -0.00689071 -0.000158218 -0.00102158 -0.00036313 0.00229637 0.00667314; -0.00689071 0.00200498 2.50522e-5 0.000117903 4.18585e-5 -0.00111298 -0.00200402; -0.000158218 2.50522e-5 5.32815e-5 -0.000306911 -6.06661e-5 6.64193e-5 -2.65819e-5; -0.00102158 0.000117903 -0.000306911 0.0667163 0.0164588 -0.0224648 -0.000749307; -0.00036313 4.18585e-5 -6.06661e-5 0.0164588 0.0040865 -0.00559208 -0.000188951; 0.00229637 -0.00111298 6.64193e-5 -0.0224648 -0.00559208 0.0102744 0.00259948; 0.00667314 -0.00200402 -2.65819e-5 -0.000749307 -0.000188951 0.00259948 0.00447411]
Loglik: -168816.3601 
Loglik values on different cores:
[-1.68849e5,-168857.0,-1.6885e5,-1.68815e5]
elapsed time: 1006.450611353 seconds
Ending DA-GP-MCMC with adaptive RW estimating 7 parameters
Algorithm: MCWM
Adaptation algorithm: noAdaptation
Prior distribution: Normal
Particle filter: parallel_bootstrap
Time pre-er:  0
Time fit GP model:  0
Time er-part:  1006
Number early-rejections: 791
Number of cases directly to ordinary MH: 153
Number of cases directly to ordinary MH accepted: 14
Number cases in in DA part: 846
Number cases in second stage: 55
Number accepted in second stage: 22
Total number of evaluations of the particle filter: 208
Acceptance rate for ordinary MH accepted: 9.1503
Acceptance rate a_1: 6.5012
Acceptance rate a_2: 40.0000
Acceptance rate a_1*a_2: 2.6005
Acceptance rate a (for entier algorithm): 3.6000
#####################################################################
Iterstion:
3
#####################################################################
Starting DA-GP-MCMC estimating 7 parameters 
MCMC algorithm: MCWM
Adaptation algorithm: noAdaptation
Prior distribution: Normal
Particle filter: parallel_bootstrap, on 4 cores
Nbr particles for particle filter: 250
Covariance - kernel_MH_direct:
[0.0377142 -0.00478521 -0.000109874 -0.000709428 -0.000252173 0.0015947 0.00463412; -0.00478521 0.00139235 1.73974e-5 8.1877e-5 2.90684e-5 -0.000772902 -0.00139168; -0.000109874 1.73974e-5 3.70011e-5 -0.000213132 -4.21292e-5 4.61245e-5 -1.84596e-5; -0.000709428 8.1877e-5 -0.000213132 0.0463308 0.0114297 -0.0156006 -0.000520352; -0.000252173 2.90684e-5 -4.21292e-5 0.0114297 0.00283785 -0.00388339 -0.000131216; 0.0015947 -0.000772902 4.61245e-5 -0.0156006 -0.00388339 0.00713501 0.0018052; 0.00463412 -0.00139168 -1.84596e-5 -0.000520352 -0.000131216 0.0018052 0.00310702]
Iteration: 1
Covariance:
[0.0543084 -0.00689071 -0.000158218 -0.00102158 -0.00036313 0.00229637 0.00667314; -0.00689071 0.00200498 2.50522e-5 0.000117903 4.18585e-5 -0.00111298 -0.00200402; -0.000158218 2.50522e-5 5.32815e-5 -0.000306911 -6.06661e-5 6.64193e-5 -2.65819e-5; -0.00102158 0.000117903 -0.000306911 0.0667163 0.0164588 -0.0224648 -0.000749307; -0.00036313 4.18585e-5 -6.06661e-5 0.0164588 0.0040865 -0.00559208 -0.000188951; 0.00229637 -0.00111298 6.64193e-5 -0.0224648 -0.00559208 0.0102744 0.00259948; 0.00667314 -0.00200402 -2.65819e-5 -0.000749307 -0.000188951 0.00259948 0.00447411]
Iteration: 1
Covariance:
[0.0543084 -0.00689071 -0.000158218 -0.00102158 -0.00036313 0.00229637 0.00667314; -0.00689071 0.00200498 2.50522e-5 0.000117903 4.18585e-5 -0.00111298 -0.00200402; -0.000158218 2.50522e-5 5.32815e-5 -0.000306911 -6.06661e-5 6.64193e-5 -2.65819e-5; -0.00102158 0.000117903 -0.000306911 0.0667163 0.0164588 -0.0224648 -0.000749307; -0.00036313 4.18585e-5 -6.06661e-5 0.0164588 0.0040865 -0.00559208 -0.000188951; 0.00229637 -0.00111298 6.64193e-5 -0.0224648 -0.00559208 0.0102744 0.00259948; 0.00667314 -0.00200402 -2.65819e-5 -0.000749307 -0.000188951 0.00259948 0.00447411]
Loglik start: -168755.8320 
Percentage done: 10.00 % 
Acceptance rate on iteration 1 to 100 is 0.0808
Covariance:
[0.0543084 -0.00689071 -0.000158218 -0.00102158 -0.00036313 0.00229637 0.00667314; -0.00689071 0.00200498 2.50522e-5 0.000117903 4.18585e-5 -0.00111298 -0.00200402; -0.000158218 2.50522e-5 5.32815e-5 -0.000306911 -6.06661e-5 6.64193e-5 -2.65819e-5; -0.00102158 0.000117903 -0.000306911 0.0667163 0.0164588 -0.0224648 -0.000749307; -0.00036313 4.18585e-5 -6.06661e-5 0.0164588 0.0040865 -0.00559208 -0.000188951; 0.00229637 -0.00111298 6.64193e-5 -0.0224648 -0.00559208 0.0102744 0.00259948; 0.00667314 -0.00200402 -2.65819e-5 -0.000749307 -0.000188951 0.00259948 0.00447411]
Loglik: -168774.1127 
Loglik values on different cores:
[-1.68764e5,-1.68816e5,-1.68792e5,-1.68827e5]
Percentage done: 20.00 % 
Acceptance rate on iteration 101 to 200 is 0.0909
Covariance:
[0.0543084 -0.00689071 -0.000158218 -0.00102158 -0.00036313 0.00229637 0.00667314; -0.00689071 0.00200498 2.50522e-5 0.000117903 4.18585e-5 -0.00111298 -0.00200402; -0.000158218 2.50522e-5 5.32815e-5 -0.000306911 -6.06661e-5 6.64193e-5 -2.65819e-5; -0.00102158 0.000117903 -0.000306911 0.0667163 0.0164588 -0.0224648 -0.000749307; -0.00036313 4.18585e-5 -6.06661e-5 0.0164588 0.0040865 -0.00559208 -0.000188951; 0.00229637 -0.00111298 6.64193e-5 -0.0224648 -0.00559208 0.0102744 0.00259948; 0.00667314 -0.00200402 -2.65819e-5 -0.000749307 -0.000188951 0.00259948 0.00447411]
Loglik: -168781.6303 
Loglik values on different cores:
[-1.68835e5,-1.68804e5,-1.68806e5,-1.68801e5]
Percentage done: 30.00 % 
Acceptance rate on iteration 201 to 300 is 0.0404
Covariance:
[0.0543084 -0.00689071 -0.000158218 -0.00102158 -0.00036313 0.00229637 0.00667314; -0.00689071 0.00200498 2.50522e-5 0.000117903 4.18585e-5 -0.00111298 -0.00200402; -0.000158218 2.50522e-5 5.32815e-5 -0.000306911 -6.06661e-5 6.64193e-5 -2.65819e-5; -0.00102158 0.000117903 -0.000306911 0.0667163 0.0164588 -0.0224648 -0.000749307; -0.00036313 4.18585e-5 -6.06661e-5 0.0164588 0.0040865 -0.00559208 -0.000188951; 0.00229637 -0.00111298 6.64193e-5 -0.0224648 -0.00559208 0.0102744 0.00259948; 0.00667314 -0.00200402 -2.65819e-5 -0.000749307 -0.000188951 0.00259948 0.00447411]
Loglik: -168762.8663 
Loglik values on different cores:
[-1.68823e5,-1.68817e5,-1.68772e5,-1.68833e5]
Percentage done: 40.00 % 
Acceptance rate on iteration 301 to 400 is 0.0808
Covariance:
[0.0543084 -0.00689071 -0.000158218 -0.00102158 -0.00036313 0.00229637 0.00667314; -0.00689071 0.00200498 2.50522e-5 0.000117903 4.18585e-5 -0.00111298 -0.00200402; -0.000158218 2.50522e-5 5.32815e-5 -0.000306911 -6.06661e-5 6.64193e-5 -2.65819e-5; -0.00102158 0.000117903 -0.000306911 0.0667163 0.0164588 -0.0224648 -0.000749307; -0.00036313 4.18585e-5 -6.06661e-5 0.0164588 0.0040865 -0.00559208 -0.000188951; 0.00229637 -0.00111298 6.64193e-5 -0.0224648 -0.00559208 0.0102744 0.00259948; 0.00667314 -0.00200402 -2.65819e-5 -0.000749307 -0.000188951 0.00259948 0.00447411]
Loglik: -168775.4302 
Loglik values on different cores:
[-1.68795e5,-1.68811e5,-1.68825e5,-1.68788e5]
Percentage done: 50.00 % 
Acceptance rate on iteration 401 to 500 is 0.0101
Covariance:
[0.0543084 -0.00689071 -0.000158218 -0.00102158 -0.00036313 0.00229637 0.00667314; -0.00689071 0.00200498 2.50522e-5 0.000117903 4.18585e-5 -0.00111298 -0.00200402; -0.000158218 2.50522e-5 5.32815e-5 -0.000306911 -6.06661e-5 6.64193e-5 -2.65819e-5; -0.00102158 0.000117903 -0.000306911 0.0667163 0.0164588 -0.0224648 -0.000749307; -0.00036313 4.18585e-5 -6.06661e-5 0.0164588 0.0040865 -0.00559208 -0.000188951; 0.00229637 -0.00111298 6.64193e-5 -0.0224648 -0.00559208 0.0102744 0.00259948; 0.00667314 -0.00200402 -2.65819e-5 -0.000749307 -0.000188951 0.00259948 0.00447411]
Loglik: -168778.5287 
Loglik values on different cores:
[-1.68758e5,-1.68764e5,-1.68793e5,-1.68809e5]
Percentage done: 60.00 % 
Acceptance rate on iteration 501 to 600 is 0.0101
Covariance:
[0.0543084 -0.00689071 -0.000158218 -0.00102158 -0.00036313 0.00229637 0.00667314; -0.00689071 0.00200498 2.50522e-5 0.000117903 4.18585e-5 -0.00111298 -0.00200402; -0.000158218 2.50522e-5 5.32815e-5 -0.000306911 -6.06661e-5 6.64193e-5 -2.65819e-5; -0.00102158 0.000117903 -0.000306911 0.0667163 0.0164588 -0.0224648 -0.000749307; -0.00036313 4.18585e-5 -6.06661e-5 0.0164588 0.0040865 -0.00559208 -0.000188951; 0.00229637 -0.00111298 6.64193e-5 -0.0224648 -0.00559208 0.0102744 0.00259948; 0.00667314 -0.00200402 -2.65819e-5 -0.000749307 -0.000188951 0.00259948 0.00447411]
Loglik: -168751.8017 
Loglik values on different cores:
[-1.68828e5,-1.68749e5,-1.68777e5,-1.68773e5]
Percentage done: 70.00 % 
Acceptance rate on iteration 601 to 700 is 0.0303
Covariance:
[0.0543084 -0.00689071 -0.000158218 -0.00102158 -0.00036313 0.00229637 0.00667314; -0.00689071 0.00200498 2.50522e-5 0.000117903 4.18585e-5 -0.00111298 -0.00200402; -0.000158218 2.50522e-5 5.32815e-5 -0.000306911 -6.06661e-5 6.64193e-5 -2.65819e-5; -0.00102158 0.000117903 -0.000306911 0.0667163 0.0164588 -0.0224648 -0.000749307; -0.00036313 4.18585e-5 -6.06661e-5 0.0164588 0.0040865 -0.00559208 -0.000188951; 0.00229637 -0.00111298 6.64193e-5 -0.0224648 -0.00559208 0.0102744 0.00259948; 0.00667314 -0.00200402 -2.65819e-5 -0.000749307 -0.000188951 0.00259948 0.00447411]
Loglik: -168769.4458 
Loglik values on different cores:
[-1.68781e5,-1.68782e5,-1.68786e5,-1.68796e5]
Percentage done: 80.00 % 
Acceptance rate on iteration 701 to 800 is 0.0303
Covariance:
[0.0543084 -0.00689071 -0.000158218 -0.00102158 -0.00036313 0.00229637 0.00667314; -0.00689071 0.00200498 2.50522e-5 0.000117903 4.18585e-5 -0.00111298 -0.00200402; -0.000158218 2.50522e-5 5.32815e-5 -0.000306911 -6.06661e-5 6.64193e-5 -2.65819e-5; -0.00102158 0.000117903 -0.000306911 0.0667163 0.0164588 -0.0224648 -0.000749307; -0.00036313 4.18585e-5 -6.06661e-5 0.0164588 0.0040865 -0.00559208 -0.000188951; 0.00229637 -0.00111298 6.64193e-5 -0.0224648 -0.00559208 0.0102744 0.00259948; 0.00667314 -0.00200402 -2.65819e-5 -0.000749307 -0.000188951 0.00259948 0.00447411]
Loglik: -168783.3478 
Loglik values on different cores:
[-1.68794e5,-1.68771e5,-1.68778e5,-1.68772e5]
Percentage done: 90.00 % 
Acceptance rate on iteration 801 to 900 is 0.0606
Covariance:
[0.0543084 -0.00689071 -0.000158218 -0.00102158 -0.00036313 0.00229637 0.00667314; -0.00689071 0.00200498 2.50522e-5 0.000117903 4.18585e-5 -0.00111298 -0.00200402; -0.000158218 2.50522e-5 5.32815e-5 -0.000306911 -6.06661e-5 6.64193e-5 -2.65819e-5; -0.00102158 0.000117903 -0.000306911 0.0667163 0.0164588 -0.0224648 -0.000749307; -0.00036313 4.18585e-5 -6.06661e-5 0.0164588 0.0040865 -0.00559208 -0.000188951; 0.00229637 -0.00111298 6.64193e-5 -0.0224648 -0.00559208 0.0102744 0.00259948; 0.00667314 -0.00200402 -2.65819e-5 -0.000749307 -0.000188951 0.00259948 0.00447411]
Loglik: -168768.7526 
Loglik values on different cores:
[-1.68855e5,-1.68864e5,-1.68807e5,-1.68813e5]
elapsed time: 1015.958789411 seconds
Ending DA-GP-MCMC with adaptive RW estimating 7 parameters
Algorithm: MCWM
Adaptation algorithm: noAdaptation
Prior distribution: Normal
Particle filter: parallel_bootstrap
Time pre-er:  0
Time fit GP model:  0
Time er-part:  1016
Number early-rejections: 789
Number of cases directly to ordinary MH: 149
Number of cases directly to ordinary MH accepted: 28
Number cases in in DA part: 850
Number cases in second stage: 61
Number accepted in second stage: 20
Total number of evaluations of the particle filter: 210
Acceptance rate for ordinary MH accepted: 18.7919
Acceptance rate a_1: 7.1765
Acceptance rate a_2: 32.7869
Acceptance rate a_1*a_2: 2.3529
Acceptance rate a (for entier algorithm): 4.8000
#####################################################################
Iterstion:
4
#####################################################################
Starting DA-GP-MCMC estimating 7 parameters 
MCMC algorithm: MCWM
Adaptation algorithm: noAdaptation
Prior distribution: Normal
Particle filter: parallel_bootstrap, on 4 cores
Nbr particles for particle filter: 250
Covariance - kernel_MH_direct:
[0.0377142 -0.00478521 -0.000109874 -0.000709428 -0.000252173 0.0015947 0.00463412; -0.00478521 0.00139235 1.73974e-5 8.1877e-5 2.90684e-5 -0.000772902 -0.00139168; -0.000109874 1.73974e-5 3.70011e-5 -0.000213132 -4.21292e-5 4.61245e-5 -1.84596e-5; -0.000709428 8.1877e-5 -0.000213132 0.0463308 0.0114297 -0.0156006 -0.000520352; -0.000252173 2.90684e-5 -4.21292e-5 0.0114297 0.00283785 -0.00388339 -0.000131216; 0.0015947 -0.000772902 4.61245e-5 -0.0156006 -0.00388339 0.00713501 0.0018052; 0.00463412 -0.00139168 -1.84596e-5 -0.000520352 -0.000131216 0.0018052 0.00310702]
Iteration: 1
Covariance:
[0.0543084 -0.00689071 -0.000158218 -0.00102158 -0.00036313 0.00229637 0.00667314; -0.00689071 0.00200498 2.50522e-5 0.000117903 4.18585e-5 -0.00111298 -0.00200402; -0.000158218 2.50522e-5 5.32815e-5 -0.000306911 -6.06661e-5 6.64193e-5 -2.65819e-5; -0.00102158 0.000117903 -0.000306911 0.0667163 0.0164588 -0.0224648 -0.000749307; -0.00036313 4.18585e-5 -6.06661e-5 0.0164588 0.0040865 -0.00559208 -0.000188951; 0.00229637 -0.00111298 6.64193e-5 -0.0224648 -0.00559208 0.0102744 0.00259948; 0.00667314 -0.00200402 -2.65819e-5 -0.000749307 -0.000188951 0.00259948 0.00447411]
Iteration: 1
Covariance:
[0.0543084 -0.00689071 -0.000158218 -0.00102158 -0.00036313 0.00229637 0.00667314; -0.00689071 0.00200498 2.50522e-5 0.000117903 4.18585e-5 -0.00111298 -0.00200402; -0.000158218 2.50522e-5 5.32815e-5 -0.000306911 -6.06661e-5 6.64193e-5 -2.65819e-5; -0.00102158 0.000117903 -0.000306911 0.0667163 0.0164588 -0.0224648 -0.000749307; -0.00036313 4.18585e-5 -6.06661e-5 0.0164588 0.0040865 -0.00559208 -0.000188951; 0.00229637 -0.00111298 6.64193e-5 -0.0224648 -0.00559208 0.0102744 0.00259948; 0.00667314 -0.00200402 -2.65819e-5 -0.000749307 -0.000188951 0.00259948 0.00447411]
Loglik start: -168744.5585 
Percentage done: 10.00 % 
Acceptance rate on iteration 1 to 100 is 0.0000
Covariance:
[0.0543084 -0.00689071 -0.000158218 -0.00102158 -0.00036313 0.00229637 0.00667314; -0.00689071 0.00200498 2.50522e-5 0.000117903 4.18585e-5 -0.00111298 -0.00200402; -0.000158218 2.50522e-5 5.32815e-5 -0.000306911 -6.06661e-5 6.64193e-5 -2.65819e-5; -0.00102158 0.000117903 -0.000306911 0.0667163 0.0164588 -0.0224648 -0.000749307; -0.00036313 4.18585e-5 -6.06661e-5 0.0164588 0.0040865 -0.00559208 -0.000188951; 0.00229637 -0.00111298 6.64193e-5 -0.0224648 -0.00559208 0.0102744 0.00259948; 0.00667314 -0.00200402 -2.65819e-5 -0.000749307 -0.000188951 0.00259948 0.00447411]
Loglik: -168744.5585 
Loglik values on different cores:
[-1.68796e5,-168787.0,-1.6876e5,-1.68741e5]
Percentage done: 20.00 % 
Acceptance rate on iteration 101 to 200 is 0.0000
Covariance:
[0.0543084 -0.00689071 -0.000158218 -0.00102158 -0.00036313 0.00229637 0.00667314; -0.00689071 0.00200498 2.50522e-5 0.000117903 4.18585e-5 -0.00111298 -0.00200402; -0.000158218 2.50522e-5 5.32815e-5 -0.000306911 -6.06661e-5 6.64193e-5 -2.65819e-5; -0.00102158 0.000117903 -0.000306911 0.0667163 0.0164588 -0.0224648 -0.000749307; -0.00036313 4.18585e-5 -6.06661e-5 0.0164588 0.0040865 -0.00559208 -0.000188951; 0.00229637 -0.00111298 6.64193e-5 -0.0224648 -0.00559208 0.0102744 0.00259948; 0.00667314 -0.00200402 -2.65819e-5 -0.000749307 -0.000188951 0.00259948 0.00447411]
Loglik: -168744.5585 
Loglik values on different cores:
[-1.68741e5,-1.68766e5,-168768.0,-1.68764e5]
Percentage done: 30.00 % 
Acceptance rate on iteration 201 to 300 is 0.0000
Covariance:
[0.0543084 -0.00689071 -0.000158218 -0.00102158 -0.00036313 0.00229637 0.00667314; -0.00689071 0.00200498 2.50522e-5 0.000117903 4.18585e-5 -0.00111298 -0.00200402; -0.000158218 2.50522e-5 5.32815e-5 -0.000306911 -6.06661e-5 6.64193e-5 -2.65819e-5; -0.00102158 0.000117903 -0.000306911 0.0667163 0.0164588 -0.0224648 -0.000749307; -0.00036313 4.18585e-5 -6.06661e-5 0.0164588 0.0040865 -0.00559208 -0.000188951; 0.00229637 -0.00111298 6.64193e-5 -0.0224648 -0.00559208 0.0102744 0.00259948; 0.00667314 -0.00200402 -2.65819e-5 -0.000749307 -0.000188951 0.00259948 0.00447411]
Loglik: -168744.5585 
Loglik values on different cores:
[-1.68774e5,-168750.0,-1.68764e5,-1.68768e5]
Percentage done: 40.00 % 
Acceptance rate on iteration 301 to 400 is 0.0000
Covariance:
[0.0543084 -0.00689071 -0.000158218 -0.00102158 -0.00036313 0.00229637 0.00667314; -0.00689071 0.00200498 2.50522e-5 0.000117903 4.18585e-5 -0.00111298 -0.00200402; -0.000158218 2.50522e-5 5.32815e-5 -0.000306911 -6.06661e-5 6.64193e-5 -2.65819e-5; -0.00102158 0.000117903 -0.000306911 0.0667163 0.0164588 -0.0224648 -0.000749307; -0.00036313 4.18585e-5 -6.06661e-5 0.0164588 0.0040865 -0.00559208 -0.000188951; 0.00229637 -0.00111298 6.64193e-5 -0.0224648 -0.00559208 0.0102744 0.00259948; 0.00667314 -0.00200402 -2.65819e-5 -0.000749307 -0.000188951 0.00259948 0.00447411]
Loglik: -168744.5585 
Loglik values on different cores:
[-1.68767e5,-1.68777e5,-1.68815e5,-1.68739e5]
Percentage done: 50.00 % 
Acceptance rate on iteration 401 to 500 is 0.0606
Covariance:
[0.0543084 -0.00689071 -0.000158218 -0.00102158 -0.00036313 0.00229637 0.00667314; -0.00689071 0.00200498 2.50522e-5 0.000117903 4.18585e-5 -0.00111298 -0.00200402; -0.000158218 2.50522e-5 5.32815e-5 -0.000306911 -6.06661e-5 6.64193e-5 -2.65819e-5; -0.00102158 0.000117903 -0.000306911 0.0667163 0.0164588 -0.0224648 -0.000749307; -0.00036313 4.18585e-5 -6.06661e-5 0.0164588 0.0040865 -0.00559208 -0.000188951; 0.00229637 -0.00111298 6.64193e-5 -0.0224648 -0.00559208 0.0102744 0.00259948; 0.00667314 -0.00200402 -2.65819e-5 -0.000749307 -0.000188951 0.00259948 0.00447411]
Loglik: -168762.4617 
Loglik values on different cores:
[-1.68786e5,-1.68795e5,-1.68776e5,-1.68776e5]
Percentage done: 60.00 % 
Acceptance rate on iteration 501 to 600 is 0.0000
Covariance:
[0.0543084 -0.00689071 -0.000158218 -0.00102158 -0.00036313 0.00229637 0.00667314; -0.00689071 0.00200498 2.50522e-5 0.000117903 4.18585e-5 -0.00111298 -0.00200402; -0.000158218 2.50522e-5 5.32815e-5 -0.000306911 -6.06661e-5 6.64193e-5 -2.65819e-5; -0.00102158 0.000117903 -0.000306911 0.0667163 0.0164588 -0.0224648 -0.000749307; -0.00036313 4.18585e-5 -6.06661e-5 0.0164588 0.0040865 -0.00559208 -0.000188951; 0.00229637 -0.00111298 6.64193e-5 -0.0224648 -0.00559208 0.0102744 0.00259948; 0.00667314 -0.00200402 -2.65819e-5 -0.000749307 -0.000188951 0.00259948 0.00447411]
Loglik: -168762.4617 
Loglik values on different cores:
[-1.68805e5,-1.68793e5,-1.6877e5,-1.68775e5]
Percentage done: 70.00 % 
Acceptance rate on iteration 601 to 700 is 0.0606
Covariance:
[0.0543084 -0.00689071 -0.000158218 -0.00102158 -0.00036313 0.00229637 0.00667314; -0.00689071 0.00200498 2.50522e-5 0.000117903 4.18585e-5 -0.00111298 -0.00200402; -0.000158218 2.50522e-5 5.32815e-5 -0.000306911 -6.06661e-5 6.64193e-5 -2.65819e-5; -0.00102158 0.000117903 -0.000306911 0.0667163 0.0164588 -0.0224648 -0.000749307; -0.00036313 4.18585e-5 -6.06661e-5 0.0164588 0.0040865 -0.00559208 -0.000188951; 0.00229637 -0.00111298 6.64193e-5 -0.0224648 -0.00559208 0.0102744 0.00259948; 0.00667314 -0.00200402 -2.65819e-5 -0.000749307 -0.000188951 0.00259948 0.00447411]
Loglik: -168774.2399 
Loglik values on different cores:
[-1.68829e5,-1.6882e5,-1.68828e5,-1.68823e5]
Percentage done: 80.00 % 
Acceptance rate on iteration 701 to 800 is 0.0606
Covariance:
[0.0543084 -0.00689071 -0.000158218 -0.00102158 -0.00036313 0.00229637 0.00667314; -0.00689071 0.00200498 2.50522e-5 0.000117903 4.18585e-5 -0.00111298 -0.00200402; -0.000158218 2.50522e-5 5.32815e-5 -0.000306911 -6.06661e-5 6.64193e-5 -2.65819e-5; -0.00102158 0.000117903 -0.000306911 0.0667163 0.0164588 -0.0224648 -0.000749307; -0.00036313 4.18585e-5 -6.06661e-5 0.0164588 0.0040865 -0.00559208 -0.000188951; 0.00229637 -0.00111298 6.64193e-5 -0.0224648 -0.00559208 0.0102744 0.00259948; 0.00667314 -0.00200402 -2.65819e-5 -0.000749307 -0.000188951 0.00259948 0.00447411]
Loglik: -168779.1139 
Loglik values on different cores:
[-1.68774e5,-1.68831e5,-1.68792e5,-1.68808e5]
Percentage done: 90.00 % 
Acceptance rate on iteration 801 to 900 is 0.0808
Covariance:
