run Normal prior model
#####################################################################
Starting MCMC with adaptive RW estimating 7 parameters
Algorithm: MCWM
Adaptation algorithm: AMUpdate_gen
Prior distribution: Normal
Particel filter: parallel_bootstrap, on 10 cores
Iteration: 1
Covariance:
[0.142857 0.0 0.0 0.0 0.0 0.0 0.0; 0.0 0.142857 0.0 0.0 0.0 0.0 0.0; 0.0 0.0 0.142857 0.0 0.0 0.0 0.0; 0.0 0.0 0.0 0.142857 0.0 0.0 0.0; 0.0 0.0 0.0 0.0 0.142857 0.0 0.0; 0.0 0.0 0.0 0.0 0.0 0.142857 0.0; 0.0 0.0 0.0 0.0 0.0 0.0 0.142857]
	From worker 2:	ESS: 188.6731
	From worker 2:	Nbr resample: 24841 
	From worker 11:	ESS: 189.9029
	From worker 11:	Nbr resample: 24841 
	From worker 5:	ESS: 190.6334
	From worker 5:	Nbr resample: 24841 
	From worker 8:	ESS: 188.9820
	From worker 8:	Nbr resample: 24841 
	From worker 3:	ESS: 187.4573
	From worker 3:	Nbr resample: 24841 
	From worker 10:	ESS: 187.9002
	From worker 10:	Nbr resample: 24841 
	From worker 9:	ESS: 188.6236
	From worker 9:	Nbr resample: 24841 
	From worker 6:	ESS: 189.7883
	From worker 6:	Nbr resample: 24841 
	From worker 7:	ESS: 189.1249
	From worker 7:	Nbr resample: 24841 
	From worker 4:	ESS: 187.9793
	From worker 4:	Nbr resample: 24841 
Loglik: -161500.8347 
Percentage done: 0.50 % 
Acceptance rate on iteration 1 to 100 is 0.1818
Covariance:
[0.0265587 -0.0035753 -0.000101429 0.00989274 -0.00409264 0.00911235 0.0117133; -0.0035753 0.0108468 -0.00796306 -0.00102999 0.0089559 0.000909767 -0.00164948; -0.000101429 -0.00796306 0.034275 -0.00262627 -0.0273091 -0.00824424 -0.00110045; 0.00989274 -0.00102999 -0.00262627 0.0190964 0.000936257 0.00597739 0.00646782; -0.00409264 0.0089559 -0.0273091 0.000936257 0.0380579 0.0071297 -0.00289838; 0.00911235 0.000909767 -0.00824424 0.00597739 0.0071297 0.0151181 0.00557309; 0.0117133 -0.00164948 -0.00110045 0.00646782 -0.00289838 0.00557309 0.0164252]
Loglik: -141716.6970 
Loglik values on different cores:
[-1.41722e5,-1.41767e5,-1.41756e5,-1.41757e5,-1.41743e5,-1.41683e5,-1.41722e5,-1.4171e5,-1.4175e5,-1.41703e5]
	From worker 5:	ESS: 146.1259
	From worker 5:	Nbr resample: 24841 
	From worker 10:	ESS: 143.6783
	From worker 10:	Nbr resample: 24841 
	From worker 11:	ESS: 144.7732
	From worker 11:	Nbr resample: 24841 
	From worker 6:	ESS: 150.8445
	From worker 6:	Nbr resample: 24841 
	From worker 8:	ESS: 141.9057
	From worker 8:	Nbr resample: 24841 
	From worker 3:	ESS: 148.1275
	From worker 3:	Nbr resample: 24841 
	From worker 9:	ESS: 148.2592
	From worker 9:	Nbr resample: 24841 
	From worker 2:	ESS: 155.8412
	From worker 2:	Nbr resample: 24841 
	From worker 4:	ESS: 145.4676
	From worker 4:	Nbr resample: 24841 
	From worker 7:	ESS: 140.4458
	From worker 7:	Nbr resample: 24841 
	From worker 9:	ESS: 146.3405
	From worker 9:	Nbr resample: 24841 
	From worker 2:	ESS: 145.0764
	From worker 2:	Nbr resample: 24841 
	From worker 5:	ESS: 140.6725
	From worker 5:	Nbr resample: 24841 
	From worker 10:	ESS: 139.0437
	From worker 10:	Nbr resample: 24841 
	From worker 3:	ESS: 149.1408
	From worker 3:	Nbr resample: 24841 
	From worker 6:	ESS: 150.5602
	From worker 6:	Nbr resample: 24841 
	From worker 11:	ESS: 146.8816
	From worker 11:	Nbr resample: 24841 
	From worker 8:	ESS: 144.3564
	From worker 8:	Nbr resample: 24841 
	From worker 7:	ESS: 147.8460
	From worker 7:	Nbr resample: 24841 
	From worker 4:	ESS: 142.6554
	From worker 4:	Nbr resample: 24841 
Percentage done: 1.00 % 
Acceptance rate on iteration 101 to 200 is 0.1111
Covariance:
[0.010302 -0.00235669 0.00573183 0.00316075 -0.00811283 0.00457626 0.00751602; -0.00235669 0.00195061 -0.00259499 -0.000628075 0.00327657 -0.00088187 -0.00191576; 0.00573183 -0.00259499 0.0167618 -0.00108062 -0.0185067 0.00206849 0.00519148; 0.00316075 -0.000628075 -0.00108062 0.00409779 0.000937863 0.00152506 0.00214488; -0.00811283 0.00327657 -0.0185067 0.000937863 0.0235936 -0.00325764 -0.00756113; 0.00457626 -0.00088187 0.00206849 0.00152506 -0.00325764 0.00414542 0.00380242; 0.00751602 -0.00191576 0.00519148 0.00214488 -0.00756113 0.00380242 0.00764058]
Loglik: -141685.6704 
Loglik values on different cores:
[-1.417e5,-1.41753e5,-1.41716e5,-1.41745e5,-1.41708e5,-1.41685e5,-141734.0,-1.4175e5,-141733.0,-1.41702e5]
	From worker 10:	ESS: 160.0473
	From worker 10:	Nbr resample: 24841 
	From worker 11:	ESS: 153.9862
	From worker 11:	Nbr resample: 24841 
	From worker 5:	ESS: 155.5275
	From worker 5:	Nbr resample: 24841 
	From worker 2:	ESS: 159.9629
	From worker 2:	Nbr resample: 24841 
	From worker 3:	ESS: 155.7107
	From worker 3:	Nbr resample: 24841 
	From worker 6:	ESS: 162.4502
	From worker 6:	Nbr resample: 24841 
	From worker 4:	ESS: 163.1878
	From worker 4:	Nbr resample: 24841 
	From worker 7:	ESS: 158.9053
	From worker 7:	Nbr resample: 24841 
	From worker 8:	ESS: 158.8239
	From worker 8:	Nbr resample: 24841 
	From worker 9:	ESS: 164.0433
	From worker 9:	Nbr resample: 24841 
	From worker 5:	ESS: 161.0530
	From worker 5:	Nbr resample: 24841 
	From worker 6:	ESS: 155.8055
	From worker 6:	Nbr resample: 24841 
	From worker 8:	ESS: 163.4857
	From worker 8:	Nbr resample: 24841 
	From worker 3:	ESS: 161.9074
	From worker 3:	Nbr resample: 24841 
	From worker 10:	ESS: 157.9537
	From worker 10:	Nbr resample: 24841 
	From worker 9:	ESS: 164.9608
	From worker 9:	Nbr resample: 24841 
	From worker 11:	ESS: 160.7121
	From worker 11:	Nbr resample: 24841 
	From worker 2:	ESS: 164.1096
	From worker 2:	Nbr resample: 24841 
	From worker 7:	ESS: 160.1142
	From worker 7:	Nbr resample: 24841 
	From worker 4:	ESS: 155.4071
	From worker 4:	Nbr resample: 24841 
Percentage done: 1.50 % 
Acceptance rate on iteration 201 to 300 is 0.2727
Covariance:
[0.00596465 -0.00144317 0.00239324 0.00306405 -0.00262153 0.00209837 0.00327166; -0.00144317 0.00099201 -0.00157952 -0.00056628 0.0015457 -0.000383816 -0.000967921; 0.00239324 -0.00157952 0.0163655 -0.00210706 -0.0148344 -0.00108803 0.00289041; 0.00306405 -0.00056628 -0.00210706 0.00408901 0.0024207 0.0010154 0.000740547; -0.00262153 0.0015457 -0.0148344 0.0024207 0.016058 4.89885e-5 -0.00369571; 0.00209837 -0.000383816 -0.00108803 0.0010154 4.89885e-5 0.002331 0.00154994; 0.00327166 -0.000967921 0.00289041 0.000740547 -0.00369571 0.00154994 0.00348562]
Loglik: -141669.5792 
Loglik values on different cores:
[-1.41747e5,-1.41704e5,-1.4172e5,-1.41717e5,-1.41678e5,-1.41715e5,-1.41685e5,-1.41724e5,-1.41774e5,-1.41708e5]
	From worker 5:	ESS: 148.0210
	From worker 5:	Nbr resample: 24841 
	From worker 2:	ESS: 147.9697
	From worker 2:	Nbr resample: 24841 
	From worker 10:	ESS: 139.1329
	From worker 10:	Nbr resample: 24841 
	From worker 11:	ESS: 149.8884
	From worker 11:	Nbr resample: 24841 
	From worker 6:	ESS: 141.7351
	From worker 6:	Nbr resample: 24841 
	From worker 7:	ESS: 141.2351
	From worker 7:	Nbr resample: 24841 
	From worker 4:	ESS: 140.4568
	From worker 3:	ESS: 144.4847
	From worker 4:	Nbr resample: 24841 
	From worker 3:	Nbr resample: 24841 
	From worker 8:	ESS: 150.3634
	From worker 8:	Nbr resample: 24841 
	From worker 9:	ESS: 144.9841
	From worker 9:	Nbr resample: 24841 
	From worker 10:	ESS: 154.6385
	From worker 10:	Nbr resample: 24841 
	From worker 11:	ESS: 150.6038
	From worker 11:	Nbr resample: 24841 
	From worker 3:	ESS: 152.9446
	From worker 3:	Nbr resample: 24841 
	From worker 6:	ESS: 153.2675
	From worker 6:	Nbr resample: 24841 
	From worker 8:	ESS: 149.6124
	From worker 8:	Nbr resample: 24841 
	From worker 9:	ESS: 155.6686
	From worker 9:	Nbr resample: 24841 
	From worker 5:	ESS: 154.2793
	From worker 5:	Nbr resample: 24841 
	From worker 7:	ESS: 145.3291
	From worker 7:	Nbr resample: 24841 
	From worker 2:	ESS: 149.7742
	From worker 2:	Nbr resample: 24841 
	From worker 4:	ESS: 151.1830
	From worker 4:	Nbr resample: 24841 
Percentage done: 2.00 % 
Acceptance rate on iteration 301 to 400 is 0.3434
Covariance:
[0.00476073 -0.00128681 0.00119573 0.00181269 -0.0019123 0.00239443 0.00308067; -0.00128681 0.000755804 -0.00102395 -0.000346776 0.0010943 -0.000556455 -0.00100454; 0.00119573 -0.00102395 0.0187798 -0.00650977 -0.0157358 0.000119602 0.00372128; 0.00181269 -0.000346776 -0.00650977 0.00651303 0.00664293 -0.00116531 -0.00084191; -0.0019123 0.0010943 -0.0157358 0.00664293 0.0170872 -0.00288235 -0.00453249; 0.00239443 -0.000556455 0.000119602 -0.00116531 -0.00288235 0.00433167 0.00238683; 0.00308067 -0.00100454 0.00372128 -0.00084191 -0.00453249 0.00238683 0.00386466]
Loglik: -141670.2926 
Loglik values on different cores:
[-1.41728e5,-1.41663e5,-141694.0,-1.41717e5,-1.41695e5,-1.41694e5,-1.4172e5,-1.417e5,-1.4171e5,-141688.0]
	From worker 6:	ESS: 150.5202
	From worker 6:	Nbr resample: 24841 
	From worker 5:	ESS: 155.9345
	From worker 5:	Nbr resample: 24841 
	From worker 9:	ESS: 147.1115
	From worker 9:	Nbr resample: 24841 
	From worker 2:	ESS: 153.7378
	From worker 2:	Nbr resample: 24841 
	From worker 10:	ESS: 150.9306
	From worker 10:	Nbr resample: 24841 
	From worker 11:	ESS: 152.1215
	From worker 11:	Nbr resample: 24841 
	From worker 7:	ESS: 156.5599
	From worker 7:	Nbr resample: 24841 
	From worker 4:	ESS: 152.3046
	From worker 4:	Nbr resample: 24841 
	From worker 8:	ESS: 145.7794
	From worker 8:	Nbr resample: 24841 
	From worker 3:	ESS: 147.2606
	From worker 3:	Nbr resample: 24841 
	From worker 10:	ESS: 153.4739
	From worker 10:	Nbr resample: 24841 
	From worker 11:	ESS: 153.9392
	From worker 11:	Nbr resample: 24841 
	From worker 8:	ESS: 158.9001
	From worker 8:	Nbr resample: 24841 
	From worker 3:	ESS: 148.9896
	From worker 3:	Nbr resample: 24841 
	From worker 5:	ESS: 154.9123
	From worker 5:	Nbr resample: 24841 
	From worker 6:	ESS: 151.3995
	From worker 6:	Nbr resample: 24841 
	From worker 7:	ESS: 153.8715
	From worker 7:	Nbr resample: 24841 
	From worker 4:	ESS: 155.7197
	From worker 4:	Nbr resample: 24841 
	From worker 2:	ESS: 158.4089
	From worker 2:	Nbr resample: 24841 
	From worker 9:	ESS: 157.8685
	From worker 9:	Nbr resample: 24841 
Percentage done: 2.50 % 
Acceptance rate on iteration 401 to 500 is 0.3737
Covariance:
[0.0044283 -0.0011904 -0.00217659 0.00189409 0.00109318 0.00222092 0.00225177; -0.0011904 0.000626772 -0.000244542 -0.000131831 0.000453628 -0.000555593 -0.000730361; -0.00217659 -0.000244542 0.0829188 -0.0398024 -0.0776017 0.00209082 0.00560908; 0.00189409 -0.000131831 -0.0398024 0.0239298 0.0391116 -0.00269797 -0.00211966; 0.00109318 0.000453628 -0.0776017 0.0391116 0.0771811 -0.00534377 -0.00614369; 0.00222092 -0.000555593 0.00209082 -0.00269797 -0.00534377 0.00464867 0.00190788; 0.00225177 -0.000730361 0.00560908 -0.00211966 -0.00614369 0.00190788 0.00318808]
Loglik: -141601.3300 
Loglik values on different cores:
[-1.41629e5,-1.41691e5,-1.41685e5,-1.41641e5,-1.41664e5,-1.41667e5,-1.41626e5,-1.41657e5,-1.41693e5,-1.41644e5]
	From worker 11:	ESS: 152.3398
	From worker 11:	Nbr resample: 24841 
	From worker 3:	ESS: 155.4140
	From worker 3:	Nbr resample: 24841 
	From worker 2:	ESS: 150.5740
	From worker 2:	Nbr resample: 24841 
	From worker 5:	ESS: 152.0053
	From worker 5:	Nbr resample: 24841 
	From worker 10:	ESS: 153.9514
	From worker 10:	Nbr resample: 24841 
	From worker 6:	ESS: 146.7706
	From worker 6:	Nbr resample: 24841 
	From worker 7:	ESS: 149.9165
	From worker 7:	Nbr resample: 24841 
	From worker 9:	ESS: 153.7848
	From worker 9:	Nbr resample: 24841 
	From worker 8:	ESS: 160.0292
	From worker 8:	Nbr resample: 24841 
	From worker 4:	ESS: 152.0819
	From worker 4:	Nbr resample: 24841 
	From worker 5:	ESS: 168.9669
	From worker 5:	Nbr resample: 24841 
	From worker 10:	ESS: 165.2276
	From worker 10:	Nbr resample: 24841 
	From worker 6:	ESS: 159.4761
	From worker 6:	Nbr resample: 24841 
	From worker 8:	ESS: 165.3511
	From worker 8:	Nbr resample: 24841 
	From worker 9:	ESS: 164.0830
	From worker 9:	Nbr resample: 24841 
	From worker 2:	ESS: 159.5727
	From worker 2:	Nbr resample: 24841 
	From worker 11:	ESS: 159.6801
	From worker 11:	Nbr resample: 24841 
	From worker 3:	ESS: 165.7413
	From worker 3:	Nbr resample: 24841 
	From worker 7:	ESS: 161.6895
	From worker 7:	Nbr resample: 24841 
	From worker 4:	ESS: 160.4313
	From worker 4:	Nbr resample: 24841 
Percentage done: 3.00 % 
Acceptance rate on iteration 501 to 600 is 0.0606
Covariance:
[0.00244146 -0.000608864 0.00444416 -0.00195126 -0.00535151 0.00138921 0.00120107; -0.000608864 0.000328579 -0.00139909 0.00071907 0.00153121 -0.000333972 -0.000379905; 0.00444416 -0.00139909 0.146434 -0.0775623 -0.150164 0.00664745 0.00489105; -0.00195126 0.00071907 -0.0775623 0.0441884 0.0803995 -0.0043024 -0.00208326; -0.00535151 0.00153121 -0.150164 0.0803995 0.156797 -0.00855805 -0.0052781; 0.00138921 -0.000333972 0.00664745 -0.0043024 -0.00855805 0.00261747 0.00109374; 0.00120107 -0.000379905 0.00489105 -0.00208326 -0.0052781 0.00109374 0.00167725]
Loglik: -141562.4093 
Loglik values on different cores:
[-1.41599e5,-1.41581e5,-141765.0,-1.41667e5,-1.41586e5,-1.41559e5,-1.41572e5,-1.41615e5,-1.41567e5,-141788.0]
	From worker 8:	ESS: 158.7018
	From worker 8:	Nbr resample: 24841 
	From worker 3:	ESS: 152.5162
	From worker 3:	Nbr resample: 24841 
	From worker 5:	ESS: 153.3596
	From worker 5:	Nbr resample: 24841 
	From worker 11:	ESS: 164.4221
	From worker 11:	Nbr resample: 24841 
	From worker 10:	ESS: 167.0390
	From worker 10:	Nbr resample: 24841 
	From worker 4:	ESS: 154.8309
	From worker 4:	Nbr resample: 24841 
	From worker 6:	ESS: 156.3909
	From worker 6:	Nbr resample: 24841 
	From worker 7:	ESS: 160.5522
	From worker 7:	Nbr resample: 24841 
	From worker 2:	ESS: 164.7924
	From worker 2:	Nbr resample: 24841 
	From worker 9:	ESS: 158.3983
	From worker 9:	Nbr resample: 24841 
	From worker 10:	ESS: 153.0530
	From worker 10:	Nbr resample: 24841 
	From worker 6:	ESS: 158.0462
	From worker 6:	Nbr resample: 24841 
	From worker 9:	ESS: 162.5531
	From worker 9:	Nbr resample: 24841 
	From worker 11:	ESS: 155.5391
	From worker 11:	Nbr resample: 24841 
	From worker 2:	ESS: 160.0979
	From worker 2:	Nbr resample: 24841 
	From worker 5:	ESS: 164.8091
	From worker 5:	Nbr resample: 24841 
	From worker 8:	ESS: 154.7563
	From worker 8:	Nbr resample: 24841 
	From worker 7:	ESS: 156.1501
	From worker 7:	Nbr resample: 24841 
	From worker 3:	ESS: 158.2275
	From worker 3:	Nbr resample: 24841 
	From worker 4:	ESS: 166.9307
	From worker 4:	Nbr resample: 24841 
Percentage done: 3.50 % 
Acceptance rate on iteration 601 to 700 is 0.2424
Covariance:
[0.0025553 -0.000615371 0.0038619 -0.00141844 -0.00511086 0.00215758 0.00119503; -0.000615371 0.000390566 -0.00172144 0.000371972 0.00212079 -0.000875454 -0.000258176; 0.0038619 -0.00172144 0.113786 -0.0604159 -0.119605 0.00793407 0.00395213; -0.00141844 0.000371972 -0.0604159 0.0368522 0.0641996 -0.00333651 -0.00186406; -0.00511086 0.00212079 -0.119605 0.0641996 0.128893 -0.0108566 -0.00430703; 0.00215758 -0.000875454 0.00793407 -0.00333651 -0.0108566 0.00462951 0.000975036; 0.00119503 -0.000258176 0.00395213 -0.00186406 -0.00430703 0.000975036 0.00142516]
Loglik: -141677.5380 
Loglik values on different cores:
[-1.41731e5,-1.41706e5,-141697.0,-1.41697e5,-1.41712e5,-1.41695e5,-1.41663e5,-1.41705e5,-1.41722e5,-1.41687e5]
	From worker 11:	ESS: 161.2265
	From worker 11:	Nbr resample: 24841 
	From worker 2:	ESS: 159.5958
	From worker 2:	Nbr resample: 24841 
	From worker 10:	ESS: 159.4245
	From worker 10:	Nbr resample: 24841 
	From worker 5:	ESS: 159.9898
	From worker 5:	Nbr resample: 24841 
	From worker 7:	ESS: 158.7166
	From worker 7:	Nbr resample: 24841 
	From worker 3:	ESS: 162.6533
	From worker 3:	Nbr resample: 24841 
	From worker 4:	ESS: 160.7775
	From worker 4:	Nbr resample: 24841 
	From worker 8:	ESS: 151.0064
	From worker 8:	Nbr resample: 24841 
	From worker 6:	ESS: 161.8743
	From worker 6:	Nbr resample: 24841 
	From worker 9:	ESS: 152.5616
	From worker 9:	Nbr resample: 24841 
	From worker 5:	ESS: 165.3690
	From worker 5:	Nbr resample: 24841 
	From worker 6:	ESS: 159.1772
	From worker 6:	Nbr resample: 24841 
	From worker 8:	ESS: 163.9718
	From worker 8:	Nbr resample: 24841 
	From worker 3:	ESS: 164.8056
	From worker 3:	Nbr resample: 24841 
	From worker 10:	ESS: 161.0282
	From worker 10:	Nbr resample: 24841 
	From worker 9:	ESS: 161.8770
	From worker 9:	Nbr resample: 24841 
	From worker 2:	ESS: 163.4802
	From worker 2:	Nbr resample: 24841 
	From worker 11:	ESS: 162.1154
	From worker 11:	Nbr resample: 24841 
	From worker 7:	ESS: 162.3179
	From worker 7:	Nbr resample: 24841 
	From worker 4:	ESS: 159.4426
	From worker 4:	Nbr resample: 24841 
Percentage done: 4.00 % 
Acceptance rate on iteration 701 to 800 is 0.0505
Covariance:
[0.00147611 -0.000399465 0.0017469 -0.000599347 -0.00230967 0.00120212 0.000626626; -0.000399465 0.000312936 -0.00016591 -5.24615e-5 0.000205213 -0.000466315 -3.37331e-5; 0.0017469 -0.00016591 0.0840903 -0.0400193 -0.0918694 0.00666828 0.00445324; -0.000599347 -5.24615e-5 -0.0400193 0.0225466 0.0436327 -0.00256262 -0.00170111; -0.00230967 0.000205213 -0.0918694 0.0436327 0.102582 -0.00875581 -0.00510788; 0.00120212 -0.000466315 0.00666828 -0.00256262 -0.00875581 0.0028762 0.000761211; 0.000626626 -3.37331e-5 0.00445324 -0.00170111 -0.00510788 0.000761211 0.001057]
Loglik: -141555.8113 
Loglik values on different cores:
[-1.41732e5,-1.41653e5,-1.417e5,-141625.0,-141692.0,-1.41627e5,-1.41671e5,-1.41638e5,-141696.0,-1.41712e5]
	From worker 6:	ESS: 144.0886
	From worker 6:	Nbr resample: 24841 
	From worker 3:	ESS: 148.5767
	From worker 3:	Nbr resample: 24841 
	From worker 9:	ESS: 149.9196
	From worker 9:	Nbr resample: 24841 
	From worker 5:	ESS: 141.6749
	From worker 5:	Nbr resample: 24841 
	From worker 10:	ESS: 148.9693
	From worker 10:	Nbr resample: 24841 
	From worker 11:	ESS: 150.4580
	From worker 11:	Nbr resample: 24841 
	From worker 8:	ESS: 149.0457
	From worker 8:	Nbr resample: 24841 
	From worker 7:	ESS: 150.7869
	From worker 7:	Nbr resample: 24841 
	From worker 4:	ESS: 147.8075
	From worker 4:	Nbr resample: 24841 
	From worker 2:	ESS: 148.6870
	From worker 2:	Nbr resample: 24841 
	From worker 10:	ESS: 161.3786
	From worker 10:	Nbr resample: 24841 
	From worker 11:	ESS: 159.2114
	From worker 11:	Nbr resample: 24841 
	From worker 8:	ESS: 155.5154
	From worker 8:	Nbr resample: 24841 
	From worker 5:	ESS: 158.0923
	From worker 5:	Nbr resample: 24841 
	From worker 2:	ESS: 161.1788
	From worker 2:	Nbr resample: 24841 
	From worker 6:	ESS: 160.5045
	From worker 6:	Nbr resample: 24841 
	From worker 3:	ESS: 160.0575
	From worker 3:	Nbr resample: 24841 
	From worker 7:	ESS: 153.2615
	From worker 7:	Nbr resample: 24841 
	From worker 9:	ESS: 160.6254
	From worker 9:	Nbr resample: 24841 
	From worker 4:	ESS: 157.6703
	From worker 4:	Nbr resample: 24841 
Percentage done: 4.50 % 
Acceptance rate on iteration 801 to 900 is 0.0707
Covariance:
[0.000907363 -0.000240465 0.000993098 -0.000270276 -0.0013053 0.000733164 0.000411872; -0.000240465 0.000216915 0.000222692 -0.000118887 -0.000110502 -0.000354836 -9.22193e-7; 0.000993098 0.000222692 0.0570995 -0.0260677 -0.0610604 0.00322482 0.00289283; -0.000270276 -0.000118887 -0.0260677 0.0143016 0.0281537 -0.00131822 -0.00100054; -0.0013053 -0.000110502 -0.0610604 0.0281537 0.0671311 -0.0047205 -0.00321588; 0.000733164 -0.000354836 0.00322482 -0.00131822 -0.0047205 0.00193077 0.000433365; 0.000411872 -9.22193e-7 0.00289283 -0.00100054 -0.00321588 0.000433365 0.000704658]
Loglik: -141547.1382 
Loglik values on different cores:
[-1.41632e5,-1.41635e5,-1.41591e5,-1.41622e5,-1.41578e5,-1.41673e5,-141667.0,-1.4162e5,-1.41572e5,-1.41594e5]
	From worker 5:	ESS: 151.8339
	From worker 5:	Nbr resample: 24841 
	From worker 6:	ESS: 154.2314
	From worker 6:	Nbr resample: 24841 
	From worker 8:	ESS: 158.6515
	From worker 8:	Nbr resample: 24841 
	From worker 3:	ESS: 148.5024
	From worker 3:	Nbr resample: 24841 
	From worker 10:	ESS: 154.6033
	From worker 10:	Nbr resample: 24841 
	From worker 11:	ESS: 146.5938
	From worker 11:	Nbr resample: 24841 
	From worker 7:	ESS: 155.6939
	From worker 7:	Nbr resample: 24841 
	From worker 4:	ESS: 150.6787
	From worker 4:	Nbr resample: 24841 
	From worker 9:	ESS: 161.6016
	From worker 9:	Nbr resample: 24841 
	From worker 2:	ESS: 159.8689
	From worker 2:	Nbr resample: 24841 
	From worker 11:	ESS: 154.4785
	From worker 11:	Nbr resample: 24841 
	From worker 9:	ESS: 159.2061
	From worker 9:	Nbr resample: 24841 
	From worker 2:	ESS: 164.2209
	From worker 2:	Nbr resample: 24841 
	From worker 10:	ESS: 166.3643
	From worker 10:	Nbr resample: 24841 
	From worker 5:	ESS: 156.6554
	From worker 5:	Nbr resample: 24841 
	From worker 8:	ESS: 155.7903
	From worker 8:	Nbr resample: 24841 
	From worker 3:	ESS: 157.8786
	From worker 3:	Nbr resample: 24841 
	From worker 7:	ESS: 162.8142
	From worker 7:	Nbr resample: 24841 
	From worker 6:	ESS: 156.5622
	From worker 6:	Nbr resample: 24841 
	From worker 4:	ESS: 158.8719
	From worker 4:	Nbr resample: 24841 
Percentage done: 5.00 % 
Acceptance rate on iteration 901 to 1000 is 0.1212
Covariance:
[0.00065871 -0.000173499 0.000976298 -0.000262937 -0.00132769 0.000524502 0.00041519; -0.000173499 0.000167624 5.79024e-5 4.98136e-5 9.6321e-5 -0.000312094 -1.81158e-5; 0.000976298 5.79024e-5 0.0389726 -0.0171576 -0.042457 0.00231042 0.0026399; -0.000262937 4.98136e-5 -0.0171576 0.0100437 0.0186907 -0.00117576 -0.000702956; -0.00132769 9.6321e-5 -0.042457 0.0186907 0.0479325 -0.00354639 -0.00318646; 0.000524502 -0.000312094 0.00231042 -0.00117576 -0.00354639 0.0015059 0.000328248; 0.00041519 -1.81158e-5 0.0026399 -0.000702956 -0.00318646 0.000328248 0.000804344]
Loglik: -141566.2015 
Loglik values on different cores:
[-1.41635e5,-1.41637e5,-1.41615e5,-1.4167e5,-1.41624e5,-1.41604e5,-1.41655e5,-1.41649e5,-1.41629e5,-1.4163e5]
	From worker 5:	ESS: 146.1357
	From worker 5:	Nbr resample: 24841 
	From worker 6:	ESS: 140.5379
	From worker 6:	Nbr resample: 24841 
	From worker 8:	ESS: 148.7426
	From worker 8:	Nbr resample: 24841 
	From worker 10:	ESS: 139.9922
	From worker 10:	Nbr resample: 24841 
	From worker 7:	ESS: 139.4902
	From worker 7:	Nbr resample: 24841 
	From worker 11:	ESS: 143.2066
	From worker 11:	Nbr resample: 24841 
	From worker 4:	ESS: 139.9339
	From worker 4:	Nbr resample: 24841 
	From worker 9:	ESS: 146.3784
	From worker 9:	Nbr resample: 24841 
	From worker 3:	ESS: 159.8678
	From worker 3:	Nbr resample: 24841 
	From worker 2:	ESS: 146.4106
	From worker 2:	Nbr resample: 24841 
	From worker 3:	ESS: 160.4226
	From worker 3:	Nbr resample: 24841 
	From worker 9:	ESS: 157.2250
	From worker 9:	Nbr resample: 24841 
	From worker 2:	ESS: 166.9702
	From worker 2:	Nbr resample: 24841 
	From worker 10:	ESS: 167.0490
	From worker 10:	Nbr resample: 24841 
	From worker 11:	ESS: 159.2087
	From worker 11:	Nbr resample: 24841 
	From worker 5:	ESS: 162.7782
	From worker 5:	Nbr resample: 24841 
	From worker 8:	ESS: 163.4459
	From worker 8:	Nbr resample: 24841 
	From worker 6:	ESS: 160.7282
	From worker 6:	Nbr resample: 24841 
	From worker 4:	ESS: 160.9409
	From worker 4:	Nbr resample: 24841 
	From worker 7:	ESS: 162.2006
	From worker 7:	Nbr resample: 24841 
Percentage done: 5.50 % 
Acceptance rate on iteration 1001 to 1100 is 0.0808
Covariance:
[0.00113232 -0.000207689 -0.000145876 0.000240581 -0.0005423 0.000534298 0.000745651; -0.000207689 0.000126728 0.000111087 -7.03964e-6 6.18501e-5 -0.000246996 -7.89327e-5; -0.000145876 0.000111087 0.026503 -0.0117167 -0.0282884 0.00142998 0.00118455; 0.000240581 -7.03964e-6 -0.0117167 0.00687517 0.0124541 -0.000688503 -0.000197005; -0.0005423 6.18501e-5 -0.0282884 0.0124541 0.0317014 -0.00240231 -0.00185622; 0.000534298 -0.000246996 0.00142998 -0.000688503 -0.00240231 0.00111631 0.000351152; 0.000745651 -7.89327e-5 0.00118455 -0.000197005 -0.00185622 0.000351152 0.00086046]
Loglik: -141568.5892 
Loglik values on different cores:
[-141564.0,-1.41601e5,-1.41657e5,-1.41593e5,-141639.0,-1.41664e5,-1.41688e5,-1.41612e5,-1.41638e5,-1.41636e5]
	From worker 9:	ESS: 152.6503
	From worker 9:	Nbr resample: 24841 
	From worker 5:	ESS: 162.7749
	From worker 5:	Nbr resample: 24841 
	From worker 10:	ESS: 151.2387
	From worker 10:	Nbr resample: 24841 
	From worker 11:	ESS: 151.9063
	From worker 11:	Nbr resample: 24841 
	From worker 3:	ESS: 156.1974
	From worker 3:	Nbr resample: 24841 
	From worker 6:	ESS: 151.3640
	From worker 6:	Nbr resample: 24841 
	From worker 7:	ESS: 155.7469
	From worker 7:	Nbr resample: 24841 
	From worker 8:	ESS: 160.4227
	From worker 8:	Nbr resample: 24841 
	From worker 4:	ESS: 159.5094
	From worker 4:	Nbr resample: 24841 
	From worker 2:	ESS: 159.5778
	From worker 2:	Nbr resample: 24841 
	From worker 8:	ESS: 158.5589
	From worker 8:	Nbr resample: 24841 
	From worker 2:	ESS: 161.4262
	From worker 2:	Nbr resample: 24841 
	From worker 5:	ESS: 161.3917
	From worker 5:	Nbr resample: 24841 
	From worker 6:	ESS: 158.7862
	From worker 6:	Nbr resample: 24841 
	From worker 10:	ESS: 158.2667
	From worker 10:	Nbr resample: 24841 
	From worker 11:	ESS: 160.8018
	From worker 11:	Nbr resample: 24841 
	From worker 3:	ESS: 147.6959
	From worker 3:	Nbr resample: 24841 
	From worker 9:	ESS: 160.2517
	From worker 9:	Nbr resample: 24841 
	From worker 7:	ESS: 157.6330
	From worker 7:	Nbr resample: 24841 
	From worker 4:	ESS: 154.6145
	From worker 4:	Nbr resample: 24841 
Percentage done: 6.00 % 
Acceptance rate on iteration 1101 to 1200 is 0.1414
Covariance:
[0.00208307 -0.000311106 -0.000783044 0.000590464 -0.000796659 0.000936583 0.00121472; -0.000311106 0.000112889 0.000156699 -4.59249e-5 0.000107578 -0.000249279 -0.000144563; -0.000783044 0.000156699 0.0191411 -0.00859961 -0.0198875 0.000789668 0.000431729; 0.000590464 -4.59249e-5 -0.00859961 0.00514504 0.00883474 -0.000395714 0.00011362; -0.000796659 0.000107578 -0.0198875 0.00883474 0.02275 -0.00199357 -0.00148509; 0.000936583 -0.000249279 0.000789668 -0.000395714 -0.00199357 0.00110269 0.000531449; 0.00121472 -0.000144563 0.000431729 0.00011362 -0.00148509 0.000531449 0.000988057]
Loglik: -141574.8683 
Loglik values on different cores:
[-1.41762e5,-1.4171e5,-1.41666e5,-1.41622e5,-1.41653e5,-1.41699e5,-1.41668e5,-1.41688e5,-1.41662e5,-1.41669e5]
	From worker 5:	ESS: 156.6174
	From worker 5:	Nbr resample: 24841 
	From worker 11:	ESS: 158.0750
	From worker 11:	Nbr resample: 24841 
	From worker 10:	ESS: 150.8302
	From worker 10:	Nbr resample: 24841 
	From worker 2:	ESS: 157.3001
	From worker 2:	Nbr resample: 24841 
	From worker 8:	ESS: 148.4750
	From worker 8:	Nbr resample: 24841 
	From worker 7:	ESS: 153.3320
	From worker 7:	Nbr resample: 24841 
	From worker 6:	ESS: 141.4088
	From worker 6:	Nbr resample: 24841 
	From worker 3:	ESS: 144.7677
	From worker 3:	Nbr resample: 24841 
	From worker 4:	ESS: 155.1106
	From worker 4:	Nbr resample: 24841 
	From worker 9:	ESS: 149.4757
	From worker 9:	Nbr resample: 24841 
	From worker 6:	ESS: 155.6164
	From worker 6:	Nbr resample: 24841 
	From worker 8:	ESS: 152.1401
	From worker 8:	Nbr resample: 24841 
	From worker 3:	ESS: 164.9306
	From worker 3:	Nbr resample: 24841 
	From worker 9:	ESS: 162.9439
	From worker 9:	Nbr resample: 24841 
	From worker 10:	ESS: 153.7164
	From worker 10:	Nbr resample: 24841 
	From worker 2:	ESS: 149.6067
	From worker 2:	Nbr resample: 24841 
	From worker 5:	ESS: 154.9689
	From worker 5:	Nbr resample: 24841 
	From worker 11:	ESS: 159.9871
	From worker 11:	Nbr resample: 24841 
	From worker 7:	ESS: 164.7549
	From worker 7:	Nbr resample: 24841 
	From worker 4:	ESS: 158.8804
	From worker 4:	Nbr resample: 24841 
Percentage done: 6.50 % 
Acceptance rate on iteration 1201 to 1300 is 0.2121
Covariance:
[0.00232894 -0.000366696 -0.000107741 -0.000227118 -0.00169473 0.00142002 0.00116855; -0.000366696 0.000121562 3.3589e-5 0.000210841 0.000275623 -0.00035775 -0.000121386; -0.000107741 3.3589e-5 0.0147694 -0.00673656 -0.0157351 0.00101037 0.000539002; -0.000227118 0.000210841 -0.00673656 0.00589695 0.00749266 -0.00142651 0.000253307; -0.00169473 0.000275623 -0.0157351 0.00749266 0.0188 -0.00251729 -0.00152049; 0.00142002 -0.00035775 0.00101037 -0.00142651 -0.00251729 0.00172639 0.000476073; 0.00116855 -0.000121386 0.000539002 0.000253307 -0.00152049 0.000476073 0.000962615]
Loglik: -141622.6139 
Loglik values on different cores:
[-1.41656e5,-1.41673e5,-1.41665e5,-1.41671e5,-1.41691e5,-141734.0,-1.41678e5,-1.41668e5,-1.41665e5,-1.41703e5]
	From worker 8:	ESS: 156.5926
	From worker 8:	Nbr resample: 24841 
	From worker 5:	ESS: 157.1935
	From worker 5:	Nbr resample: 24841 
	From worker 2:	ESS: 160.6619
	From worker 2:	Nbr resample: 24841 
	From worker 11:	ESS: 155.3071
	From worker 11:	Nbr resample: 24841 
	From worker 10:	ESS: 155.8292
	From worker 10:	Nbr resample: 24841 
	From worker 3:	ESS: 156.2885
	From worker 3:	Nbr resample: 24841 
	From worker 4:	ESS: 157.2513
	From worker 4:	Nbr resample: 24841 
	From worker 6:	ESS: 155.3656
	From worker 6:	Nbr resample: 24841 
	From worker 9:	ESS: 154.9589
	From worker 9:	Nbr resample: 24841 
	From worker 7:	ESS: 164.3425
	From worker 7:	Nbr resample: 24841 
	From worker 5:	ESS: 156.0524
	From worker 5:	Nbr resample: 24841 
	From worker 8:	ESS: 163.1810
	From worker 8:	Nbr resample: 24841 
	From worker 3:	ESS: 158.2415
	From worker 3:	Nbr resample: 24841 
	From worker 11:	ESS: 163.9076
	From worker 11:	Nbr resample: 24841 
	From worker 7:	ESS: 155.7035
	From worker 7:	Nbr resample: 24841 
	From worker 10:	ESS: 160.0724
	From worker 10:	Nbr resample: 24841 
	From worker 9:	ESS: 160.0030
	From worker 9:	Nbr resample: 24841 
	From worker 6:	ESS: 156.5235
	From worker 6:	Nbr resample: 24841 
	From worker 2:	ESS: 165.2675
	From worker 2:	Nbr resample: 24841 
	From worker 4:	ESS: 155.2164
	From worker 4:	Nbr resample: 24841 
Percentage done: 7.00 % 
Acceptance rate on iteration 1301 to 1400 is 0.1919
Covariance:
[0.00222927 -0.000386837 -0.000377463 -0.000558615 -0.00135078 0.00125442 0.00107622; -0.000386837 0.000126468 0.000103077 0.000332814 0.000237547 -0.000352054 -0.000116487; -0.000377463 0.000103077 0.0115483 -0.00484121 -0.0121079 0.000684902 0.000308999; -0.000558615 0.000332814 -0.00484121 0.00589888 0.00589776 -0.00164628 0.000290311; -0.00135078 0.000237547 -0.0121079 0.00589776 0.0146466 -0.00209576 -0.00116752; 0.00125442 -0.000352054 0.000684902 -0.00164628 -0.00209576 0.00159033 0.00034051; 0.00107622 -0.000116487 0.000308999 0.000290311 -0.00116752 0.00034051 0.000871306]
Loglik: -141578.4446 
Loglik values on different cores:
[-1.41669e5,-141604.0,-1.41592e5,-1.41638e5,-1.4164e5,-1.41648e5,-1.41626e5,-1.41669e5,-1.41646e5,-1.41662e5]
	From worker 11:	ESS: 147.4647
	From worker 11:	Nbr resample: 24841 
	From worker 5:	ESS: 155.2122
	From worker 5:	Nbr resample: 24841 
	From worker 10:	ESS: 152.8830
	From worker 10:	Nbr resample: 24841 
	From worker 7:	ESS: 152.1284
	From worker 7:	Nbr resample: 24841 
	From worker 8:	ESS: 151.6981
	From worker 8:	Nbr resample: 24841 
	From worker 4:	ESS: 141.8516
	From worker 4:	Nbr resample: 24841 
	From worker 6:	ESS: 148.0007
	From worker 6:	Nbr resample: 24841 
	From worker 2:	ESS: 152.4888
	From worker 2:	Nbr resample: 24841 
	From worker 3:	ESS: 150.7682
	From worker 3:	Nbr resample: 24841 
	From worker 9:	ESS: 153.8489
	From worker 9:	Nbr resample: 24841 
	From worker 5:	ESS: 161.4919
	From worker 5:	Nbr resample: 24841 
	From worker 6:	ESS: 157.7215
	From worker 6:	Nbr resample: 24841 
	From worker 8:	ESS: 148.3430
	From worker 8:	Nbr resample: 24841 
	From worker 3:	ESS: 158.4982
	From worker 3:	Nbr resample: 24841 
	From worker 10:	ESS: 154.6602
	From worker 10:	Nbr resample: 24841 
	From worker 9:	ESS: 158.0361
	From worker 9:	Nbr resample: 24841 
	From worker 2:	ESS: 159.1060
	From worker 2:	Nbr resample: 24841 
	From worker 11:	ESS: 153.2782
	From worker 11:	Nbr resample: 24841 
	From worker 7:	ESS: 152.4186
	From worker 7:	Nbr resample: 24841 
	From worker 4:	ESS: 159.0567
	From worker 4:	Nbr resample: 24841 
Percentage done: 7.50 % 
Acceptance rate on iteration 1401 to 1500 is 0.1212
Covariance:
[0.00213708 -0.000372918 -0.000357039 -0.000135903 -0.00124282 0.0012753 0.00101842; -0.000372918 0.000110675 0.000104782 0.000236401 0.000203849 -0.000309209 -0.00012203; -0.000357039 0.000104782 0.00861023 -0.00323084 -0.00897638 0.000573241 0.000224721; -0.000135903 0.000236401 -0.00323084 0.00550443 0.00383409 -0.000681723 0.000442281; -0.00124282 0.000203849 -0.00897638 0.00383409 0.0110235 -0.0018491 -0.00100483; 0.0012753 -0.000309209 0.000573241 -0.000681723 -0.0018491 0.00154493 0.000444492; 0.00101842 -0.00012203 0.000224721 0.000442281 -0.00100483 0.000444492 0.000755836]
Loglik: -141516.1568 
Loglik values on different cores:
[-1.41602e5,-1.41622e5,-1.41703e5,-1.41618e5,-1.41611e5,-1.41651e5,-1.41684e5,-1.41646e5,-1.41655e5,-1.41649e5]
	From worker 11:	ESS: 161.3800
	From worker 11:	Nbr resample: 24841 
	From worker 2:	ESS: 158.1931
	From worker 2:	Nbr resample: 24841 
	From worker 9:	ESS: 150.5352
	From worker 9:	Nbr resample: 24841 
	From worker 10:	ESS: 150.5472
	From worker 10:	Nbr resample: 24841 
	From worker 5:	ESS: 158.0478
	From worker 5:	Nbr resample: 24841 
	From worker 7:	ESS: 156.5899
	From worker 7:	Nbr resample: 24841 
	From worker 8:	ESS: 156.7244
	From worker 8:	Nbr resample: 24841 
	From worker 6:	ESS: 159.2451
	From worker 6:	Nbr resample: 24841 
	From worker 4:	ESS: 163.5832
	From worker 4:	Nbr resample: 24841 
	From worker 3:	ESS: 156.5999
	From worker 3:	Nbr resample: 24841 
	From worker 6:	ESS: 145.4508
	From worker 6:	Nbr resample: 24841 
	From worker 8:	ESS: 155.5619
	From worker 8:	Nbr resample: 24841 
	From worker 3:	ESS: 154.0168
	From worker 3:	Nbr resample: 24841 
	From worker 5:	ESS: 155.3560
	From worker 5:	Nbr resample: 24841 
	From worker 10:	ESS: 157.9635
	From worker 10:	Nbr resample: 24841 
	From worker 11:	ESS: 158.2128
	From worker 11:	Nbr resample: 24841 
	From worker 7:	ESS: 156.3193
	From worker 7:	Nbr resample: 24841 
	From worker 4:	ESS: 154.8967
	From worker 4:	Nbr resample: 24841 
	From worker 9:	ESS: 155.6628
	From worker 9:	Nbr resample: 24841 
	From worker 2:	ESS: 152.9646
	From worker 2:	Nbr resample: 24841 
Percentage done: 8.00 % 
Acceptance rate on iteration 1501 to 1600 is 0.2323
Covariance:
[0.00270118 -0.00060349 -0.000642654 -0.0018056 -0.000873643 0.000493167 0.0016847; -0.00060349 0.0001993 0.000215691 0.000935137 9.87788e-5 1.18217e-5 -0.00040507; -0.000642654 0.000215691 0.00716709 -0.00173626 -0.00732619 0.00076268 -0.000208692; -0.0018056 0.000935137 -0.00173626 0.0130387 0.0024424 0.00276228 -0.00178532; -0.000873643 9.87788e-5 -0.00732619 0.0024424 0.00894155 -0.00172472 -0.000618557; 0.000493167 1.18217e-5 0.00076268 0.00276228 -0.00172472 0.00252052 -0.000387212; 0.0016847 -0.00040507 -0.000208692 -0.00178532 -0.000618557 -0.000387212 0.00147297]
Loglik: -141694.3823 
Loglik values on different cores:
[-1.41767e5,-1.41689e5,-1.41741e5,-1.41735e5,-1.4173e5,-1.41722e5,-1.41696e5,-1.41742e5,-1.4171e5,-1.41735e5]
	From worker 5:	ESS: 153.0090
	From worker 5:	Nbr resample: 24841 
	From worker 11:	ESS: 148.7566
	From worker 11:	Nbr resample: 24841 
	From worker 9:	ESS: 150.4822
	From worker 9:	Nbr resample: 24841 
	From worker 10:	ESS: 155.5597
	From worker 10:	Nbr resample: 24841 
	From worker 6:	ESS: 147.8428
	From worker 6:	Nbr resample: 24841 
	From worker 7:	ESS: 147.8364
	From worker 7:	Nbr resample: 24841 
	From worker 8:	ESS: 139.6081
	From worker 8:	Nbr resample: 24841 
	From worker 4:	ESS: 142.5211
	From worker 4:	Nbr resample: 24841 
	From worker 3:	ESS: 144.5277
	From worker 3:	Nbr resample: 24841 
	From worker 2:	ESS: 147.3104
	From worker 2:	Nbr resample: 24841 
	From worker 6:	ESS: 144.0850
	From worker 6:	Nbr resample: 24841 
	From worker 8:	ESS: 141.2155
	From worker 8:	Nbr resample: 24841 
	From worker 3:	ESS: 150.9925
	From worker 3:	Nbr resample: 24841 
	From worker 10:	ESS: 146.8932
	From worker 10:	Nbr resample: 24841 
	From worker 2:	ESS: 141.0196
	From worker 2:	Nbr resample: 24841 
	From worker 5:	ESS: 148.6610
	From worker 5:	Nbr resample: 24841 
	From worker 11:	ESS: 148.7564
	From worker 11:	Nbr resample: 24841 
	From worker 7:	ESS: 145.0708
	From worker 7:	Nbr resample: 24841 
	From worker 9:	ESS: 143.9296
	From worker 9:	Nbr resample: 24841 
	From worker 4:	ESS: 140.3367
	From worker 4:	Nbr resample: 24841 
Percentage done: 8.50 % 
Acceptance rate on iteration 1601 to 1700 is 0.3131
Covariance:
[0.00462562 -0.00111861 -0.000186936 -0.00189597 -0.00223502 0.00170267 0.00270269; -0.00111861 0.000337908 7.75714e-5 0.00103777 0.000488974 -0.000322408 -0.000712082; -0.000186936 7.75714e-5 0.00635938 -0.00130845 -0.00684129 0.00129504 8.34538e-6; -0.00189597 0.00103777 -0.00130845 0.0151841 0.0016243 0.00381068 -0.00241281; -0.00223502 0.000488974 -0.00684129 0.0016243 0.00928178 -0.00321707 -0.00129138; 0.00170267 -0.000322408 0.00129504 0.00381068 -0.00321707 0.00430388 0.00019043; 0.00270269 -0.000712082 8.34538e-6 -0.00241281 -0.00129138 0.00019043 0.00211099]
Loglik: -141616.3348 
Loglik values on different cores:
[-1.41644e5,-1.41643e5,-1.4163e5,-1.41635e5,-1.41648e5,-1.41682e5,-1.41627e5,-1.41683e5,-1.41679e5,-1.41667e5]
	From worker 8:	ESS: 149.8535
	From worker 8:	Nbr resample: 24841 
	From worker 3:	ESS: 152.2135
	From worker 3:	Nbr resample: 24841 
	From worker 5:	ESS: 146.6857
	From worker 5:	Nbr resample: 24841 
	From worker 10:	ESS: 149.7278
	From worker 10:	Nbr resample: 24841 
	From worker 11:	ESS: 152.3956
	From worker 11:	Nbr resample: 24841 
	From worker 7:	ESS: 141.8433
	From worker 7:	Nbr resample: 24841 
	From worker 4:	ESS: 155.9577
	From worker 4:	Nbr resample: 24841 
	From worker 6:	ESS: 151.0718
	From worker 6:	Nbr resample: 24841 
	From worker 2:	ESS: 144.6353
	From worker 2:	Nbr resample: 24841 
	From worker 9:	ESS: 144.2990
	From worker 9:	Nbr resample: 24841 
	From worker 10:	ESS: 153.5539
	From worker 10:	Nbr resample: 24841 
	From worker 11:	ESS: 155.2156
	From worker 11:	Nbr resample: 24841 
	From worker 6:	ESS: 149.7806
	From worker 6:	Nbr resample: 24841 
	From worker 2:	ESS: 151.0164
	From worker 2:	Nbr resample: 24841 
	From worker 5:	ESS: 153.0374
	From worker 5:	Nbr resample: 24841 
	From worker 9:	ESS: 158.8603
	From worker 9:	Nbr resample: 24841 
	From worker 7:	ESS: 152.9094
	From worker 7:	Nbr resample: 24841 
	From worker 3:	ESS: 155.9745
	From worker 3:	Nbr resample: 24841 
	From worker 8:	ESS: 153.7414
	From worker 8:	Nbr resample: 24841 
	From worker 4:	ESS: 153.2676
	From worker 4:	Nbr resample: 24841 
Percentage done: 9.00 % 
Acceptance rate on iteration 1701 to 1800 is 0.3333
Covariance:
[0.00482706 -0.0011802 -0.000284956 -8.91659e-6 -0.00242068 0.00222818 0.00268954; -0.0011802 0.000422301 9.97047e-5 0.00158216 0.000600534 -0.000438107 -0.000798857; -0.000284956 9.97047e-5 0.00568981 -0.00119957 -0.00601059 0.00109365 -5.33418e-5; -8.91659e-6 0.00158216 -0.00119957 0.0340063 0.000886897 0.00588633 -0.00283788; -0.00242068 0.000600534 -0.00601059 0.000886897 0.00858345 -0.00338696 -0.00136553; 0.00222818 -0.000438107 0.00109365 0.00588633 -0.00338696 0.00474357 0.000376816; 0.00268954 -0.000798857 -5.33418e-5 -0.00283788 -0.00136553 0.000376816 0.00211095]
Loglik: -141573.2429 
Loglik values on different cores:
[-1.41651e5,-1.41652e5,-1.41673e5,-1.41655e5,-141674.0,-1.4166e5,-1.41664e5,-1.41634e5,-1.4162e5,-1.41646e5]
	From worker 5:	ESS: 160.8447
	From worker 5:	Nbr resample: 24841 
	From worker 10:	ESS: 160.8572
	From worker 10:	Nbr resample: 24841 
	From worker 11:	ESS: 160.3112
	From worker 11:	Nbr resample: 24841 
	From worker 8:	ESS: 165.9781
	From worker 8:	Nbr resample: 24841 
	From worker 6:	ESS: 159.5175
	From worker 6:	Nbr resample: 24841 
	From worker 9:	ESS: 166.8624
	From worker 9:	Nbr resample: 24841 
	From worker 2:	ESS: 160.3009
	From worker 2:	Nbr resample: 24841 
	From worker 7:	ESS: 166.6279
	From worker 7:	Nbr resample: 24841 
	From worker 3:	ESS: 164.1183
	From worker 3:	Nbr resample: 24841 
	From worker 4:	ESS: 162.6951
	From worker 4:	Nbr resample: 24841 
	From worker 3:	ESS: 165.5644
	From worker 3:	Nbr resample: 24841 
	From worker 6:	ESS: 158.6292
	From worker 6:	Nbr resample: 24841 
	From worker 5:	ESS: 159.0912
	From worker 5:	Nbr resample: 24841 
	From worker 10:	ESS: 162.3025
	From worker 10:	Nbr resample: 24841 
