run Normal prior model
#####################################################################
Starting MCMC with adaptive RW estimating 7 parameters
Algorithm: MCWM
Adaptation algorithm: AMUpdate_gen
Prior distribution: Normal
Particel filter: parallel_bootstrap, on 10 cores
Iteration: 1
Covariance:
[0.142857 0.0 0.0 0.0 0.0 0.0 0.0; 0.0 0.142857 0.0 0.0 0.0 0.0 0.0; 0.0 0.0 0.142857 0.0 0.0 0.0 0.0; 0.0 0.0 0.0 0.142857 0.0 0.0 0.0; 0.0 0.0 0.0 0.0 0.142857 0.0 0.0; 0.0 0.0 0.0 0.0 0.0 0.142857 0.0; 0.0 0.0 0.0 0.0 0.0 0.0 0.142857]
	From worker 2:	ESS: 191.3427
	From worker 2:	Nbr resample: 24841 
	From worker 8:	ESS: 187.6803
	From worker 8:	Nbr resample: 24841 
	From worker 9:	ESS: 188.7579
	From worker 9:	Nbr resample: 24841 
	From worker 10:	ESS: 187.6906
	From worker 5:	ESS: 190.6258
	From worker 10:	Nbr resample: 24841 
	From worker 5:	Nbr resample: 24841 
	From worker 7:	ESS: 189.8255
	From worker 7:	Nbr resample: 24841 
	From worker 11:	ESS: 189.1832
	From worker 11:	Nbr resample: 24841 
	From worker 3:	ESS: 189.4255
	From worker 3:	Nbr resample: 24841 
	From worker 4:	ESS: 189.2188
	From worker 4:	Nbr resample: 24841 
	From worker 6:	ESS: 188.8294
	From worker 6:	Nbr resample: 24841 
Loglik: -161231.0372 
Percentage done: 0.50 % 
Acceptance rate on iteration 1 to 100 is 0.1414
Covariance:
[0.00770018 -0.000314144 -0.000118387 0.00104165 0.000697359 -0.000285297 -0.000101624; -0.000314144 0.00717347 -7.6657e-5 -0.00105909 -0.000411804 0.000442836 0.000166013; -0.000118387 -7.6657e-5 0.00990237 0.00368702 -0.00314898 -0.00538913 -0.00312353; 0.00104165 -0.00105909 0.00368702 0.0159314 -0.00411062 -0.0082815 -0.00606358; 0.000697359 -0.000411804 -0.00314898 -0.00411062 0.010958 0.0058259 0.00419275; -0.000285297 0.000442836 -0.00538913 -0.0082815 0.0058259 0.0175384 0.007324; -0.000101624 0.000166013 -0.00312353 -0.00606358 0.00419275 0.007324 0.0124298]
Loglik: -141710.5102 
Loglik values on different cores:
[-1.41753e5,-1.41732e5,-1.41742e5,-1.41736e5,-141740.0,-1.41784e5,-1.41723e5,-1.41715e5,-1.4173e5,-141733.0]
	From worker 11:	ESS: 132.6480
	From worker 11:	Nbr resample: 24841 
	From worker 8:	ESS: 134.8532
	From worker 8:	Nbr resample: 24841 
	From worker 7:	ESS: 135.8783
	From worker 7:	Nbr resample: 24841 
	From worker 3:	ESS: 134.1927
	From worker 3:	Nbr resample: 24841 
	From worker 4:	ESS: 132.3905
	From worker 4:	Nbr resample: 24841 
	From worker 5:	ESS: 127.1296
	From worker 5:	Nbr resample: 24841 
	From worker 9:	ESS: 129.7435
	From worker 9:	Nbr resample: 24841 
	From worker 6:	ESS: 133.4819
	From worker 6:	Nbr resample: 24841 
	From worker 10:	ESS: 135.4163
	From worker 10:	Nbr resample: 24841 
	From worker 2:	ESS: 129.0106
	From worker 2:	Nbr resample: 24841 
	From worker 7:	ESS: 141.8055
	From worker 7:	Nbr resample: 24841 
	From worker 3:	ESS: 145.1835
	From worker 3:	Nbr resample: 24841 
	From worker 9:	ESS: 148.9473
	From worker 9:	Nbr resample: 24841 
	From worker 5:	ESS: 138.6577
	From worker 5:	Nbr resample: 24841 
	From worker 6:	ESS: 141.9882
	From worker 6:	Nbr resample: 24841 
	From worker 10:	ESS: 144.8727
	From worker 10:	Nbr resample: 24841 
	From worker 8:	ESS: 141.3704
	From worker 8:	Nbr resample: 24841 
	From worker 4:	ESS: 148.9654
	From worker 4:	Nbr resample: 24841 
	From worker 2:	ESS: 145.6951
	From worker 2:	Nbr resample: 24841 
	From worker 11:	ESS: 154.1889
	From worker 11:	Nbr resample: 24841 
Percentage done: 1.00 % 
Acceptance rate on iteration 101 to 200 is 0.2121
Covariance:
[0.00221165 -0.000183078 0.000376416 -5.2924e-6 0.000105946 -0.00134081 -0.000324065; -0.000183078 0.0015153 -0.000617551 0.000499077 -0.000472991 -0.00031358 -0.000770587; 0.000376416 -0.000617551 0.00405676 -0.00134019 0.000357424 0.000170799 0.00198312; -5.2924e-6 0.000499077 -0.00134019 0.00736235 -0.00333873 -0.0041613 -0.00472678; 0.000105946 -0.000472991 0.000357424 -0.00333873 0.00390334 0.00315819 0.0028532; -0.00134081 -0.00031358 0.000170799 -0.0041613 0.00315819 0.00910636 0.00513883; -0.000324065 -0.000770587 0.00198312 -0.00472678 0.0028532 0.00513883 0.00691904]
Loglik: -141652.7817 
Loglik values on different cores:
[-1.41737e5,-1.41699e5,-141701.0,-1.41693e5,-1.41693e5,-1.41675e5,-1.41703e5,-1.41691e5,-1.41737e5,-141740.0]
	From worker 8:	ESS: 137.9138
	From worker 8:	Nbr resample: 24841 
	From worker 5:	ESS: 148.6256
	From worker 5:	Nbr resample: 24841 
	From worker 11:	ESS: 144.0572
	From worker 11:	Nbr resample: 24841 
	From worker 9:	ESS: 143.9490
	From worker 9:	Nbr resample: 24841 
	From worker 4:	ESS: 135.1954
	From worker 4:	Nbr resample: 24841 
	From worker 10:	ESS: 142.9731
	From worker 10:	Nbr resample: 24841 
	From worker 6:	ESS: 143.1988
	From worker 6:	Nbr resample: 24841 
	From worker 7:	ESS: 148.0204
	From worker 7:	Nbr resample: 24841 
	From worker 3:	ESS: 144.9712
	From worker 3:	Nbr resample: 24841 
	From worker 2:	ESS: 133.0239
	From worker 2:	Nbr resample: 24841 
	From worker 3:	ESS: 148.8921
	From worker 3:	Nbr resample: 24841 
	From worker 7:	ESS: 149.1913
	From worker 7:	Nbr resample: 24841 
	From worker 8:	ESS: 147.5627
	From worker 8:	Nbr resample: 24841 
	From worker 4:	ESS: 149.8906
	From worker 4:	Nbr resample: 24841 
	From worker 11:	ESS: 156.5919
	From worker 11:	Nbr resample: 24841 
	From worker 9:	ESS: 145.8812
	From worker 9:	Nbr resample: 24841 
	From worker 5:	ESS: 154.5672
	From worker 5:	Nbr resample: 24841 
	From worker 6:	ESS: 142.1878
	From worker 6:	Nbr resample: 24841 
	From worker 10:	ESS: 149.9703
	From worker 10:	Nbr resample: 24841 
	From worker 2:	ESS: 140.1556
	From worker 2:	Nbr resample: 24841 
Percentage done: 1.50 % 
Acceptance rate on iteration 201 to 300 is 0.2626
Covariance:
[0.00100153 -0.000105207 0.000230624 -3.29099e-5 0.00017223 -0.000593726 -8.44143e-5; -0.000105207 0.000646354 -0.000131923 0.000336116 -0.000363268 -0.000221077 -0.000447993; 0.000230624 -0.000131923 0.00268911 0.00018516 -0.000994559 -0.000923419 9.78607e-5; -3.29099e-5 0.000336116 0.00018516 0.00408887 -0.00258586 -0.00250151 -0.00260693; 0.00017223 -0.000363268 -0.000994559 -0.00258586 0.00362161 0.00238786 0.00202066; -0.000593726 -0.000221077 -0.000923419 -0.00250151 0.00238786 0.00495775 0.00275306; -8.44143e-5 -0.000447993 9.78607e-5 -0.00260693 0.00202066 0.00275306 0.00341121]
Loglik: -141678.5888 
Loglik values on different cores:
[-1.41723e5,-141706.0,-1.41686e5,-1.41714e5,-1.4171e5,-1.41705e5,-1.41699e5,-1.41673e5,-1.41692e5,-1.41689e5]
	From worker 7:	ESS: 147.3611
	From worker 7:	Nbr resample: 24841 
	From worker 4:	ESS: 152.2708
	From worker 4:	Nbr resample: 24841 
	From worker 8:	ESS: 149.9190
	From worker 8:	Nbr resample: 24841 
	From worker 11:	ESS: 149.0659
	From worker 11:	Nbr resample: 24841 
	From worker 5:	ESS: 142.6847
	From worker 5:	Nbr resample: 24841 
	From worker 9:	ESS: 141.4087
	From worker 9:	Nbr resample: 24841 
	From worker 3:	ESS: 147.7389
	From worker 3:	Nbr resample: 24841 
	From worker 6:	ESS: 149.2285
	From worker 6:	Nbr resample: 24841 
	From worker 10:	ESS: 156.1363
	From worker 10:	Nbr resample: 24841 
	From worker 2:	ESS: 154.4992
	From worker 2:	Nbr resample: 24841 
	From worker 3:	ESS: 153.1975
	From worker 3:	Nbr resample: 24841 
	From worker 7:	ESS: 146.4491
	From worker 7:	Nbr resample: 24841 
	From worker 8:	ESS: 150.3680
	From worker 8:	Nbr resample: 24841 
	From worker 4:	ESS: 153.3608
	From worker 4:	Nbr resample: 24841 
	From worker 11:	ESS: 143.4467
	From worker 11:	Nbr resample: 24841 
	From worker 5:	ESS: 156.8856
	From worker 5:	Nbr resample: 24841 
	From worker 9:	ESS: 147.9419
	From worker 9:	Nbr resample: 24841 
	From worker 6:	ESS: 142.6249
	From worker 6:	Nbr resample: 24841 
	From worker 2:	ESS: 149.0104
	From worker 2:	Nbr resample: 24841 
	From worker 10:	ESS: 146.0996
	From worker 10:	Nbr resample: 24841 
Percentage done: 2.00 % 
Acceptance rate on iteration 301 to 400 is 0.3232
Covariance:
[0.000996775 -0.000304506 0.000481465 0.00181898 -0.000807638 3.84957e-5 0.000376071; -0.000304506 0.000534974 -0.000277912 -0.000983494 0.000353563 -0.000326709 -0.00047166; 0.000481465 -0.000277912 0.0033152 0.00539483 -0.00392009 0.000581671 0.000494118; 0.00181898 -0.000983494 0.00539483 0.0343088 -0.0180572 0.00389905 0.00173842; -0.000807638 0.000353563 -0.00392009 -0.0180572 0.0112165 -0.00161143 -0.000541119; 3.84957e-5 -0.000326709 0.000581671 0.00389905 -0.00161143 0.00382721 0.002179; 0.000376071 -0.00047166 0.000494118 0.00173842 -0.000541119 0.002179 0.00268804]
Loglik: -141645.8564 
Loglik values on different cores:
[-1.41666e5,-1.41663e5,-141682.0,-1.4167e5,-1.41682e5,-1.41691e5,-141656.0,-1.41668e5,-141673.0,-1.41686e5]
	From worker 3:	ESS: 165.6508
	From worker 3:	Nbr resample: 24841 
	From worker 4:	ESS: 170.6851
	From worker 4:	Nbr resample: 24841 
	From worker 11:	ESS: 169.5740
	From worker 11:	Nbr resample: 24841 
	From worker 9:	ESS: 167.3708
	From worker 9:	Nbr resample: 24841 
	From worker 10:	ESS: 173.3780
	From worker 10:	Nbr resample: 24841 
	From worker 5:	ESS: 163.2287
	From worker 5:	Nbr resample: 24841 
	From worker 7:	ESS: 169.9596
	From worker 7:	Nbr resample: 24841 
	From worker 8:	ESS: 172.6942
	From worker 8:	Nbr resample: 24841 
	From worker 2:	ESS: 168.8055
	From worker 2:	Nbr resample: 24841 
	From worker 6:	ESS: 170.6041
	From worker 6:	Nbr resample: 24841 
	From worker 7:	ESS: 155.5309
	From worker 7:	Nbr resample: 24841 
	From worker 8:	ESS: 162.8030
	From worker 8:	Nbr resample: 24841 
	From worker 5:	ESS: 161.9736
	From worker 5:	Nbr resample: 24841 
	From worker 6:	ESS: 162.8720
	From worker 6:	Nbr resample: 24841 
	From worker 2:	ESS: 159.9702
	From worker 2:	Nbr resample: 24841 
	From worker 3:	ESS: 166.2899
	From worker 3:	Nbr resample: 24841 
	From worker 4:	ESS: 160.8834
	From worker 4:	Nbr resample: 24841 
	From worker 11:	ESS: 164.3958
	From worker 11:	Nbr resample: 24841 
	From worker 10:	ESS: 160.7634
	From worker 10:	Nbr resample: 24841 
	From worker 9:	ESS: 158.4505
	From worker 9:	Nbr resample: 24841 
Percentage done: 2.50 % 
Acceptance rate on iteration 401 to 500 is 0.2727
Covariance:
[0.000793684 -0.000236565 0.00232004 0.0077838 -0.00522753 0.00263035 0.000983448; -0.000236565 0.000409428 -0.000532234 -0.00216207 0.00130649 -0.000735287 -0.000432266; 0.00232004 -0.000532234 0.0272325 0.0877525 -0.0618362 0.0328528 0.00930066; 0.0077838 -0.00216207 0.0877525 0.307648 -0.212226 0.113003 0.0312428; -0.00522753 0.00130649 -0.0618362 -0.212226 0.148184 -0.0784851 -0.0215768; 0.00263035 -0.000735287 0.0328528 0.113003 -0.0784851 0.0456217 0.0130023; 0.000983448 -0.000432266 0.00930066 0.0312428 -0.0215768 0.0130023 0.00501063]
Loglik: -141663.4704 
Loglik values on different cores:
[-1.41686e5,-141613.0,-1.41757e5,-1.41662e5,-141643.0,-1.41644e5,-1.41697e5,-1.41703e5,-1.41697e5,-1.41681e5]
	From worker 4:	ESS: 156.8708
	From worker 4:	Nbr resample: 24841 
	From worker 8:	ESS: 161.2339
	From worker 8:	Nbr resample: 24841 
	From worker 11:	ESS: 166.2673
	From worker 11:	Nbr resample: 24841 
	From worker 5:	ESS: 160.4015
	From worker 5:	Nbr resample: 24841 
	From worker 10:	ESS: 154.1412
	From worker 10:	Nbr resample: 24841 
	From worker 3:	ESS: 153.0511
	From worker 3:	Nbr resample: 24841 
	From worker 7:	ESS: 155.2959
	From worker 7:	Nbr resample: 24841 
	From worker 9:	ESS: 151.6446
	From worker 9:	Nbr resample: 24841 
	From worker 6:	ESS: 160.3191
	From worker 6:	Nbr resample: 24841 
	From worker 2:	ESS: 157.9655
	From worker 2:	Nbr resample: 24841 
	From worker 7:	ESS: 165.4213
	From worker 7:	Nbr resample: 24841 
	From worker 3:	ESS: 158.9780
	From worker 3:	Nbr resample: 24841 
	From worker 11:	ESS: 164.1506
	From worker 11:	Nbr resample: 24841 
	From worker 9:	ESS: 163.3406
	From worker 9:	Nbr resample: 24841 
	From worker 6:	ESS: 164.0569
	From worker 6:	Nbr resample: 24841 
	From worker 2:	ESS: 156.1053
	From worker 2:	Nbr resample: 24841 
	From worker 8:	ESS: 153.1252
	From worker 8:	Nbr resample: 24841 
	From worker 4:	ESS: 160.3248
	From worker 4:	Nbr resample: 24841 
	From worker 5:	ESS: 159.4655
	From worker 5:	Nbr resample: 24841 
	From worker 10:	ESS: 158.8867
	From worker 10:	Nbr resample: 24841 
Percentage done: 3.00 % 
Acceptance rate on iteration 501 to 600 is 0.2727
Covariance:
[0.00286054 -0.000768408 0.00527483 0.0211764 -0.01066 0.00636112 0.00235044; -0.000768408 0.000453846 -0.00134878 -0.00588592 0.00287132 -0.00176467 -0.000768606; 0.00527483 -0.00134878 0.02612 0.0933858 -0.057949 0.0323367 0.0101295; 0.0211764 -0.00588592 0.0933858 0.358632 -0.215288 0.120787 0.038075; -0.01066 0.00287132 -0.057949 -0.215288 0.13486 -0.0747186 -0.0228339; 0.00636112 -0.00176467 0.0323367 0.120787 -0.0747186 0.0452615 0.0142103; 0.00235044 -0.000768606 0.0101295 0.038075 -0.0228339 0.0142103 0.00548411]
Loglik: -141623.1625 
Loglik values on different cores:
[-1.41744e5,-1.41688e5,-1.41692e5,-1.41672e5,-1.4165e5,-1.41665e5,-1.41637e5,-1.41591e5,-1.41732e5,-1.41663e5]
	From worker 3:	ESS: 161.5514
	From worker 3:	Nbr resample: 24841 
	From worker 4:	ESS: 161.0292
	From worker 4:	Nbr resample: 24841 
	From worker 5:	ESS: 166.0621
	From worker 5:	Nbr resample: 24841 
	From worker 9:	ESS: 158.0281
	From worker 9:	Nbr resample: 24841 
	From worker 6:	ESS: 163.3176
	From worker 6:	Nbr resample: 24841 
	From worker 10:	ESS: 162.0283
	From worker 10:	Nbr resample: 24841 
	From worker 2:	ESS: 163.2326
	From worker 2:	Nbr resample: 24841 
	From worker 7:	ESS: 158.4850
	From worker 7:	Nbr resample: 24841 
	From worker 8:	ESS: 159.3832
	From worker 8:	Nbr resample: 24841 
	From worker 11:	ESS: 161.4010
	From worker 11:	Nbr resample: 24841 
	From worker 7:	ESS: 157.2761
	From worker 7:	Nbr resample: 24841 
	From worker 4:	ESS: 154.0800
	From worker 4:	Nbr resample: 24841 
	From worker 11:	ESS: 156.9206
	From worker 11:	Nbr resample: 24841 
	From worker 8:	ESS: 149.9929
	From worker 8:	Nbr resample: 24841 
	From worker 5:	ESS: 162.1314
	From worker 5:	Nbr resample: 24841 
	From worker 6:	ESS: 159.2735
	From worker 6:	Nbr resample: 24841 
	From worker 2:	ESS: 161.1001
	From worker 2:	Nbr resample: 24841 
	From worker 10:	ESS: 155.6004
	From worker 10:	Nbr resample: 24841 
	From worker 3:	ESS: 160.7023
	From worker 3:	Nbr resample: 24841 
	From worker 9:	ESS: 155.7896
	From worker 9:	Nbr resample: 24841 
Percentage done: 3.50 % 
Acceptance rate on iteration 601 to 700 is 0.2222
Covariance:
[0.00208567 -0.000547749 0.00327201 0.0137671 -0.00644002 0.00409133 0.00184479; -0.000547749 0.000379055 -0.000746394 -0.0031615 0.00158666 -0.000931468 -0.000705799; 0.00327201 -0.000746394 0.0183742 0.0694376 -0.04301 0.023616 0.00585493; 0.0137671 -0.0031615 0.0694376 0.290317 -0.171747 0.0950774 0.0183864; -0.00644002 0.00158666 -0.04301 -0.171747 0.107489 -0.0577316 -0.0114608; 0.00409133 -0.000931468 0.023616 0.0950774 -0.0577316 0.0345584 0.00787648; 0.00184479 -0.000705799 0.00585493 0.0183864 -0.0114608 0.00787648 0.00664402]
Loglik: -141626.0284 
Loglik values on different cores:
[-1.41662e5,-1.41624e5,-141651.0,-1.41612e5,-1.41648e5,-1.41662e5,-141648.0,-1.41635e5,-1.4167e5,-141641.0]
	From worker 7:	ESS: 149.2748
	From worker 7:	Nbr resample: 24841 
	From worker 3:	ESS: 154.8889
	From worker 3:	Nbr resample: 24841 
	From worker 11:	ESS: 157.7594
	From worker 11:	Nbr resample: 24841 
	From worker 5:	ESS: 152.6055
	From worker 5:	Nbr resample: 24841 
	From worker 9:	ESS: 158.0515
	From worker 9:	Nbr resample: 24841 
	From worker 6:	ESS: 159.3240
	From worker 6:	Nbr resample: 24841 
	From worker 10:	ESS: 151.7486
	From worker 10:	Nbr resample: 24841 
	From worker 2:	ESS: 153.7568
	From worker 2:	Nbr resample: 24841 
	From worker 4:	ESS: 156.7932
	From worker 4:	Nbr resample: 24841 
	From worker 8:	ESS: 162.4306
	From worker 8:	Nbr resample: 24841 
	From worker 3:	ESS: 156.3424
	From worker 3:	Nbr resample: 24841 
	From worker 4:	ESS: 153.8045
	From worker 4:	Nbr resample: 24841 
	From worker 8:	ESS: 163.2312
	From worker 8:	Nbr resample: 24841 
	From worker 5:	ESS: 154.4771
	From worker 5:	Nbr resample: 24841 
	From worker 9:	ESS: 154.8085
	From worker 9:	Nbr resample: 24841 
	From worker 6:	ESS: 150.8138
	From worker 6:	Nbr resample: 24841 
	From worker 10:	ESS: 158.2137
	From worker 10:	Nbr resample: 24841 
	From worker 2:	ESS: 161.7041
	From worker 2:	Nbr resample: 24841 
	From worker 7:	ESS: 159.1193
	From worker 7:	Nbr resample: 24841 
	From worker 11:	ESS: 156.8287
	From worker 11:	Nbr resample: 24841 
Percentage done: 4.00 % 
Acceptance rate on iteration 701 to 800 is 0.1717
Covariance:
[0.00280992 -0.000616003 0.00132782 0.00865302 -0.00167603 0.00146513 0.00178633; -0.000616003 0.000322363 -0.000417283 -0.00218654 0.000798948 -0.000469923 -0.000643512; 0.00132782 -0.000417283 0.0138181 0.0471716 -0.0323623 0.0162432 0.00333567; 0.00865302 -0.00218654 0.0471716 0.193436 -0.117263 0.0631852 0.011476; -0.00167603 0.000798948 -0.0323623 -0.117263 0.0811996 -0.0402396 -0.006049; 0.00146513 -0.000469923 0.0162432 0.0631852 -0.0402396 0.0250145 0.00504148; 0.00178633 -0.000643512 0.00333567 0.011476 -0.006049 0.00504148 0.0051498]
Loglik: -141592.9812 
Loglik values on different cores:
[-1.41648e5,-1.4164e5,-1.41598e5,-1.41682e5,-1.41644e5,-1.41654e5,-1.41642e5,-1.41625e5,-1.41642e5,-1.41636e5]
	From worker 3:	ESS: 152.0438
	From worker 3:	Nbr resample: 24841 
	From worker 5:	ESS: 154.3335
	From worker 5:	Nbr resample: 24841 
	From worker 9:	ESS: 149.4127
	From worker 9:	Nbr resample: 24841 
	From worker 6:	ESS: 157.9147
	From worker 6:	Nbr resample: 24841 
	From worker 10:	ESS: 160.0103
	From worker 10:	Nbr resample: 24841 
	From worker 2:	ESS: 156.7982
	From worker 2:	Nbr resample: 24841 
	From worker 4:	ESS: 159.9725
	From worker 4:	Nbr resample: 24841 
	From worker 7:	ESS: 157.6709
	From worker 7:	Nbr resample: 24841 
	From worker 8:	ESS: 150.6883
	From worker 8:	Nbr resample: 24841 
	From worker 11:	ESS: 157.8054
	From worker 11:	Nbr resample: 24841 
	From worker 7:	ESS: 153.6946
	From worker 7:	Nbr resample: 24841 
	From worker 8:	ESS: 159.9024
	From worker 8:	Nbr resample: 24841 
	From worker 4:	ESS: 158.2918
	From worker 4:	Nbr resample: 24841 
	From worker 11:	ESS: 160.7035
	From worker 11:	Nbr resample: 24841 
	From worker 9:	ESS: 152.4330
	From worker 9:	Nbr resample: 24841 
	From worker 5:	ESS: 158.6675
	From worker 5:	Nbr resample: 24841 
	From worker 6:	ESS: 158.0325
	From worker 6:	Nbr resample: 24841 
	From worker 2:	ESS: 163.7596
	From worker 2:	Nbr resample: 24841 
	From worker 10:	ESS: 158.7352
	From worker 10:	Nbr resample: 24841 
	From worker 3:	ESS: 155.0845
	From worker 3:	Nbr resample: 24841 
Percentage done: 4.50 % 
Acceptance rate on iteration 801 to 900 is 0.1515
Covariance:
[0.00235608 -0.000494432 0.00152927 0.00740309 -0.00174919 0.000701216 0.000643141; -0.000494432 0.000262415 -0.000289515 -0.00134435 0.00032238 -0.000259244 -0.000478679; 0.00152927 -0.000289515 0.0107148 0.0348394 -0.0235336 0.010576 0.000761361; 0.00740309 -0.00134435 0.0348394 0.144946 -0.0860869 0.0444232 0.00341554; -0.00174919 0.00032238 -0.0235336 -0.0860869 0.0586406 -0.0276598 -0.00138186; 0.000701216 -0.000259244 0.010576 0.0444232 -0.0276598 0.0193897 0.00386005; 0.000643141 -0.000478679 0.000761361 0.00341554 -0.00138186 0.00386005 0.00510305]
Loglik: -141560.9018 
Loglik values on different cores:
[-1.41638e5,-1.41609e5,-1.41616e5,-1.41667e5,-1.41604e5,-141620.0,-141619.0,-141559.0,-1.41643e5,-1.41608e5]
	From worker 3:	ESS: 152.1634
	From worker 3:	Nbr resample: 24841 
	From worker 4:	ESS: 145.6553
	From worker 4:	Nbr resample: 24841 
	From worker 8:	ESS: 151.7099
	From worker 8:	Nbr resample: 24841 
	From worker 11:	ESS: 150.6208
	From worker 11:	Nbr resample: 24841 
	From worker 5:	ESS: 150.5870
	From worker 5:	Nbr resample: 24841 
	From worker 9:	ESS: 144.2858
	From worker 9:	Nbr resample: 24841 
	From worker 7:	ESS: 148.5318
	From worker 7:	Nbr resample: 24841 
	From worker 6:	ESS: 149.3696
	From worker 6:	Nbr resample: 24841 
	From worker 10:	ESS: 149.0689
	From worker 10:	Nbr resample: 24841 
	From worker 2:	ESS: 147.0662
	From worker 2:	Nbr resample: 24841 
	From worker 10:	ESS: 157.0265
	From worker 10:	Nbr resample: 24841 
	From worker 2:	ESS: 157.3005
	From worker 2:	Nbr resample: 24841 
	From worker 3:	ESS: 156.5119
	From worker 3:	Nbr resample: 24841 
	From worker 7:	ESS: 153.6610
	From worker 7:	Nbr resample: 24841 
	From worker 4:	ESS: 159.5268
	From worker 4:	Nbr resample: 24841 
	From worker 8:	ESS: 163.7228
	From worker 8:	Nbr resample: 24841 
	From worker 11:	ESS: 160.3525
	From worker 11:	Nbr resample: 24841 
	From worker 5:	ESS: 156.7511
	From worker 5:	Nbr resample: 24841 
	From worker 9:	ESS: 164.9472
	From worker 9:	Nbr resample: 24841 
	From worker 6:	ESS: 159.7947
	From worker 6:	Nbr resample: 24841 
Percentage done: 5.00 % 
Acceptance rate on iteration 901 to 1000 is 0.1010
Covariance:
[0.00187808 -0.000456954 0.00146976 0.00743518 -0.00194532 0.000895934 0.000589216; -0.000456954 0.000245028 -0.000338998 -0.00259395 0.000753793 -0.000558435 -0.000397012; 0.00146976 -0.000338998 0.00779613 0.0244519 -0.015773 0.00703971 0.000786689; 0.00743518 -0.00259395 0.0244519 0.139531 -0.0700773 0.0395427 0.00387763; -0.00194532 0.000753793 -0.015773 -0.0700773 0.042427 -0.0213371 -0.00146181; 0.000895934 -0.000558435 0.00703971 0.0395427 -0.0213371 0.0153301 0.00287319; 0.000589216 -0.000397012 0.000786689 0.00387763 -0.00146181 0.00287319 0.00341656]
Loglik: -141593.5393 
Loglik values on different cores:
[-141632.0,-1.41606e5,-1.41704e5,-1.41677e5,-1.41673e5,-1.41712e5,-1.41692e5,-1.41661e5,-141675.0,-1.41639e5]
	From worker 4:	ESS: 164.4957
	From worker 4:	Nbr resample: 24841 
	From worker 11:	ESS: 161.4778
	From worker 11:	Nbr resample: 24841 
	From worker 5:	ESS: 164.3751
	From worker 5:	Nbr resample: 24841 
	From worker 7:	ESS: 157.3326
	From worker 7:	Nbr resample: 24841 
	From worker 10:	ESS: 160.8257
	From worker 10:	Nbr resample: 24841 
	From worker 2:	ESS: 167.5271
	From worker 2:	Nbr resample: 24841 
	From worker 3:	ESS: 157.7958
	From worker 3:	Nbr resample: 24841 
	From worker 8:	ESS: 163.9646
	From worker 8:	Nbr resample: 24841 
	From worker 9:	ESS: 166.0078
	From worker 9:	Nbr resample: 24841 
	From worker 6:	ESS: 162.9775
	From worker 6:	Nbr resample: 24841 
	From worker 3:	ESS: 158.2133
	From worker 3:	Nbr resample: 24841 
	From worker 8:	ESS: 161.7565
	From worker 8:	Nbr resample: 24841 
	From worker 9:	ESS: 164.8552
	From worker 9:	Nbr resample: 24841 
	From worker 6:	ESS: 166.1420
	From worker 6:	Nbr resample: 24841 
	From worker 2:	ESS: 160.4918
	From worker 2:	Nbr resample: 24841 
	From worker 7:	ESS: 161.8556
	From worker 7:	Nbr resample: 24841 
	From worker 4:	ESS: 160.2092
	From worker 4:	Nbr resample: 24841 
	From worker 11:	ESS: 159.6211
	From worker 11:	Nbr resample: 24841 
	From worker 5:	ESS: 164.5661
	From worker 5:	Nbr resample: 24841 
	From worker 10:	ESS: 166.1316
	From worker 10:	Nbr resample: 24841 
Percentage done: 5.50 % 
Acceptance rate on iteration 1001 to 1100 is 0.1616
Covariance:
[0.00157674 -0.00041428 0.0011932 0.00605347 -0.00196755 0.00104801 0.000284738; -0.00041428 0.000261081 -0.00021403 -0.00377214 0.00128354 -0.00125959 -0.000455712; 0.0011932 -0.00021403 0.0058741 0.0153368 -0.0110114 0.00424542 4.60422e-6; 0.00605347 -0.00377214 0.0153368 0.1672 -0.0742171 0.0553363 0.00907606; -0.00196755 0.00128354 -0.0110114 -0.0742171 0.039964 -0.0250035 -0.0026292; 0.00104801 -0.00125959 0.00424542 0.0553363 -0.0250035 0.0221034 0.00470356; 0.000284738 -0.000455712 4.60422e-6 0.00907606 -0.0026292 0.00470356 0.0034891]
Loglik: -141593.3221 
Loglik values on different cores:
[-1.41615e5,-1.41652e5,-1.41616e5,-1.41613e5,-1.41631e5,-1.4161e5,-141625.0,-1.41612e5,-1.41629e5,-1.41633e5]
	From worker 7:	ESS: 155.7394
	From worker 7:	Nbr resample: 24841 
	From worker 8:	ESS: 146.4241
	From worker 8:	Nbr resample: 24841 
	From worker 9:	ESS: 154.4993
	From worker 9:	Nbr resample: 24841 
	From worker 5:	ESS: 149.4413
	From worker 5:	Nbr resample: 24841 
	From worker 10:	ESS: 142.6536
	From worker 10:	Nbr resample: 24841 
	From worker 2:	ESS: 150.2463
	From worker 2:	Nbr resample: 24841 
	From worker 3:	ESS: 145.9033
	From worker 3:	Nbr resample: 24841 
	From worker 4:	ESS: 147.7908
	From worker 4:	Nbr resample: 24841 
	From worker 11:	ESS: 158.4275
	From worker 11:	Nbr resample: 24841 
	From worker 6:	ESS: 144.4653
	From worker 6:	Nbr resample: 24841 
	From worker 3:	ESS: 158.4771
	From worker 3:	Nbr resample: 24841 
	From worker 4:	ESS: 158.8165
	From worker 4:	Nbr resample: 24841 
	From worker 11:	ESS: 158.1768
	From worker 11:	Nbr resample: 24841 
	From worker 5:	ESS: 162.4610
	From worker 5:	Nbr resample: 24841 
	From worker 6:	ESS: 161.0929
	From worker 6:	Nbr resample: 24841 
	From worker 10:	ESS: 157.7662
	From worker 10:	Nbr resample: 24841 
	From worker 2:	ESS: 164.7486
	From worker 2:	Nbr resample: 24841 
	From worker 7:	ESS: 157.3049
	From worker 7:	Nbr resample: 24841 
	From worker 9:	ESS: 149.7401
	From worker 9:	Nbr resample: 24841 
	From worker 8:	ESS: 154.9144
	From worker 8:	Nbr resample: 24841 
Percentage done: 6.00 % 
Acceptance rate on iteration 1101 to 1200 is 0.2424
Covariance:
[0.00205641 -0.000433017 0.00102936 0.0015135 0.000368803 -0.00132162 0.000166033; -0.000433017 0.000235326 -0.000152814 -0.00266968 0.000888091 -0.000781438 -0.000422779; 0.00102936 -0.000152814 0.0047999 0.0112837 -0.00884617 0.00314994 -0.000230582; 0.0015135 -0.00266968 0.0112837 0.145557 -0.0674066 0.0534014 0.0076094; 0.000368803 0.000888091 -0.00884617 -0.0674066 0.0394602 -0.0264728 -0.00232163; -0.00132162 -0.000781438 0.00314994 0.0534014 -0.0264728 0.0242739 0.00404458; 0.000166033 -0.000422779 -0.000230582 0.0076094 -0.00232163 0.00404458 0.00325271]
Loglik: -141600.5650 
Loglik values on different cores:
[-1.41651e5,-1.41622e5,-1.41642e5,-1.41648e5,-1.41706e5,-1.41596e5,-1.4163e5,-141628.0,-1.41629e5,-1.4164e5]
	From worker 3:	ESS: 160.8370
	From worker 3:	Nbr resample: 24841 
	From worker 7:	ESS: 167.0178
	From worker 7:	Nbr resample: 24841 
	From worker 4:	ESS: 168.1424
	From worker 4:	Nbr resample: 24841 
	From worker 8:	ESS: 161.6214
	From worker 8:	Nbr resample: 24841 
	From worker 11:	ESS: 157.6169
	From worker 11:	Nbr resample: 24841 
	From worker 9:	ESS: 158.2733
	From worker 9:	Nbr resample: 24841 
	From worker 5:	ESS: 156.4928
	From worker 5:	Nbr resample: 24841 
	From worker 10:	ESS: 165.3313
	From worker 10:	Nbr resample: 24841 
	From worker 6:	ESS: 158.8761
	From worker 6:	Nbr resample: 24841 
	From worker 2:	ESS: 158.9322
	From worker 2:	Nbr resample: 24841 
	From worker 8:	ESS: 151.8562
	From worker 8:	Nbr resample: 24841 
	From worker 4:	ESS: 162.5003
	From worker 4:	Nbr resample: 24841 
	From worker 11:	ESS: 159.6528
	From worker 11:	Nbr resample: 24841 
	From worker 5:	ESS: 157.5527
	From worker 5:	Nbr resample: 24841 
	From worker 9:	ESS: 155.8543
	From worker 9:	Nbr resample: 24841 
	From worker 6:	ESS: 156.3474
	From worker 6:	Nbr resample: 24841 
	From worker 10:	ESS: 152.9338
	From worker 10:	Nbr resample: 24841 
	From worker 2:	ESS: 153.5687
	From worker 2:	Nbr resample: 24841 
	From worker 3:	ESS: 156.1912
	From worker 3:	Nbr resample: 24841 
	From worker 7:	ESS: 157.0823
	From worker 7:	Nbr resample: 24841 
Percentage done: 6.50 % 
Acceptance rate on iteration 1201 to 1300 is 0.1717
Covariance:
[0.00465954 -0.000957658 0.000132183 0.0109909 0.00324907 -0.00341483 0.000845726; -0.000957658 0.000328729 5.72113e-5 -0.00461774 0.000200421 -0.000222167 -0.000545491; 0.000132183 5.72113e-5 0.00392953 0.00412419 -0.00670113 0.00209323 -0.000541788; 0.0109909 -0.00461774 0.00412419 0.160122 -0.0449032 0.0379437 0.0102125; 0.00324907 0.000200421 -0.00670113 -0.0449032 0.0332125 -0.0232987 -0.00141717; -0.00341483 -0.000222167 0.00209323 0.0379437 -0.0232987 0.0220735 0.00292181; 0.000845726 -0.000545491 -0.000541788 0.0102125 -0.00141717 0.00292181 0.00296463]
Loglik: -141636.8015 
Loglik values on different cores:
[-1.41662e5,-1.41632e5,-1.41665e5,-1.41653e5,-1.41653e5,-1.41634e5,-1.41651e5,-1.41681e5,-1.41649e5,-1.41622e5]
	From worker 3:	ESS: 166.0476
	From worker 3:	Nbr resample: 24841 
	From worker 4:	ESS: 155.3351
	From worker 4:	Nbr resample: 24841 
	From worker 8:	ESS: 163.2059
	From worker 8:	Nbr resample: 24841 
	From worker 11:	ESS: 159.5226
	From worker 11:	Nbr resample: 24841 
	From worker 9:	ESS: 158.9614
	From worker 9:	Nbr resample: 24841 
	From worker 5:	ESS: 160.8548
	From worker 5:	Nbr resample: 24841 
	From worker 10:	ESS: 170.1271
	From worker 10:	Nbr resample: 24841 
	From worker 7:	ESS: 161.3392
	From worker 7:	Nbr resample: 24841 
	From worker 2:	ESS: 163.0981
	From worker 2:	Nbr resample: 24841 
	From worker 6:	ESS: 168.1317
	From worker 6:	Nbr resample: 24841 
	From worker 4:	ESS: 159.6129
	From worker 4:	Nbr resample: 24841 
	From worker 6:	ESS: 155.6083
	From worker 6:	Nbr resample: 24841 
	From worker 7:	ESS: 152.7228
	From worker 7:	Nbr resample: 24841 
	From worker 8:	ESS: 162.6149
	From worker 8:	Nbr resample: 24841 
	From worker 5:	ESS: 160.7181
	From worker 5:	Nbr resample: 24841 
	From worker 3:	ESS: 166.7624
	From worker 3:	Nbr resample: 24841 
	From worker 11:	ESS: 159.6987
	From worker 11:	Nbr resample: 24841 
	From worker 2:	ESS: 162.5790
	From worker 2:	Nbr resample: 24841 
	From worker 9:	ESS: 156.3741
	From worker 9:	Nbr resample: 24841 
	From worker 10:	ESS: 155.6495
	From worker 10:	Nbr resample: 24841 
Percentage done: 7.00 % 
Acceptance rate on iteration 1301 to 1400 is 0.2828
Covariance:
[0.00529469 -0.00110852 0.000687056 0.0105449 0.00395509 -0.00352965 0.00173638; -0.00110852 0.000359446 -3.66991e-5 -0.00408786 0.000130414 -0.000106424 -0.000694566; 0.000687056 -3.66991e-5 0.00431666 0.0060928 -0.00485805 0.0018587 -9.64929e-6; 0.0105449 -0.00408786 0.0060928 0.206578 -0.0410683 0.0476489 0.0122361; 0.00395509 0.000130414 -0.00485805 -0.0410683 0.0354324 -0.0238019 -0.00133605; -0.00352965 -0.000106424 0.0018587 0.0476489 -0.0238019 0.0237106 0.00293725; 0.00173638 -0.000694566 -9.64929e-6 0.0122361 -0.00133605 0.00293725 0.0034911]
Loglik: -141611.9074 
Loglik values on different cores:
[-1.4164e5,-1.4163e5,-1.41634e5,-1.41616e5,-141620.0,-141663.0,-1.4166e5,-141627.0,-1.41622e5,-1.41611e5]
	From worker 3:	ESS: 151.7537
	From worker 3:	Nbr resample: 24841 
	From worker 7:	ESS: 145.8125
	From worker 7:	Nbr resample: 24841 
	From worker 4:	ESS: 150.9104
	From worker 4:	Nbr resample: 24841 
	From worker 8:	ESS: 151.0184
	From worker 8:	Nbr resample: 24841 
	From worker 5:	ESS: 149.8568
	From worker 5:	Nbr resample: 24841 
	From worker 10:	ESS: 153.6284
	From worker 10:	Nbr resample: 24841 
	From worker 2:	ESS: 155.0892
	From worker 2:	Nbr resample: 24841 
	From worker 11:	ESS: 150.5960
	From worker 11:	Nbr resample: 24841 
	From worker 9:	ESS: 151.1773
	From worker 9:	Nbr resample: 24841 
	From worker 6:	ESS: 148.9043
	From worker 6:	Nbr resample: 24841 
	From worker 4:	ESS: 151.3993
	From worker 4:	Nbr resample: 24841 
	From worker 11:	ESS: 148.8069
	From worker 11:	Nbr resample: 24841 
	From worker 9:	ESS: 151.1892
	From worker 9:	Nbr resample: 24841 
	From worker 6:	ESS: 155.2031
	From worker 6:	Nbr resample: 24841 
	From worker 2:	ESS: 150.4304
	From worker 2:	Nbr resample: 24841 
	From worker 7:	ESS: 144.5265
	From worker 7:	Nbr resample: 24841 
	From worker 3:	ESS: 150.5429
	From worker 3:	Nbr resample: 24841 
	From worker 8:	ESS: 151.9369
	From worker 8:	Nbr resample: 24841 
	From worker 10:	ESS: 150.0398
	From worker 10:	Nbr resample: 24841 
	From worker 5:	ESS: 142.2396
	From worker 5:	Nbr resample: 24841 
Percentage done: 7.50 % 
Acceptance rate on iteration 1401 to 1500 is 0.1717
Covariance:
[0.00508785 -0.00105952 0.000522123 0.0146472 0.00284149 -0.00290228 0.00138785; -0.00105952 0.00035035 -2.37591e-5 -0.0043688 0.000442278 -0.00025031 -0.000602595; 0.000522123 -2.37591e-5 0.00348588 0.00376727 -0.00325981 0.00134254 1.49621e-5; 0.0146472 -0.0043688 0.00376727 0.250965 -0.0398281 0.0426303 0.00856346; 0.00284149 0.000442278 -0.00325981 -0.0398281 0.0318011 -0.0212348 -0.00148338; -0.00290228 -0.00025031 0.00134254 0.0426303 -0.0212348 0.0211169 0.00260895; 0.00138785 -0.000602595 1.49621e-5 0.00856346 -0.00148338 0.00260895 0.00291775]
Loglik: -141680.9196 
Loglik values on different cores:
[-1.41689e5,-1.41698e5,-141717.0,-1.41736e5,-141686.0,-1.41682e5,-1.41729e5,-1.41736e5,-1.4169e5,-1.41725e5]
	From worker 7:	ESS: 167.4019
	From worker 7:	Nbr resample: 24841 
	From worker 4:	ESS: 155.1383
	From worker 4:	Nbr resample: 24841 
	From worker 10:	ESS: 166.5454
	From worker 10:	Nbr resample: 24841 
	From worker 2:	ESS: 151.6980
	From worker 2:	Nbr resample: 24841 
	From worker 3:	ESS: 156.7170
	From worker 3:	Nbr resample: 24841 
	From worker 9:	ESS: 158.6971
	From worker 9:	Nbr resample: 24841 
	From worker 8:	ESS: 159.9358
	From worker 8:	Nbr resample: 24841 
	From worker 5:	ESS: 162.7756
	From worker 5:	Nbr resample: 24841 
	From worker 11:	ESS: 161.0965
	From worker 11:	Nbr resample: 24841 
	From worker 6:	ESS: 163.5020
	From worker 6:	Nbr resample: 24841 
	From worker 3:	ESS: 158.8792
	From worker 3:	Nbr resample: 24841 
	From worker 11:	ESS: 159.1635
	From worker 11:	Nbr resample: 24841 
	From worker 8:	ESS: 164.8869
	From worker 8:	Nbr resample: 24841 
	From worker 9:	ESS: 158.9279
	From worker 9:	Nbr resample: 24841 
	From worker 6:	ESS: 156.4102
	From worker 6:	Nbr resample: 24841 
	From worker 5:	ESS: 158.8133
	From worker 5:	Nbr resample: 24841 
	From worker 7:	ESS: 156.1985
	From worker 7:	Nbr resample: 24841 
	From worker 4:	ESS: 155.8834
	From worker 4:	Nbr resample: 24841 
	From worker 2:	ESS: 159.6917
	From worker 2:	Nbr resample: 24841 
	From worker 10:	ESS: 160.2668
	From worker 10:	Nbr resample: 24841 
Percentage done: 8.00 % 
Acceptance rate on iteration 1501 to 1600 is 0.2121
Covariance:
[0.00563626 -0.0014121 0.000824885 0.0203107 0.00090607 0.000295449 0.00298973; -0.0014121 0.000500723 -0.000206683 -0.00682994 0.00112428 -0.00145609 -0.00108323; 0.000824885 -0.000206683 0.00310133 0.00475768 -0.00357013 0.00247233 0.000512606; 0.0203107 -0.00682994 0.00475768 0.265001 -0.0436151 0.0520637 0.0155161; 0.00090607 0.00112428 -0.00357013 -0.0436151 0.0313939 -0.0240837 -0.00161251; 0.000295449 -0.00145609 0.00247233 0.0520637 -0.0240837 0.0271528 0.00396508; 0.00298973 -0.00108323 0.000512606 0.0155161 -0.00161251 0.00396508 0.00564362]
Loglik: -141603.8960 
Loglik values on different cores:
[-1.41676e5,-1.4168e5,-1.41611e5,-1.41663e5,-1.41644e5,-1.41657e5,-1.41708e5,-1.4174e5,-1.41622e5,-1.41683e5]
	From worker 3:	ESS: 161.7496
	From worker 3:	Nbr resample: 24841 
	From worker 4:	ESS: 168.9230
	From worker 4:	Nbr resample: 24841 
	From worker 8:	ESS: 167.6787
	From worker 8:	Nbr resample: 24841 
	From worker 11:	ESS: 167.6117
	From worker 11:	Nbr resample: 24841 
	From worker 9:	ESS: 168.4095
	From worker 9:	Nbr resample: 24841 
	From worker 5:	ESS: 163.7520
	From worker 5:	Nbr resample: 24841 
	From worker 7:	ESS: 167.0720
	From worker 7:	Nbr resample: 24841 
	From worker 10:	ESS: 167.0304
	From worker 10:	Nbr resample: 24841 
	From worker 6:	ESS: 167.5779
	From worker 6:	Nbr resample: 24841 
	From worker 2:	ESS: 168.0432
	From worker 2:	Nbr resample: 24841 
	From worker 7:	ESS: 162.9798
	From worker 7:	Nbr resample: 24841 
	From worker 6:	ESS: 171.9604
	From worker 6:	Nbr resample: 24841 
	From worker 2:	ESS: 162.5036
	From worker 2:	Nbr resample: 24841 
	From worker 10:	ESS: 172.0098
	From worker 10:	Nbr resample: 24841 
	From worker 3:	ESS: 161.6040
	From worker 3:	Nbr resample: 24841 
	From worker 11:	ESS: 167.7946
	From worker 11:	Nbr resample: 24841 
	From worker 5:	ESS: 168.4844
	From worker 5:	Nbr resample: 24841 
	From worker 4:	ESS: 163.1137
	From worker 4:	Nbr resample: 24841 
	From worker 8:	ESS: 164.4052
	From worker 8:	Nbr resample: 24841 
	From worker 9:	ESS: 166.5261
	From worker 9:	Nbr resample: 24841 
Percentage done: 8.50 % 
Acceptance rate on iteration 1601 to 1700 is 0.1919
Covariance:
[0.00512423 -0.00144927 0.000451116 0.0205424 0.00050518 0.00131098 0.00208325; -0.00144927 0.000627957 -0.000116044 -0.00737778 0.00106904 -0.00189746 -0.00062093; 0.000451116 -0.000116044 0.00299111 -0.000158929 -0.00232089 0.00149924 7.24822e-5; 0.0205424 -0.00737778 -0.000158929 0.260395 -0.0387305 0.0488475 0.0127074; 0.00050518 0.00106904 -0.00232089 -0.0387305 0.0259574 -0.0201112 -0.00138786; 0.00131098 -0.00189746 0.00149924 0.0488475 -0.0201112 0.0243439 0.00255056; 0.00208325 -0.00062093 7.24822e-5 0.0127074 -0.00138786 0.00255056 0.00539734]
Loglik: -141550.6792 
Loglik values on different cores:
[-1.41696e5,-1.41676e5,-1.41684e5,-1.41649e5,-1.41666e5,-1.41661e5,-1.41641e5,-1.41732e5,-141656.0,-1.41684e5]
	From worker 7:	ESS: 157.8213
	From worker 7:	Nbr resample: 24841 
	From worker 4:	ESS: 152.3524
	From worker 4:	Nbr resample: 24841 
	From worker 11:	ESS: 160.9248
	From worker 11:	Nbr resample: 24841 
	From worker 9:	ESS: 161.4748
	From worker 9:	Nbr resample: 24841 
	From worker 5:	ESS: 153.8500
	From worker 5:	Nbr resample: 24841 
	From worker 8:	ESS: 151.6784
	From worker 8:	Nbr resample: 24841 
	From worker 2:	ESS: 164.1034
	From worker 2:	Nbr resample: 24841 
	From worker 10:	ESS: 154.9712
	From worker 10:	Nbr resample: 24841 
	From worker 6:	ESS: 159.0333
	From worker 6:	Nbr resample: 24841 
	From worker 3:	ESS: 154.0832
	From worker 3:	Nbr resample: 24841 
	From worker 3:	ESS: 155.8470
	From worker 3:	Nbr resample: 24841 
	From worker 7:	ESS: 162.5941
	From worker 7:	Nbr resample: 24841 
	From worker 11:	ESS: 159.9549
	From worker 11:	Nbr resample: 24841 
	From worker 8:	ESS: 167.3840
	From worker 8:	Nbr resample: 24841 
	From worker 9:	ESS: 164.7873
	From worker 9:	Nbr resample: 24841 
	From worker 5:	ESS: 160.6133
	From worker 5:	Nbr resample: 24841 
	From worker 2:	ESS: 166.7498
	From worker 2:	Nbr resample: 24841 
	From worker 4:	ESS: 159.1959
	From worker 4:	Nbr resample: 24841 
	From worker 10:	ESS: 162.3026
	From worker 10:	Nbr resample: 24841 
	From worker 6:	ESS: 170.5790
	From worker 6:	Nbr resample: 24841 
Percentage done: 9.00 % 
Acceptance rate on iteration 1701 to 1800 is 0.3030
Covariance:
[0.0054732 -0.00161876 0.000767441 0.01899 0.000885853 0.00184967 0.00284663; -0.00161876 0.000735901 -0.000225781 -0.00768795 0.00119002 -0.00227172 -0.000898028; 0.000767441 -0.000225781 0.00306911 -0.000380532 -0.00283254 0.00210782 0.000610513; 0.01899 -0.00768795 -0.000380532 0.265777 -0.0408792 0.0557556 0.0136987; 0.000885853 0.00119002 -0.00283254 -0.0408792 0.0302202 -0.0230224 -0.00175718; 0.00184967 -0.00227172 0.00210782 0.0557556 -0.0230224 0.0287331 0.0035686; 0.00284663 -0.000898028 0.000610513 0.0136987 -0.00175718 0.0035686 0.00628142]
Loglik: -141641.1684 
Loglik values on different cores:
[-1.41659e5,-1.4168e5,-1.41688e5,-1.41665e5,-1.41644e5,-1.41664e5,-141671.0,-1.41688e5,-1.41662e5,-1.41671e5]
	From worker 4:	ESS: 134.2780
	From worker 4:	Nbr resample: 24841 
	From worker 3:	ESS: 140.0155
	From worker 3:	Nbr resample: 24841 
	From worker 11:	ESS: 143.5093
	From worker 11:	Nbr resample: 24841 
	From worker 8:	ESS: 134.9142
	From worker 8:	Nbr resample: 24841 
	From worker 10:	ESS: 134.9548
	From worker 10:	Nbr resample: 24841 
	From worker 6:	ESS: 137.6741
	From worker 6:	Nbr resample: 24841 
	From worker 5:	ESS: 138.0895
	From worker 5:	Nbr resample: 24841 
	From worker 7:	ESS: 134.0476
	From worker 7:	Nbr resample: 24841 
	From worker 2:	ESS: 137.5976
	From worker 2:	Nbr resample: 24841 
	From worker 9:	ESS: 142.6045
	From worker 9:	Nbr resample: 24841 
	From worker 7:	ESS: 146.7040
	From worker 7:	Nbr resample: 24841 
	From worker 9:	ESS: 150.4848
	From worker 9:	Nbr resample: 24841 
	From worker 5:	ESS: 140.1997
	From worker 5:	Nbr resample: 24841 
	From worker 2:	ESS: 146.5924
	From worker 2:	Nbr resample: 24841 
	From worker 3:	ESS: 148.4643
	From worker 3:	Nbr resample: 24841 
	From worker 11:	ESS: 147.5589
	From worker 11:	Nbr resample: 24841 
	From worker 8:	ESS: 146.5551
	From worker 8:	Nbr resample: 24841 
