Mean:
[-1.19474; -0.115413; 3.34929; 1.41993; 0.423864; 0.524684; 0.647563]
Std:
[0.154594; 0.0915249; 0.00561732; 0.200285; 0.11075; 0.23941; 0.110742]
[-1.05702 -0.954911 -0.966449 -0.925236 -0.926215 -1.2054 -1.11233 -1.13475 -1.09365 -1.203; -0.254592 -0.289722 -0.241129 -0.28801 -0.285948 -0.168635 -0.167598 -0.124351 -0.181036 -0.0887189; 3.35337 3.34876 3.35298 3.35389 3.35726 3.35049 3.34377 3.34396 3.34769 3.34831; 1.76978 1.69278 1.65428 1.50996 1.40042 1.67623 1.8717 2.05664 1.84133 1.66576; 0.63292 0.547622 0.531843 0.46163 0.36411 0.550366 0.660388 0.73099 0.620384 0.564654; 0.267598 0.508042 0.39971 0.553505 0.776789 0.449141 0.116444 -0.0279099 0.235111 0.291064; 0.825946 0.915464 0.774959 0.802593 0.826623 0.808955 0.756642 0.719464 0.815954 0.638883; -1.36642e5 -1.36662e5 -1.36601e5 -136603.0 -1.3662e5 -1.36616e5 -1.36591e5 -1.36626e5 -1.36615e5 -1.36598e5]Starting ml estimationLength of training data: 4950Start values for optimization:
[-1.97728e6; -7144.72; -15955.0; 1.09702e6; -44081.6; 1.27114e5; 18686.7; -7520.36; -2376.92; -12434.3; -1.63804e5; -1468.9; -9910.0; -828.519; -2106.89; -10263.8; 669.135; 141.499; -696.726; -228.968; -2701.68; 1701.0; 178.623; -135.484; -7.00858; -7809.33; 13629.6; -38045.8; -5252.65; 1381.16; 6065.27; 404.901; 22.9465; -4110.11; 2180.76; 1029.18; 2.84244; 2.49587; -1.8784; -2.40378; -5.19031; -1.61402; -2.20503; -1.43719; -2.21311]Iter     Function value   Gradient norm 
     0     2.998729e+04     1.040755e+07
     1     2.978418e+04     3.313242e+06
     2     2.978421e+04     6.660500e+03
Estimated parameters of the GP model:
Estimated Β:s:
[-1.97728e6,-7144.72,-15955.0,1.09702e6,-44081.6,1.27114e5,18686.7,-7520.36,-2376.92,-12434.3,-1.63804e5,-1468.9,-9910.0,-828.519,-2106.89,-10263.8,669.135,141.499,-696.726,-228.968,-2701.68,1701.0,178.623,-135.484,-7.00858,-7809.33,13629.6,-38045.8,-5252.65,1381.16,6065.27,404.901,22.9465,-4110.11,2180.76,1029.18]
Estimated log Φ:s:
[2.84242,2.49063,-1.86366,-2.38731,-4.59791,-1.60457,-2.19151,-1.42955,-2.19044]
elapsed time: 1005.93930821 seconds
Iterstion:
1
#####################################################################
Starting DA-GP-MCMC estimating 7 parameters 
MCMC algorithm: MCWM
Adaptation algorithm: noAdaptation
Prior distribution: Normal
Particle filter: parallel_bootstrap, on 4 cores
Nbr particles for particle filter: 200
Covariance - kernel_MH_direct:
[0.0161117 -0.00863341 2.66693e-5 -0.00506119 -0.00289389 0.00813033 0.00637247; -0.00863341 0.00546783 3.5914e-6 0.00241083 0.00139394 -0.00525582 -0.00541592; 2.66693e-5 3.5914e-6 1.82367e-5 -3.97142e-5 -7.43151e-5 6.58272e-5 -5.00135e-6; -0.00506119 0.00241083 -3.97142e-5 0.029185 0.0146502 -0.0294034 -0.00190708; -0.00289389 0.00139394 -7.43151e-5 0.0146502 0.00805734 -0.0163729 -0.00113595; 0.00813033 -0.00525582 6.58272e-5 -0.0294034 -0.0163729 0.0394531 0.00700566; 0.00637247 -0.00541592 -5.00135e-6 -0.00190708 -0.00113595 0.00700566 0.00883558]
Iteration: 1
Covariance:
[0.0232008 -0.0124321 3.84038e-5 -0.00728811 -0.0041672 0.0117077 0.00917636; -0.0124321 0.00787367 5.17161e-6 0.0034716 0.00200727 -0.00756839 -0.00779892; 3.84038e-5 5.17161e-6 2.62608e-5 -5.71884e-5 -0.000107014 9.47912e-5 -7.20195e-6; -0.00728811 0.0034716 -5.71884e-5 0.0420264 0.0210962 -0.0423408 -0.0027462; -0.0041672 0.00200727 -0.000107014 0.0210962 0.0116026 -0.023577 -0.00163577; 0.0117077 -0.00756839 9.47912e-5 -0.0423408 -0.023577 0.0568125 0.0100881; 0.00917636 -0.00779892 -7.20195e-6 -0.0027462 -0.00163577 0.0100881 0.0127232]
Iteration: 1
Covariance:
[0.0232008 -0.0124321 3.84038e-5 -0.00728811 -0.0041672 0.0117077 0.00917636; -0.0124321 0.00787367 5.17161e-6 0.0034716 0.00200727 -0.00756839 -0.00779892; 3.84038e-5 5.17161e-6 2.62608e-5 -5.71884e-5 -0.000107014 9.47912e-5 -7.20195e-6; -0.00728811 0.0034716 -5.71884e-5 0.0420264 0.0210962 -0.0423408 -0.0027462; -0.0041672 0.00200727 -0.000107014 0.0210962 0.0116026 -0.023577 -0.00163577; 0.0117077 -0.00756839 9.47912e-5 -0.0423408 -0.023577 0.0568125 0.0100881; 0.00917636 -0.00779892 -7.20195e-6 -0.0027462 -0.00163577 0.0100881 0.0127232]
Loglik start: -136576.7639 
elapsed time: 1129.215834599 seconds
Ending DA-GP-MCMC with adaptive RW estimating 7 parameters
Algorithm: MCWM
Adaptation algorithm: noAdaptation
Prior distribution: Normal
Particle filter: parallel_bootstrap
Time pre-er:  0
Time fit GP model:  0
Time er-part:  1129
Number early-rejections: 701
Number of cases directly to ordinary MH: 126
Number of cases directly to ordinary MH accepted: 22
Number cases in in DA part: 873
Number cases in second stage: 172
Number accepted in second stage: 18
Total number of evaluations of the particle filter: 298
Acceptance rate for ordinary MH accepted: 17.4603
Acceptance rate a_1: 19.7022
Acceptance rate a_2: 10.4651
Acceptance rate a_1*a_2: 2.0619
Acceptance rate a (for entier algorithm): 4.0000
#####################################################################
Iterstion:
2
#####################################################################
Starting DA-GP-MCMC estimating 7 parameters 
MCMC algorithm: MCWM
Adaptation algorithm: noAdaptation
Prior distribution: Normal
Particle filter: parallel_bootstrap, on 4 cores
Nbr particles for particle filter: 200
Covariance - kernel_MH_direct:
[0.0161117 -0.00863341 2.66693e-5 -0.00506119 -0.00289389 0.00813033 0.00637247; -0.00863341 0.00546783 3.5914e-6 0.00241083 0.00139394 -0.00525582 -0.00541592; 2.66693e-5 3.5914e-6 1.82367e-5 -3.97142e-5 -7.43151e-5 6.58272e-5 -5.00135e-6; -0.00506119 0.00241083 -3.97142e-5 0.029185 0.0146502 -0.0294034 -0.00190708; -0.00289389 0.00139394 -7.43151e-5 0.0146502 0.00805734 -0.0163729 -0.00113595; 0.00813033 -0.00525582 6.58272e-5 -0.0294034 -0.0163729 0.0394531 0.00700566; 0.00637247 -0.00541592 -5.00135e-6 -0.00190708 -0.00113595 0.00700566 0.00883558]
Iteration: 1
Covariance:
[0.0232008 -0.0124321 3.84038e-5 -0.00728811 -0.0041672 0.0117077 0.00917636; -0.0124321 0.00787367 5.17161e-6 0.0034716 0.00200727 -0.00756839 -0.00779892; 3.84038e-5 5.17161e-6 2.62608e-5 -5.71884e-5 -0.000107014 9.47912e-5 -7.20195e-6; -0.00728811 0.0034716 -5.71884e-5 0.0420264 0.0210962 -0.0423408 -0.0027462; -0.0041672 0.00200727 -0.000107014 0.0210962 0.0116026 -0.023577 -0.00163577; 0.0117077 -0.00756839 9.47912e-5 -0.0423408 -0.023577 0.0568125 0.0100881; 0.00917636 -0.00779892 -7.20195e-6 -0.0027462 -0.00163577 0.0100881 0.0127232]
Iteration: 1
Covariance:
[0.0232008 -0.0124321 3.84038e-5 -0.00728811 -0.0041672 0.0117077 0.00917636; -0.0124321 0.00787367 5.17161e-6 0.0034716 0.00200727 -0.00756839 -0.00779892; 3.84038e-5 5.17161e-6 2.62608e-5 -5.71884e-5 -0.000107014 9.47912e-5 -7.20195e-6; -0.00728811 0.0034716 -5.71884e-5 0.0420264 0.0210962 -0.0423408 -0.0027462; -0.0041672 0.00200727 -0.000107014 0.0210962 0.0116026 -0.023577 -0.00163577; 0.0117077 -0.00756839 9.47912e-5 -0.0423408 -0.023577 0.0568125 0.0100881; 0.00917636 -0.00779892 -7.20195e-6 -0.0027462 -0.00163577 0.0100881 0.0127232]
Loglik start: -136568.6469 
elapsed time: 1304.529750734 seconds
Ending DA-GP-MCMC with adaptive RW estimating 7 parameters
Algorithm: MCWM
Adaptation algorithm: noAdaptation
Prior distribution: Normal
Particle filter: parallel_bootstrap
Time pre-er:  0
Time fit GP model:  0
Time er-part:  1305
Number early-rejections: 654
Number of cases directly to ordinary MH: 145
Number of cases directly to ordinary MH accepted: 29
Number cases in in DA part: 854
Number cases in second stage: 200
Number accepted in second stage: 14
Total number of evaluations of the particle filter: 345
Acceptance rate for ordinary MH accepted: 20.0000
Acceptance rate a_1: 23.4192
Acceptance rate a_2: 7.0000
Acceptance rate a_1*a_2: 1.6393
Acceptance rate a (for entier algorithm): 4.3000
#####################################################################
Iterstion:
3
#####################################################################
Starting DA-GP-MCMC estimating 7 parameters 
MCMC algorithm: MCWM
Adaptation algorithm: noAdaptation
Prior distribution: Normal
Particle filter: parallel_bootstrap, on 4 cores
Nbr particles for particle filter: 200
Covariance - kernel_MH_direct:
[0.0161117 -0.00863341 2.66693e-5 -0.00506119 -0.00289389 0.00813033 0.00637247; -0.00863341 0.00546783 3.5914e-6 0.00241083 0.00139394 -0.00525582 -0.00541592; 2.66693e-5 3.5914e-6 1.82367e-5 -3.97142e-5 -7.43151e-5 6.58272e-5 -5.00135e-6; -0.00506119 0.00241083 -3.97142e-5 0.029185 0.0146502 -0.0294034 -0.00190708; -0.00289389 0.00139394 -7.43151e-5 0.0146502 0.00805734 -0.0163729 -0.00113595; 0.00813033 -0.00525582 6.58272e-5 -0.0294034 -0.0163729 0.0394531 0.00700566; 0.00637247 -0.00541592 -5.00135e-6 -0.00190708 -0.00113595 0.00700566 0.00883558]
Iteration: 1
Covariance:
[0.0232008 -0.0124321 3.84038e-5 -0.00728811 -0.0041672 0.0117077 0.00917636; -0.0124321 0.00787367 5.17161e-6 0.0034716 0.00200727 -0.00756839 -0.00779892; 3.84038e-5 5.17161e-6 2.62608e-5 -5.71884e-5 -0.000107014 9.47912e-5 -7.20195e-6; -0.00728811 0.0034716 -5.71884e-5 0.0420264 0.0210962 -0.0423408 -0.0027462; -0.0041672 0.00200727 -0.000107014 0.0210962 0.0116026 -0.023577 -0.00163577; 0.0117077 -0.00756839 9.47912e-5 -0.0423408 -0.023577 0.0568125 0.0100881; 0.00917636 -0.00779892 -7.20195e-6 -0.0027462 -0.00163577 0.0100881 0.0127232]
Iteration: 1
Covariance:
[0.0232008 -0.0124321 3.84038e-5 -0.00728811 -0.0041672 0.0117077 0.00917636; -0.0124321 0.00787367 5.17161e-6 0.0034716 0.00200727 -0.00756839 -0.00779892; 3.84038e-5 5.17161e-6 2.62608e-5 -5.71884e-5 -0.000107014 9.47912e-5 -7.20195e-6; -0.00728811 0.0034716 -5.71884e-5 0.0420264 0.0210962 -0.0423408 -0.0027462; -0.0041672 0.00200727 -0.000107014 0.0210962 0.0116026 -0.023577 -0.00163577; 0.0117077 -0.00756839 9.47912e-5 -0.0423408 -0.023577 0.0568125 0.0100881; 0.00917636 -0.00779892 -7.20195e-6 -0.0027462 -0.00163577 0.0100881 0.0127232]
Loglik start: -136592.2857 
elapsed time: 1188.240742605 seconds
Ending DA-GP-MCMC with adaptive RW estimating 7 parameters
Algorithm: MCWM
Adaptation algorithm: noAdaptation
Prior distribution: Normal
Particle filter: parallel_bootstrap
Time pre-er:  0
Time fit GP model:  0
Time er-part:  1188
Number early-rejections: 687
Number of cases directly to ordinary MH: 173
Number of cases directly to ordinary MH accepted: 21
Number cases in in DA part: 826
Number cases in second stage: 139
Number accepted in second stage: 16
Total number of evaluations of the particle filter: 312
Acceptance rate for ordinary MH accepted: 12.1387
Acceptance rate a_1: 16.8281
Acceptance rate a_2: 11.5108
Acceptance rate a_1*a_2: 1.9370
Acceptance rate a (for entier algorithm): 3.7000
#####################################################################
Iterstion:
4
#####################################################################
Starting DA-GP-MCMC estimating 7 parameters 
MCMC algorithm: MCWM
Adaptation algorithm: noAdaptation
Prior distribution: Normal
Particle filter: parallel_bootstrap, on 4 cores
Nbr particles for particle filter: 200
Covariance - kernel_MH_direct:
[0.0161117 -0.00863341 2.66693e-5 -0.00506119 -0.00289389 0.00813033 0.00637247; -0.00863341 0.00546783 3.5914e-6 0.00241083 0.00139394 -0.00525582 -0.00541592; 2.66693e-5 3.5914e-6 1.82367e-5 -3.97142e-5 -7.43151e-5 6.58272e-5 -5.00135e-6; -0.00506119 0.00241083 -3.97142e-5 0.029185 0.0146502 -0.0294034 -0.00190708; -0.00289389 0.00139394 -7.43151e-5 0.0146502 0.00805734 -0.0163729 -0.00113595; 0.00813033 -0.00525582 6.58272e-5 -0.0294034 -0.0163729 0.0394531 0.00700566; 0.00637247 -0.00541592 -5.00135e-6 -0.00190708 -0.00113595 0.00700566 0.00883558]
Iteration: 1
Covariance:
[0.0232008 -0.0124321 3.84038e-5 -0.00728811 -0.0041672 0.0117077 0.00917636; -0.0124321 0.00787367 5.17161e-6 0.0034716 0.00200727 -0.00756839 -0.00779892; 3.84038e-5 5.17161e-6 2.62608e-5 -5.71884e-5 -0.000107014 9.47912e-5 -7.20195e-6; -0.00728811 0.0034716 -5.71884e-5 0.0420264 0.0210962 -0.0423408 -0.0027462; -0.0041672 0.00200727 -0.000107014 0.0210962 0.0116026 -0.023577 -0.00163577; 0.0117077 -0.00756839 9.47912e-5 -0.0423408 -0.023577 0.0568125 0.0100881; 0.00917636 -0.00779892 -7.20195e-6 -0.0027462 -0.00163577 0.0100881 0.0127232]
Iteration: 1
Covariance:
[0.0232008 -0.0124321 3.84038e-5 -0.00728811 -0.0041672 0.0117077 0.00917636; -0.0124321 0.00787367 5.17161e-6 0.0034716 0.00200727 -0.00756839 -0.00779892; 3.84038e-5 5.17161e-6 2.62608e-5 -5.71884e-5 -0.000107014 9.47912e-5 -7.20195e-6; -0.00728811 0.0034716 -5.71884e-5 0.0420264 0.0210962 -0.0423408 -0.0027462; -0.0041672 0.00200727 -0.000107014 0.0210962 0.0116026 -0.023577 -0.00163577; 0.0117077 -0.00756839 9.47912e-5 -0.0423408 -0.023577 0.0568125 0.0100881; 0.00917636 -0.00779892 -7.20195e-6 -0.0027462 -0.00163577 0.0100881 0.0127232]
Loglik start: -136575.4652 
elapsed time: 1268.424357561 seconds
Ending DA-GP-MCMC with adaptive RW estimating 7 parameters
Algorithm: MCWM
Adaptation algorithm: noAdaptation
Prior distribution: Normal
Particle filter: parallel_bootstrap
Time pre-er:  0
Time fit GP model:  0
Time er-part:  1268
Number early-rejections: 663
Number of cases directly to ordinary MH: 155
Number of cases directly to ordinary MH accepted: 16
Number cases in in DA part: 844
Number cases in second stage: 181
Number accepted in second stage: 23
Total number of evaluations of the particle filter: 336
Acceptance rate for ordinary MH accepted: 10.3226
Acceptance rate a_1: 21.4455
Acceptance rate a_2: 12.7072
Acceptance rate a_1*a_2: 2.7251
Acceptance rate a (for entier algorithm): 3.9000
#####################################################################
Iterstion:
5
#####################################################################
Starting DA-GP-MCMC estimating 7 parameters 
MCMC algorithm: MCWM
Adaptation algorithm: noAdaptation
Prior distribution: Normal
Particle filter: parallel_bootstrap, on 4 cores
Nbr particles for particle filter: 200
Covariance - kernel_MH_direct:
[0.0161117 -0.00863341 2.66693e-5 -0.00506119 -0.00289389 0.00813033 0.00637247; -0.00863341 0.00546783 3.5914e-6 0.00241083 0.00139394 -0.00525582 -0.00541592; 2.66693e-5 3.5914e-6 1.82367e-5 -3.97142e-5 -7.43151e-5 6.58272e-5 -5.00135e-6; -0.00506119 0.00241083 -3.97142e-5 0.029185 0.0146502 -0.0294034 -0.00190708; -0.00289389 0.00139394 -7.43151e-5 0.0146502 0.00805734 -0.0163729 -0.00113595; 0.00813033 -0.00525582 6.58272e-5 -0.0294034 -0.0163729 0.0394531 0.00700566; 0.00637247 -0.00541592 -5.00135e-6 -0.00190708 -0.00113595 0.00700566 0.00883558]
Iteration: 1
Covariance:
[0.0232008 -0.0124321 3.84038e-5 -0.00728811 -0.0041672 0.0117077 0.00917636; -0.0124321 0.00787367 5.17161e-6 0.0034716 0.00200727 -0.00756839 -0.00779892; 3.84038e-5 5.17161e-6 2.62608e-5 -5.71884e-5 -0.000107014 9.47912e-5 -7.20195e-6; -0.00728811 0.0034716 -5.71884e-5 0.0420264 0.0210962 -0.0423408 -0.0027462; -0.0041672 0.00200727 -0.000107014 0.0210962 0.0116026 -0.023577 -0.00163577; 0.0117077 -0.00756839 9.47912e-5 -0.0423408 -0.023577 0.0568125 0.0100881; 0.00917636 -0.00779892 -7.20195e-6 -0.0027462 -0.00163577 0.0100881 0.0127232]
Iteration: 1
Covariance:
[0.0232008 -0.0124321 3.84038e-5 -0.00728811 -0.0041672 0.0117077 0.00917636; -0.0124321 0.00787367 5.17161e-6 0.0034716 0.00200727 -0.00756839 -0.00779892; 3.84038e-5 5.17161e-6 2.62608e-5 -5.71884e-5 -0.000107014 9.47912e-5 -7.20195e-6; -0.00728811 0.0034716 -5.71884e-5 0.0420264 0.0210962 -0.0423408 -0.0027462; -0.0041672 0.00200727 -0.000107014 0.0210962 0.0116026 -0.023577 -0.00163577; 0.0117077 -0.00756839 9.47912e-5 -0.0423408 -0.023577 0.0568125 0.0100881; 0.00917636 -0.00779892 -7.20195e-6 -0.0027462 -0.00163577 0.0100881 0.0127232]
Loglik start: -136583.5311 
elapsed time: 1246.339945223 seconds
Ending DA-GP-MCMC with adaptive RW estimating 7 parameters
Algorithm: MCWM
Adaptation algorithm: noAdaptation
Prior distribution: Normal
Particle filter: parallel_bootstrap
Time pre-er:  0
Time fit GP model:  0
Time er-part:  1246
Number early-rejections: 668
Number of cases directly to ordinary MH: 146
Number of cases directly to ordinary MH accepted: 15
Number cases in in DA part: 853
Number cases in second stage: 185
Number accepted in second stage: 25
Total number of evaluations of the particle filter: 331
Acceptance rate for ordinary MH accepted: 10.2740
Acceptance rate a_1: 21.6882
Acceptance rate a_2: 13.5135
Acceptance rate a_1*a_2: 2.9308
Acceptance rate a (for entier algorithm): 4.0000
#####################################################################
Iterstion:
6
#####################################################################
Starting DA-GP-MCMC estimating 7 parameters 
MCMC algorithm: MCWM
Adaptation algorithm: noAdaptation
Prior distribution: Normal
Particle filter: parallel_bootstrap, on 4 cores
Nbr particles for particle filter: 200
Covariance - kernel_MH_direct:
[0.0161117 -0.00863341 2.66693e-5 -0.00506119 -0.00289389 0.00813033 0.00637247; -0.00863341 0.00546783 3.5914e-6 0.00241083 0.00139394 -0.00525582 -0.00541592; 2.66693e-5 3.5914e-6 1.82367e-5 -3.97142e-5 -7.43151e-5 6.58272e-5 -5.00135e-6; -0.00506119 0.00241083 -3.97142e-5 0.029185 0.0146502 -0.0294034 -0.00190708; -0.00289389 0.00139394 -7.43151e-5 0.0146502 0.00805734 -0.0163729 -0.00113595; 0.00813033 -0.00525582 6.58272e-5 -0.0294034 -0.0163729 0.0394531 0.00700566; 0.00637247 -0.00541592 -5.00135e-6 -0.00190708 -0.00113595 0.00700566 0.00883558]
Iteration: 1
Covariance:
[0.0232008 -0.0124321 3.84038e-5 -0.00728811 -0.0041672 0.0117077 0.00917636; -0.0124321 0.00787367 5.17161e-6 0.0034716 0.00200727 -0.00756839 -0.00779892; 3.84038e-5 5.17161e-6 2.62608e-5 -5.71884e-5 -0.000107014 9.47912e-5 -7.20195e-6; -0.00728811 0.0034716 -5.71884e-5 0.0420264 0.0210962 -0.0423408 -0.0027462; -0.0041672 0.00200727 -0.000107014 0.0210962 0.0116026 -0.023577 -0.00163577; 0.0117077 -0.00756839 9.47912e-5 -0.0423408 -0.023577 0.0568125 0.0100881; 0.00917636 -0.00779892 -7.20195e-6 -0.0027462 -0.00163577 0.0100881 0.0127232]
Iteration: 1
Covariance:
[0.0232008 -0.0124321 3.84038e-5 -0.00728811 -0.0041672 0.0117077 0.00917636; -0.0124321 0.00787367 5.17161e-6 0.0034716 0.00200727 -0.00756839 -0.00779892; 3.84038e-5 5.17161e-6 2.62608e-5 -5.71884e-5 -0.000107014 9.47912e-5 -7.20195e-6; -0.00728811 0.0034716 -5.71884e-5 0.0420264 0.0210962 -0.0423408 -0.0027462; -0.0041672 0.00200727 -0.000107014 0.0210962 0.0116026 -0.023577 -0.00163577; 0.0117077 -0.00756839 9.47912e-5 -0.0423408 -0.023577 0.0568125 0.0100881; 0.00917636 -0.00779892 -7.20195e-6 -0.0027462 -0.00163577 0.0100881 0.0127232]
Loglik start: -136583.2094 
elapsed time: 1248.463503791 seconds
Ending DA-GP-MCMC with adaptive RW estimating 7 parameters
Algorithm: MCWM
Adaptation algorithm: noAdaptation
Prior distribution: Normal
Particle filter: parallel_bootstrap
Time pre-er:  0
Time fit GP model:  0
Time er-part:  1248
Number early-rejections: 668
Number of cases directly to ordinary MH: 149
Number of cases directly to ordinary MH accepted: 24
Number cases in in DA part: 850
Number cases in second stage: 182
Number accepted in second stage: 15
Total number of evaluations of the particle filter: 331
Acceptance rate for ordinary MH accepted: 16.1074
Acceptance rate a_1: 21.4118
Acceptance rate a_2: 8.2418
Acceptance rate a_1*a_2: 1.7647
Acceptance rate a (for entier algorithm): 3.9000
#####################################################################
Iterstion:
7
#####################################################################
Starting DA-GP-MCMC estimating 7 parameters 
MCMC algorithm: MCWM
Adaptation algorithm: noAdaptation
Prior distribution: Normal
Particle filter: parallel_bootstrap, on 4 cores
Nbr particles for particle filter: 200
Covariance - kernel_MH_direct:
[0.0161117 -0.00863341 2.66693e-5 -0.00506119 -0.00289389 0.00813033 0.00637247; -0.00863341 0.00546783 3.5914e-6 0.00241083 0.00139394 -0.00525582 -0.00541592; 2.66693e-5 3.5914e-6 1.82367e-5 -3.97142e-5 -7.43151e-5 6.58272e-5 -5.00135e-6; -0.00506119 0.00241083 -3.97142e-5 0.029185 0.0146502 -0.0294034 -0.00190708; -0.00289389 0.00139394 -7.43151e-5 0.0146502 0.00805734 -0.0163729 -0.00113595; 0.00813033 -0.00525582 6.58272e-5 -0.0294034 -0.0163729 0.0394531 0.00700566; 0.00637247 -0.00541592 -5.00135e-6 -0.00190708 -0.00113595 0.00700566 0.00883558]
Iteration: 1
Covariance:
[0.0232008 -0.0124321 3.84038e-5 -0.00728811 -0.0041672 0.0117077 0.00917636; -0.0124321 0.00787367 5.17161e-6 0.0034716 0.00200727 -0.00756839 -0.00779892; 3.84038e-5 5.17161e-6 2.62608e-5 -5.71884e-5 -0.000107014 9.47912e-5 -7.20195e-6; -0.00728811 0.0034716 -5.71884e-5 0.0420264 0.0210962 -0.0423408 -0.0027462; -0.0041672 0.00200727 -0.000107014 0.0210962 0.0116026 -0.023577 -0.00163577; 0.0117077 -0.00756839 9.47912e-5 -0.0423408 -0.023577 0.0568125 0.0100881; 0.00917636 -0.00779892 -7.20195e-6 -0.0027462 -0.00163577 0.0100881 0.0127232]
Iteration: 1
Covariance:
[0.0232008 -0.0124321 3.84038e-5 -0.00728811 -0.0041672 0.0117077 0.00917636; -0.0124321 0.00787367 5.17161e-6 0.0034716 0.00200727 -0.00756839 -0.00779892; 3.84038e-5 5.17161e-6 2.62608e-5 -5.71884e-5 -0.000107014 9.47912e-5 -7.20195e-6; -0.00728811 0.0034716 -5.71884e-5 0.0420264 0.0210962 -0.0423408 -0.0027462; -0.0041672 0.00200727 -0.000107014 0.0210962 0.0116026 -0.023577 -0.00163577; 0.0117077 -0.00756839 9.47912e-5 -0.0423408 -0.023577 0.0568125 0.0100881; 0.00917636 -0.00779892 -7.20195e-6 -0.0027462 -0.00163577 0.0100881 0.0127232]
Loglik start: -136580.2677 
elapsed time: 1205.188055173 seconds
Ending DA-GP-MCMC with adaptive RW estimating 7 parameters
Algorithm: MCWM
Adaptation algorithm: noAdaptation
Prior distribution: Normal
Particle filter: parallel_bootstrap
Time pre-er:  0
Time fit GP model:  0
Time er-part:  1205
Number early-rejections: 680
Number of cases directly to ordinary MH: 136
Number of cases directly to ordinary MH accepted: 15
Number cases in in DA part: 863
Number cases in second stage: 183
Number accepted in second stage: 16
Total number of evaluations of the particle filter: 319
Acceptance rate for ordinary MH accepted: 11.0294
Acceptance rate a_1: 21.2051
Acceptance rate a_2: 8.7432
Acceptance rate a_1*a_2: 1.8540
Acceptance rate a (for entier algorithm): 3.1000
#####################################################################
Iterstion:
8
#####################################################################
Starting DA-GP-MCMC estimating 7 parameters 
MCMC algorithm: MCWM
Adaptation algorithm: noAdaptation
Prior distribution: Normal
Particle filter: parallel_bootstrap, on 4 cores
Nbr particles for particle filter: 200
Covariance - kernel_MH_direct:
[0.0161117 -0.00863341 2.66693e-5 -0.00506119 -0.00289389 0.00813033 0.00637247; -0.00863341 0.00546783 3.5914e-6 0.00241083 0.00139394 -0.00525582 -0.00541592; 2.66693e-5 3.5914e-6 1.82367e-5 -3.97142e-5 -7.43151e-5 6.58272e-5 -5.00135e-6; -0.00506119 0.00241083 -3.97142e-5 0.029185 0.0146502 -0.0294034 -0.00190708; -0.00289389 0.00139394 -7.43151e-5 0.0146502 0.00805734 -0.0163729 -0.00113595; 0.00813033 -0.00525582 6.58272e-5 -0.0294034 -0.0163729 0.0394531 0.00700566; 0.00637247 -0.00541592 -5.00135e-6 -0.00190708 -0.00113595 0.00700566 0.00883558]
Iteration: 1
Covariance:
[0.0232008 -0.0124321 3.84038e-5 -0.00728811 -0.0041672 0.0117077 0.00917636; -0.0124321 0.00787367 5.17161e-6 0.0034716 0.00200727 -0.00756839 -0.00779892; 3.84038e-5 5.17161e-6 2.62608e-5 -5.71884e-5 -0.000107014 9.47912e-5 -7.20195e-6; -0.00728811 0.0034716 -5.71884e-5 0.0420264 0.0210962 -0.0423408 -0.0027462; -0.0041672 0.00200727 -0.000107014 0.0210962 0.0116026 -0.023577 -0.00163577; 0.0117077 -0.00756839 9.47912e-5 -0.0423408 -0.023577 0.0568125 0.0100881; 0.00917636 -0.00779892 -7.20195e-6 -0.0027462 -0.00163577 0.0100881 0.0127232]
Iteration: 1
Covariance:
[0.0232008 -0.0124321 3.84038e-5 -0.00728811 -0.0041672 0.0117077 0.00917636; -0.0124321 0.00787367 5.17161e-6 0.0034716 0.00200727 -0.00756839 -0.00779892; 3.84038e-5 5.17161e-6 2.62608e-5 -5.71884e-5 -0.000107014 9.47912e-5 -7.20195e-6; -0.00728811 0.0034716 -5.71884e-5 0.0420264 0.0210962 -0.0423408 -0.0027462; -0.0041672 0.00200727 -0.000107014 0.0210962 0.0116026 -0.023577 -0.00163577; 0.0117077 -0.00756839 9.47912e-5 -0.0423408 -0.023577 0.0568125 0.0100881; 0.00917636 -0.00779892 -7.20195e-6 -0.0027462 -0.00163577 0.0100881 0.0127232]
Loglik start: -136575.7960 
elapsed time: 1179.336429593 seconds
Ending DA-GP-MCMC with adaptive RW estimating 7 parameters
Algorithm: MCWM
Adaptation algorithm: noAdaptation
Prior distribution: Normal
Particle filter: parallel_bootstrap
Time pre-er:  0
Time fit GP model:  0
Time er-part:  1179
Number early-rejections: 690
Number of cases directly to ordinary MH: 150
Number of cases directly to ordinary MH accepted: 19
Number cases in in DA part: 849
Number cases in second stage: 159
Number accepted in second stage: 14
Total number of evaluations of the particle filter: 309
Acceptance rate for ordinary MH accepted: 12.6667
Acceptance rate a_1: 18.7279
Acceptance rate a_2: 8.8050
Acceptance rate a_1*a_2: 1.6490
Acceptance rate a (for entier algorithm): 3.3000
#####################################################################
Iterstion:
9
#####################################################################
Starting DA-GP-MCMC estimating 7 parameters 
MCMC algorithm: MCWM
Adaptation algorithm: noAdaptation
Prior distribution: Normal
Particle filter: parallel_bootstrap, on 4 cores
Nbr particles for particle filter: 200
Covariance - kernel_MH_direct:
[0.0161117 -0.00863341 2.66693e-5 -0.00506119 -0.00289389 0.00813033 0.00637247; -0.00863341 0.00546783 3.5914e-6 0.00241083 0.00139394 -0.00525582 -0.00541592; 2.66693e-5 3.5914e-6 1.82367e-5 -3.97142e-5 -7.43151e-5 6.58272e-5 -5.00135e-6; -0.00506119 0.00241083 -3.97142e-5 0.029185 0.0146502 -0.0294034 -0.00190708; -0.00289389 0.00139394 -7.43151e-5 0.0146502 0.00805734 -0.0163729 -0.00113595; 0.00813033 -0.00525582 6.58272e-5 -0.0294034 -0.0163729 0.0394531 0.00700566; 0.00637247 -0.00541592 -5.00135e-6 -0.00190708 -0.00113595 0.00700566 0.00883558]
Iteration: 1
Covariance:
[0.0232008 -0.0124321 3.84038e-5 -0.00728811 -0.0041672 0.0117077 0.00917636; -0.0124321 0.00787367 5.17161e-6 0.0034716 0.00200727 -0.00756839 -0.00779892; 3.84038e-5 5.17161e-6 2.62608e-5 -5.71884e-5 -0.000107014 9.47912e-5 -7.20195e-6; -0.00728811 0.0034716 -5.71884e-5 0.0420264 0.0210962 -0.0423408 -0.0027462; -0.0041672 0.00200727 -0.000107014 0.0210962 0.0116026 -0.023577 -0.00163577; 0.0117077 -0.00756839 9.47912e-5 -0.0423408 -0.023577 0.0568125 0.0100881; 0.00917636 -0.00779892 -7.20195e-6 -0.0027462 -0.00163577 0.0100881 0.0127232]
Iteration: 1
Covariance:
[0.0232008 -0.0124321 3.84038e-5 -0.00728811 -0.0041672 0.0117077 0.00917636; -0.0124321 0.00787367 5.17161e-6 0.0034716 0.00200727 -0.00756839 -0.00779892; 3.84038e-5 5.17161e-6 2.62608e-5 -5.71884e-5 -0.000107014 9.47912e-5 -7.20195e-6; -0.00728811 0.0034716 -5.71884e-5 0.0420264 0.0210962 -0.0423408 -0.0027462; -0.0041672 0.00200727 -0.000107014 0.0210962 0.0116026 -0.023577 -0.00163577; 0.0117077 -0.00756839 9.47912e-5 -0.0423408 -0.023577 0.0568125 0.0100881; 0.00917636 -0.00779892 -7.20195e-6 -0.0027462 -0.00163577 0.0100881 0.0127232]
Loglik start: -136578.0603 
elapsed time: 1277.795225905 seconds
Ending DA-GP-MCMC with adaptive RW estimating 7 parameters
Algorithm: MCWM
Adaptation algorithm: noAdaptation
Prior distribution: Normal
Particle filter: parallel_bootstrap
Time pre-er:  0
Time fit GP model:  0
Time er-part:  1278
Number early-rejections: 662
Number of cases directly to ordinary MH: 152
Number of cases directly to ordinary MH accepted: 23
Number cases in in DA part: 847
Number cases in second stage: 185
Number accepted in second stage: 16
Total number of evaluations of the particle filter: 337
Acceptance rate for ordinary MH accepted: 15.1316
Acceptance rate a_1: 21.8418
Acceptance rate a_2: 8.6486
Acceptance rate a_1*a_2: 1.8890
Acceptance rate a (for entier algorithm): 3.9000
#####################################################################
Iterstion:
10
#####################################################################
Starting DA-GP-MCMC estimating 7 parameters 
MCMC algorithm: MCWM
Adaptation algorithm: noAdaptation
Prior distribution: Normal
Particle filter: parallel_bootstrap, on 4 cores
Nbr particles for particle filter: 200
Covariance - kernel_MH_direct:
[0.0161117 -0.00863341 2.66693e-5 -0.00506119 -0.00289389 0.00813033 0.00637247; -0.00863341 0.00546783 3.5914e-6 0.00241083 0.00139394 -0.00525582 -0.00541592; 2.66693e-5 3.5914e-6 1.82367e-5 -3.97142e-5 -7.43151e-5 6.58272e-5 -5.00135e-6; -0.00506119 0.00241083 -3.97142e-5 0.029185 0.0146502 -0.0294034 -0.00190708; -0.00289389 0.00139394 -7.43151e-5 0.0146502 0.00805734 -0.0163729 -0.00113595; 0.00813033 -0.00525582 6.58272e-5 -0.0294034 -0.0163729 0.0394531 0.00700566; 0.00637247 -0.00541592 -5.00135e-6 -0.00190708 -0.00113595 0.00700566 0.00883558]
Iteration: 1
Covariance:
[0.0232008 -0.0124321 3.84038e-5 -0.00728811 -0.0041672 0.0117077 0.00917636; -0.0124321 0.00787367 5.17161e-6 0.0034716 0.00200727 -0.00756839 -0.00779892; 3.84038e-5 5.17161e-6 2.62608e-5 -5.71884e-5 -0.000107014 9.47912e-5 -7.20195e-6; -0.00728811 0.0034716 -5.71884e-5 0.0420264 0.0210962 -0.0423408 -0.0027462; -0.0041672 0.00200727 -0.000107014 0.0210962 0.0116026 -0.023577 -0.00163577; 0.0117077 -0.00756839 9.47912e-5 -0.0423408 -0.023577 0.0568125 0.0100881; 0.00917636 -0.00779892 -7.20195e-6 -0.0027462 -0.00163577 0.0100881 0.0127232]
Iteration: 1
Covariance:
[0.0232008 -0.0124321 3.84038e-5 -0.00728811 -0.0041672 0.0117077 0.00917636; -0.0124321 0.00787367 5.17161e-6 0.0034716 0.00200727 -0.00756839 -0.00779892; 3.84038e-5 5.17161e-6 2.62608e-5 -5.71884e-5 -0.000107014 9.47912e-5 -7.20195e-6; -0.00728811 0.0034716 -5.71884e-5 0.0420264 0.0210962 -0.0423408 -0.0027462; -0.0041672 0.00200727 -0.000107014 0.0210962 0.0116026 -0.023577 -0.00163577; 0.0117077 -0.00756839 9.47912e-5 -0.0423408 -0.023577 0.0568125 0.0100881; 0.00917636 -0.00779892 -7.20195e-6 -0.0027462 -0.00163577 0.0100881 0.0127232]
Loglik start: -136591.6087 
elapsed time: 1220.048043773 seconds
Ending DA-GP-MCMC with adaptive RW estimating 7 parameters
Algorithm: MCWM
Adaptation algorithm: noAdaptation
Prior distribution: Normal
Particle filter: parallel_bootstrap
Time pre-er:  0
Time fit GP model:  0
Time er-part:  1220
Number early-rejections: 678
Number of cases directly to ordinary MH: 132
Number of cases directly to ordinary MH accepted: 24
Number cases in in DA part: 867
Number cases in second stage: 189
Number accepted in second stage: 14
Total number of evaluations of the particle filter: 321
Acceptance rate for ordinary MH accepted: 18.1818
Acceptance rate a_1: 21.7993
Acceptance rate a_2: 7.4074
Acceptance rate a_1*a_2: 1.6148
Acceptance rate a (for entier algorithm): 3.8000
#####################################################################
Iterstion:
11
#####################################################################
Starting DA-GP-MCMC estimating 7 parameters 
MCMC algorithm: MCWM
Adaptation algorithm: noAdaptation
Prior distribution: Normal
Particle filter: parallel_bootstrap, on 4 cores
Nbr particles for particle filter: 200
Covariance - kernel_MH_direct:
[0.0161117 -0.00863341 2.66693e-5 -0.00506119 -0.00289389 0.00813033 0.00637247; -0.00863341 0.00546783 3.5914e-6 0.00241083 0.00139394 -0.00525582 -0.00541592; 2.66693e-5 3.5914e-6 1.82367e-5 -3.97142e-5 -7.43151e-5 6.58272e-5 -5.00135e-6; -0.00506119 0.00241083 -3.97142e-5 0.029185 0.0146502 -0.0294034 -0.00190708; -0.00289389 0.00139394 -7.43151e-5 0.0146502 0.00805734 -0.0163729 -0.00113595; 0.00813033 -0.00525582 6.58272e-5 -0.0294034 -0.0163729 0.0394531 0.00700566; 0.00637247 -0.00541592 -5.00135e-6 -0.00190708 -0.00113595 0.00700566 0.00883558]
Iteration: 1
Covariance:
[0.0232008 -0.0124321 3.84038e-5 -0.00728811 -0.0041672 0.0117077 0.00917636; -0.0124321 0.00787367 5.17161e-6 0.0034716 0.00200727 -0.00756839 -0.00779892; 3.84038e-5 5.17161e-6 2.62608e-5 -5.71884e-5 -0.000107014 9.47912e-5 -7.20195e-6; -0.00728811 0.0034716 -5.71884e-5 0.0420264 0.0210962 -0.0423408 -0.0027462; -0.0041672 0.00200727 -0.000107014 0.0210962 0.0116026 -0.023577 -0.00163577; 0.0117077 -0.00756839 9.47912e-5 -0.0423408 -0.023577 0.0568125 0.0100881; 0.00917636 -0.00779892 -7.20195e-6 -0.0027462 -0.00163577 0.0100881 0.0127232]
Iteration: 1
Covariance:
[0.0232008 -0.0124321 3.84038e-5 -0.00728811 -0.0041672 0.0117077 0.00917636; -0.0124321 0.00787367 5.17161e-6 0.0034716 0.00200727 -0.00756839 -0.00779892; 3.84038e-5 5.17161e-6 2.62608e-5 -5.71884e-5 -0.000107014 9.47912e-5 -7.20195e-6; -0.00728811 0.0034716 -5.71884e-5 0.0420264 0.0210962 -0.0423408 -0.0027462; -0.0041672 0.00200727 -0.000107014 0.0210962 0.0116026 -0.023577 -0.00163577; 0.0117077 -0.00756839 9.47912e-5 -0.0423408 -0.023577 0.0568125 0.0100881; 0.00917636 -0.00779892 -7.20195e-6 -0.0027462 -0.00163577 0.0100881 0.0127232]
Loglik start: -136588.5954 
elapsed time: 1210.554465632 seconds
Ending DA-GP-MCMC with adaptive RW estimating 7 parameters
Algorithm: MCWM
Adaptation algorithm: noAdaptation
Prior distribution: Normal
Particle filter: parallel_bootstrap
Time pre-er:  0
Time fit GP model:  0
Time er-part:  1211
Number early-rejections: 681
Number of cases directly to ordinary MH: 144
Number of cases directly to ordinary MH accepted: 18
Number cases in in DA part: 855
Number cases in second stage: 174
Number accepted in second stage: 16
Total number of evaluations of the particle filter: 318
Acceptance rate for ordinary MH accepted: 12.5000
Acceptance rate a_1: 20.3509
Acceptance rate a_2: 9.1954
Acceptance rate a_1*a_2: 1.8713
Acceptance rate a (for entier algorithm): 3.4000
#####################################################################
Iterstion:
12
#####################################################################
Starting DA-GP-MCMC estimating 7 parameters 
MCMC algorithm: MCWM
Adaptation algorithm: noAdaptation
Prior distribution: Normal
Particle filter: parallel_bootstrap, on 4 cores
Nbr particles for particle filter: 200
Covariance - kernel_MH_direct:
[0.0161117 -0.00863341 2.66693e-5 -0.00506119 -0.00289389 0.00813033 0.00637247; -0.00863341 0.00546783 3.5914e-6 0.00241083 0.00139394 -0.00525582 -0.00541592; 2.66693e-5 3.5914e-6 1.82367e-5 -3.97142e-5 -7.43151e-5 6.58272e-5 -5.00135e-6; -0.00506119 0.00241083 -3.97142e-5 0.029185 0.0146502 -0.0294034 -0.00190708; -0.00289389 0.00139394 -7.43151e-5 0.0146502 0.00805734 -0.0163729 -0.00113595; 0.00813033 -0.00525582 6.58272e-5 -0.0294034 -0.0163729 0.0394531 0.00700566; 0.00637247 -0.00541592 -5.00135e-6 -0.00190708 -0.00113595 0.00700566 0.00883558]
Iteration: 1
Covariance:
[0.0232008 -0.0124321 3.84038e-5 -0.00728811 -0.0041672 0.0117077 0.00917636; -0.0124321 0.00787367 5.17161e-6 0.0034716 0.00200727 -0.00756839 -0.00779892; 3.84038e-5 5.17161e-6 2.62608e-5 -5.71884e-5 -0.000107014 9.47912e-5 -7.20195e-6; -0.00728811 0.0034716 -5.71884e-5 0.0420264 0.0210962 -0.0423408 -0.0027462; -0.0041672 0.00200727 -0.000107014 0.0210962 0.0116026 -0.023577 -0.00163577; 0.0117077 -0.00756839 9.47912e-5 -0.0423408 -0.023577 0.0568125 0.0100881; 0.00917636 -0.00779892 -7.20195e-6 -0.0027462 -0.00163577 0.0100881 0.0127232]
Iteration: 1
Covariance:
[0.0232008 -0.0124321 3.84038e-5 -0.00728811 -0.0041672 0.0117077 0.00917636; -0.0124321 0.00787367 5.17161e-6 0.0034716 0.00200727 -0.00756839 -0.00779892; 3.84038e-5 5.17161e-6 2.62608e-5 -5.71884e-5 -0.000107014 9.47912e-5 -7.20195e-6; -0.00728811 0.0034716 -5.71884e-5 0.0420264 0.0210962 -0.0423408 -0.0027462; -0.0041672 0.00200727 -0.000107014 0.0210962 0.0116026 -0.023577 -0.00163577; 0.0117077 -0.00756839 9.47912e-5 -0.0423408 -0.023577 0.0568125 0.0100881; 0.00917636 -0.00779892 -7.20195e-6 -0.0027462 -0.00163577 0.0100881 0.0127232]
Loglik start: -136572.3238 
elapsed time: 1224.806287972 seconds
Ending DA-GP-MCMC with adaptive RW estimating 7 parameters
Algorithm: MCWM
Adaptation algorithm: noAdaptation
Prior distribution: Normal
Particle filter: parallel_bootstrap
Time pre-er:  0
Time fit GP model:  0
Time er-part:  1225
Number early-rejections: 674
Number of cases directly to ordinary MH: 158
Number of cases directly to ordinary MH accepted: 21
Number cases in in DA part: 841
Number cases in second stage: 167
Number accepted in second stage: 14
Total number of evaluations of the particle filter: 325
Acceptance rate for ordinary MH accepted: 13.2911
Acceptance rate a_1: 19.8573
Acceptance rate a_2: 8.3832
Acceptance rate a_1*a_2: 1.6647
Acceptance rate a (for entier algorithm): 3.5000
#####################################################################
Iterstion:
13
#####################################################################
Starting DA-GP-MCMC estimating 7 parameters 
MCMC algorithm: MCWM
Adaptation algorithm: noAdaptation
Prior distribution: Normal
Particle filter: parallel_bootstrap, on 4 cores
Nbr particles for particle filter: 200
Covariance - kernel_MH_direct:
[0.0161117 -0.00863341 2.66693e-5 -0.00506119 -0.00289389 0.00813033 0.00637247; -0.00863341 0.00546783 3.5914e-6 0.00241083 0.00139394 -0.00525582 -0.00541592; 2.66693e-5 3.5914e-6 1.82367e-5 -3.97142e-5 -7.43151e-5 6.58272e-5 -5.00135e-6; -0.00506119 0.00241083 -3.97142e-5 0.029185 0.0146502 -0.0294034 -0.00190708; -0.00289389 0.00139394 -7.43151e-5 0.0146502 0.00805734 -0.0163729 -0.00113595; 0.00813033 -0.00525582 6.58272e-5 -0.0294034 -0.0163729 0.0394531 0.00700566; 0.00637247 -0.00541592 -5.00135e-6 -0.00190708 -0.00113595 0.00700566 0.00883558]
Iteration: 1
Covariance:
[0.0232008 -0.0124321 3.84038e-5 -0.00728811 -0.0041672 0.0117077 0.00917636; -0.0124321 0.00787367 5.17161e-6 0.0034716 0.00200727 -0.00756839 -0.00779892; 3.84038e-5 5.17161e-6 2.62608e-5 -5.71884e-5 -0.000107014 9.47912e-5 -7.20195e-6; -0.00728811 0.0034716 -5.71884e-5 0.0420264 0.0210962 -0.0423408 -0.0027462; -0.0041672 0.00200727 -0.000107014 0.0210962 0.0116026 -0.023577 -0.00163577; 0.0117077 -0.00756839 9.47912e-5 -0.0423408 -0.023577 0.0568125 0.0100881; 0.00917636 -0.00779892 -7.20195e-6 -0.0027462 -0.00163577 0.0100881 0.0127232]
Iteration: 1
Covariance:
[0.0232008 -0.0124321 3.84038e-5 -0.00728811 -0.0041672 0.0117077 0.00917636; -0.0124321 0.00787367 5.17161e-6 0.0034716 0.00200727 -0.00756839 -0.00779892; 3.84038e-5 5.17161e-6 2.62608e-5 -5.71884e-5 -0.000107014 9.47912e-5 -7.20195e-6; -0.00728811 0.0034716 -5.71884e-5 0.0420264 0.0210962 -0.0423408 -0.0027462; -0.0041672 0.00200727 -0.000107014 0.0210962 0.0116026 -0.023577 -0.00163577; 0.0117077 -0.00756839 9.47912e-5 -0.0423408 -0.023577 0.0568125 0.0100881; 0.00917636 -0.00779892 -7.20195e-6 -0.0027462 -0.00163577 0.0100881 0.0127232]
Loglik start: -136581.0535 
elapsed time: 1219.458955133 seconds
Ending DA-GP-MCMC with adaptive RW estimating 7 parameters
Algorithm: MCWM
Adaptation algorithm: noAdaptation
Prior distribution: Normal
Particle filter: parallel_bootstrap
Time pre-er:  0
Time fit GP model:  0
Time er-part:  1219
Number early-rejections: 676
Number of cases directly to ordinary MH: 146
Number of cases directly to ordinary MH accepted: 23
Number cases in in DA part: 853
Number cases in second stage: 177
Number accepted in second stage: 18
Total number of evaluations of the particle filter: 323
Acceptance rate for ordinary MH accepted: 15.7534
Acceptance rate a_1: 20.7503
Acceptance rate a_2: 10.1695
Acceptance rate a_1*a_2: 2.1102
Acceptance rate a (for entier algorithm): 4.1000
#####################################################################
Iterstion:
14
#####################################################################
Starting DA-GP-MCMC estimating 7 parameters 
MCMC algorithm: MCWM
Adaptation algorithm: noAdaptation
Prior distribution: Normal
Particle filter: parallel_bootstrap, on 4 cores
Nbr particles for particle filter: 200
Covariance - kernel_MH_direct:
