run Normal prior model
#####################################################################
Starting MCMC with adaptive RW estimating 7 parameters
Algorithm: MCWM
Adaptation algorithm: AMUpdate_gen
Prior distribution: Normal
Particel filter: parallel_bootstrap, on 10 cores
Iteration: 1
Covariance:
[0.142857 0.0 0.0 0.0 0.0 0.0 0.0; 0.0 0.142857 0.0 0.0 0.0 0.0 0.0; 0.0 0.0 0.142857 0.0 0.0 0.0 0.0; 0.0 0.0 0.0 0.142857 0.0 0.0 0.0; 0.0 0.0 0.0 0.0 0.142857 0.0 0.0; 0.0 0.0 0.0 0.0 0.0 0.142857 0.0; 0.0 0.0 0.0 0.0 0.0 0.0 0.142857]
	From worker 6:	ESS: 404.5628
	From worker 6:	Nbr resample: 24799 
	From worker 10:	ESS: 368.6320
	From worker 10:	Nbr resample: 24799 
	From worker 5:	ESS: 427.0801
	From worker 7:	ESS: 362.2182
	From worker 5:	Nbr resample: 24799 
	From worker 7:	Nbr resample: 24799 
	From worker 4:	ESS: 363.2982
	From worker 4:	Nbr resample: 24799 
	From worker 8:	ESS: 373.4251
	From worker 8:	Nbr resample: 24799 
	From worker 9:	ESS: 411.5245
	From worker 9:	Nbr resample: 24799 
	From worker 2:	ESS: 367.7456
	From worker 2:	Nbr resample: 24799 
	From worker 11:	ESS: 359.7232
	From worker 11:	Nbr resample: 24799 
	From worker 3:	ESS: 374.7804
	From worker 3:	Nbr resample: 24799 
Loglik: -194516.5818 
Percentage done: 0.33 % 
Acceptance rate on iteration 1 to 100 is 0.1515
Covariance:
[0.0138638 0.00166284 -0.00444961 -0.00408241 0.00157634 -0.0020078 -0.00518297; 0.00166284 0.00490488 -0.00100344 -0.00108768 0.000436456 -0.000785067 -0.00144579; -0.00444961 -0.00100344 0.00851715 0.00137437 -0.00137316 0.000403378 0.00256179; -0.00408241 -0.00108768 0.00137437 0.00711058 -0.000641653 0.00199766 0.0031573; 0.00157634 0.000436456 -0.00137316 -0.000641653 0.00571827 -0.000285622 -0.00120764; -0.0020078 -0.000785067 0.000403378 0.00199766 -0.000285622 0.00625383 0.00231836; -0.00518297 -0.00144579 0.00256179 0.0031573 -0.00120764 0.00231836 0.00850256]
Loglik: -186652.6778 
Loglik values on different cores:
[-1.86666e5,-1.86693e5,-1.86719e5,-1.86702e5,-1.86724e5,-1.86713e5,-1.86728e5,-186669.0,-1.86696e5,-1.86645e5]
	From worker 10:	ESS: 257.9485
	From worker 10:	Nbr resample: 24799 
	From worker 4:	ESS: 319.4417
	From worker 4:	Nbr resample: 24799 
	From worker 6:	ESS: 238.0260
	From worker 6:	Nbr resample: 24799 
	From worker 5:	ESS: 387.2664
	From worker 5:	Nbr resample: 24799 
	From worker 7:	ESS: 339.4583
	From worker 7:	Nbr resample: 24799 
	From worker 11:	ESS: 300.8348
	From worker 11:	Nbr resample: 24799 
	From worker 8:	ESS: 357.5537
	From worker 8:	Nbr resample: 24799 
	From worker 9:	ESS: 354.4745
	From worker 9:	Nbr resample: 24799 
	From worker 2:	ESS: 274.1895
	From worker 2:	Nbr resample: 24799 
	From worker 3:	ESS: 301.4676
	From worker 3:	Nbr resample: 24799 
	From worker 10:	ESS: 358.9877
	From worker 10:	Nbr resample: 24799 
	From worker 4:	ESS: 238.0429
	From worker 4:	Nbr resample: 24799 
	From worker 6:	ESS: 317.8739
	From worker 6:	Nbr resample: 24799 
	From worker 5:	ESS: 374.4895
	From worker 5:	Nbr resample: 24799 
	From worker 11:	ESS: 302.2731
	From worker 11:	Nbr resample: 24799 
	From worker 7:	ESS: 255.0052
	From worker 7:	Nbr resample: 24799 
	From worker 8:	ESS: 250.7216
	From worker 8:	Nbr resample: 24799 
	From worker 2:	ESS: 372.3386
	From worker 2:	Nbr resample: 24799 
	From worker 9:	ESS: 361.0875
	From worker 9:	Nbr resample: 24799 
	From worker 3:	ESS: 398.1765
	From worker 3:	Nbr resample: 24799 
Percentage done: 0.67 % 
Acceptance rate on iteration 101 to 200 is 0.1919
Covariance:
[0.00374656 -0.000243112 -0.0016674 -0.000491548 -0.000543987 0.00178346 0.00084145; -0.000243112 0.000796083 0.000153761 -0.000224814 0.000244008 -0.000741483 -0.000633201; -0.0016674 0.000153761 0.00183684 3.14677e-5 0.00026498 -0.00137845 -0.000625626; -0.000491548 -0.000224814 3.14677e-5 0.00163535 -7.41177e-5 0.0014231 0.000825659; -0.000543987 0.000244008 0.00026498 -7.41177e-5 0.00118148 -0.000991346 -0.000871961; 0.00178346 -0.000741483 -0.00137845 0.0014231 -0.000991346 0.00531891 0.00280545; 0.00084145 -0.000633201 -0.000625626 0.000825659 -0.000871961 0.00280545 0.0028424]
Loglik: -186599.3509 
Loglik values on different cores:
[-1.86663e5,-1.86641e5,-1.86641e5,-1.86656e5,-1.86676e5,-1.86649e5,-1.86655e5,-1.8664e5,-1.86628e5,-1.86642e5]
	From worker 4:	ESS: 438.2619
	From worker 4:	Nbr resample: 24799 
	From worker 5:	ESS: 243.7337
	From worker 5:	Nbr resample: 24799 
	From worker 6:	ESS: 276.1940
	From worker 6:	Nbr resample: 24799 
	From worker 10:	ESS: 275.3899
	From worker 10:	Nbr resample: 24799 
	From worker 7:	ESS: 346.2376
	From worker 7:	Nbr resample: 24799 
	From worker 2:	ESS: 301.9376
	From worker 2:	Nbr resample: 24799 
	From worker 8:	ESS: 475.1351
	From worker 8:	Nbr resample: 24799 
	From worker 11:	ESS: 282.9458
	From worker 11:	Nbr resample: 24799 
	From worker 9:	ESS: 205.5888
	From worker 9:	Nbr resample: 24799 
	From worker 3:	ESS: 341.0315
	From worker 3:	Nbr resample: 24799 
	From worker 6:	ESS: 272.3613
	From worker 6:	Nbr resample: 24799 
	From worker 5:	ESS: 284.1898
	From worker 5:	Nbr resample: 24799 
	From worker 4:	ESS: 273.0474
	From worker 4:	Nbr resample: 24799 
	From worker 10:	ESS: 334.0264
	From worker 10:	Nbr resample: 24799 
	From worker 11:	ESS: 279.2927
	From worker 11:	Nbr resample: 24799 
	From worker 7:	ESS: 317.7089
	From worker 7:	Nbr resample: 24799 
	From worker 9:	ESS: 335.5657
	From worker 9:	Nbr resample: 24799 
	From worker 8:	ESS: 245.4623
	From worker 8:	Nbr resample: 24799 
	From worker 2:	ESS: 260.4251
	From worker 2:	Nbr resample: 24799 
	From worker 3:	ESS: 296.2539
	From worker 3:	Nbr resample: 24799 
Percentage done: 1.00 % 
Acceptance rate on iteration 201 to 300 is 0.2424
Covariance:
[0.00294699 -0.000504722 -0.001233 -0.000485584 -0.000380372 0.00121166 0.00100325; -0.000504722 0.000386957 0.000262415 3.53032e-5 0.000162702 -0.000356883 -0.000406255; -0.001233 0.000262415 0.00204831 -0.000373525 0.000238313 -0.000243521 -0.000918285; -0.000485584 3.53032e-5 -0.000373525 0.00114884 0.000132091 0.000344739 0.000311034; -0.000380372 0.000162702 0.000238313 0.000132091 0.00054298 -0.00029455 -0.000423271; 0.00121166 -0.000356883 -0.000243521 0.000344739 -0.00029455 0.00236362 0.0010597; 0.00100325 -0.000406255 -0.000918285 0.000311034 -0.000423271 0.0010597 0.00144667]
Loglik: -186567.7204 
Loglik values on different cores:
[-1.86607e5,-1.86585e5,-1.86566e5,-1.86555e5,-1.86603e5,-186614.0,-186562.0,-1.86573e5,-1.86609e5,-1.86607e5]
	From worker 10:	ESS: 256.4023
	From worker 10:	Nbr resample: 24799 
	From worker 4:	ESS: 215.6349
	From worker 4:	Nbr resample: 24799 
	From worker 6:	ESS: 200.0836
	From worker 6:	Nbr resample: 24799 
	From worker 5:	ESS: 265.9421
	From worker 5:	Nbr resample: 24799 
	From worker 8:	ESS: 254.2138
	From worker 8:	Nbr resample: 24799 
	From worker 7:	ESS: 270.7429
	From worker 7:	Nbr resample: 24799 
	From worker 9:	ESS: 282.6471
	From worker 9:	Nbr resample: 24799 
	From worker 11:	ESS: 254.2240
	From worker 11:	Nbr resample: 24799 
	From worker 2:	ESS: 269.3436
	From worker 2:	Nbr resample: 24799 
	From worker 3:	ESS: 238.5074
	From worker 3:	Nbr resample: 24799 
	From worker 4:	ESS: 295.8542
	From worker 4:	Nbr resample: 24799 
	From worker 5:	ESS: 240.4208
	From worker 5:	Nbr resample: 24799 
	From worker 10:	ESS: 265.8916
	From worker 10:	Nbr resample: 24799 
	From worker 6:	ESS: 297.6280
	From worker 6:	Nbr resample: 24799 
	From worker 7:	ESS: 224.3591
	From worker 7:	Nbr resample: 24799 
	From worker 8:	ESS: 267.3160
	From worker 8:	Nbr resample: 24799 
	From worker 11:	ESS: 229.8699
	From worker 11:	Nbr resample: 24799 
	From worker 2:	ESS: 285.4504
	From worker 2:	Nbr resample: 24799 
	From worker 9:	ESS: 240.5333
	From worker 9:	Nbr resample: 24799 
	From worker 3:	ESS: 243.5191
	From worker 3:	Nbr resample: 24799 
Percentage done: 1.33 % 
Acceptance rate on iteration 301 to 400 is 0.1818
Covariance:
[0.00137593 -0.000192637 -0.000339911 -0.000404443 -0.000175802 0.00058382 0.000396788; -0.000192637 0.000153048 8.29169e-5 1.33266e-5 5.66204e-5 -0.000136979 -0.000161896; -0.000339911 8.29169e-5 0.00096041 2.58727e-5 0.000168169 0.000261223 -0.000258843; -0.000404443 1.33266e-5 2.58727e-5 0.00123752 0.000245305 0.00072163 0.000258639; -0.000175802 5.66204e-5 0.000168169 0.000245305 0.000271189 6.35674e-5 -0.000118375; 0.00058382 -0.000136979 0.000261223 0.00072163 6.35674e-5 0.00173702 0.000581255; 0.000396788 -0.000161896 -0.000258843 0.000258639 -0.000118375 0.000581255 0.00059646]
Loglik: -186500.5964 
Loglik values on different cores:
[-1.86591e5,-1.86555e5,-1.86556e5,-1.86568e5,-186603.0,-186595.0,-1.86581e5,-1.86551e5,-1.86594e5,-1.86542e5]
	From worker 10:	ESS: 259.4483
	From worker 10:	Nbr resample: 24799 
	From worker 6:	ESS: 271.7213
	From worker 6:	Nbr resample: 24799 
	From worker 4:	ESS: 250.6944
	From worker 4:	Nbr resample: 24799 
	From worker 5:	ESS: 154.9778
	From worker 5:	Nbr resample: 24799 
	From worker 7:	ESS: 324.9724
	From worker 7:	Nbr resample: 24799 
	From worker 8:	ESS: 294.5735
	From worker 8:	Nbr resample: 24799 
	From worker 11:	ESS: 229.9070
	From worker 11:	Nbr resample: 24799 
	From worker 2:	ESS: 305.3168
	From worker 2:	Nbr resample: 24799 
	From worker 9:	ESS: 301.0389
	From worker 9:	Nbr resample: 24799 
	From worker 3:	ESS: 263.7998
	From worker 3:	Nbr resample: 24799 
	From worker 10:	ESS: 262.2923
	From worker 10:	Nbr resample: 24799 
	From worker 4:	ESS: 284.2111
	From worker 4:	Nbr resample: 24799 
	From worker 5:	ESS: 328.2332
	From worker 5:	Nbr resample: 24799 
	From worker 6:	ESS: 287.4670
	From worker 6:	Nbr resample: 24799 
	From worker 2:	ESS: 273.6611
	From worker 2:	Nbr resample: 24799 
	From worker 8:	ESS: 365.1437
	From worker 8:	Nbr resample: 24799 
	From worker 11:	ESS: 264.8039
	From worker 11:	Nbr resample: 24799 
	From worker 7:	ESS: 320.9109
	From worker 7:	Nbr resample: 24799 
	From worker 9:	ESS: 303.9125
	From worker 9:	Nbr resample: 24799 
	From worker 3:	ESS: 260.8850
	From worker 3:	Nbr resample: 24799 
Percentage done: 1.67 % 
Acceptance rate on iteration 401 to 500 is 0.3333
Covariance:
[0.00117914 -0.000140176 -0.000227875 -0.000297215 -3.52352e-5 0.000288621 0.000255823; -0.000140176 0.000100387 4.09303e-5 -5.8801e-5 5.00967e-6 -0.000140663 -0.000119986; -0.000227875 4.09303e-5 0.000579085 0.000197041 0.000145952 0.00030553 -9.90234e-5; -0.000297215 -5.8801e-5 0.000197041 0.00226083 0.000594855 0.00173042 0.000547918; -3.52352e-5 5.00967e-6 0.000145952 0.000594855 0.00031769 0.000419081 5.95319e-5; 0.000288621 -0.000140663 0.00030553 0.00173042 0.000419081 0.00212498 0.000678569; 0.000255823 -0.000119986 -9.90234e-5 0.000547918 5.95319e-5 0.000678569 0.000461408]
Loglik: -186485.9062 
Loglik values on different cores:
[-1.86544e5,-1.86547e5,-1.86548e5,-1.86523e5,-1.86539e5,-1.86552e5,-1.86523e5,-1.86546e5,-1.8651e5,-1.86504e5]
	From worker 10:	ESS: 274.5678
	From worker 10:	Nbr resample: 24799 
	From worker 4:	ESS: 209.5501
	From worker 4:	Nbr resample: 24799 
	From worker 5:	ESS: 350.7727
	From worker 5:	Nbr resample: 24799 
	From worker 6:	ESS: 252.2260
	From worker 6:	Nbr resample: 24799 
	From worker 2:	ESS: 239.6076
	From worker 2:	Nbr resample: 24799 
	From worker 7:	ESS: 330.9820
	From worker 7:	Nbr resample: 24799 
	From worker 8:	ESS: 277.0240
	From worker 8:	Nbr resample: 24799 
	From worker 9:	ESS: 307.5571
	From worker 9:	Nbr resample: 24799 
	From worker 11:	ESS: 358.7418
	From worker 11:	Nbr resample: 24799 
	From worker 3:	ESS: 280.8360
	From worker 3:	Nbr resample: 24799 
	From worker 6:	ESS: 249.3838
	From worker 6:	Nbr resample: 24799 
	From worker 10:	ESS: 332.8606
	From worker 10:	Nbr resample: 24799 
	From worker 4:	ESS: 322.6584
	From worker 4:	Nbr resample: 24799 
	From worker 5:	ESS: 273.5064
	From worker 5:	Nbr resample: 24799 
	From worker 11:	ESS: 306.6776
	From worker 11:	Nbr resample: 24799 
	From worker 2:	ESS: 311.1375
	From worker 2:	Nbr resample: 24799 
	From worker 7:	ESS: 313.4552
	From worker 7:	Nbr resample: 24799 
	From worker 8:	ESS: 286.7378
	From worker 8:	Nbr resample: 24799 
	From worker 9:	ESS: 299.8289
	From worker 9:	Nbr resample: 24799 
	From worker 3:	ESS: 278.8872
	From worker 3:	Nbr resample: 24799 
Percentage done: 2.00 % 
Acceptance rate on iteration 501 to 600 is 0.2727
Covariance:
[0.000817029 -6.69327e-5 -0.000148276 -0.000363401 -3.52669e-6 -5.59109e-5 0.000136093; -6.69327e-5 7.32218e-5 2.1997e-5 -3.3249e-5 -1.20701e-5 -8.9406e-5 -5.48614e-5; -0.000148276 2.1997e-5 0.000340993 0.000144234 8.40932e-5 0.00021756 -5.66149e-5; -0.000363401 -3.3249e-5 0.000144234 0.0017538 0.000327317 0.00146801 0.000386418; -3.52669e-6 -1.20701e-5 8.40932e-5 0.000327317 0.000224664 0.000213942 1.42006e-5; -5.59109e-5 -8.9406e-5 0.00021756 0.00146801 0.000213942 0.00176804 0.000451676; 0.000136093 -5.48614e-5 -5.66149e-5 0.000386418 1.42006e-5 0.000451676 0.000301483]
Loglik: -186514.7466 
Loglik values on different cores:
[-1.86547e5,-186528.0,-1.86577e5,-1.86558e5,-1.86568e5,-1.86593e5,-1.86578e5,-1.86532e5,-1.86562e5,-1.866e5]
	From worker 5:	ESS: 364.5260
	From worker 5:	Nbr resample: 24799 
	From worker 4:	ESS: 286.5840
	From worker 4:	Nbr resample: 24799 
	From worker 10:	ESS: 250.0377
	From worker 10:	Nbr resample: 24799 
	From worker 6:	ESS: 260.1341
	From worker 6:	Nbr resample: 24799 
	From worker 7:	ESS: 214.5881
	From worker 7:	Nbr resample: 24799 
	From worker 2:	ESS: 267.9050
	From worker 2:	Nbr resample: 24799 
	From worker 8:	ESS: 239.0596
	From worker 8:	Nbr resample: 24799 
	From worker 11:	ESS: 298.9214
	From worker 11:	Nbr resample: 24799 
	From worker 9:	ESS: 279.9169
	From worker 9:	Nbr resample: 24799 
	From worker 3:	ESS: 360.9819
	From worker 3:	Nbr resample: 24799 
	From worker 6:	ESS: 252.0696
	From worker 6:	Nbr resample: 24799 
	From worker 5:	ESS: 252.8607
	From worker 5:	Nbr resample: 24799 
	From worker 4:	ESS: 267.2978
	From worker 4:	Nbr resample: 24799 
	From worker 10:	ESS: 276.0280
	From worker 10:	Nbr resample: 24799 
	From worker 7:	ESS: 412.3015
	From worker 7:	Nbr resample: 24799 
	From worker 2:	ESS: 217.7013
	From worker 2:	Nbr resample: 24799 
	From worker 11:	ESS: 312.8603
	From worker 11:	Nbr resample: 24799 
	From worker 8:	ESS: 278.1600
	From worker 8:	Nbr resample: 24799 
	From worker 9:	ESS: 296.0836
	From worker 9:	Nbr resample: 24799 
	From worker 3:	ESS: 286.4080
	From worker 3:	Nbr resample: 24799 
Percentage done: 2.33 % 
Acceptance rate on iteration 601 to 700 is 0.3535
Covariance:
[0.000880735 -6.49612e-5 -0.000119103 -0.000222395 0.000138272 -0.00035671 0.00010869; -6.49612e-5 5.4325e-5 1.45243e-5 -3.11388e-5 -1.88189e-5 -5.02637e-5 -3.88478e-5; -0.000119103 1.45243e-5 0.000238889 0.000110832 5.57159e-5 0.00017706 -4.19846e-5; -0.000222395 -3.11388e-5 0.000110832 0.00131014 0.000282694 0.00104256 0.000251551; 0.000138272 -1.88189e-5 5.57159e-5 0.000282694 0.000243483 2.36366e-5 2.78311e-6; -0.00035671 -5.02637e-5 0.00017706 0.00104256 2.36366e-5 0.00164083 0.000291957; 0.00010869 -3.88478e-5 -4.19846e-5 0.000251551 2.78311e-6 0.000291957 0.000223052]
Loglik: -186499.2279 
Loglik values on different cores:
[-1.86515e5,-1.86534e5,-1.86533e5,-1.86529e5,-1.86511e5,-1.86542e5,-186482.0,-1.86513e5,-1.86511e5,-186530.0]
	From worker 6:	ESS: 329.4379
	From worker 6:	Nbr resample: 24799 
	From worker 10:	ESS: 342.8435
	From worker 10:	Nbr resample: 24799 
	From worker 2:	ESS: 366.7129
	From worker 2:	Nbr resample: 24799 
	From worker 4:	ESS: 322.5752
	From worker 4:	Nbr resample: 24799 
	From worker 5:	ESS: 293.2473
	From worker 5:	Nbr resample: 24799 
	From worker 8:	ESS: 297.8167
	From worker 8:	Nbr resample: 24799 
	From worker 7:	ESS: 296.8767
	From worker 7:	Nbr resample: 24799 
	From worker 11:	ESS: 278.7102
	From worker 11:	Nbr resample: 24799 
	From worker 9:	ESS: 288.5003
	From worker 9:	Nbr resample: 24799 
	From worker 3:	ESS: 273.7243
	From worker 3:	Nbr resample: 24799 
	From worker 4:	ESS: 243.1109
	From worker 4:	Nbr resample: 24799 
	From worker 2:	ESS: 299.3626
	From worker 2:	Nbr resample: 24799 
	From worker 10:	ESS: 344.5842
	From worker 10:	Nbr resample: 24799 
	From worker 6:	ESS: 268.4551
	From worker 6:	Nbr resample: 24799 
	From worker 5:	ESS: 235.9833
	From worker 5:	Nbr resample: 24799 
	From worker 7:	ESS: 362.1294
	From worker 7:	Nbr resample: 24799 
	From worker 9:	ESS: 258.4883
	From worker 9:	Nbr resample: 24799 
	From worker 8:	ESS: 232.8817
	From worker 8:	Nbr resample: 24799 
	From worker 11:	ESS: 333.3772
	From worker 11:	Nbr resample: 24799 
	From worker 3:	ESS: 351.9760
	From worker 3:	Nbr resample: 24799 
Percentage done: 2.67 % 
Acceptance rate on iteration 701 to 800 is 0.2828
Covariance:
[0.000850065 -9.51964e-5 -9.61631e-5 0.000177189 -0.000112256 0.000300949 0.000419421; -9.51964e-5 5.10203e-5 1.29792e-5 -8.17849e-5 2.4705e-5 -0.000138217 -9.6152e-5; -9.61631e-5 1.29792e-5 0.000166451 3.40487e-5 5.35192e-5 7.07498e-5 -5.80192e-5; 0.000177189 -8.17849e-5 3.40487e-5 0.00160438 -0.000100965 0.00165165 0.000716662; -0.000112256 2.4705e-5 5.35192e-5 -0.000100965 0.000356286 -0.000468638 -0.000298457; 0.000300949 -0.000138217 7.07498e-5 0.00165165 -0.000468638 0.00252398 0.00104627; 0.000419421 -9.6152e-5 -5.80192e-5 0.000716662 -0.000298457 0.00104627 0.000672123]
Loglik: -186502.7523 
Loglik values on different cores:
[-1.86534e5,-186518.0,-1.86501e5,-186559.0,-1.86524e5,-1.86525e5,-1.86494e5,-1.86544e5,-1.86516e5,-1.86537e5]
	From worker 4:	ESS: 263.4882
	From worker 4:	Nbr resample: 24799 
	From worker 5:	ESS: 286.3369
	From worker 5:	Nbr resample: 24799 
	From worker 2:	ESS: 292.8561
	From worker 2:	Nbr resample: 24799 
	From worker 6:	ESS: 289.6215
	From worker 6:	Nbr resample: 24799 
	From worker 10:	ESS: 367.4570
	From worker 10:	Nbr resample: 24799 
	From worker 8:	ESS: 286.0727
	From worker 8:	Nbr resample: 24799 
	From worker 7:	ESS: 281.4901
	From worker 7:	Nbr resample: 24799 
	From worker 11:	ESS: 284.0629
	From worker 11:	Nbr resample: 24799 
	From worker 9:	ESS: 239.4432
	From worker 9:	Nbr resample: 24799 
	From worker 3:	ESS: 337.4905
	From worker 3:	Nbr resample: 24799 
	From worker 4:	ESS: 288.6002
	From worker 4:	Nbr resample: 24799 
	From worker 2:	ESS: 292.6093
	From worker 2:	Nbr resample: 24799 
	From worker 9:	ESS: 249.2709
	From worker 9:	Nbr resample: 24799 
	From worker 10:	ESS: 289.2279
	From worker 10:	Nbr resample: 24799 
	From worker 6:	ESS: 272.0365
	From worker 6:	Nbr resample: 24799 
	From worker 5:	ESS: 354.5329
	From worker 5:	Nbr resample: 24799 
	From worker 8:	ESS: 366.1569
	From worker 8:	Nbr resample: 24799 
	From worker 7:	ESS: 223.7277
	From worker 7:	Nbr resample: 24799 
	From worker 11:	ESS: 227.7140
	From worker 11:	Nbr resample: 24799 
	From worker 3:	ESS: 353.4119
	From worker 3:	Nbr resample: 24799 
Percentage done: 3.00 % 
Acceptance rate on iteration 801 to 900 is 0.3535
Covariance:
[0.000750987 -7.46945e-5 -8.83872e-5 0.000144186 -8.498e-5 0.000214163 0.000329888; -7.46945e-5 3.92122e-5 9.52626e-6 -5.94967e-5 1.25932e-5 -8.76644e-5 -6.68254e-5; -8.83872e-5 9.52626e-6 0.000133687 -6.21955e-6 4.9797e-5 3.26288e-5 -5.88204e-5; 0.000144186 -5.94967e-5 -6.21955e-6 0.0015233 -9.50817e-5 0.00134607 0.000611626; -8.498e-5 1.25932e-5 4.9797e-5 -9.50817e-5 0.000319259 -0.000448736 -0.00026376; 0.000214163 -8.76644e-5 3.26288e-5 0.00134607 -0.000448736 0.00210988 0.000870282; 0.000329888 -6.68254e-5 -5.88204e-5 0.000611626 -0.00026376 0.000870282 0.000548024]
Loglik: -186506.1257 
Loglik values on different cores:
[-1.8656e5,-1.86525e5,-1.8654e5,-1.86536e5,-1.86487e5,-1.86516e5,-1.86514e5,-1.86532e5,-1.86529e5,-1.86519e5]
	From worker 2:	ESS: 277.8020
	From worker 2:	Nbr resample: 24799 
	From worker 4:	ESS: 311.1010
	From worker 4:	Nbr resample: 24799 
	From worker 6:	ESS: 292.6102
	From worker 6:	Nbr resample: 24799 
	From worker 10:	ESS: 317.2697
	From worker 10:	Nbr resample: 24799 
	From worker 5:	ESS: 322.6326
	From worker 5:	Nbr resample: 24799 
	From worker 8:	ESS: 333.5507
	From worker 8:	Nbr resample: 24799 
	From worker 7:	ESS: 330.3257
	From worker 7:	Nbr resample: 24799 
	From worker 9:	ESS: 363.1628
	From worker 9:	Nbr resample: 24799 
	From worker 11:	ESS: 250.9307
	From worker 11:	Nbr resample: 24799 
	From worker 3:	ESS: 328.1246
	From worker 3:	Nbr resample: 24799 
	From worker 4:	ESS: 284.2770
	From worker 4:	Nbr resample: 24799 
	From worker 5:	ESS: 261.0755
	From worker 5:	Nbr resample: 24799 
	From worker 2:	ESS: 334.3394
	From worker 2:	Nbr resample: 24799 
	From worker 10:	ESS: 322.6764
	From worker 10:	Nbr resample: 24799 
	From worker 6:	ESS: 275.2192
	From worker 6:	Nbr resample: 24799 
	From worker 7:	ESS: 301.1390
	From worker 7:	Nbr resample: 24799 
	From worker 11:	ESS: 342.7375
	From worker 11:	Nbr resample: 24799 
	From worker 8:	ESS: 339.1238
	From worker 8:	Nbr resample: 24799 
	From worker 9:	ESS: 366.7998
	From worker 9:	Nbr resample: 24799 
	From worker 3:	ESS: 260.8140
	From worker 3:	Nbr resample: 24799 
Percentage done: 3.33 % 
Acceptance rate on iteration 901 to 1000 is 0.3636
Covariance:
[0.000884274 -6.98091e-5 -8.40414e-5 0.000261575 -0.000150585 0.000604847 0.000297007; -6.98091e-5 3.24195e-5 9.15475e-6 -5.37199e-5 1.1711e-5 -8.65367e-5 -5.66905e-5; -8.40414e-5 9.15475e-6 0.000107279 -1.87746e-5 5.30467e-5 -1.4249e-5 -5.85617e-5; 0.000261575 -5.37199e-5 -1.87746e-5 0.00130947 -0.000101263 0.00128204 0.000493407; -0.000150585 1.1711e-5 5.30467e-5 -0.000101263 0.000385386 -0.000626355 -0.000258507; 0.000604847 -8.65367e-5 -1.4249e-5 0.00128204 -0.000626355 0.00253715 0.00078915; 0.000297007 -5.66905e-5 -5.85617e-5 0.000493407 -0.000258507 0.00078915 0.000464513]
Loglik: -186507.5539 
Loglik values on different cores:
[-1.86509e5,-1.86519e5,-186570.0,-1.86516e5,-1.86538e5,-1.86531e5,-1.86507e5,-1.86528e5,-1.86536e5,-1.86529e5]
	From worker 2:	ESS: 296.5147
	From worker 2:	Nbr resample: 24799 
	From worker 10:	ESS: 264.7598
	From worker 10:	Nbr resample: 24799 
	From worker 4:	ESS: 262.8754
	From worker 4:	Nbr resample: 24799 
	From worker 5:	ESS: 378.3842
	From worker 5:	Nbr resample: 24799 
	From worker 6:	ESS: 320.2165
	From worker 6:	Nbr resample: 24799 
	From worker 8:	ESS: 241.8958
	From worker 8:	Nbr resample: 24799 
	From worker 7:	ESS: 288.9669
	From worker 7:	Nbr resample: 24799 
	From worker 11:	ESS: 270.6309
	From worker 11:	Nbr resample: 24799 
	From worker 9:	ESS: 292.5933
	From worker 9:	Nbr resample: 24799 
	From worker 3:	ESS: 229.3044
	From worker 3:	Nbr resample: 24799 
	From worker 4:	ESS: 257.1204
	From worker 4:	Nbr resample: 24799 
	From worker 2:	ESS: 252.8512
	From worker 2:	Nbr resample: 24799 
	From worker 5:	ESS: 307.8191
	From worker 5:	Nbr resample: 24799 
	From worker 10:	ESS: 270.3574
	From worker 10:	Nbr resample: 24799 
	From worker 6:	ESS: 300.9825
	From worker 6:	Nbr resample: 24799 
	From worker 7:	ESS: 338.7314
	From worker 7:	Nbr resample: 24799 
	From worker 9:	ESS: 260.0479
	From worker 9:	Nbr resample: 24799 
	From worker 11:	ESS: 234.9853
	From worker 11:	Nbr resample: 24799 
	From worker 8:	ESS: 247.7787
	From worker 8:	Nbr resample: 24799 
	From worker 3:	ESS: 238.3080
	From worker 3:	Nbr resample: 24799 
Percentage done: 3.67 % 
Acceptance rate on iteration 1001 to 1100 is 0.4646
Covariance:
[0.00117529 -0.000100731 -8.87716e-5 0.000143587 -0.000404518 0.000934179 0.000351341; -0.000100731 4.06341e-5 1.70462e-5 -3.09045e-5 0.000110949 -0.000252648 -5.84979e-5; -8.87716e-5 1.70462e-5 0.000110421 3.26937e-6 0.000144119 -0.000178928 -5.62469e-5; 0.000143587 -3.09045e-5 3.26937e-6 0.00132988 0.000237731 0.000648519 0.000428249; -0.000404518 0.000110949 0.000144119 0.000237731 0.00193005 -0.00328473 -0.000325682; 0.000934179 -0.000252648 -0.000178928 0.000648519 -0.00328473 0.00701016 0.000873945; 0.000351341 -5.84979e-5 -5.62469e-5 0.000428249 -0.000325682 0.000873945 0.000446843]
Loglik: -186494.2182 
Loglik values on different cores:
[-1.86525e5,-1.8656e5,-1.86547e5,-1.86519e5,-1.86556e5,-1.86533e5,-186552.0,-1.86563e5,-1.86526e5,-186524.0]
	From worker 4:	ESS: 286.1946
	From worker 4:	Nbr resample: 24799 
	From worker 2:	ESS: 228.1563
	From worker 2:	Nbr resample: 24799 
	From worker 10:	ESS: 336.8737
	From worker 10:	Nbr resample: 24799 
	From worker 5:	ESS: 273.4791
	From worker 5:	Nbr resample: 24799 
	From worker 6:	ESS: 344.2366
	From worker 6:	Nbr resample: 24799 
	From worker 7:	ESS: 263.1782
	From worker 7:	Nbr resample: 24799 
	From worker 8:	ESS: 259.9562
	From worker 8:	Nbr resample: 24799 
	From worker 11:	ESS: 279.3038
	From worker 11:	Nbr resample: 24799 
	From worker 9:	ESS: 316.7866
	From worker 9:	Nbr resample: 24799 
	From worker 3:	ESS: 258.2113
	From worker 3:	Nbr resample: 24799 
	From worker 4:	ESS: 276.7570
	From worker 4:	Nbr resample: 24799 
	From worker 2:	ESS: 322.7116
	From worker 2:	Nbr resample: 24799 
	From worker 10:	ESS: 287.0043
	From worker 10:	Nbr resample: 24799 
	From worker 5:	ESS: 249.7290
	From worker 5:	Nbr resample: 24799 
	From worker 6:	ESS: 311.6706
	From worker 6:	Nbr resample: 24799 
	From worker 7:	ESS: 274.2293
	From worker 7:	Nbr resample: 24799 
	From worker 8:	ESS: 252.1974
	From worker 8:	Nbr resample: 24799 
	From worker 11:	ESS: 282.1819
	From worker 11:	Nbr resample: 24799 
	From worker 9:	ESS: 202.4162
	From worker 9:	Nbr resample: 24799 
	From worker 3:	ESS: 305.5733
	From worker 3:	Nbr resample: 24799 
Percentage done: 4.00 % 
Acceptance rate on iteration 1101 to 1200 is 0.3131
Covariance:
[0.00120257 -0.000214056 -0.000174934 8.95632e-5 -0.00106297 0.00189214 0.000439264; -0.000214056 0.000105528 6.98026e-5 -6.46772e-6 0.000504685 -0.000868726 -0.000115992; -0.000174934 6.98026e-5 0.000137458 -2.52458e-5 0.000478928 -0.000736042 -0.000120121; 8.95632e-5 -6.46772e-6 -2.52458e-5 0.00144036 0.000122632 0.000756062 0.000526339; -0.00106297 0.000504685 0.000478928 0.000122632 0.00419948 -0.00691954 -0.000728867; 0.00189214 -0.000868726 -0.000736042 0.000756062 -0.00691954 0.0126179 0.00149989; 0.000439264 -0.000115992 -0.000120121 0.000526339 -0.000728867 0.00149989 0.000549538]
Loglik: -186494.3022 
Loglik values on different cores:
[-1.86518e5,-1.86497e5,-1.86498e5,-186524.0,-186476.0,-1.86523e5,-1.86502e5,-1.86518e5,-1.86526e5,-1.86528e5]
	From worker 6:	ESS: 266.8035
	From worker 6:	Nbr resample: 24799 
	From worker 2:	ESS: 304.7883
	From worker 2:	Nbr resample: 24799 
	From worker 4:	ESS: 262.7699
	From worker 4:	Nbr resample: 24799 
	From worker 5:	ESS: 286.5363
	From worker 5:	Nbr resample: 24799 
	From worker 10:	ESS: 237.5431
	From worker 10:	Nbr resample: 24799 
	From worker 7:	ESS: 247.5239
	From worker 7:	Nbr resample: 24799 
	From worker 8:	ESS: 202.3161
	From worker 8:	Nbr resample: 24799 
	From worker 11:	ESS: 250.7741
	From worker 11:	Nbr resample: 24799 
	From worker 9:	ESS: 198.0456
	From worker 9:	Nbr resample: 24799 
	From worker 3:	ESS: 278.2111
	From worker 3:	Nbr resample: 24799 
	From worker 4:	ESS: 276.5342
	From worker 4:	Nbr resample: 24799 
	From worker 5:	ESS: 276.2132
	From worker 5:	Nbr resample: 24799 
	From worker 6:	ESS: 221.4548
	From worker 6:	Nbr resample: 24799 
	From worker 2:	ESS: 231.3761
	From worker 2:	Nbr resample: 24799 
	From worker 10:	ESS: 271.3148
	From worker 10:	Nbr resample: 24799 
	From worker 7:	ESS: 261.4154
	From worker 7:	Nbr resample: 24799 
	From worker 9:	ESS: 211.3221
	From worker 9:	Nbr resample: 24799 
	From worker 11:	ESS: 337.4260
	From worker 11:	Nbr resample: 24799 
	From worker 8:	ESS: 331.6296
	From worker 8:	Nbr resample: 24799 
	From worker 3:	ESS: 323.9718
	From worker 3:	Nbr resample: 24799 
Percentage done: 4.33 % 
Acceptance rate on iteration 1201 to 1300 is 0.3434
Covariance:
[0.00214653 -0.00039027 -0.000270616 -0.00136508 -0.00256217 0.00367716 0.00053799; -0.00039027 0.000131871 7.74057e-5 0.000267787 0.00072824 -0.00113131 -0.000120494; -0.000270616 7.74057e-5 0.000133373 0.000119131 0.000585011 -0.000828752 -0.000134175; -0.00136508 0.000267787 0.000119131 0.0031241 0.00218933 -0.00201031 0.000277769; -0.00256217 0.00072824 0.000585011 0.00218933 0.00596547 -0.00885709 -0.000898868; 0.00367716 -0.00113131 -0.000828752 -0.00201031 -0.00885709 0.0146637 0.00155421; 0.00053799 -0.000120494 -0.000134175 0.000277769 -0.000898868 0.00155421 0.000556322]
Loglik: -186461.7668 
Loglik values on different cores:
[-1.86494e5,-1.86538e5,-1.8651e5,-1.86509e5,-1.86506e5,-1.86547e5,-186515.0,-1.86531e5,-1.86522e5,-186508.0]
	From worker 6:	ESS: 285.2733
	From worker 6:	Nbr resample: 24799 
	From worker 11:	ESS: 326.0624
	From worker 11:	Nbr resample: 24799 
	From worker 4:	ESS: 320.9097
	From worker 4:	Nbr resample: 24799 
	From worker 5:	ESS: 308.3580
	From worker 5:	Nbr resample: 24799 
	From worker 10:	ESS: 322.8923
	From worker 10:	Nbr resample: 24799 
	From worker 2:	ESS: 353.2999
	From worker 2:	Nbr resample: 24799 
	From worker 7:	ESS: 282.4667
	From worker 7:	Nbr resample: 24799 
	From worker 8:	ESS: 246.8054
	From worker 8:	Nbr resample: 24799 
	From worker 9:	ESS: 335.0119
	From worker 9:	Nbr resample: 24799 
	From worker 3:	ESS: 302.4692
	From worker 3:	Nbr resample: 24799 
	From worker 6:	ESS: 309.9496
	From worker 6:	Nbr resample: 24799 
	From worker 4:	ESS: 282.4581
	From worker 4:	Nbr resample: 24799 
	From worker 10:	ESS: 304.9158
	From worker 10:	Nbr resample: 24799 
	From worker 5:	ESS: 289.5290
	From worker 5:	Nbr resample: 24799 
	From worker 2:	ESS: 312.3285
	From worker 2:	Nbr resample: 24799 
	From worker 9:	ESS: 307.8569
	From worker 9:	Nbr resample: 24799 
	From worker 7:	ESS: 273.3795
	From worker 7:	Nbr resample: 24799 
	From worker 11:	ESS: 297.7747
	From worker 11:	Nbr resample: 24799 
	From worker 8:	ESS: 346.8773
	From worker 8:	Nbr resample: 24799 
	From worker 3:	ESS: 254.5017
	From worker 3:	Nbr resample: 24799 
Percentage done: 4.67 % 
Acceptance rate on iteration 1301 to 1400 is 0.2323
Covariance:
[0.00206073 -0.000393402 -0.000362186 -0.00124004 -0.0028748 0.0038375 0.00060195; -0.000393402 0.000129748 8.91273e-5 0.000188059 0.000686655 -0.00101205 -0.000144172; -0.000362186 8.91273e-5 0.000204964 0.0003233 0.00111278 -0.00136541 -0.000171516; -0.00124004 0.000188059 0.0003233 0.00333477 0.00346123 -0.00338065 0.000195407; -0.0028748 0.000686655 0.00111278 0.00346123 0.0091218 -0.0118321 -0.00102677; 0.0038375 -0.00101205 -0.00136541 -0.00338065 -0.0118321 0.0171109 0.00157564; 0.00060195 -0.000144172 -0.000171516 0.000195407 -0.00102677 0.00157564 0.000527379]
Loglik: -186484.7700 
Loglik values on different cores:
[-1.86515e5,-1.86491e5,-1.86497e5,-1.86506e5,-1.86498e5,-1.86491e5,-1.86504e5,-186524.0,-186530.0,-1.86538e5]
	From worker 6:	ESS: 447.2324
	From worker 6:	Nbr resample: 24799 
	From worker 10:	ESS: 246.9242
	From worker 10:	Nbr resample: 24799 
	From worker 4:	ESS: 295.7320
	From worker 4:	Nbr resample: 24799 
	From worker 5:	ESS: 203.5852
	From worker 5:	Nbr resample: 24799 
	From worker 2:	ESS: 348.1340
	From worker 2:	Nbr resample: 24799 
	From worker 8:	ESS: 357.5913
	From worker 8:	Nbr resample: 24799 
	From worker 11:	ESS: 316.9011
	From worker 11:	Nbr resample: 24799 
	From worker 7:	ESS: 272.9029
	From worker 7:	Nbr resample: 24799 
	From worker 9:	ESS: 291.9646
	From worker 9:	Nbr resample: 24799 
	From worker 3:	ESS: 250.9151
	From worker 3:	Nbr resample: 24799 
	From worker 6:	ESS: 244.1234
	From worker 6:	Nbr resample: 24799 
	From worker 4:	ESS: 278.2713
	From worker 4:	Nbr resample: 24799 
	From worker 10:	ESS: 331.0842
	From worker 10:	Nbr resample: 24799 
	From worker 5:	ESS: 253.1455
	From worker 5:	Nbr resample: 24799 
	From worker 2:	ESS: 260.2156
	From worker 2:	Nbr resample: 24799 
	From worker 8:	ESS: 299.7305
	From worker 8:	Nbr resample: 24799 
	From worker 11:	ESS: 196.5438
	From worker 11:	Nbr resample: 24799 
	From worker 7:	ESS: 320.8264
	From worker 7:	Nbr resample: 24799 
	From worker 9:	ESS: 274.8991
	From worker 9:	Nbr resample: 24799 
	From worker 3:	ESS: 281.8075
	From worker 3:	Nbr resample: 24799 
Percentage done: 5.00 % 
Acceptance rate on iteration 1401 to 1500 is 0.3333
Covariance:
[0.00273365 -0.000660204 -0.000174305 0.000471639 -0.000883144 0.00236767 0.000812262; -0.000660204 0.000270598 3.04437e-5 -0.000603599 -0.000150567 -0.00035707 -0.000248113; -0.000174305 3.04437e-5 0.00022477 0.000534202 0.00135878 -0.00152661 -0.000112668; 0.000471639 -0.000603599 0.000534202 0.0068427 0.00681573 -0.00563763 0.000823072; -0.000883144 -0.000150567 0.00135878 0.00681573 0.0122957 -0.0137068 -0.000312064; 0.00236767 -0.00035707 -0.00152661 -0.00563763 -0.0137068 0.0178391 0.00102347; 0.000812262 -0.000248113 -0.000112668 0.000823072 -0.000312064 0.00102347 0.000590897]
Loglik: -186487.2609 
Loglik values on different cores:
[-1.86504e5,-1.86467e5,-1.86505e5,-1.8653e5,-1.86483e5,-186493.0,-1.86523e5,-186533.0,-1.86498e5,-1.86538e5]
	From worker 6:	ESS: 294.1537
	From worker 6:	Nbr resample: 24799 
	From worker 10:	ESS: 215.4336
	From worker 10:	Nbr resample: 24799 
	From worker 2:	ESS: 297.4508
	From worker 2:	Nbr resample: 24799 
	From worker 4:	ESS: 295.4762
	From worker 4:	Nbr resample: 24799 
	From worker 5:	ESS: 216.3234
	From worker 5:	Nbr resample: 24799 
	From worker 11:	ESS: 263.1780
	From worker 11:	Nbr resample: 24799 
	From worker 8:	ESS: 250.3813
	From worker 8:	Nbr resample: 24799 
	From worker 7:	ESS: 222.3634
	From worker 7:	Nbr resample: 24799 
	From worker 9:	ESS: 255.2593
	From worker 9:	Nbr resample: 24799 
	From worker 3:	ESS: 235.6749
	From worker 3:	Nbr resample: 24799 
	From worker 6:	ESS: 223.7504
	From worker 6:	Nbr resample: 24799 
	From worker 4:	ESS: 312.0984
	From worker 4:	Nbr resample: 24799 
	From worker 10:	ESS: 266.8370
	From worker 10:	Nbr resample: 24799 
	From worker 5:	ESS: 207.7577
	From worker 5:	Nbr resample: 24799 
	From worker 2:	ESS: 205.8544
	From worker 2:	Nbr resample: 24799 
	From worker 8:	ESS: 261.6364
	From worker 8:	Nbr resample: 24799 
	From worker 11:	ESS: 246.5312
	From worker 11:	Nbr resample: 24799 
	From worker 7:	ESS: 247.5373
	From worker 7:	Nbr resample: 24799 
	From worker 9:	ESS: 322.5492
	From worker 9:	Nbr resample: 24799 
	From worker 3:	ESS: 295.2562
	From worker 3:	Nbr resample: 24799 
Percentage done: 5.33 % 
Acceptance rate on iteration 1501 to 1600 is 0.3131
Covariance:
[0.00265763 -0.000619285 -0.000276301 0.000761152 -0.00106867 0.00265571 0.000862602; -0.000619285 0.000269287 5.52091e-5 -0.000787183 -0.000148521 -0.000390916 -0.000326151; -0.000276301 5.52091e-5 0.000420562 0.000335067 0.0020076 -0.00237003 -0.000324981; 0.000761152 -0.000787183 0.000335067 0.00764542 0.00624013 -0.00456721 0.00138873; -0.00106867 -0.000148521 0.0020076 0.00624013 0.0140753 -0.0158097 -0.000850819; 0.00265571 -0.000390916 -0.00237003 -0.00456721 -0.0158097 0.0202792 0.00183848; 0.000862602 -0.000326151 -0.000324981 0.00138873 -0.000850819 0.00183848 0.000950172]
Loglik: -186478.3572 
Loglik values on different cores:
[-1.86524e5,-186523.0,-1.86534e5,-1.86494e5,-1.86508e5,-1.86491e5,-1.86501e5,-1.86507e5,-1.86493e5,-1.86504e5]
	From worker 6:	ESS: 296.9348
	From worker 6:	Nbr resample: 24799 
	From worker 5:	ESS: 328.9287
	From worker 5:	Nbr resample: 24799 
	From worker 11:	ESS: 257.5569
	From worker 11:	Nbr resample: 24799 
	From worker 4:	ESS: 309.8941
	From worker 4:	Nbr resample: 24799 
	From worker 10:	ESS: 320.5241
	From worker 10:	Nbr resample: 24799 
	From worker 2:	ESS: 345.9782
	From worker 2:	Nbr resample: 24799 
	From worker 8:	ESS: 330.1337
	From worker 8:	Nbr resample: 24799 
	From worker 7:	ESS: 312.2669
	From worker 7:	Nbr resample: 24799 
	From worker 9:	ESS: 325.6441
	From worker 9:	Nbr resample: 24799 
	From worker 3:	ESS: 336.4340
	From worker 3:	Nbr resample: 24799 
	From worker 4:	ESS: 387.2204
	From worker 4:	Nbr resample: 24799 
	From worker 6:	ESS: 332.9053
	From worker 6:	Nbr resample: 24799 
	From worker 10:	ESS: 340.6315
	From worker 10:	Nbr resample: 24799 
	From worker 2:	ESS: 251.9207
	From worker 2:	Nbr resample: 24799 
	From worker 5:	ESS: 294.1860
	From worker 5:	Nbr resample: 24799 
	From worker 7:	ESS: 313.2608
	From worker 7:	Nbr resample: 24799 
	From worker 11:	ESS: 329.0411
	From worker 11:	Nbr resample: 24799 
	From worker 8:	ESS: 339.1306
	From worker 8:	Nbr resample: 24799 
	From worker 9:	ESS: 335.2344
	From worker 9:	Nbr resample: 24799 
	From worker 3:	ESS: 327.7679
	From worker 3:	Nbr resample: 24799 
Percentage done: 5.67 % 
Acceptance rate on iteration 1601 to 1700 is 0.2929
Covariance:
[0.00251831 -0.000601624 -0.000344598 0.000879445 -0.00127244 0.00287688 0.000658096; -0.000601624 0.000262015 5.94452e-5 -0.00073544 -0.000106299 -0.000402771 -0.000272626; -0.000344598 5.94452e-5 0.000463539 0.000127565 0.00200639 -0.00240758 -0.000357213; 0.000879445 -0.00073544 0.000127565 0.00685635 0.00482522 -0.00313001 0.00120976; -0.00127244 -0.000106299 0.00200639 0.00482522 0.0128253 -0.0146542 -0.000830632; 0.00287688 -0.000402771 -0.00240758 -0.00313001 -0.0146542 0.0191643 0.00145978; 0.000658096 -0.000272626 -0.000357213 0.00120976 -0.000830632 0.00145978 0.00115627]
Loglik: -186467.9197 
Loglik values on different cores:
[-1.86486e5,-186451.0,-1.86546e5,-1.86505e5,-1.86497e5,-1.86497e5,-1.86485e5,-1.86494e5,-1.8651e5,-1.8651e5]
	From worker 6:	ESS: 297.2397
	From worker 6:	Nbr resample: 24799 
	From worker 4:	ESS: 283.5757
	From worker 4:	Nbr resample: 24799 
	From worker 2:	ESS: 341.1747
	From worker 2:	Nbr resample: 24799 
	From worker 10:	ESS: 304.5242
	From worker 10:	Nbr resample: 24799 
	From worker 5:	ESS: 280.4768
	From worker 5:	Nbr resample: 24799 
	From worker 8:	ESS: 274.8251
	From worker 8:	Nbr resample: 24799 
	From worker 7:	ESS: 228.4098
	From worker 7:	Nbr resample: 24799 
	From worker 9:	ESS: 391.8681
	From worker 9:	Nbr resample: 24799 
	From worker 11:	ESS: 264.3295
	From worker 11:	Nbr resample: 24799 
	From worker 3:	ESS: 358.2700
	From worker 3:	Nbr resample: 24799 
	From worker 6:	ESS: 252.2412
	From worker 6:	Nbr resample: 24799 
	From worker 4:	ESS: 255.8892
	From worker 4:	Nbr resample: 24799 
	From worker 2:	ESS: 378.6649
	From worker 2:	Nbr resample: 24799 
	From worker 10:	ESS: 368.1982
	From worker 10:	Nbr resample: 24799 
	From worker 5:	ESS: 230.6899
	From worker 5:	Nbr resample: 24799 
	From worker 7:	ESS: 266.8022
	From worker 7:	Nbr resample: 24799 
	From worker 8:	ESS: 283.2906
	From worker 8:	Nbr resample: 24799 
	From worker 11:	ESS: 291.5569
	From worker 11:	Nbr resample: 24799 
	From worker 9:	ESS: 239.3345
	From worker 9:	Nbr resample: 24799 
	From worker 3:	ESS: 251.3318
	From worker 3:	Nbr resample: 24799 
Percentage done: 6.00 % 
Acceptance rate on iteration 1701 to 1800 is 0.1616
Covariance:
[0.00267044 -0.000590267 -0.000422774 0.000885814 -0.00138123 0.00283296 0.000897013; -0.000590267 0.000234898 5.94031e-5 -0.000695053 -0.00010681 -0.000362873 -0.000296119; -0.000422774 5.94031e-5 0.000481002 0.000204783 0.00204038 -0.00237438 -0.000388566; 0.000885814 -0.000695053 0.000204783 0.00626316 0.00458972 -0.00278744 0.00128753; -0.00138123 -0.00010681 0.00204038 0.00458972 0.0121014 -0.0133612 -0.000855819; 0.00283296 -0.000362873 -0.00237438 -0.00278744 -0.0133612 0.0170819 0.00166505; 0.000897013 -0.000296119 -0.000388566 0.00128753 -0.000855819 0.00166505 0.00132582]
Loglik: -186470.5520 
Loglik values on different cores:
[-1.8654e5,-1.86474e5,-1.86527e5,-1.86514e5,-1.86551e5,-1.86499e5,-186497.0,-1.86496e5,-1.86479e5,-1.86521e5]
	From worker 6:	ESS: 287.5599
	From worker 6:	Nbr resample: 24799 
	From worker 4:	ESS: 284.9269
	From worker 4:	Nbr resample: 24799 
	From worker 2:	ESS: 288.7619
	From worker 2:	Nbr resample: 24799 
	From worker 5:	ESS: 278.8686
	From worker 5:	Nbr resample: 24799 
	From worker 10:	ESS: 200.8860
	From worker 10:	Nbr resample: 24799 
	From worker 9:	ESS: 204.2737
	From worker 9:	Nbr resample: 24799 
	From worker 8:	ESS: 299.8419
	From worker 8:	Nbr resample: 24799 
	From worker 11:	ESS: 238.4209
	From worker 11:	Nbr resample: 24799 
	From worker 7:	ESS: 335.6538
	From worker 7:	Nbr resample: 24799 
	From worker 3:	ESS: 199.2308
	From worker 3:	Nbr resample: 24799 
	From worker 6:	ESS: 271.1535
