Mean:
[-1.19057; -0.118965; 3.34955; 1.41077; 0.419424; 0.545089; 0.658982]
Std:
[0.143103; 0.0841138; 0.00548768; 0.151472; 0.0881552; 0.208332; 0.103276]
Iterstion:
1
#####################################################################
Starting DA-GP-MCMC estimating 7 parameters 
MCMC algorithm: MCWM
Adaptation algorithm: noAdaptation
Prior distribution: Normal
Particle filter: parallel_bootstrap, on 10 cores
Nbr particles for particle filter: 200
Covariance - kernel_MH_direct:
[0.00991339 -0.0053033 2.08687e-5 -0.00272119 -0.00151846 0.00408097 0.00352629; -0.0053033 0.00329585 -3.22471e-7 0.00119033 0.000717069 -0.00264579 -0.00290463; 2.08687e-5 -3.22471e-7 1.4453e-5 -3.83281e-5 -6.52926e-5 8.40749e-5 -2.11871e-5; -0.00272119 0.00119033 -3.83281e-5 0.0149816 0.00804527 -0.0158054 -0.000190284; -0.00151846 0.000717069 -6.52926e-5 0.00804527 0.00478585 -0.00959829 -0.000250044; 0.00408097 -0.00264579 8.40749e-5 -0.0158054 -0.00959829 0.022534 0.00296991; 0.00352629 -0.00290463 -2.11871e-5 -0.000190284 -0.000250044 0.00296991 0.00447754]
Iteration: 1
Covariance:
[0.0142753 -0.00763675 3.00509e-5 -0.00391852 -0.00218659 0.00587659 0.00507786; -0.00763675 0.00474602 -4.64358e-7 0.00171408 0.00103258 -0.00380993 -0.00418267; 3.00509e-5 -4.64358e-7 2.08123e-5 -5.51925e-5 -9.40214e-5 0.000121068 -3.05095e-5; -0.00391852 0.00171408 -5.51925e-5 0.0215736 0.0115852 -0.0227598 -0.00027401; -0.00218659 0.00103258 -9.40214e-5 0.0115852 0.00689162 -0.0138215 -0.000360063; 0.00587659 -0.00380993 0.000121068 -0.0227598 -0.0138215 0.0324489 0.00427667; 0.00507786 -0.00418267 -3.05095e-5 -0.00027401 -0.000360063 0.00427667 0.00644766]
Iteration: 1
Covariance:
[0.0142753 -0.00763675 3.00509e-5 -0.00391852 -0.00218659 0.00587659 0.00507786; -0.00763675 0.00474602 -4.64358e-7 0.00171408 0.00103258 -0.00380993 -0.00418267; 3.00509e-5 -4.64358e-7 2.08123e-5 -5.51925e-5 -9.40214e-5 0.000121068 -3.05095e-5; -0.00391852 0.00171408 -5.51925e-5 0.0215736 0.0115852 -0.0227598 -0.00027401; -0.00218659 0.00103258 -9.40214e-5 0.0115852 0.00689162 -0.0138215 -0.000360063; 0.00587659 -0.00380993 0.000121068 -0.0227598 -0.0138215 0.0324489 0.00427667; 0.00507786 -0.00418267 -3.05095e-5 -0.00027401 -0.000360063 0.00427667 0.00644766]
Loglik start: -137045.6234 
elapsed time: 135.408981985 seconds
Ending DA-GP-MCMC with adaptive RW estimating 7 parameters
Algorithm: MCWM
Adaptation algorithm: noAdaptation
Prior distribution: Normal
Particle filter: parallel_bootstrap
Time pre-er:  0
Time fit GP model:  0
Time er-part:  135
Number early-rejections: 66
Number of cases directly to ordinary MH: 17
Number of cases directly to ordinary MH accepted: 4
Number cases in in DA part: 82
Number cases in second stage: 16
Number accepted in second stage: 4
Total number of evaluations of the particle filter: 33
Acceptance rate for ordinary MH accepted: 23.5294
Acceptance rate a_1: 19.5122
Acceptance rate a_2: 25.0000
Acceptance rate a_1*a_2: 4.8780
Acceptance rate a (for entier algorithm): 8.0000
#####################################################################
Iterstion:
2
#####################################################################
Starting DA-GP-MCMC estimating 7 parameters 
MCMC algorithm: MCWM
Adaptation algorithm: noAdaptation
Prior distribution: Normal
Particle filter: parallel_bootstrap, on 10 cores
Nbr particles for particle filter: 200
Covariance - kernel_MH_direct:
[0.00991339 -0.0053033 2.08687e-5 -0.00272119 -0.00151846 0.00408097 0.00352629; -0.0053033 0.00329585 -3.22471e-7 0.00119033 0.000717069 -0.00264579 -0.00290463; 2.08687e-5 -3.22471e-7 1.4453e-5 -3.83281e-5 -6.52926e-5 8.40749e-5 -2.11871e-5; -0.00272119 0.00119033 -3.83281e-5 0.0149816 0.00804527 -0.0158054 -0.000190284; -0.00151846 0.000717069 -6.52926e-5 0.00804527 0.00478585 -0.00959829 -0.000250044; 0.00408097 -0.00264579 8.40749e-5 -0.0158054 -0.00959829 0.022534 0.00296991; 0.00352629 -0.00290463 -2.11871e-5 -0.000190284 -0.000250044 0.00296991 0.00447754]
Iteration: 1
Covariance:
[0.0142753 -0.00763675 3.00509e-5 -0.00391852 -0.00218659 0.00587659 0.00507786; -0.00763675 0.00474602 -4.64358e-7 0.00171408 0.00103258 -0.00380993 -0.00418267; 3.00509e-5 -4.64358e-7 2.08123e-5 -5.51925e-5 -9.40214e-5 0.000121068 -3.05095e-5; -0.00391852 0.00171408 -5.51925e-5 0.0215736 0.0115852 -0.0227598 -0.00027401; -0.00218659 0.00103258 -9.40214e-5 0.0115852 0.00689162 -0.0138215 -0.000360063; 0.00587659 -0.00380993 0.000121068 -0.0227598 -0.0138215 0.0324489 0.00427667; 0.00507786 -0.00418267 -3.05095e-5 -0.00027401 -0.000360063 0.00427667 0.00644766]
Iteration: 1
Covariance:
[0.0142753 -0.00763675 3.00509e-5 -0.00391852 -0.00218659 0.00587659 0.00507786; -0.00763675 0.00474602 -4.64358e-7 0.00171408 0.00103258 -0.00380993 -0.00418267; 3.00509e-5 -4.64358e-7 2.08123e-5 -5.51925e-5 -9.40214e-5 0.000121068 -3.05095e-5; -0.00391852 0.00171408 -5.51925e-5 0.0215736 0.0115852 -0.0227598 -0.00027401; -0.00218659 0.00103258 -9.40214e-5 0.0115852 0.00689162 -0.0138215 -0.000360063; 0.00587659 -0.00380993 0.000121068 -0.0227598 -0.0138215 0.0324489 0.00427667; 0.00507786 -0.00418267 -3.05095e-5 -0.00027401 -0.000360063 0.00427667 0.00644766]
Loglik start: -137050.6351 
elapsed time: 152.789828593 seconds
Ending DA-GP-MCMC with adaptive RW estimating 7 parameters
Algorithm: MCWM
Adaptation algorithm: noAdaptation
Prior distribution: Normal
Particle filter: parallel_bootstrap
Time pre-er:  0
Time fit GP model:  0
Time er-part:  153
Number early-rejections: 61
Number of cases directly to ordinary MH: 21
Number of cases directly to ordinary MH accepted: 11
Number cases in in DA part: 78
Number cases in second stage: 17
Number accepted in second stage: 2
Total number of evaluations of the particle filter: 38
Acceptance rate for ordinary MH accepted: 52.3810
Acceptance rate a_1: 21.7949
Acceptance rate a_2: 11.7647
Acceptance rate a_1*a_2: 2.5641
Acceptance rate a (for entier algorithm): 13.0000
#####################################################################
Iterstion:
3
#####################################################################
Starting DA-GP-MCMC estimating 7 parameters 
MCMC algorithm: MCWM
Adaptation algorithm: noAdaptation
Prior distribution: Normal
Particle filter: parallel_bootstrap, on 10 cores
Nbr particles for particle filter: 200
Covariance - kernel_MH_direct:
[0.00991339 -0.0053033 2.08687e-5 -0.00272119 -0.00151846 0.00408097 0.00352629; -0.0053033 0.00329585 -3.22471e-7 0.00119033 0.000717069 -0.00264579 -0.00290463; 2.08687e-5 -3.22471e-7 1.4453e-5 -3.83281e-5 -6.52926e-5 8.40749e-5 -2.11871e-5; -0.00272119 0.00119033 -3.83281e-5 0.0149816 0.00804527 -0.0158054 -0.000190284; -0.00151846 0.000717069 -6.52926e-5 0.00804527 0.00478585 -0.00959829 -0.000250044; 0.00408097 -0.00264579 8.40749e-5 -0.0158054 -0.00959829 0.022534 0.00296991; 0.00352629 -0.00290463 -2.11871e-5 -0.000190284 -0.000250044 0.00296991 0.00447754]
Iteration: 1
Covariance:
[0.0142753 -0.00763675 3.00509e-5 -0.00391852 -0.00218659 0.00587659 0.00507786; -0.00763675 0.00474602 -4.64358e-7 0.00171408 0.00103258 -0.00380993 -0.00418267; 3.00509e-5 -4.64358e-7 2.08123e-5 -5.51925e-5 -9.40214e-5 0.000121068 -3.05095e-5; -0.00391852 0.00171408 -5.51925e-5 0.0215736 0.0115852 -0.0227598 -0.00027401; -0.00218659 0.00103258 -9.40214e-5 0.0115852 0.00689162 -0.0138215 -0.000360063; 0.00587659 -0.00380993 0.000121068 -0.0227598 -0.0138215 0.0324489 0.00427667; 0.00507786 -0.00418267 -3.05095e-5 -0.00027401 -0.000360063 0.00427667 0.00644766]
Iteration: 1
Covariance:
[0.0142753 -0.00763675 3.00509e-5 -0.00391852 -0.00218659 0.00587659 0.00507786; -0.00763675 0.00474602 -4.64358e-7 0.00171408 0.00103258 -0.00380993 -0.00418267; 3.00509e-5 -4.64358e-7 2.08123e-5 -5.51925e-5 -9.40214e-5 0.000121068 -3.05095e-5; -0.00391852 0.00171408 -5.51925e-5 0.0215736 0.0115852 -0.0227598 -0.00027401; -0.00218659 0.00103258 -9.40214e-5 0.0115852 0.00689162 -0.0138215 -0.000360063; 0.00587659 -0.00380993 0.000121068 -0.0227598 -0.0138215 0.0324489 0.00427667; 0.00507786 -0.00418267 -3.05095e-5 -0.00027401 -0.000360063 0.00427667 0.00644766]
Loglik start: -137061.3842 
elapsed time: 137.467382546 seconds
Ending DA-GP-MCMC with adaptive RW estimating 7 parameters
Algorithm: MCWM
Adaptation algorithm: noAdaptation
Prior distribution: Normal
Particle filter: parallel_bootstrap
Time pre-er:  0
Time fit GP model:  0
Time er-part:  137
Number early-rejections: 65
Number of cases directly to ordinary MH: 18
Number of cases directly to ordinary MH accepted: 4
Number cases in in DA part: 81
Number cases in second stage: 16
Number accepted in second stage: 5
Total number of evaluations of the particle filter: 34
Acceptance rate for ordinary MH accepted: 22.2222
Acceptance rate a_1: 19.7531
Acceptance rate a_2: 31.2500
Acceptance rate a_1*a_2: 6.1728
Acceptance rate a (for entier algorithm): 9.0000
#####################################################################
Iterstion:
4
#####################################################################
Starting DA-GP-MCMC estimating 7 parameters 
MCMC algorithm: MCWM
Adaptation algorithm: noAdaptation
Prior distribution: Normal
Particle filter: parallel_bootstrap, on 10 cores
Nbr particles for particle filter: 200
Covariance - kernel_MH_direct:
[0.00991339 -0.0053033 2.08687e-5 -0.00272119 -0.00151846 0.00408097 0.00352629; -0.0053033 0.00329585 -3.22471e-7 0.00119033 0.000717069 -0.00264579 -0.00290463; 2.08687e-5 -3.22471e-7 1.4453e-5 -3.83281e-5 -6.52926e-5 8.40749e-5 -2.11871e-5; -0.00272119 0.00119033 -3.83281e-5 0.0149816 0.00804527 -0.0158054 -0.000190284; -0.00151846 0.000717069 -6.52926e-5 0.00804527 0.00478585 -0.00959829 -0.000250044; 0.00408097 -0.00264579 8.40749e-5 -0.0158054 -0.00959829 0.022534 0.00296991; 0.00352629 -0.00290463 -2.11871e-5 -0.000190284 -0.000250044 0.00296991 0.00447754]
Iteration: 1
Covariance:
[0.0142753 -0.00763675 3.00509e-5 -0.00391852 -0.00218659 0.00587659 0.00507786; -0.00763675 0.00474602 -4.64358e-7 0.00171408 0.00103258 -0.00380993 -0.00418267; 3.00509e-5 -4.64358e-7 2.08123e-5 -5.51925e-5 -9.40214e-5 0.000121068 -3.05095e-5; -0.00391852 0.00171408 -5.51925e-5 0.0215736 0.0115852 -0.0227598 -0.00027401; -0.00218659 0.00103258 -9.40214e-5 0.0115852 0.00689162 -0.0138215 -0.000360063; 0.00587659 -0.00380993 0.000121068 -0.0227598 -0.0138215 0.0324489 0.00427667; 0.00507786 -0.00418267 -3.05095e-5 -0.00027401 -0.000360063 0.00427667 0.00644766]
Iteration: 1
Covariance:
[0.0142753 -0.00763675 3.00509e-5 -0.00391852 -0.00218659 0.00587659 0.00507786; -0.00763675 0.00474602 -4.64358e-7 0.00171408 0.00103258 -0.00380993 -0.00418267; 3.00509e-5 -4.64358e-7 2.08123e-5 -5.51925e-5 -9.40214e-5 0.000121068 -3.05095e-5; -0.00391852 0.00171408 -5.51925e-5 0.0215736 0.0115852 -0.0227598 -0.00027401; -0.00218659 0.00103258 -9.40214e-5 0.0115852 0.00689162 -0.0138215 -0.000360063; 0.00587659 -0.00380993 0.000121068 -0.0227598 -0.0138215 0.0324489 0.00427667; 0.00507786 -0.00418267 -3.05095e-5 -0.00027401 -0.000360063 0.00427667 0.00644766]
Loglik start: -137060.1047 
elapsed time: 156.895665343 seconds
Ending DA-GP-MCMC with adaptive RW estimating 7 parameters
Algorithm: MCWM
Adaptation algorithm: noAdaptation
Prior distribution: Normal
Particle filter: parallel_bootstrap
Time pre-er:  0
Time fit GP model:  0
Time er-part:  157
Number early-rejections: 60
Number of cases directly to ordinary MH: 15
Number of cases directly to ordinary MH accepted: 6
Number cases in in DA part: 84
Number cases in second stage: 24
Number accepted in second stage: 3
Total number of evaluations of the particle filter: 39
Acceptance rate for ordinary MH accepted: 40.0000
Acceptance rate a_1: 28.5714
Acceptance rate a_2: 12.5000
Acceptance rate a_1*a_2: 3.5714
Acceptance rate a (for entier algorithm): 9.0000
#####################################################################
Iterstion:
5
#####################################################################
Starting DA-GP-MCMC estimating 7 parameters 
MCMC algorithm: MCWM
Adaptation algorithm: noAdaptation
Prior distribution: Normal
Particle filter: parallel_bootstrap, on 10 cores
Nbr particles for particle filter: 200
Covariance - kernel_MH_direct:
[0.00991339 -0.0053033 2.08687e-5 -0.00272119 -0.00151846 0.00408097 0.00352629; -0.0053033 0.00329585 -3.22471e-7 0.00119033 0.000717069 -0.00264579 -0.00290463; 2.08687e-5 -3.22471e-7 1.4453e-5 -3.83281e-5 -6.52926e-5 8.40749e-5 -2.11871e-5; -0.00272119 0.00119033 -3.83281e-5 0.0149816 0.00804527 -0.0158054 -0.000190284; -0.00151846 0.000717069 -6.52926e-5 0.00804527 0.00478585 -0.00959829 -0.000250044; 0.00408097 -0.00264579 8.40749e-5 -0.0158054 -0.00959829 0.022534 0.00296991; 0.00352629 -0.00290463 -2.11871e-5 -0.000190284 -0.000250044 0.00296991 0.00447754]
Iteration: 1
Covariance:
[0.0142753 -0.00763675 3.00509e-5 -0.00391852 -0.00218659 0.00587659 0.00507786; -0.00763675 0.00474602 -4.64358e-7 0.00171408 0.00103258 -0.00380993 -0.00418267; 3.00509e-5 -4.64358e-7 2.08123e-5 -5.51925e-5 -9.40214e-5 0.000121068 -3.05095e-5; -0.00391852 0.00171408 -5.51925e-5 0.0215736 0.0115852 -0.0227598 -0.00027401; -0.00218659 0.00103258 -9.40214e-5 0.0115852 0.00689162 -0.0138215 -0.000360063; 0.00587659 -0.00380993 0.000121068 -0.0227598 -0.0138215 0.0324489 0.00427667; 0.00507786 -0.00418267 -3.05095e-5 -0.00027401 -0.000360063 0.00427667 0.00644766]
Iteration: 1
Covariance:
[0.0142753 -0.00763675 3.00509e-5 -0.00391852 -0.00218659 0.00587659 0.00507786; -0.00763675 0.00474602 -4.64358e-7 0.00171408 0.00103258 -0.00380993 -0.00418267; 3.00509e-5 -4.64358e-7 2.08123e-5 -5.51925e-5 -9.40214e-5 0.000121068 -3.05095e-5; -0.00391852 0.00171408 -5.51925e-5 0.0215736 0.0115852 -0.0227598 -0.00027401; -0.00218659 0.00103258 -9.40214e-5 0.0115852 0.00689162 -0.0138215 -0.000360063; 0.00587659 -0.00380993 0.000121068 -0.0227598 -0.0138215 0.0324489 0.00427667; 0.00507786 -0.00418267 -3.05095e-5 -0.00027401 -0.000360063 0.00427667 0.00644766]
Loglik start: -137065.8047 
elapsed time: 64.189913334 seconds
Ending DA-GP-MCMC with adaptive RW estimating 7 parameters
Algorithm: MCWM
Adaptation algorithm: noAdaptation
Prior distribution: Normal
Particle filter: parallel_bootstrap
Time pre-er:  0
Time fit GP model:  0
Time er-part:  64
Number early-rejections: 84
Number of cases directly to ordinary MH: 8
Number of cases directly to ordinary MH accepted: 2
Number cases in in DA part: 91
Number cases in second stage: 7
Number accepted in second stage: 1
Total number of evaluations of the particle filter: 15
Acceptance rate for ordinary MH accepted: 25.0000
Acceptance rate a_1: 7.6923
Acceptance rate a_2: 14.2857
Acceptance rate a_1*a_2: 1.0989
Acceptance rate a (for entier algorithm): 3.0000
#####################################################################
