Mean:
[-1.19057; -0.118965; 3.34955; 1.41077; 0.419424; 0.545089; 0.658982]
Std:
[0.143103; 0.0841138; 0.00548768; 0.151472; 0.0881552; 0.208332; 0.103276]
[-1.05744 -0.950131 -1.04544 -0.902135 -1.05268 -1.01731 -1.09606 -1.10979 -1.07567 -1.08898; -0.16953 -0.265326 -0.213928 -0.301267 -0.200168 -0.209291 -0.17979 -0.161172 -0.174307 -0.187082; 3.34531 3.34258 3.34932 3.3475 3.35011 3.35349 3.35534 3.3521 3.34969 3.34971; 1.27685 1.29363 1.28853 1.28905 1.28869 1.27158 1.31486 1.28862 1.22858 1.2919; 0.316009 0.348615 0.34588 0.354958 0.331684 0.315259 0.32471 0.312943 0.274604 0.320044; 0.856713 0.899455 0.83163 0.818078 0.873472 0.964903 0.882006 0.86976 0.962142 0.865261; 0.645441 0.770812 0.745249 0.851295 0.743847 0.760341 0.731724 0.69301 0.706453 0.73966; -1.36601e5 -1.36633e5 -136591.0 -1.3661e5 -1.36599e5 -1.36619e5 -1.36604e5 -1.36587e5 -1.36606e5 -1.36587e5]Starting ml estimationLength of training data: 4900Start values for optimization:
[-2.15144e6; -4483.28; -10020.7; 1.20084e6; -53372.4; 1.61059e5; 26074.4; -8078.24; -2395.09; -12060.8; -1.79277e5; -1540.81; -11254.6; -950.737; -2163.44; -10135.8; -108.749; 77.5834; -673.369; -235.884; -2703.13; 33.6039; 98.4202; -218.201; -28.627; -7730.92; 16357.4; -47962.1; -7406.84; 1554.97; 6569.13; 600.45; -50.4189; -5014.88; 2471.68; 1110.67; 2.58633; 2.23976; -1.96185; -2.49618; -5.23373; -1.89415; -2.43947; -1.58242; -2.29363]Iter     Function value   Gradient norm 
     0     2.716341e+04     5.946473e+06
     1     2.697697e+04     1.967820e+06
     2     2.686409e+04     5.001361e+03
     3     2.686412e+04     4.999714e+03
Estimated parameters of the GP model:
Estimated Β:s:
[-2.15144e6,-4483.28,-10020.7,1.20084e6,-53372.4,1.61059e5,26074.4,-8078.24,-2395.09,-12060.8,-1.79277e5,-1540.81,-11254.6,-950.736,-2163.44,-10135.8,-108.752,77.5821,-673.369,-235.884,-2703.13,33.6036,98.4201,-218.201,-28.627,-7730.92,16357.4,-47962.1,-7406.84,1554.97,6569.13,600.451,-50.4182,-5014.88,2471.68,1110.67]
Estimated log Φ:s:
[2.5667,-0.244287,2.45801,2.50013,63.9174,1.717,2.57436,0.96381,4.33666]
elapsed time: 1131.094380555 seconds
#####################################################################
Starting DA-GP-MCMC estimating 7 parameters 
MCMC algorithm: MCWM
Adaptation algorithm: noAdaptation
Prior distribution: Normal
Particel filter: parallel_bootstrap
Covariance - kernel_MH_direct:
[0.00991339 -0.0053033 2.08687e-5 -0.00272119 -0.00151846 0.00408097 0.00352629; -0.0053033 0.00329585 -3.22471e-7 0.00119033 0.000717069 -0.00264579 -0.00290463; 2.08687e-5 -3.22471e-7 1.4453e-5 -3.83281e-5 -6.52926e-5 8.40749e-5 -2.11871e-5; -0.00272119 0.00119033 -3.83281e-5 0.0149816 0.00804527 -0.0158054 -0.000190284; -0.00151846 0.000717069 -6.52926e-5 0.00804527 0.00478585 -0.00959829 -0.000250044; 0.00408097 -0.00264579 8.40749e-5 -0.0158054 -0.00959829 0.022534 0.00296991; 0.00352629 -0.00290463 -2.11871e-5 -0.000190284 -0.000250044 0.00296991 0.00447754]
Iteration: 1
Covariance:
[0.0142753 -0.00763675 3.00509e-5 -0.00391852 -0.00218659 0.00587659 0.00507786; -0.00763675 0.00474602 -4.64358e-7 0.00171408 0.00103258 -0.00380993 -0.00418267; 3.00509e-5 -4.64358e-7 2.08123e-5 -5.51925e-5 -9.40214e-5 0.000121068 -3.05095e-5; -0.00391852 0.00171408 -5.51925e-5 0.0215736 0.0115852 -0.0227598 -0.00027401; -0.00218659 0.00103258 -9.40214e-5 0.0115852 0.00689162 -0.0138215 -0.000360063; 0.00587659 -0.00380993 0.000121068 -0.0227598 -0.0138215 0.0324489 0.00427667; 0.00507786 -0.00418267 -3.05095e-5 -0.00027401 -0.000360063 0.00427667 0.00644766]
Iteration: 1
Covariance:
[0.0142753 -0.00763675 3.00509e-5 -0.00391852 -0.00218659 0.00587659 0.00507786; -0.00763675 0.00474602 -4.64358e-7 0.00171408 0.00103258 -0.00380993 -0.00418267; 3.00509e-5 -4.64358e-7 2.08123e-5 -5.51925e-5 -9.40214e-5 0.000121068 -3.05095e-5; -0.00391852 0.00171408 -5.51925e-5 0.0215736 0.0115852 -0.0227598 -0.00027401; -0.00218659 0.00103258 -9.40214e-5 0.0115852 0.00689162 -0.0138215 -0.000360063; 0.00587659 -0.00380993 0.000121068 -0.0227598 -0.0138215 0.0324489 0.00427667; 0.00507786 -0.00418267 -3.05095e-5 -0.00027401 -0.000360063 0.00427667 0.00644766]
	From worker 2:	ESS: 188.6457
	From worker 2:	Nbr resample: 25000 
	From worker 8:	ESS: 185.5592
	From worker 8:	Nbr resample: 25000 
	From worker 7:	ESS: 187.5537
	From worker 7:	Nbr resample: 25000 
	From worker 5:	ESS: 184.9704
	From worker 5:	Nbr resample: 25000 
	From worker 9:	ESS: 187.6215
	From worker 9:	Nbr resample: 25000 
	From worker 11:	ESS: 190.0693
	From worker 11:	Nbr resample: 25000 
	From worker 4:	ESS: 186.2877
	From worker 4:	Nbr resample: 25000 
	From worker 6:	ESS: 185.6385
	From worker 6:	Nbr resample: 25000 
	From worker 3:	ESS: 185.5138
	From worker 3:	Nbr resample: 25000 
	From worker 10:	ESS: 183.2879
	From worker 10:	Nbr resample: 25000 
Loglik start: -136579.7815 
Percentage done: 0.50 % 
Acceptance rate on iteration 1 to 100 is 0.1616
Covariance:
[0.0142753 -0.00763675 3.00509e-5 -0.00391852 -0.00218659 0.00587659 0.00507786; -0.00763675 0.00474602 -4.64358e-7 0.00171408 0.00103258 -0.00380993 -0.00418267; 3.00509e-5 -4.64358e-7 2.08123e-5 -5.51925e-5 -9.40214e-5 0.000121068 -3.05095e-5; -0.00391852 0.00171408 -5.51925e-5 0.0215736 0.0115852 -0.0227598 -0.00027401; -0.00218659 0.00103258 -9.40214e-5 0.0115852 0.00689162 -0.0138215 -0.000360063; 0.00587659 -0.00380993 0.000121068 -0.0227598 -0.0138215 0.0324489 0.00427667; 0.00507786 -0.00418267 -3.05095e-5 -0.00027401 -0.000360063 0.00427667 0.00644766]
Loglik: -136584.3990 
Loglik values on different cores:
[-1.36588e5,-1.36607e5,-1.36605e5,-1.36582e5,-1.36593e5,-1.36605e5,-1.36599e5,-136594.0,-1.36595e5,-1.36599e5]
Percentage done: 1.00 % 
Acceptance rate on iteration 101 to 200 is 0.1111
Covariance:
[0.0142753 -0.00763675 3.00509e-5 -0.00391852 -0.00218659 0.00587659 0.00507786; -0.00763675 0.00474602 -4.64358e-7 0.00171408 0.00103258 -0.00380993 -0.00418267; 3.00509e-5 -4.64358e-7 2.08123e-5 -5.51925e-5 -9.40214e-5 0.000121068 -3.05095e-5; -0.00391852 0.00171408 -5.51925e-5 0.0215736 0.0115852 -0.0227598 -0.00027401; -0.00218659 0.00103258 -9.40214e-5 0.0115852 0.00689162 -0.0138215 -0.000360063; 0.00587659 -0.00380993 0.000121068 -0.0227598 -0.0138215 0.0324489 0.00427667; 0.00507786 -0.00418267 -3.05095e-5 -0.00027401 -0.000360063 0.00427667 0.00644766]
Loglik: -136577.2408 
Loglik values on different cores:
[-1.36605e5,-1.36607e5,-1.36594e5,-1.366e5,-1.36573e5,-1.36606e5,-1.366e5,-1.3659e5,-1.36587e5,-136593.0]
Percentage done: 1.50 % 
Acceptance rate on iteration 201 to 300 is 0.1212
Covariance:
[0.0142753 -0.00763675 3.00509e-5 -0.00391852 -0.00218659 0.00587659 0.00507786; -0.00763675 0.00474602 -4.64358e-7 0.00171408 0.00103258 -0.00380993 -0.00418267; 3.00509e-5 -4.64358e-7 2.08123e-5 -5.51925e-5 -9.40214e-5 0.000121068 -3.05095e-5; -0.00391852 0.00171408 -5.51925e-5 0.0215736 0.0115852 -0.0227598 -0.00027401; -0.00218659 0.00103258 -9.40214e-5 0.0115852 0.00689162 -0.0138215 -0.000360063; 0.00587659 -0.00380993 0.000121068 -0.0227598 -0.0138215 0.0324489 0.00427667; 0.00507786 -0.00418267 -3.05095e-5 -0.00027401 -0.000360063 0.00427667 0.00644766]
Loglik: -136575.1212 
Loglik values on different cores:
[-1.3661e5,-1.3659e5,-1.36598e5,-1.36595e5,-1.36594e5,-1.36601e5,-1.36603e5,-1.36613e5,-1.36593e5,-1.36591e5]
	From worker 2:	ESS: 190.8125
	From worker 2:	Nbr resample: 25000 
	From worker 5:	ESS: 187.7276
	From worker 5:	Nbr resample: 25000 
	From worker 8:	ESS: 189.0876
	From worker 8:	Nbr resample: 25000 
	From worker 4:	ESS: 187.7113
	From worker 4:	Nbr resample: 25000 
	From worker 6:	ESS: 190.7350
	From worker 6:	Nbr resample: 25000 
	From worker 9:	ESS: 186.1286
	From worker 9:	Nbr resample: 25000 
	From worker 11:	ESS: 193.6390
	From worker 11:	Nbr resample: 25000 
	From worker 3:	ESS: 190.2849
	From worker 3:	Nbr resample: 25000 
	From worker 10:	ESS: 189.5639
	From worker 10:	Nbr resample: 25000 
	From worker 7:	ESS: 188.8307
	From worker 7:	Nbr resample: 25000 
	From worker 4:	ESS: 190.0743
	From worker 4:	Nbr resample: 25000 
	From worker 5:	ESS: 191.5041
	From worker 5:	Nbr resample: 25000 
	From worker 8:	ESS: 183.5715
	From worker 8:	Nbr resample: 25000 
	From worker 6:	ESS: 187.9843
	From worker 6:	Nbr resample: 25000 
	From worker 9:	ESS: 189.2520
	From worker 9:	Nbr resample: 25000 
	From worker 3:	ESS: 185.0011
	From worker 3:	Nbr resample: 25000 
	From worker 10:	ESS: 186.4089
	From worker 10:	Nbr resample: 25000 
	From worker 11:	ESS: 189.5212
	From worker 11:	Nbr resample: 25000 
	From worker 7:	ESS: 189.9136
	From worker 7:	Nbr resample: 25000 
	From worker 2:	ESS: 187.3710
	From worker 2:	Nbr resample: 25000 
Percentage done: 2.00 % 
Acceptance rate on iteration 301 to 400 is 0.1111
Covariance:
[0.0142753 -0.00763675 3.00509e-5 -0.00391852 -0.00218659 0.00587659 0.00507786; -0.00763675 0.00474602 -4.64358e-7 0.00171408 0.00103258 -0.00380993 -0.00418267; 3.00509e-5 -4.64358e-7 2.08123e-5 -5.51925e-5 -9.40214e-5 0.000121068 -3.05095e-5; -0.00391852 0.00171408 -5.51925e-5 0.0215736 0.0115852 -0.0227598 -0.00027401; -0.00218659 0.00103258 -9.40214e-5 0.0115852 0.00689162 -0.0138215 -0.000360063; 0.00587659 -0.00380993 0.000121068 -0.0227598 -0.0138215 0.0324489 0.00427667; 0.00507786 -0.00418267 -3.05095e-5 -0.00027401 -0.000360063 0.00427667 0.00644766]
Loglik: -136576.2567 
Loglik values on different cores:
[-1.36595e5,-136587.0,-1.36587e5,-1.36603e5,-1.36574e5,-1.36581e5,-136577.0,-1.36591e5,-1.36597e5,-136564.0]
Percentage done: 2.50 % 
Acceptance rate on iteration 401 to 500 is 0.0303
Covariance:
[0.0142753 -0.00763675 3.00509e-5 -0.00391852 -0.00218659 0.00587659 0.00507786; -0.00763675 0.00474602 -4.64358e-7 0.00171408 0.00103258 -0.00380993 -0.00418267; 3.00509e-5 -4.64358e-7 2.08123e-5 -5.51925e-5 -9.40214e-5 0.000121068 -3.05095e-5; -0.00391852 0.00171408 -5.51925e-5 0.0215736 0.0115852 -0.0227598 -0.00027401; -0.00218659 0.00103258 -9.40214e-5 0.0115852 0.00689162 -0.0138215 -0.000360063; 0.00587659 -0.00380993 0.000121068 -0.0227598 -0.0138215 0.0324489 0.00427667; 0.00507786 -0.00418267 -3.05095e-5 -0.00027401 -0.000360063 0.00427667 0.00644766]
Loglik: -136581.7556 
Loglik values on different cores:
[-1.36598e5,-1.36587e5,-1.36595e5,-1.36608e5,-1.36589e5,-1.36609e5,-1.36594e5,-1.366e5,-1.36602e5,-1.36594e5]
	From worker 9:	ESS: 188.2572
	From worker 9:	Nbr resample: 25000 
	From worker 8:	ESS: 189.8552
	From worker 8:	Nbr resample: 25000 
	From worker 2:	ESS: 186.8866
	From worker 2:	Nbr resample: 25000 
	From worker 5:	ESS: 187.5371
	From worker 5:	Nbr resample: 25000 
	From worker 4:	ESS: 185.8265
	From worker 4:	Nbr resample: 25000 
	From worker 6:	ESS: 183.9649
	From worker 6:	Nbr resample: 25000 
	From worker 3:	ESS: 186.6694
	From worker 3:	Nbr resample: 25000 
	From worker 10:	ESS: 186.3184
	From worker 10:	Nbr resample: 25000 
	From worker 7:	ESS: 189.9572
	From worker 7:	Nbr resample: 25000 
	From worker 11:	ESS: 184.8851
	From worker 11:	Nbr resample: 25000 
Percentage done: 3.00 % 
Acceptance rate on iteration 501 to 600 is 0.2121
Covariance:
[0.0142753 -0.00763675 3.00509e-5 -0.00391852 -0.00218659 0.00587659 0.00507786; -0.00763675 0.00474602 -4.64358e-7 0.00171408 0.00103258 -0.00380993 -0.00418267; 3.00509e-5 -4.64358e-7 2.08123e-5 -5.51925e-5 -9.40214e-5 0.000121068 -3.05095e-5; -0.00391852 0.00171408 -5.51925e-5 0.0215736 0.0115852 -0.0227598 -0.00027401; -0.00218659 0.00103258 -9.40214e-5 0.0115852 0.00689162 -0.0138215 -0.000360063; 0.00587659 -0.00380993 0.000121068 -0.0227598 -0.0138215 0.0324489 0.00427667; 0.00507786 -0.00418267 -3.05095e-5 -0.00027401 -0.000360063 0.00427667 0.00644766]
Loglik: -136588.9733 
Loglik values on different cores:
[-1.36608e5,-1.3659e5,-1.36603e5,-1.36605e5,-1.36608e5,-1.36598e5,-1.36605e5,-1.3658e5,-1.36595e5,-1.36603e5]
Percentage done: 3.50 % 
Acceptance rate on iteration 601 to 700 is 0.1111
Covariance:
[0.0142753 -0.00763675 3.00509e-5 -0.00391852 -0.00218659 0.00587659 0.00507786; -0.00763675 0.00474602 -4.64358e-7 0.00171408 0.00103258 -0.00380993 -0.00418267; 3.00509e-5 -4.64358e-7 2.08123e-5 -5.51925e-5 -9.40214e-5 0.000121068 -3.05095e-5; -0.00391852 0.00171408 -5.51925e-5 0.0215736 0.0115852 -0.0227598 -0.00027401; -0.00218659 0.00103258 -9.40214e-5 0.0115852 0.00689162 -0.0138215 -0.000360063; 0.00587659 -0.00380993 0.000121068 -0.0227598 -0.0138215 0.0324489 0.00427667; 0.00507786 -0.00418267 -3.05095e-5 -0.00027401 -0.000360063 0.00427667 0.00644766]
Loglik: -136581.7334 
Loglik values on different cores:
[-1.36605e5,-1.3659e5,-136591.0,-1.36605e5,-1.36603e5,-1.36591e5,-1.36594e5,-1.36602e5,-1.36607e5,-1.36602e5]
	From worker 3:	ESS: 186.2233
	From worker 3:	Nbr resample: 25000 
	From worker 2:	ESS: 184.1600
	From worker 2:	Nbr resample: 25000 
	From worker 8:	ESS: 186.3887
	From worker 8:	Nbr resample: 25000 
	From worker 5:	ESS: 187.3634
	From worker 5:	Nbr resample: 25000 
	From worker 6:	ESS: 183.1906
	From worker 6:	Nbr resample: 25000 
	From worker 4:	ESS: 181.7922
	From worker 4:	Nbr resample: 25000 
	From worker 9:	ESS: 186.7650
	From worker 9:	Nbr resample: 25000 
	From worker 10:	ESS: 185.9042
	From worker 10:	Nbr resample: 25000 
	From worker 7:	ESS: 187.6246
	From worker 7:	Nbr resample: 25000 
	From worker 11:	ESS: 188.6354
	From worker 11:	Nbr resample: 25000 
	From worker 4:	ESS: 190.8079
	From worker 4:	Nbr resample: 25000 
	From worker 5:	ESS: 192.6857
	From worker 5:	Nbr resample: 25000 
	From worker 8:	ESS: 179.8510
	From worker 8:	Nbr resample: 25000 
	From worker 9:	ESS: 188.0947
	From worker 9:	Nbr resample: 25000 
	From worker 6:	ESS: 184.8104
	From worker 6:	Nbr resample: 25000 
	From worker 7:	ESS: 188.4246
	From worker 7:	Nbr resample: 25000 
	From worker 10:	ESS: 187.8120
	From worker 10:	Nbr resample: 25000 
	From worker 11:	ESS: 187.3711
	From worker 11:	Nbr resample: 25000 
	From worker 2:	ESS: 185.2932
	From worker 2:	Nbr resample: 25000 
	From worker 3:	ESS: 189.1896
	From worker 3:	Nbr resample: 25000 
Percentage done: 4.00 % 
Acceptance rate on iteration 701 to 800 is 0.1010
Covariance:
[0.0142753 -0.00763675 3.00509e-5 -0.00391852 -0.00218659 0.00587659 0.00507786; -0.00763675 0.00474602 -4.64358e-7 0.00171408 0.00103258 -0.00380993 -0.00418267; 3.00509e-5 -4.64358e-7 2.08123e-5 -5.51925e-5 -9.40214e-5 0.000121068 -3.05095e-5; -0.00391852 0.00171408 -5.51925e-5 0.0215736 0.0115852 -0.0227598 -0.00027401; -0.00218659 0.00103258 -9.40214e-5 0.0115852 0.00689162 -0.0138215 -0.000360063; 0.00587659 -0.00380993 0.000121068 -0.0227598 -0.0138215 0.0324489 0.00427667; 0.00507786 -0.00418267 -3.05095e-5 -0.00027401 -0.000360063 0.00427667 0.00644766]
Loglik: -136583.3622 
Loglik values on different cores:
[-1.36613e5,-1.36594e5,-136604.0,-1.3658e5,-1.36596e5,-1.36611e5,-1.36595e5,-1.3659e5,-1.36584e5,-1.36614e5]
Percentage done: 4.50 % 
Acceptance rate on iteration 801 to 900 is 0.0707
Covariance:
[0.0142753 -0.00763675 3.00509e-5 -0.00391852 -0.00218659 0.00587659 0.00507786; -0.00763675 0.00474602 -4.64358e-7 0.00171408 0.00103258 -0.00380993 -0.00418267; 3.00509e-5 -4.64358e-7 2.08123e-5 -5.51925e-5 -9.40214e-5 0.000121068 -3.05095e-5; -0.00391852 0.00171408 -5.51925e-5 0.0215736 0.0115852 -0.0227598 -0.00027401; -0.00218659 0.00103258 -9.40214e-5 0.0115852 0.00689162 -0.0138215 -0.000360063; 0.00587659 -0.00380993 0.000121068 -0.0227598 -0.0138215 0.0324489 0.00427667; 0.00507786 -0.00418267 -3.05095e-5 -0.00027401 -0.000360063 0.00427667 0.00644766]
Loglik: -136604.8456 
Loglik values on different cores:
[-1.36618e5,-1.36617e5,-1.36616e5,-1.36608e5,-1.36626e5,-1.36614e5,-1.36605e5,-1.36631e5,-1.36622e5,-1.36619e5]
Percentage done: 5.00 % 
Acceptance rate on iteration 901 to 1000 is 0.1212
Covariance:
[0.0142753 -0.00763675 3.00509e-5 -0.00391852 -0.00218659 0.00587659 0.00507786; -0.00763675 0.00474602 -4.64358e-7 0.00171408 0.00103258 -0.00380993 -0.00418267; 3.00509e-5 -4.64358e-7 2.08123e-5 -5.51925e-5 -9.40214e-5 0.000121068 -3.05095e-5; -0.00391852 0.00171408 -5.51925e-5 0.0215736 0.0115852 -0.0227598 -0.00027401; -0.00218659 0.00103258 -9.40214e-5 0.0115852 0.00689162 -0.0138215 -0.000360063; 0.00587659 -0.00380993 0.000121068 -0.0227598 -0.0138215 0.0324489 0.00427667; 0.00507786 -0.00418267 -3.05095e-5 -0.00027401 -0.000360063 0.00427667 0.00644766]
Loglik: -136594.0193 
Loglik values on different cores:
[-1.36589e5,-1.36602e5,-1.366e5,-1.36598e5,-1.36594e5,-1.36593e5,-1.36603e5,-1.36592e5,-1.36589e5,-1.36613e5]
Percentage done: 5.50 % 
Acceptance rate on iteration 1001 to 1100 is 0.1212
Covariance:
[0.0142753 -0.00763675 3.00509e-5 -0.00391852 -0.00218659 0.00587659 0.00507786; -0.00763675 0.00474602 -4.64358e-7 0.00171408 0.00103258 -0.00380993 -0.00418267; 3.00509e-5 -4.64358e-7 2.08123e-5 -5.51925e-5 -9.40214e-5 0.000121068 -3.05095e-5; -0.00391852 0.00171408 -5.51925e-5 0.0215736 0.0115852 -0.0227598 -0.00027401; -0.00218659 0.00103258 -9.40214e-5 0.0115852 0.00689162 -0.0138215 -0.000360063; 0.00587659 -0.00380993 0.000121068 -0.0227598 -0.0138215 0.0324489 0.00427667; 0.00507786 -0.00418267 -3.05095e-5 -0.00027401 -0.000360063 0.00427667 0.00644766]
Loglik: -136587.3006 
Loglik values on different cores:
[-1.36576e5,-1.36574e5,-1.36603e5,-136607.0,-1.366e5,-136597.0,-1.36588e5,-1.36613e5,-1.36579e5,-1.36592e5]
	From worker 2:	ESS: 184.0111
	From worker 2:	Nbr resample: 25000 
	From worker 5:	ESS: 188.0242
	From worker 5:	Nbr resample: 25000 
	From worker 8:	ESS: 187.3613
	From worker 8:	Nbr resample: 25000 
	From worker 4:	ESS: 191.4207
	From worker 4:	Nbr resample: 25000 
	From worker 6:	ESS: 188.8864
	From worker 6:	Nbr resample: 25000 
	From worker 9:	ESS: 182.0721
	From worker 9:	Nbr resample: 25000 
	From worker 3:	ESS: 178.4021
	From worker 3:	Nbr resample: 25000 
	From worker 10:	ESS: 186.1703
	From worker 10:	Nbr resample: 25000 
	From worker 11:	ESS: 180.6902
	From worker 11:	Nbr resample: 25000 
	From worker 7:	ESS: 183.7644
	From worker 7:	Nbr resample: 25000 
Percentage done: 6.00 % 
Acceptance rate on iteration 1101 to 1200 is 0.1313
Covariance:
[0.0142753 -0.00763675 3.00509e-5 -0.00391852 -0.00218659 0.00587659 0.00507786; -0.00763675 0.00474602 -4.64358e-7 0.00171408 0.00103258 -0.00380993 -0.00418267; 3.00509e-5 -4.64358e-7 2.08123e-5 -5.51925e-5 -9.40214e-5 0.000121068 -3.05095e-5; -0.00391852 0.00171408 -5.51925e-5 0.0215736 0.0115852 -0.0227598 -0.00027401; -0.00218659 0.00103258 -9.40214e-5 0.0115852 0.00689162 -0.0138215 -0.000360063; 0.00587659 -0.00380993 0.000121068 -0.0227598 -0.0138215 0.0324489 0.00427667; 0.00507786 -0.00418267 -3.05095e-5 -0.00027401 -0.000360063 0.00427667 0.00644766]
Loglik: -136588.6195 
Loglik values on different cores:
[-136586.0,-1.36579e5,-1.36606e5,-1.366e5,-1.36599e5,-1.36604e5,-1.36589e5,-1.36601e5,-136597.0,-1.36583e5]
Percentage done: 6.50 % 
Acceptance rate on iteration 1201 to 1300 is 0.0808
Covariance:
[0.0142753 -0.00763675 3.00509e-5 -0.00391852 -0.00218659 0.00587659 0.00507786; -0.00763675 0.00474602 -4.64358e-7 0.00171408 0.00103258 -0.00380993 -0.00418267; 3.00509e-5 -4.64358e-7 2.08123e-5 -5.51925e-5 -9.40214e-5 0.000121068 -3.05095e-5; -0.00391852 0.00171408 -5.51925e-5 0.0215736 0.0115852 -0.0227598 -0.00027401; -0.00218659 0.00103258 -9.40214e-5 0.0115852 0.00689162 -0.0138215 -0.000360063; 0.00587659 -0.00380993 0.000121068 -0.0227598 -0.0138215 0.0324489 0.00427667; 0.00507786 -0.00418267 -3.05095e-5 -0.00027401 -0.000360063 0.00427667 0.00644766]
Loglik: -136584.1012 
Loglik values on different cores:
[-1.366e5,-1.36573e5,-1.36599e5,-136596.0,-1.36593e5,-1.36604e5,-1.36601e5,-1.36589e5,-1.36589e5,-1.36606e5]
Percentage done: 7.00 % 
Acceptance rate on iteration 1301 to 1400 is 0.1010
Covariance:
[0.0142753 -0.00763675 3.00509e-5 -0.00391852 -0.00218659 0.00587659 0.00507786; -0.00763675 0.00474602 -4.64358e-7 0.00171408 0.00103258 -0.00380993 -0.00418267; 3.00509e-5 -4.64358e-7 2.08123e-5 -5.51925e-5 -9.40214e-5 0.000121068 -3.05095e-5; -0.00391852 0.00171408 -5.51925e-5 0.0215736 0.0115852 -0.0227598 -0.00027401; -0.00218659 0.00103258 -9.40214e-5 0.0115852 0.00689162 -0.0138215 -0.000360063; 0.00587659 -0.00380993 0.000121068 -0.0227598 -0.0138215 0.0324489 0.00427667; 0.00507786 -0.00418267 -3.05095e-5 -0.00027401 -0.000360063 0.00427667 0.00644766]
Loglik: -136589.6803 
Loglik values on different cores:
[-1.36617e5,-1.36584e5,-1.3659e5,-1.36589e5,-1.36608e5,-1.36601e5,-1.36604e5,-1.36591e5,-1.36603e5,-1.36602e5]
Percentage done: 7.50 % 
Acceptance rate on iteration 1401 to 1500 is 0.1313
Covariance:
[0.0142753 -0.00763675 3.00509e-5 -0.00391852 -0.00218659 0.00587659 0.00507786; -0.00763675 0.00474602 -4.64358e-7 0.00171408 0.00103258 -0.00380993 -0.00418267; 3.00509e-5 -4.64358e-7 2.08123e-5 -5.51925e-5 -9.40214e-5 0.000121068 -3.05095e-5; -0.00391852 0.00171408 -5.51925e-5 0.0215736 0.0115852 -0.0227598 -0.00027401; -0.00218659 0.00103258 -9.40214e-5 0.0115852 0.00689162 -0.0138215 -0.000360063; 0.00587659 -0.00380993 0.000121068 -0.0227598 -0.0138215 0.0324489 0.00427667; 0.00507786 -0.00418267 -3.05095e-5 -0.00027401 -0.000360063 0.00427667 0.00644766]
Loglik: -136589.5898 
Loglik values on different cores:
[-1.36597e5,-1.36614e5,-1.36587e5,-1.36608e5,-1.36587e5,-1.36591e5,-1.36616e5,-1.36614e5,-1.36599e5,-1.36598e5]
Percentage done: 8.00 % 
Acceptance rate on iteration 1501 to 1600 is 0.0808
Covariance:
[0.0142753 -0.00763675 3.00509e-5 -0.00391852 -0.00218659 0.00587659 0.00507786; -0.00763675 0.00474602 -4.64358e-7 0.00171408 0.00103258 -0.00380993 -0.00418267; 3.00509e-5 -4.64358e-7 2.08123e-5 -5.51925e-5 -9.40214e-5 0.000121068 -3.05095e-5; -0.00391852 0.00171408 -5.51925e-5 0.0215736 0.0115852 -0.0227598 -0.00027401; -0.00218659 0.00103258 -9.40214e-5 0.0115852 0.00689162 -0.0138215 -0.000360063; 0.00587659 -0.00380993 0.000121068 -0.0227598 -0.0138215 0.0324489 0.00427667; 0.00507786 -0.00418267 -3.05095e-5 -0.00027401 -0.000360063 0.00427667 0.00644766]
Loglik: -136586.1405 
Loglik values on different cores:
[-1.36592e5,-1.36612e5,-136601.0,-1.36603e5,-1.366e5,-136602.0,-1.36606e5,-136611.0,-1.36602e5,-1.3659e5]
Percentage done: 8.50 % 
Acceptance rate on iteration 1601 to 1700 is 0.1313
Covariance:
[0.0142753 -0.00763675 3.00509e-5 -0.00391852 -0.00218659 0.00587659 0.00507786; -0.00763675 0.00474602 -4.64358e-7 0.00171408 0.00103258 -0.00380993 -0.00418267; 3.00509e-5 -4.64358e-7 2.08123e-5 -5.51925e-5 -9.40214e-5 0.000121068 -3.05095e-5; -0.00391852 0.00171408 -5.51925e-5 0.0215736 0.0115852 -0.0227598 -0.00027401; -0.00218659 0.00103258 -9.40214e-5 0.0115852 0.00689162 -0.0138215 -0.000360063; 0.00587659 -0.00380993 0.000121068 -0.0227598 -0.0138215 0.0324489 0.00427667; 0.00507786 -0.00418267 -3.05095e-5 -0.00027401 -0.000360063 0.00427667 0.00644766]
Loglik: -136585.6973 
Loglik values on different cores:
[-1.3661e5,-1.36589e5,-1.366e5,-1.36609e5,-1.36594e5,-1.36604e5,-1.36602e5,-1.36609e5,-1.36602e5,-1.36605e5]
Percentage done: 9.00 % 
Acceptance rate on iteration 1701 to 1800 is 0.1010
Covariance:
[0.0142753 -0.00763675 3.00509e-5 -0.00391852 -0.00218659 0.00587659 0.00507786; -0.00763675 0.00474602 -4.64358e-7 0.00171408 0.00103258 -0.00380993 -0.00418267; 3.00509e-5 -4.64358e-7 2.08123e-5 -5.51925e-5 -9.40214e-5 0.000121068 -3.05095e-5; -0.00391852 0.00171408 -5.51925e-5 0.0215736 0.0115852 -0.0227598 -0.00027401; -0.00218659 0.00103258 -9.40214e-5 0.0115852 0.00689162 -0.0138215 -0.000360063; 0.00587659 -0.00380993 0.000121068 -0.0227598 -0.0138215 0.0324489 0.00427667; 0.00507786 -0.00418267 -3.05095e-5 -0.00027401 -0.000360063 0.00427667 0.00644766]
Loglik: -136577.3674 
Loglik values on different cores:
[-1.36594e5,-1.36585e5,-136586.0,-1.366e5,-1.36612e5,-1.36605e5,-1.36594e5,-1.36592e5,-136595.0,-1.36598e5]
	From worker 2:	ESS: 187.6640
	From worker 2:	Nbr resample: 25000 
	From worker 5:	ESS: 180.7684
	From worker 5:	Nbr resample: 25000 
	From worker 8:	ESS: 184.8796
	From worker 8:	Nbr resample: 25000 
	From worker 4:	ESS: 189.4770
	From worker 4:	Nbr resample: 25000 
	From worker 9:	ESS: 186.4191
	From worker 9:	Nbr resample: 25000 
	From worker 6:	ESS: 187.6052
	From worker 6:	Nbr resample: 25000 
	From worker 10:	ESS: 187.8552
	From worker 10:	Nbr resample: 25000 
	From worker 11:	ESS: 185.1071
	From worker 11:	Nbr resample: 25000 
	From worker 3:	ESS: 183.5735
	From worker 3:	Nbr resample: 25000 
	From worker 7:	ESS: 186.5813
	From worker 7:	Nbr resample: 25000 
Percentage done: 9.50 % 
Acceptance rate on iteration 1801 to 1900 is 0.1818
Covariance:
[0.0142753 -0.00763675 3.00509e-5 -0.00391852 -0.00218659 0.00587659 0.00507786; -0.00763675 0.00474602 -4.64358e-7 0.00171408 0.00103258 -0.00380993 -0.00418267; 3.00509e-5 -4.64358e-7 2.08123e-5 -5.51925e-5 -9.40214e-5 0.000121068 -3.05095e-5; -0.00391852 0.00171408 -5.51925e-5 0.0215736 0.0115852 -0.0227598 -0.00027401; -0.00218659 0.00103258 -9.40214e-5 0.0115852 0.00689162 -0.0138215 -0.000360063; 0.00587659 -0.00380993 0.000121068 -0.0227598 -0.0138215 0.0324489 0.00427667; 0.00507786 -0.00418267 -3.05095e-5 -0.00027401 -0.000360063 0.00427667 0.00644766]
Loglik: -136585.3427 
Loglik values on different cores:
[-1.36598e5,-1.36592e5,-1.36589e5,-1.36601e5,-1.36588e5,-1.36594e5,-1.36593e5,-1.36598e5,-1.36598e5,-1.36591e5]
	From worker 6:	ESS: 191.9207
	From worker 6:	Nbr resample: 25000 
	From worker 8:	ESS: 181.3823
	From worker 8:	Nbr resample: 25000 
	From worker 5:	ESS: 186.7114
	From worker 5:	Nbr resample: 25000 
	From worker 2:	ESS: 185.7309
	From worker 2:	Nbr resample: 25000 
	From worker 4:	ESS: 188.0298
	From worker 4:	Nbr resample: 25000 
	From worker 10:	ESS: 186.7929
	From worker 10:	Nbr resample: 25000 
	From worker 11:	ESS: 184.5420
	From worker 11:	Nbr resample: 25000 
	From worker 9:	ESS: 189.5361
	From worker 9:	Nbr resample: 25000 
	From worker 7:	ESS: 183.5220
	From worker 7:	Nbr resample: 25000 
	From worker 3:	ESS: 184.9341
	From worker 3:	Nbr resample: 25000 
Percentage done: 10.00 % 
Acceptance rate on iteration 1901 to 2000 is 0.1111
Covariance:
[0.0142753 -0.00763675 3.00509e-5 -0.00391852 -0.00218659 0.00587659 0.00507786; -0.00763675 0.00474602 -4.64358e-7 0.00171408 0.00103258 -0.00380993 -0.00418267; 3.00509e-5 -4.64358e-7 2.08123e-5 -5.51925e-5 -9.40214e-5 0.000121068 -3.05095e-5; -0.00391852 0.00171408 -5.51925e-5 0.0215736 0.0115852 -0.0227598 -0.00027401; -0.00218659 0.00103258 -9.40214e-5 0.0115852 0.00689162 -0.0138215 -0.000360063; 0.00587659 -0.00380993 0.000121068 -0.0227598 -0.0138215 0.0324489 0.00427667; 0.00507786 -0.00418267 -3.05095e-5 -0.00027401 -0.000360063 0.00427667 0.00644766]
Loglik: -136593.0132 
Loglik values on different cores:
[-1.36607e5,-1.36588e5,-1.36604e5,-1.36606e5,-1.36606e5,-1.36614e5,-1.36598e5,-1.36602e5,-1.36592e5,-1.36619e5]
	From worker 5:	ESS: 194.2136
	From worker 5:	Nbr resample: 25000 
	From worker 8:	ESS: 191.1168
	From worker 8:	Nbr resample: 25000 
	From worker 10:	ESS: 193.1867
	From worker 10:	Nbr resample: 25000 
	From worker 2:	ESS: 194.3039
	From worker 2:	Nbr resample: 25000 
	From worker 4:	ESS: 194.1948
	From worker 4:	Nbr resample: 25000 
	From worker 6:	ESS: 193.9095
	From worker 6:	Nbr resample: 25000 
	From worker 9:	ESS: 194.3679
	From worker 9:	Nbr resample: 25000 
	From worker 3:	ESS: 194.4982
	From worker 3:	Nbr resample: 25000 
	From worker 11:	ESS: 194.1560
	From worker 11:	Nbr resample: 25000 
	From worker 7:	ESS: 192.8610
	From worker 7:	Nbr resample: 25000 
	From worker 5:	ESS: 187.9961
	From worker 5:	Nbr resample: 25000 
	From worker 4:	ESS: 187.5272
	From worker 4:	Nbr resample: 25000 
	From worker 8:	ESS: 189.5824
	From worker 8:	Nbr resample: 25000 
	From worker 2:	ESS: 193.1356
	From worker 2:	Nbr resample: 25000 
	From worker 9:	ESS: 187.4042
	From worker 9:	Nbr resample: 25000 
	From worker 6:	ESS: 191.5403
	From worker 6:	Nbr resample: 25000 
	From worker 3:	ESS: 190.8157
	From worker 3:	Nbr resample: 25000 
	From worker 10:	ESS: 192.0159
	From worker 10:	Nbr resample: 25000 
	From worker 11:	ESS: 187.5406
	From worker 11:	Nbr resample: 25000 
	From worker 7:	ESS: 191.9047
	From worker 7:	Nbr resample: 25000 
Percentage done: 10.50 % 
Acceptance rate on iteration 2001 to 2100 is 0.1111
Covariance:
[0.0142753 -0.00763675 3.00509e-5 -0.00391852 -0.00218659 0.00587659 0.00507786; -0.00763675 0.00474602 -4.64358e-7 0.00171408 0.00103258 -0.00380993 -0.00418267; 3.00509e-5 -4.64358e-7 2.08123e-5 -5.51925e-5 -9.40214e-5 0.000121068 -3.05095e-5; -0.00391852 0.00171408 -5.51925e-5 0.0215736 0.0115852 -0.0227598 -0.00027401; -0.00218659 0.00103258 -9.40214e-5 0.0115852 0.00689162 -0.0138215 -0.000360063; 0.00587659 -0.00380993 0.000121068 -0.0227598 -0.0138215 0.0324489 0.00427667; 0.00507786 -0.00418267 -3.05095e-5 -0.00027401 -0.000360063 0.00427667 0.00644766]
Loglik: -136601.8587 
Loglik values on different cores:
[-1.36607e5,-1.36622e5,-1.36626e5,-1.36633e5,-1.36616e5,-1.36632e5,-136625.0,-1.36614e5,-1.36612e5,-1.36612e5]
Percentage done: 11.00 % 
Acceptance rate on iteration 2101 to 2200 is 0.0808
Covariance:
[0.0142753 -0.00763675 3.00509e-5 -0.00391852 -0.00218659 0.00587659 0.00507786; -0.00763675 0.00474602 -4.64358e-7 0.00171408 0.00103258 -0.00380993 -0.00418267; 3.00509e-5 -4.64358e-7 2.08123e-5 -5.51925e-5 -9.40214e-5 0.000121068 -3.05095e-5; -0.00391852 0.00171408 -5.51925e-5 0.0215736 0.0115852 -0.0227598 -0.00027401; -0.00218659 0.00103258 -9.40214e-5 0.0115852 0.00689162 -0.0138215 -0.000360063; 0.00587659 -0.00380993 0.000121068 -0.0227598 -0.0138215 0.0324489 0.00427667; 0.00507786 -0.00418267 -3.05095e-5 -0.00027401 -0.000360063 0.00427667 0.00644766]
Loglik: -136591.7728 
Loglik values on different cores:
[-1.36593e5,-1.36606e5,-1.36595e5,-1.36589e5,-1.36598e5,-136595.0,-1.3659e5,-1.366e5,-1.36601e5,-1.36592e5]
Percentage done: 11.50 % 
Acceptance rate on iteration 2201 to 2300 is 0.0808
Covariance:
[0.0142753 -0.00763675 3.00509e-5 -0.00391852 -0.00218659 0.00587659 0.00507786; -0.00763675 0.00474602 -4.64358e-7 0.00171408 0.00103258 -0.00380993 -0.00418267; 3.00509e-5 -4.64358e-7 2.08123e-5 -5.51925e-5 -9.40214e-5 0.000121068 -3.05095e-5; -0.00391852 0.00171408 -5.51925e-5 0.0215736 0.0115852 -0.0227598 -0.00027401; -0.00218659 0.00103258 -9.40214e-5 0.0115852 0.00689162 -0.0138215 -0.000360063; 0.00587659 -0.00380993 0.000121068 -0.0227598 -0.0138215 0.0324489 0.00427667; 0.00507786 -0.00418267 -3.05095e-5 -0.00027401 -0.000360063 0.00427667 0.00644766]
Loglik: -136578.4074 
Loglik values on different cores:
[-1.36597e5,-1.36579e5,-1.3661e5,-1.36595e5,-1.36587e5,-1.36597e5,-1.3658e5,-1.36603e5,-1.36578e5,-1.36601e5]
Percentage done: 12.00 % 
Acceptance rate on iteration 2301 to 2400 is 0.0909
Covariance:
[0.0142753 -0.00763675 3.00509e-5 -0.00391852 -0.00218659 0.00587659 0.00507786; -0.00763675 0.00474602 -4.64358e-7 0.00171408 0.00103258 -0.00380993 -0.00418267; 3.00509e-5 -4.64358e-7 2.08123e-5 -5.51925e-5 -9.40214e-5 0.000121068 -3.05095e-5; -0.00391852 0.00171408 -5.51925e-5 0.0215736 0.0115852 -0.0227598 -0.00027401; -0.00218659 0.00103258 -9.40214e-5 0.0115852 0.00689162 -0.0138215 -0.000360063; 0.00587659 -0.00380993 0.000121068 -0.0227598 -0.0138215 0.0324489 0.00427667; 0.00507786 -0.00418267 -3.05095e-5 -0.00027401 -0.000360063 0.00427667 0.00644766]
Loglik: -136589.1211 
Loglik values on different cores:
[-1.36596e5,-1.3661e5,-1.36598e5,-1.36601e5,-1.36599e5,-1.36604e5,-1.36615e5,-1.36586e5,-1.36608e5,-1.36597e5]
Percentage done: 12.50 % 
Acceptance rate on iteration 2401 to 2500 is 0.0707
Covariance:
[0.0142753 -0.00763675 3.00509e-5 -0.00391852 -0.00218659 0.00587659 0.00507786; -0.00763675 0.00474602 -4.64358e-7 0.00171408 0.00103258 -0.00380993 -0.00418267; 3.00509e-5 -4.64358e-7 2.08123e-5 -5.51925e-5 -9.40214e-5 0.000121068 -3.05095e-5; -0.00391852 0.00171408 -5.51925e-5 0.0215736 0.0115852 -0.0227598 -0.00027401; -0.00218659 0.00103258 -9.40214e-5 0.0115852 0.00689162 -0.0138215 -0.000360063; 0.00587659 -0.00380993 0.000121068 -0.0227598 -0.0138215 0.0324489 0.00427667; 0.00507786 -0.00418267 -3.05095e-5 -0.00027401 -0.000360063 0.00427667 0.00644766]
Loglik: -136598.5868 
Loglik values on different cores:
[-1.36617e5,-1.36615e5,-1.36607e5,-1.36614e5,-1.36599e5,-1.36599e5,-1.3662e5,-1.36611e5,-1.36598e5,-1.36619e5]
Percentage done: 13.00 % 
Acceptance rate on iteration 2501 to 2600 is 0.1111
Covariance:
[0.0142753 -0.00763675 3.00509e-5 -0.00391852 -0.00218659 0.00587659 0.00507786; -0.00763675 0.00474602 -4.64358e-7 0.00171408 0.00103258 -0.00380993 -0.00418267; 3.00509e-5 -4.64358e-7 2.08123e-5 -5.51925e-5 -9.40214e-5 0.000121068 -3.05095e-5; -0.00391852 0.00171408 -5.51925e-5 0.0215736 0.0115852 -0.0227598 -0.00027401; -0.00218659 0.00103258 -9.40214e-5 0.0115852 0.00689162 -0.0138215 -0.000360063; 0.00587659 -0.00380993 0.000121068 -0.0227598 -0.0138215 0.0324489 0.00427667; 0.00507786 -0.00418267 -3.05095e-5 -0.00027401 -0.000360063 0.00427667 0.00644766]
Loglik: -136575.9728 
Loglik values on different cores:
[-1.36593e5,-1.36583e5,-1.36598e5,-1.36591e5,-1.36587e5,-1.36619e5,-1.36604e5,-1.36577e5,-1.36596e5,-1.36599e5]
Percentage done: 13.50 % 
Acceptance rate on iteration 2601 to 2700 is 0.1010
Covariance:
[0.0142753 -0.00763675 3.00509e-5 -0.00391852 -0.00218659 0.00587659 0.00507786; -0.00763675 0.00474602 -4.64358e-7 0.00171408 0.00103258 -0.00380993 -0.00418267; 3.00509e-5 -4.64358e-7 2.08123e-5 -5.51925e-5 -9.40214e-5 0.000121068 -3.05095e-5; -0.00391852 0.00171408 -5.51925e-5 0.0215736 0.0115852 -0.0227598 -0.00027401; -0.00218659 0.00103258 -9.40214e-5 0.0115852 0.00689162 -0.0138215 -0.000360063; 0.00587659 -0.00380993 0.000121068 -0.0227598 -0.0138215 0.0324489 0.00427667; 0.00507786 -0.00418267 -3.05095e-5 -0.00027401 -0.000360063 0.00427667 0.00644766]
Loglik: -136592.6923 
Loglik values on different cores:
[-1.36594e5,-1.3661e5,-1.36617e5,-1.36616e5,-1.36617e5,-1.36613e5,-1.36605e5,-1.36608e5,-1.36615e5,-1.36613e5]
Percentage done: 14.00 % 
Acceptance rate on iteration 2701 to 2800 is 0.1212
Covariance:
[0.0142753 -0.00763675 3.00509e-5 -0.00391852 -0.00218659 0.00587659 0.00507786; -0.00763675 0.00474602 -4.64358e-7 0.00171408 0.00103258 -0.00380993 -0.00418267; 3.00509e-5 -4.64358e-7 2.08123e-5 -5.51925e-5 -9.40214e-5 0.000121068 -3.05095e-5; -0.00391852 0.00171408 -5.51925e-5 0.0215736 0.0115852 -0.0227598 -0.00027401; -0.00218659 0.00103258 -9.40214e-5 0.0115852 0.00689162 -0.0138215 -0.000360063; 0.00587659 -0.00380993 0.000121068 -0.0227598 -0.0138215 0.0324489 0.00427667; 0.00507786 -0.00418267 -3.05095e-5 -0.00027401 -0.000360063 0.00427667 0.00644766]
Loglik: -136594.8015 
Loglik values on different cores:
[-1.36599e5,-1.36595e5,-1.36595e5,-1.36623e5,-1.36601e5,-1.36607e5,-1.36597e5,-1.36605e5,-1.36609e5,-1.36619e5]
Percentage done: 14.50 % 
Acceptance rate on iteration 2801 to 2900 is 0.1212
Covariance:
[0.0142753 -0.00763675 3.00509e-5 -0.00391852 -0.00218659 0.00587659 0.00507786; -0.00763675 0.00474602 -4.64358e-7 0.00171408 0.00103258 -0.00380993 -0.00418267; 3.00509e-5 -4.64358e-7 2.08123e-5 -5.51925e-5 -9.40214e-5 0.000121068 -3.05095e-5; -0.00391852 0.00171408 -5.51925e-5 0.0215736 0.0115852 -0.0227598 -0.00027401; -0.00218659 0.00103258 -9.40214e-5 0.0115852 0.00689162 -0.0138215 -0.000360063; 0.00587659 -0.00380993 0.000121068 -0.0227598 -0.0138215 0.0324489 0.00427667; 0.00507786 -0.00418267 -3.05095e-5 -0.00027401 -0.000360063 0.00427667 0.00644766]
Loglik: -136591.1503 
Loglik values on different cores:
[-1.36607e5,-1.36596e5,-1.36594e5,-1.36599e5,-1.36597e5,-1.36602e5,-1.366e5,-1.36603e5,-1.36585e5,-1.36597e5]
	From worker 5:	ESS: 183.6072
	From worker 5:	Nbr resample: 25000 
	From worker 8:	ESS: 189.9420
	From worker 8:	Nbr resample: 25000 
	From worker 2:	ESS: 190.6458
	From worker 2:	Nbr resample: 25000 
	From worker 4:	ESS: 192.0352
	From worker 4:	Nbr resample: 25000 
	From worker 6:	ESS: 189.3008
	From worker 6:	Nbr resample: 25000 
	From worker 9:	ESS: 188.8427
	From worker 9:	Nbr resample: 25000 
	From worker 3:	ESS: 188.5507
	From worker 3:	Nbr resample: 25000 
	From worker 7:	ESS: 182.9483
	From worker 7:	Nbr resample: 25000 
	From worker 10:	ESS: 190.3448
	From worker 10:	Nbr resample: 25000 
	From worker 11:	ESS: 187.0908
	From worker 11:	Nbr resample: 25000 
	From worker 5:	ESS: 187.0029
	From worker 5:	Nbr resample: 25000 
	From worker 8:	ESS: 180.8800
	From worker 8:	Nbr resample: 25000 
	From worker 4:	ESS: 186.3352
	From worker 4:	Nbr resample: 25000 
	From worker 2:	ESS: 183.6506
	From worker 2:	Nbr resample: 25000 
	From worker 6:	ESS: 180.4351
	From worker 6:	Nbr resample: 25000 
	From worker 7:	ESS: 183.7001
	From worker 7:	Nbr resample: 25000 
	From worker 9:	ESS: 187.5109
	From worker 9:	Nbr resample: 25000 
	From worker 3:	ESS: 186.9145
	From worker 3:	Nbr resample: 25000 
	From worker 10:	ESS: 185.9293
	From worker 10:	Nbr resample: 25000 
	From worker 11:	ESS: 184.9573
	From worker 11:	Nbr resample: 25000 
Percentage done: 15.00 % 
Acceptance rate on iteration 2901 to 3000 is 0.1212
Covariance:
[0.0142753 -0.00763675 3.00509e-5 -0.00391852 -0.00218659 0.00587659 0.00507786; -0.00763675 0.00474602 -4.64358e-7 0.00171408 0.00103258 -0.00380993 -0.00418267; 3.00509e-5 -4.64358e-7 2.08123e-5 -5.51925e-5 -9.40214e-5 0.000121068 -3.05095e-5; -0.00391852 0.00171408 -5.51925e-5 0.0215736 0.0115852 -0.0227598 -0.00027401; -0.00218659 0.00103258 -9.40214e-5 0.0115852 0.00689162 -0.0138215 -0.000360063; 0.00587659 -0.00380993 0.000121068 -0.0227598 -0.0138215 0.0324489 0.00427667; 0.00507786 -0.00418267 -3.05095e-5 -0.00027401 -0.000360063 0.00427667 0.00644766]
Loglik: -136588.4970 
Loglik values on different cores:
[-1.36589e5,-1.36592e5,-1.36588e5,-1.36613e5,-136599.0,-1.36597e5,-1.36588e5,-1.36596e5,-1.366e5,-1.36609e5]
	From worker 6:	ESS: 191.8666
	From worker 6:	Nbr resample: 25000 
	From worker 11:	ESS: 193.3036
	From worker 11:	Nbr resample: 25000 
	From worker 10:	ESS: 190.0839
	From worker 10:	Nbr resample: 25000 
	From worker 7:	ESS: 194.0907
	From worker 7:	Nbr resample: 25000 
	From worker 3:	ESS: 193.6412
	From worker 3:	Nbr resample: 25000 
	From worker 5:	ESS: 192.1993
	From worker 5:	Nbr resample: 25000 
	From worker 2:	ESS: 188.1045
	From worker 2:	Nbr resample: 25000 
	From worker 8:	ESS: 190.9644
	From worker 8:	Nbr resample: 25000 
	From worker 4:	ESS: 191.4417
	From worker 4:	Nbr resample: 25000 
	From worker 9:	ESS: 190.1547
	From worker 9:	Nbr resample: 25000 
	From worker 5:	ESS: 188.1726
	From worker 5:	Nbr resample: 25000 
	From worker 8:	ESS: 191.0791
	From worker 8:	Nbr resample: 25000 
	From worker 4:	ESS: 191.9484
	From worker 4:	Nbr resample: 25000 
	From worker 2:	ESS: 190.7497
	From worker 2:	Nbr resample: 25000 
	From worker 9:	ESS: 185.5719
	From worker 9:	Nbr resample: 25000 
	From worker 3:	ESS: 188.5860
	From worker 3:	Nbr resample: 25000 
	From worker 7:	ESS: 190.9633
	From worker 7:	Nbr resample: 25000 
	From worker 10:	ESS: 186.9181
	From worker 10:	Nbr resample: 25000 
	From worker 6:	ESS: 192.0694
	From worker 6:	Nbr resample: 25000 
	From worker 11:	ESS: 185.0555
	From worker 11:	Nbr resample: 25000 
Percentage done: 15.50 % 
Acceptance rate on iteration 3001 to 3100 is 0.1111
Covariance:
[0.0142753 -0.00763675 3.00509e-5 -0.00391852 -0.00218659 0.00587659 0.00507786; -0.00763675 0.00474602 -4.64358e-7 0.00171408 0.00103258 -0.00380993 -0.00418267; 3.00509e-5 -4.64358e-7 2.08123e-5 -5.51925e-5 -9.40214e-5 0.000121068 -3.05095e-5; -0.00391852 0.00171408 -5.51925e-5 0.0215736 0.0115852 -0.0227598 -0.00027401; -0.00218659 0.00103258 -9.40214e-5 0.0115852 0.00689162 -0.0138215 -0.000360063; 0.00587659 -0.00380993 0.000121068 -0.0227598 -0.0138215 0.0324489 0.00427667; 0.00507786 -0.00418267 -3.05095e-5 -0.00027401 -0.000360063 0.00427667 0.00644766]
Loglik: -136596.0975 
Loglik values on different cores:
[-1.366e5,-1.36601e5,-1.36592e5,-1.36598e5,-1.36616e5,-136602.0,-1.36592e5,-136592.0,-1.36598e5,-1.36591e5]
	From worker 5:	ESS: 189.1593
	From worker 5:	Nbr resample: 25000 
	From worker 2:	ESS: 185.5959
	From worker 2:	Nbr resample: 25000 
	From worker 4:	ESS: 188.2925
	From worker 4:	Nbr resample: 25000 
