run Normal prior model
#####################################################################
Starting MCMC with adaptive RW estimating 7 parameters
Algorithm: MCWM
Adaptation algorithm: AMUpdate_gen
Prior distribution: Normal
Particel filter: parallel_bootstrap, on 10 cores
Iteration: 1
Covariance:
[0.142857 0.0 0.0 0.0 0.0 0.0 0.0; 0.0 0.142857 0.0 0.0 0.0 0.0 0.0; 0.0 0.0 0.142857 0.0 0.0 0.0 0.0; 0.0 0.0 0.0 0.142857 0.0 0.0 0.0; 0.0 0.0 0.0 0.0 0.142857 0.0 0.0; 0.0 0.0 0.0 0.0 0.0 0.142857 0.0; 0.0 0.0 0.0 0.0 0.0 0.0 0.142857]
	From worker 7:	ESS: 144.7031
	From worker 7:	Nbr resample: 25000 
	From worker 5:	ESS: 190.3393
	From worker 5:	Nbr resample: 25000 
	From worker 2:	ESS: 187.3117
	From worker 2:	Nbr resample: 25000 
	From worker 6:	ESS: 184.7581
	From worker 4:	ESS: 144.7605
	From worker 6:	Nbr resample: 25000 
	From worker 4:	Nbr resample: 25000 
	From worker 11:	ESS: 154.6392
	From worker 11:	Nbr resample: 25000 
	From worker 3:	ESS: 120.2885
	From worker 3:	Nbr resample: 25000 
	From worker 9:	ESS: 190.5307
	From worker 9:	Nbr resample: 25000 
	From worker 8:	ESS: 160.9180
	From worker 8:	Nbr resample: 25000 
	From worker 10:	ESS: 153.0308
	From worker 10:	Nbr resample: 25000 
Loglik: -161398.1059 
Percentage done: 0.33 % 
Acceptance rate on iteration 1 to 100 is 0.1212
Covariance:
[0.0102611 0.00431177 0.00605412 0.0011147 0.0126069 -0.00456755 -0.00441274; 0.00431177 0.0103139 0.00773647 -0.000472046 0.0134785 -0.00265138 -0.00384894; 0.00605412 0.00773647 0.0145944 -0.00121606 0.0188706 -0.00378132 -0.00615711; 0.0011147 -0.000472046 -0.00121606 0.00673198 -0.00159037 -0.00119133 0.000855806; 0.0126069 0.0134785 0.0188706 -0.00159037 0.0403603 -0.00807819 -0.0121806; -0.00456755 -0.00265138 -0.00378132 -0.00119133 -0.00807819 0.00800892 0.00313006; -0.00441274 -0.00384894 -0.00615711 0.000855806 -0.0121806 0.00313006 0.00888918]
Loglik: -137135.6210 
Loglik values on different cores:
[-1.3717e5,-1.37154e5,-1.37157e5,-1.37137e5,-1.37154e5,-1.37153e5,-1.37143e5,-1.37187e5,-1.37159e5,-137153.0]
	From worker 6:	ESS: 142.7577
	From worker 6:	Nbr resample: 25000 
	From worker 5:	ESS: 154.3273
	From worker 5:	Nbr resample: 25000 
	From worker 4:	ESS: 153.0100
	From worker 4:	Nbr resample: 25000 
	From worker 7:	ESS: 155.9667
	From worker 7:	Nbr resample: 25000 
	From worker 2:	ESS: 148.5813
	From worker 2:	Nbr resample: 25000 
	From worker 11:	ESS: 156.9701
	From worker 11:	Nbr resample: 25000 
	From worker 3:	ESS: 155.2050
	From worker 3:	Nbr resample: 25000 
	From worker 9:	ESS: 153.6690
	From worker 9:	Nbr resample: 25000 
	From worker 10:	ESS: 148.1246
	From worker 10:	Nbr resample: 25000 
	From worker 8:	ESS: 161.8665
	From worker 8:	Nbr resample: 25000 
	From worker 7:	ESS: 152.6342
	From worker 7:	Nbr resample: 25000 
	From worker 5:	ESS: 163.7305
	From worker 5:	Nbr resample: 25000 
	From worker 6:	ESS: 164.1997
	From worker 6:	Nbr resample: 25000 
	From worker 3:	ESS: 165.2451
	From worker 3:	Nbr resample: 25000 
	From worker 11:	ESS: 163.5399
	From worker 11:	Nbr resample: 25000 
	From worker 4:	ESS: 169.7843
	From worker 4:	Nbr resample: 25000 
	From worker 8:	ESS: 165.2935
	From worker 8:	Nbr resample: 25000 
	From worker 10:	ESS: 157.4890
	From worker 9:	ESS: 155.9510
	From worker 9:	Nbr resample: 25000 
	From worker 10:	Nbr resample: 25000 
	From worker 2:	ESS: 166.9199
	From worker 2:	Nbr resample: 25000 
Percentage done: 0.67 % 
Acceptance rate on iteration 101 to 200 is 0.1818
Covariance:
[0.0122289 -0.00327728 -0.00917109 0.00902655 0.00298779 -0.00120921 0.000734593; -0.00327728 0.00308966 0.00508811 -0.00331492 0.0018926 -0.000221994 -0.00124689; -0.00917109 0.00508811 0.0121538 -0.00857366 0.00233278 -4.57119e-5 -0.00252082; 0.00902655 -0.00331492 -0.00857366 0.00844723 0.000606108 -0.000721047 0.00133923; 0.00298779 0.0018926 0.00233278 0.000606108 0.00678995 -0.00123425 -0.00201086; -0.00120921 -0.000221994 -4.57119e-5 -0.000721047 -0.00123425 0.00133817 0.000397665; 0.000734593 -0.00124689 -0.00252082 0.00133923 -0.00201086 0.000397665 0.00169416]
Loglik: -136861.4019 
Loglik values on different cores:
[-1.36862e5,-1.36881e5,-1.36874e5,-1.36859e5,-1.36867e5,-1.36872e5,-1.36849e5,-1.36871e5,-1.36859e5,-1.36878e5]
	From worker 6:	ESS: 177.0453
	From worker 6:	Nbr resample: 25000 
	From worker 2:	ESS: 176.5604
	From worker 2:	Nbr resample: 25000 
	From worker 4:	ESS: 179.4719
	From worker 4:	Nbr resample: 25000 
	From worker 11:	ESS: 178.5248
	From worker 11:	Nbr resample: 25000 
	From worker 7:	ESS: 180.4197
	From worker 7:	Nbr resample: 25000 
	From worker 10:	ESS: 181.4552
	From worker 10:	Nbr resample: 25000 
	From worker 5:	ESS: 182.8017
	From worker 5:	Nbr resample: 25000 
	From worker 3:	ESS: 181.4907
	From worker 3:	Nbr resample: 25000 
	From worker 9:	ESS: 182.8374
	From worker 9:	Nbr resample: 25000 
	From worker 8:	ESS: 184.9761
	From worker 8:	Nbr resample: 25000 
	From worker 5:	ESS: 181.0678
	From worker 5:	Nbr resample: 25000 
	From worker 3:	ESS: 183.4668
	From worker 3:	Nbr resample: 25000 
	From worker 9:	ESS: 185.0968
	From worker 9:	Nbr resample: 25000 
	From worker 6:	ESS: 181.6134
	From worker 6:	Nbr resample: 25000 
	From worker 4:	ESS: 185.4031
	From worker 4:	Nbr resample: 25000 
	From worker 2:	ESS: 184.7777
	From worker 2:	Nbr resample: 25000 
	From worker 10:	ESS: 186.1571
	From worker 10:	Nbr resample: 25000 
	From worker 7:	ESS: 189.1154
	From worker 7:	Nbr resample: 25000 
	From worker 11:	ESS: 183.6549
	From worker 11:	Nbr resample: 25000 
	From worker 8:	ESS: 185.7756
	From worker 8:	Nbr resample: 25000 
Percentage done: 1.00 % 
Acceptance rate on iteration 201 to 300 is 0.1313
Covariance:
[0.0116903 -0.00525772 -0.0147198 0.00964025 -0.00357975 0.000672177 0.00372749; -0.00525772 0.00304226 0.00767782 -0.00461 0.00270976 -0.000567524 -0.0021422; -0.0147198 0.00767782 0.0211756 -0.0127172 0.00704216 -0.00152494 -0.00585368; 0.00964025 -0.00461 -0.0127172 0.00841729 -0.00349017 0.000636201 0.00334117; -0.00357975 0.00270976 0.00704216 -0.00349017 0.00409204 -0.00090274 -0.00238262; 0.000672177 -0.000567524 -0.00152494 0.000636201 -0.00090274 0.000490399 0.00055156; 0.00372749 -0.0021422 -0.00585368 0.00334117 -0.00238262 0.00055156 0.00193481]
Loglik: -136793.3026 
Loglik values on different cores:
[-1.36799e5,-1.36791e5,-1.3681e5,-1.36812e5,-1.36798e5,-136791.0,-1.36788e5,-1.36806e5,-1.36808e5,-1.36804e5]
	From worker 5:	ESS: 187.8731
	From worker 5:	Nbr resample: 25000 
	From worker 11:	ESS: 188.9990
	From worker 11:	Nbr resample: 25000 
	From worker 2:	ESS: 190.3641
	From worker 2:	Nbr resample: 25000 
	From worker 3:	ESS: 191.9089
	From worker 3:	Nbr resample: 25000 
	From worker 7:	ESS: 191.1506
	From worker 7:	Nbr resample: 25000 
	From worker 10:	ESS: 190.8178
	From worker 10:	Nbr resample: 25000 
	From worker 9:	ESS: 186.4368
	From worker 9:	Nbr resample: 25000 
	From worker 6:	ESS: 191.6029
	From worker 6:	Nbr resample: 25000 
	From worker 4:	ESS: 188.8476
	From worker 4:	Nbr resample: 25000 
	From worker 8:	ESS: 191.4840
	From worker 8:	Nbr resample: 25000 
	From worker 7:	ESS: 194.7963
	From worker 7:	Nbr resample: 25000 
	From worker 4:	ESS: 190.8891
	From worker 4:	Nbr resample: 25000 
	From worker 6:	ESS: 192.5182
	From worker 6:	Nbr resample: 25000 
	From worker 5:	ESS: 189.6592
	From worker 5:	Nbr resample: 25000 
	From worker 11:	ESS: 192.2686
	From worker 11:	Nbr resample: 25000 
	From worker 3:	ESS: 191.7726
	From worker 3:	Nbr resample: 25000 
	From worker 10:	ESS: 191.8122
	From worker 10:	Nbr resample: 25000 
	From worker 2:	ESS: 193.6178
	From worker 2:	Nbr resample: 25000 
	From worker 8:	ESS: 192.4721
	From worker 8:	Nbr resample: 25000 
	From worker 9:	ESS: 194.7003
	From worker 9:	Nbr resample: 25000 
Percentage done: 1.33 % 
Acceptance rate on iteration 301 to 400 is 0.2525
Covariance:
[0.00762863 -0.0035867 -0.0105272 0.00626318 -0.00355371 0.000597922 0.0028566; -0.0035867 0.00200062 0.00549196 -0.00308326 0.00224415 -0.000416998 -0.00158556; -0.0105272 0.00549196 0.0160933 -0.00896508 0.00650102 -0.00121823 -0.00465121; 0.00626318 -0.00308326 -0.00896508 0.00544624 -0.00322168 0.000524959 0.00249569; -0.00355371 0.00224415 0.00650102 -0.00322168 0.00357377 -0.000691438 -0.0021155; 0.000597922 -0.000416998 -0.00121823 0.000524959 -0.000691438 0.000284811 0.000419765; 0.0028566 -0.00158556 -0.00465121 0.00249569 -0.0021155 0.000419765 0.00149915]
Loglik: -136794.5547 
Loglik values on different cores:
[-1.36802e5,-1.36802e5,-1.368e5,-1.36812e5,-1.36802e5,-136797.0,-1.36795e5,-1.36804e5,-1.36809e5,-1.36801e5]
	From worker 3:	ESS: 193.3983
	From worker 3:	Nbr resample: 25000 
	From worker 10:	ESS: 193.4416
	From worker 10:	Nbr resample: 25000 
	From worker 9:	ESS: 191.6031
	From worker 9:	Nbr resample: 25000 
	From worker 5:	ESS: 190.1584
	From worker 5:	Nbr resample: 25000 
	From worker 6:	ESS: 191.7676
	From worker 6:	Nbr resample: 25000 
	From worker 7:	ESS: 192.3193
	From worker 7:	Nbr resample: 25000 
	From worker 2:	ESS: 193.2420
	From worker 2:	Nbr resample: 25000 
	From worker 11:	ESS: 193.1679
	From worker 11:	Nbr resample: 25000 
	From worker 4:	ESS: 191.7545
	From worker 4:	Nbr resample: 25000 
	From worker 8:	ESS: 192.5437
	From worker 8:	Nbr resample: 25000 
	From worker 6:	ESS: 191.8479
	From worker 6:	Nbr resample: 25000 
	From worker 5:	ESS: 193.6526
	From worker 5:	Nbr resample: 25000 
	From worker 2:	ESS: 192.6787
	From worker 2:	Nbr resample: 25000 
	From worker 7:	ESS: 193.5033
	From worker 7:	Nbr resample: 25000 
	From worker 11:	ESS: 192.5516
	From worker 11:	Nbr resample: 25000 
	From worker 4:	ESS: 190.9941
	From worker 4:	Nbr resample: 25000 
	From worker 3:	ESS: 193.8658
	From worker 3:	Nbr resample: 25000 
	From worker 10:	ESS: 195.2855
	From worker 10:	Nbr resample: 25000 
	From worker 9:	ESS: 192.5392
	From worker 9:	Nbr resample: 25000 
	From worker 8:	ESS: 190.8547
	From worker 8:	Nbr resample: 25000 
Percentage done: 1.67 % 
Acceptance rate on iteration 401 to 500 is 0.3232
Covariance:
[0.00482615 -0.00234479 -0.00727938 0.00407087 -0.00330151 0.000445731 0.00215692; -0.00234479 0.00132726 0.00393509 -0.00207806 0.00208034 -0.000298802 -0.00123666; -0.00727938 0.00393509 0.0126624 -0.00651427 0.00718078 -0.000940053 -0.00410072; 0.00407087 -0.00207806 -0.00651427 0.00367302 -0.00325466 0.000391639 0.00200583; -0.00330151 0.00208034 0.00718078 -0.00325466 0.00548986 -0.000609638 -0.00264724; 0.000445731 -0.000298802 -0.000940053 0.000391639 -0.000609638 0.000199486 0.000340419; 0.00215692 -0.00123666 -0.00410072 0.00200583 -0.00264724 0.000340419 0.00145988]
Loglik: -136782.4832 
Loglik values on different cores:
[-1.36794e5,-1.36781e5,-1.36796e5,-1.36789e5,-1.36796e5,-1.36782e5,-1.36789e5,-1.36786e5,-1.36794e5,-1.36783e5]
	From worker 5:	ESS: 191.9788
	From worker 5:	Nbr resample: 25000 
	From worker 2:	ESS: 193.1648
	From worker 2:	Nbr resample: 25000 
	From worker 3:	ESS: 195.5565
	From worker 3:	Nbr resample: 25000 
	From worker 11:	ESS: 193.7963
	From worker 11:	Nbr resample: 25000 
	From worker 6:	ESS: 194.9244
	From worker 6:	Nbr resample: 25000 
	From worker 7:	ESS: 194.3783
	From worker 7:	Nbr resample: 25000 
	From worker 9:	ESS: 193.1327
	From worker 9:	Nbr resample: 25000 
	From worker 10:	ESS: 194.5005
	From worker 10:	Nbr resample: 25000 
	From worker 8:	ESS: 192.3948
	From worker 8:	Nbr resample: 25000 
	From worker 4:	ESS: 193.6910
	From worker 4:	Nbr resample: 25000 
	From worker 6:	ESS: 194.6538
	From worker 6:	Nbr resample: 25000 
	From worker 7:	ESS: 194.4272
	From worker 7:	Nbr resample: 25000 
	From worker 4:	ESS: 196.9496
	From worker 4:	Nbr resample: 25000 
	From worker 10:	ESS: 195.1498
	From worker 10:	Nbr resample: 25000 
	From worker 9:	ESS: 193.8161
	From worker 9:	Nbr resample: 25000 
	From worker 5:	ESS: 194.6941
	From worker 5:	Nbr resample: 25000 
	From worker 11:	ESS: 195.4054
	From worker 11:	Nbr resample: 25000 
	From worker 2:	ESS: 195.0230
	From worker 2:	Nbr resample: 25000 
	From worker 3:	ESS: 195.2885
	From worker 3:	Nbr resample: 25000 
	From worker 8:	ESS: 190.3386
	From worker 8:	Nbr resample: 25000 
Percentage done: 2.00 % 
Acceptance rate on iteration 501 to 600 is 0.3636
Covariance:
[0.00349455 -0.00161258 -0.00475047 0.00296646 -0.00166615 0.00018827 0.0012503; -0.00161258 0.000903231 0.00265553 -0.00143393 0.00135389 -0.000187589 -0.000825699; -0.00475047 0.00265553 0.00882536 -0.00425481 0.0054463 -0.000743678 -0.00301837; 0.00296646 -0.00143393 -0.00425481 0.00271755 -0.00165953 0.000145942 0.001176; -0.00166615 0.00135389 0.0054463 -0.00165953 0.00534274 -0.000735119 -0.00240339; 0.00018827 -0.000187589 -0.000743678 0.000145942 -0.000735119 0.000212539 0.000345865; 0.0012503 -0.000825699 -0.00301837 0.001176 -0.00240339 0.000345865 0.00124141]
Loglik: -136767.7799 
Loglik values on different cores:
[-136783.0,-1.36784e5,-1.36772e5,-136769.0,-1.36773e5,-1.36772e5,-1.36783e5,-1.36785e5,-1.36781e5,-1.36784e5]
	From worker 11:	ESS: 195.5010
	From worker 11:	Nbr resample: 25000 
	From worker 2:	ESS: 193.7882
	From worker 2:	Nbr resample: 25000 
	From worker 3:	ESS: 196.9940
	From worker 3:	Nbr resample: 25000 
	From worker 10:	ESS: 195.4245
	From worker 10:	Nbr resample: 25000 
	From worker 6:	ESS: 194.5768
	From worker 6:	Nbr resample: 25000 
	From worker 7:	ESS: 194.5831
	From worker 7:	Nbr resample: 25000 
	From worker 4:	ESS: 193.1775
	From worker 4:	Nbr resample: 25000 
	From worker 5:	ESS: 194.0205
	From worker 5:	Nbr resample: 25000 
	From worker 9:	ESS: 193.9302
	From worker 9:	Nbr resample: 25000 
	From worker 8:	ESS: 193.1127
	From worker 8:	Nbr resample: 25000 
	From worker 5:	ESS: 194.5891
	From worker 5:	Nbr resample: 25000 
	From worker 7:	ESS: 195.9498
	From worker 7:	Nbr resample: 25000 
	From worker 4:	ESS: 196.4328
	From worker 4:	Nbr resample: 25000 
	From worker 9:	ESS: 193.9766
	From worker 9:	Nbr resample: 25000 
	From worker 6:	ESS: 193.4077
	From worker 6:	Nbr resample: 25000 
	From worker 3:	ESS: 191.9686
	From worker 3:	Nbr resample: 25000 
	From worker 11:	ESS: 194.1788
	From worker 11:	Nbr resample: 25000 
	From worker 2:	ESS: 194.4069
	From worker 2:	Nbr resample: 25000 
	From worker 10:	ESS: 194.4312
	From worker 10:	Nbr resample: 25000 
	From worker 8:	ESS: 194.1082
	From worker 8:	Nbr resample: 25000 
Percentage done: 2.33 % 
Acceptance rate on iteration 601 to 700 is 0.4242
Covariance:
[0.0035515 -0.00162022 -0.00462164 0.00297908 -0.00158546 0.000427491 0.00127189; -0.00162022 0.000861732 0.00246412 -0.00140386 0.00118105 -0.000282969 -0.000775284; -0.00462164 0.00246412 0.00786545 -0.0040196 0.00457557 -0.000956327 -0.00269912; 0.00297908 -0.00140386 -0.0040196 0.00267566 -0.00139891 0.000283433 0.00110637; -0.00158546 0.00118105 0.00457557 -0.00139891 0.0047608 -0.000990117 -0.00215961; 0.000427491 -0.000282969 -0.000956327 0.000283433 -0.000990117 0.000421381 0.000489833; 0.00127189 -0.000775284 -0.00269912 0.00110637 -0.00215961 0.000489833 0.00114807]
Loglik: -136762.3203 
Loglik values on different cores:
[-1.36762e5,-1.36786e5,-1.3678e5,-1.36776e5,-1.36777e5,-1.36776e5,-1.36773e5,-1.36783e5,-1.36778e5,-1.3677e5]
	From worker 11:	ESS: 194.7291
	From worker 11:	Nbr resample: 25000 
	From worker 2:	ESS: 196.1927
	From worker 2:	Nbr resample: 25000 
	From worker 4:	ESS: 194.6796
	From worker 4:	Nbr resample: 25000 
	From worker 3:	ESS: 194.9648
	From worker 3:	Nbr resample: 25000 
	From worker 6:	ESS: 195.7129
	From worker 6:	Nbr resample: 25000 
	From worker 9:	ESS: 195.5485
	From worker 9:	Nbr resample: 25000 
	From worker 10:	ESS: 195.5758
	From worker 10:	Nbr resample: 25000 
	From worker 5:	ESS: 194.9877
	From worker 5:	Nbr resample: 25000 
	From worker 7:	ESS: 196.1355
	From worker 7:	Nbr resample: 25000 
	From worker 8:	ESS: 196.0746
	From worker 8:	Nbr resample: 25000 
	From worker 7:	ESS: 193.3426
	From worker 7:	Nbr resample: 25000 
	From worker 5:	ESS: 193.5537
	From worker 5:	Nbr resample: 25000 
	From worker 6:	ESS: 195.3702
	From worker 6:	Nbr resample: 25000 
	From worker 3:	ESS: 193.5155
	From worker 3:	Nbr resample: 25000 
	From worker 11:	ESS: 193.7784
	From worker 11:	Nbr resample: 25000 
	From worker 2:	ESS: 194.2390
	From worker 2:	Nbr resample: 25000 
	From worker 4:	ESS: 193.1811
	From worker 4:	Nbr resample: 25000 
	From worker 9:	ESS: 194.5744
	From worker 9:	Nbr resample: 25000 
	From worker 8:	ESS: 195.3602
	From worker 8:	Nbr resample: 25000 
	From worker 10:	ESS: 191.8298
	From worker 10:	Nbr resample: 25000 
Percentage done: 2.67 % 
Acceptance rate on iteration 701 to 800 is 0.4545
Covariance:
[0.00373841 -0.00175909 -0.0040244 0.00241715 -0.00183584 0.00118247 0.0016394; -0.00175909 0.000940248 0.00210629 -0.00107437 0.00131821 -0.00073651 -0.000983303; -0.0040244 0.00210629 0.0069008 -0.00375329 0.00352662 -0.00056679 -0.0022036; 0.00241715 -0.00107437 -0.00375329 0.00283655 -0.000564745 -0.000459153 0.000598577; -0.00183584 0.00131821 0.00352662 -0.000564745 0.00482492 -0.00196367 -0.00245417; 0.00118247 -0.00073651 -0.00056679 -0.000459153 -0.00196367 0.00189522 0.0013193; 0.0016394 -0.000983303 -0.0022036 0.000598577 -0.00245417 0.0013193 0.00152659]
Loglik: -136777.4771 
Loglik values on different cores:
[-1.3678e5,-1.36785e5,-1.36777e5,-1.36777e5,-1.36798e5,-1.36791e5,-136785.0,-1.36798e5,-1.3677e5,-1.36792e5]
	From worker 2:	ESS: 194.1821
	From worker 2:	Nbr resample: 25000 
	From worker 4:	ESS: 195.5978
	From worker 4:	Nbr resample: 25000 
	From worker 7:	ESS: 195.5964
	From worker 7:	Nbr resample: 25000 
	From worker 3:	ESS: 197.0311
	From worker 3:	Nbr resample: 25000 
	From worker 6:	ESS: 195.6149
	From worker 6:	Nbr resample: 25000 
	From worker 5:	ESS: 196.0729
	From worker 5:	Nbr resample: 25000 
	From worker 11:	ESS: 195.5542
	From worker 11:	Nbr resample: 25000 
	From worker 8:	ESS: 195.2926
	From worker 8:	Nbr resample: 25000 
	From worker 10:	ESS: 195.1975
	From worker 10:	Nbr resample: 25000 
	From worker 9:	ESS: 195.9887
	From worker 9:	Nbr resample: 25000 
	From worker 11:	ESS: 193.8328
	From worker 11:	Nbr resample: 25000 
	From worker 9:	ESS: 196.6008
	From worker 9:	Nbr resample: 25000 
	From worker 10:	ESS: 196.3587
	From worker 10:	Nbr resample: 25000 
	From worker 5:	ESS: 195.2216
	From worker 5:	Nbr resample: 25000 
	From worker 6:	ESS: 195.5148
	From worker 6:	Nbr resample: 25000 
	From worker 3:	ESS: 194.7731
	From worker 3:	Nbr resample: 25000 
	From worker 4:	ESS: 195.9651
	From worker 4:	Nbr resample: 25000 
	From worker 2:	ESS: 193.6078
	From worker 2:	Nbr resample: 25000 
	From worker 7:	ESS: 191.9033
	From worker 7:	Nbr resample: 25000 
	From worker 8:	ESS: 196.1102
	From worker 8:	Nbr resample: 25000 
Percentage done: 3.00 % 
Acceptance rate on iteration 801 to 900 is 0.4141
Covariance:
[0.00381334 -0.00191921 -0.00204174 0.000230853 -0.0031748 0.00351745 0.00244023; -0.00191921 0.00108418 0.000773502 0.000375372 0.00218987 -0.00235683 -0.00152698; -0.00204174 0.000773502 0.00986714 -0.00780394 -0.000220414 0.00526432 -2.55856e-6; 0.000230853 0.000375372 -0.00780394 0.00804596 0.00391038 -0.0077547 -0.00218454; -0.0031748 0.00218987 -0.000220414 0.00391038 0.00838014 -0.0079436 -0.00476321; 0.00351745 -0.00235683 0.00526432 -0.0077547 -0.0079436 0.0115633 0.00504066; 0.00244023 -0.00152698 -2.55856e-6 -0.00218454 -0.00476321 0.00504066 0.00306048]
Loglik: -136762.9872 
Loglik values on different cores:
[-1.36775e5,-1.36781e5,-1.36785e5,-1.36773e5,-1.36776e5,-1.36784e5,-1.36775e5,-136768.0,-1.36775e5,-1.36776e5]
	From worker 7:	ESS: 194.0955
	From worker 7:	Nbr resample: 25000 
	From worker 6:	ESS: 195.4223
	From worker 6:	Nbr resample: 25000 
	From worker 5:	ESS: 196.8984
	From worker 5:	Nbr resample: 25000 
	From worker 2:	ESS: 193.7751
	From worker 2:	Nbr resample: 25000 
	From worker 11:	ESS: 192.9648
	From worker 11:	Nbr resample: 25000 
	From worker 4:	ESS: 193.5075
	From worker 4:	Nbr resample: 25000 
	From worker 3:	ESS: 194.4221
	From worker 3:	Nbr resample: 25000 
	From worker 9:	ESS: 197.1674
	From worker 9:	Nbr resample: 25000 
	From worker 8:	ESS: 196.0077
	From worker 8:	Nbr resample: 25000 
	From worker 10:	ESS: 195.5942
	From worker 10:	Nbr resample: 25000 
	From worker 6:	ESS: 195.0273
	From worker 6:	Nbr resample: 25000 
	From worker 3:	ESS: 195.9145
	From worker 3:	Nbr resample: 25000 
	From worker 4:	ESS: 195.4880
	From worker 4:	Nbr resample: 25000 
	From worker 9:	ESS: 195.8943
	From worker 9:	Nbr resample: 25000 
	From worker 10:	ESS: 194.5721
	From worker 10:	Nbr resample: 25000 
	From worker 11:	ESS: 192.6158
	From worker 11:	Nbr resample: 25000 
	From worker 2:	ESS: 195.6706
	From worker 2:	Nbr resample: 25000 
	From worker 5:	ESS: 195.5363
	From worker 5:	Nbr resample: 25000 
	From worker 7:	ESS: 191.7547
	From worker 7:	Nbr resample: 25000 
	From worker 8:	ESS: 195.1239
	From worker 8:	Nbr resample: 25000 
Percentage done: 3.33 % 
Acceptance rate on iteration 901 to 1000 is 0.1515
Covariance:
[0.00283886 -0.00140931 -0.00258942 0.00100243 -0.000448659 0.00106925 0.00169931; -0.00140931 0.000787068 0.000835587 5.85821e-5 0.000988872 -0.00128083 -0.00108616; -0.00258942 0.000835587 0.0167996 -0.0130525 -0.0133158 0.0152852 0.000728022; 0.00100243 5.85821e-5 -0.0130525 0.0114295 0.0126696 -0.0142878 -0.0020918; -0.000448659 0.000988872 -0.0133158 0.0126696 0.022069 -0.0201846 -0.00404266; 0.00106925 -0.00128083 0.0152852 -0.0142878 -0.0201846 0.0213173 0.00434207; 0.00169931 -0.00108616 0.000728022 -0.0020918 -0.00404266 0.00434207 0.00223194]
Loglik: -136691.6778 
Loglik values on different cores:
[-1.36695e5,-1.36687e5,-1.36692e5,-136688.0,-1.36689e5,-1.36696e5,-1.36694e5,-1.36699e5,-1.36702e5,-1.36698e5]
	From worker 2:	ESS: 197.8594
	From worker 2:	Nbr resample: 25000 
	From worker 3:	ESS: 197.1022
	From worker 3:	Nbr resample: 25000 
	From worker 10:	ESS: 197.7381
	From worker 10:	Nbr resample: 25000 
	From worker 6:	ESS: 197.4262
	From worker 6:	Nbr resample: 25000 
	From worker 7:	ESS: 197.7174
	From worker 7:	Nbr resample: 25000 
	From worker 5:	ESS: 197.3940
	From worker 5:	Nbr resample: 25000 
	From worker 4:	ESS: 196.6141
	From worker 4:	Nbr resample: 25000 
	From worker 11:	ESS: 197.8869
	From worker 11:	Nbr resample: 25000 
	From worker 9:	ESS: 197.7435
	From worker 9:	Nbr resample: 25000 
	From worker 8:	ESS: 195.9220
	From worker 8:	Nbr resample: 25000 
	From worker 6:	ESS: 194.6053
	From worker 6:	Nbr resample: 25000 
	From worker 5:	ESS: 194.6133
	From worker 5:	Nbr resample: 25000 
	From worker 11:	ESS: 195.8769
	From worker 11:	Nbr resample: 25000 
	From worker 4:	ESS: 197.0034
	From worker 4:	Nbr resample: 25000 
	From worker 9:	ESS: 196.6287
	From worker 9:	Nbr resample: 25000 
	From worker 2:	ESS: 196.7014
	From worker 2:	Nbr resample: 25000 
	From worker 7:	ESS: 196.7458
	From worker 7:	Nbr resample: 25000 
	From worker 3:	ESS: 197.4427
	From worker 3:	Nbr resample: 25000 
	From worker 10:	ESS: 195.2121
	From worker 10:	Nbr resample: 25000 
	From worker 8:	ESS: 194.3440
	From worker 8:	Nbr resample: 25000 
Percentage done: 3.67 % 
Acceptance rate on iteration 1001 to 1100 is 0.0101
Covariance:
[0.00177759 -0.000868785 -0.00249579 0.0013055 0.00109648 -0.000545889 0.000897218; -0.000868785 0.000478235 0.000848221 -0.000226231 8.2477e-5 -0.000323515 -0.000601478; -0.00249579 0.000848221 0.0189176 -0.0143334 -0.0205074 0.0199455 0.00140126; 0.0013055 -0.000226231 -0.0143334 0.0116323 0.0167871 -0.0164762 -0.00194742; 0.00109648 8.2477e-5 -0.0205074 0.0167871 0.030785 -0.0272523 -0.00374893; -0.000545889 -0.000323515 0.0199455 -0.0164762 -0.0272523 0.0258305 0.00373843; 0.000897218 -0.000601478 0.00140126 -0.00194742 -0.00374893 0.00373843 0.00142081]
Loglik: -136686.0282 
Loglik values on different cores:
[-1.36717e5,-136698.0,-1.3671e5,-1.36697e5,-1.3672e5,-1.36697e5,-136706.0,-136698.0,-1.36689e5,-1.367e5]
	From worker 4:	ESS: 196.5374
	From worker 4:	Nbr resample: 25000 
	From worker 9:	ESS: 197.0065
	From worker 9:	Nbr resample: 25000 
	From worker 6:	ESS: 195.6269
	From worker 6:	Nbr resample: 25000 
	From worker 5:	ESS: 197.7882
	From worker 5:	Nbr resample: 25000 
	From worker 11:	ESS: 194.5048
	From worker 11:	Nbr resample: 25000 
	From worker 7:	ESS: 196.5545
	From worker 7:	Nbr resample: 25000 
	From worker 2:	ESS: 196.3975
	From worker 2:	Nbr resample: 25000 
	From worker 8:	ESS: 195.7646
	From worker 8:	Nbr resample: 25000 
	From worker 3:	ESS: 195.8516
	From worker 3:	Nbr resample: 25000 
	From worker 10:	ESS: 197.0775
	From worker 10:	Nbr resample: 25000 
	From worker 6:	ESS: 196.3294
	From worker 6:	Nbr resample: 25000 
	From worker 5:	ESS: 193.9079
	From worker 5:	Nbr resample: 25000 
	From worker 7:	ESS: 196.0520
	From worker 7:	Nbr resample: 25000 
	From worker 2:	ESS: 196.6287
	From worker 11:	ESS: 196.4140
	From worker 11:	Nbr resample: 25000 
	From worker 2:	Nbr resample: 25000 
	From worker 3:	ESS: 196.2335
	From worker 3:	Nbr resample: 25000 
	From worker 10:	ESS: 195.5314
	From worker 10:	Nbr resample: 25000 
	From worker 4:	ESS: 195.9693
	From worker 4:	Nbr resample: 25000 
	From worker 9:	ESS: 194.2261
	From worker 9:	Nbr resample: 25000 
	From worker 8:	ESS: 196.2195
	From worker 8:	Nbr resample: 25000 
Percentage done: 4.00 % 
Acceptance rate on iteration 1101 to 1200 is 0.0101
Covariance:
[0.00120973 -0.000607608 -0.0021744 0.00113004 0.00137664 -0.000902291 0.000653592; -0.000607608 0.000339964 0.000921545 -0.000344279 -0.000388099 0.000155135 -0.000433308; -0.0021744 0.000921545 0.0150039 -0.0105276 -0.0162901 0.0152173 0.000306496; 0.00113004 -0.000344279 -0.0105276 0.00801951 0.0121922 -0.0116281 -0.000911142; 0.00137664 -0.000388099 -0.0162901 0.0121922 0.0229229 -0.0199667 -0.00169587; -0.000902291 0.000155135 0.0152173 -0.0116281 -0.0199667 0.0184563 0.00180643; 0.000653592 -0.000433308 0.000306496 -0.000911142 -0.00169587 0.00180643 0.000960451]
Loglik: -136679.5471 
Loglik values on different cores:
[-1.36711e5,-1.36687e5,-1.36674e5,-136689.0,-1.36693e5,-1.36699e5,-1.36711e5,-1.36685e5,-1.36689e5,-1.36691e5]
	From worker 7:	ESS: 195.4513
	From worker 7:	Nbr resample: 25000 
	From worker 11:	ESS: 196.4048
	From worker 11:	Nbr resample: 25000 
	From worker 3:	ESS: 195.2796
	From worker 3:	Nbr resample: 25000 
	From worker 4:	ESS: 194.9087
	From worker 4:	Nbr resample: 25000 
	From worker 10:	ESS: 195.4375
	From worker 10:	Nbr resample: 25000 
	From worker 6:	ESS: 196.5835
	From worker 6:	Nbr resample: 25000 
	From worker 5:	ESS: 193.6931
	From worker 5:	Nbr resample: 25000 
	From worker 2:	ESS: 195.9172
	From worker 2:	Nbr resample: 25000 
	From worker 9:	ESS: 195.9058
	From worker 9:	Nbr resample: 25000 
	From worker 8:	ESS: 196.0643
	From worker 8:	Nbr resample: 25000 
	From worker 6:	ESS: 194.2988
	From worker 6:	Nbr resample: 25000 
	From worker 5:	ESS: 196.3658
	From worker 5:	Nbr resample: 25000 
	From worker 2:	ESS: 194.9308
	From worker 2:	Nbr resample: 25000 
	From worker 9:	ESS: 195.7923
	From worker 9:	Nbr resample: 25000 
	From worker 3:	ESS: 196.0010
	From worker 3:	Nbr resample: 25000 
	From worker 7:	ESS: 195.3479
	From worker 7:	Nbr resample: 25000 
	From worker 10:	ESS: 195.9834
	From worker 10:	Nbr resample: 25000 
	From worker 4:	ESS: 196.1623
	From worker 4:	Nbr resample: 25000 
	From worker 11:	ESS: 193.0685
	From worker 11:	Nbr resample: 25000 
	From worker 8:	ESS: 196.1635
	From worker 8:	Nbr resample: 25000 
Percentage done: 4.33 % 
Acceptance rate on iteration 1201 to 1300 is 0.0000
Covariance:
[0.000810062 -0.000413068 -0.00163419 0.00084674 0.00115741 -0.000802457 0.000454225; -0.000413068 0.000233149 0.000746476 -0.0003019 -0.000426589 0.000244682 -0.000299369; -0.00163419 0.000746476 0.0108356 -0.0073301 -0.0117666 0.010791 -4.11329e-5; 0.00084674 -0.0003019 -0.0073301 0.00540094 0.00843759 -0.00792937 -0.000452401; 0.00115741 -0.000426589 -0.0117666 0.00843759 0.0160619 -0.0138786 -0.00080994; -0.000802457 0.000244682 0.010791 -0.00792937 -0.0138786 0.0126665 0.000928863; 0.000454225 -0.000299369 -4.11329e-5 -0.000452401 -0.00080994 0.000928863 0.00064063]
Loglik: -136679.5471 
Loglik values on different cores:
[-1.36697e5,-1.36691e5,-1.36689e5,-1.36694e5,-1.36697e5,-1.36695e5,-1.36691e5,-1.36687e5,-1.36695e5,-1.36685e5]
	From worker 4:	ESS: 193.8136
	From worker 4:	Nbr resample: 25000 
	From worker 2:	ESS: 193.0357
	From worker 2:	Nbr resample: 25000 
	From worker 11:	ESS: 193.6765
	From worker 11:	Nbr resample: 25000 
	From worker 7:	ESS: 193.7290
	From worker 7:	Nbr resample: 25000 
	From worker 3:	ESS: 196.1262
	From worker 3:	Nbr resample: 25000 
	From worker 6:	ESS: 195.2056
	From worker 6:	Nbr resample: 25000 
	From worker 10:	ESS: 193.3823
	From worker 10:	Nbr resample: 25000 
	From worker 5:	ESS: 195.5308
	From worker 5:	Nbr resample: 25000 
	From worker 9:	ESS: 193.9115
	From worker 9:	Nbr resample: 25000 
	From worker 8:	ESS: 192.1012
	From worker 8:	Nbr resample: 25000 
	From worker 9:	ESS: 193.5680
	From worker 9:	Nbr resample: 25000 
	From worker 6:	ESS: 193.1178
	From worker 6:	Nbr resample: 25000 
	From worker 5:	ESS: 196.5115
	From worker 5:	Nbr resample: 25000 
	From worker 7:	ESS: 193.3758
	From worker 7:	Nbr resample: 25000 
	From worker 4:	ESS: 196.8558
	From worker 4:	Nbr resample: 25000 
	From worker 11:	ESS: 195.9814
	From worker 11:	Nbr resample: 25000 
	From worker 10:	ESS: 193.9746
	From worker 10:	Nbr resample: 25000 
	From worker 2:	ESS: 195.2620
	From worker 2:	Nbr resample: 25000 
	From worker 3:	ESS: 194.0126
	From worker 3:	Nbr resample: 25000 
	From worker 8:	ESS: 195.7479
	From worker 8:	Nbr resample: 25000 
Percentage done: 4.67 % 
Acceptance rate on iteration 1301 to 1400 is 0.0101
Covariance:
[0.000533737 -0.000273282 -0.00108386 0.000557199 0.000771456 -0.000533906 0.000304675; -0.000273282 0.000154765 0.000492933 -0.00019605 -0.00028106 0.000158963 -0.000201749; -0.00108386 0.000492933 0.00769741 -0.00521698 -0.00850307 0.00779272 3.8151e-5; 0.000557199 -0.00019605 -0.00521698 0.00383285 0.0060867 -0.00570876 -0.000352645; 0.000771456 -0.00028106 -0.00850307 0.0060867 0.0115671 -0.0100558 -0.000627059; -0.000533906 0.000158963 0.00779272 -0.00570876 -0.0100558 0.0091866 0.000704287; 0.000304675 -0.000201749 3.8151e-5 -0.000352645 -0.000627059 0.000704287 0.00044261]
Loglik: -136679.2945 
Loglik values on different cores:
[-1.367e5,-1.36684e5,-1.36696e5,-1.36696e5,-1.36685e5,-1.36702e5,-1.36685e5,-1.36689e5,-1.367e5,-1.36705e5]
	From worker 2:	ESS: 196.2524
	From worker 2:	Nbr resample: 25000 
	From worker 11:	ESS: 197.1974
	From worker 11:	Nbr resample: 25000 
	From worker 4:	ESS: 194.0663
	From worker 4:	Nbr resample: 25000 
	From worker 3:	ESS: 195.4987
	From worker 3:	Nbr resample: 25000 
	From worker 5:	ESS: 195.1128
	From worker 5:	Nbr resample: 25000 
	From worker 6:	ESS: 196.1492
	From worker 6:	Nbr resample: 25000 
	From worker 7:	ESS: 195.9412
	From worker 7:	Nbr resample: 25000 
	From worker 9:	ESS: 194.8410
	From worker 9:	Nbr resample: 25000 
	From worker 8:	ESS: 197.0773
	From worker 8:	Nbr resample: 25000 
	From worker 10:	ESS: 195.8236
	From worker 10:	Nbr resample: 25000 
	From worker 7:	ESS: 194.4968
	From worker 7:	Nbr resample: 25000 
	From worker 9:	ESS: 194.5507
	From worker 9:	Nbr resample: 25000 
	From worker 10:	ESS: 196.4064
	From worker 10:	Nbr resample: 25000 
	From worker 5:	ESS: 193.6634
	From worker 5:	Nbr resample: 25000 
	From worker 6:	ESS: 194.3358
	From worker 6:	Nbr resample: 25000 
	From worker 4:	ESS: 196.1654
	From worker 4:	Nbr resample: 25000 
	From worker 2:	ESS: 195.7956
	From worker 2:	Nbr resample: 25000 
	From worker 3:	ESS: 194.9557
	From worker 3:	Nbr resample: 25000 
	From worker 11:	ESS: 194.9341
	From worker 11:	Nbr resample: 25000 
	From worker 8:	ESS: 194.9035
	From worker 8:	Nbr resample: 25000 
Percentage done: 5.00 % 
Acceptance rate on iteration 1401 to 1500 is 0.0101
Covariance:
[0.000358358 -0.000183709 -0.000725577 0.000372763 0.000515169 -0.000356035 0.00020473; -0.000183709 0.000104173 0.00032669 -0.000128565 -0.00018277 0.000101205 -0.000136222; -0.000725577 0.00032669 0.00544939 -0.00371863 -0.00609503 0.00559636 8.16696e-5; 0.000372763 -0.000128565 -0.00371863 0.00273829 0.00438215 -0.00411147 -0.000278913; 0.000515169 -0.00018277 -0.00609503 0.00438215 0.00829079 -0.00724851 -0.000496741; -0.000356035 0.000101205 0.00559636 -0.00411147 -0.00724851 0.00663739 0.000544162; 0.00020473 -0.000136222 8.16696e-5 -0.000278913 -0.000496741 0.000544162 0.000307303]
Loglik: -136689.1699 
Loglik values on different cores:
[-1.36719e5,-1.36697e5,-1.3671e5,-1.36693e5,-1.36709e5,-1.36697e5,-1.36697e5,-1.36696e5,-1.36694e5,-1.36701e5]
	From worker 2:	ESS: 196.1813
	From worker 2:	Nbr resample: 25000 
	From worker 5:	ESS: 195.1932
	From worker 5:	Nbr resample: 25000 
	From worker 7:	ESS: 196.0493
	From worker 7:	Nbr resample: 25000 
	From worker 9:	ESS: 197.1490
	From worker 9:	Nbr resample: 25000 
	From worker 6:	ESS: 193.7686
	From worker 6:	Nbr resample: 25000 
	From worker 11:	ESS: 195.7356
	From worker 11:	Nbr resample: 25000 
	From worker 4:	ESS: 196.9677
	From worker 4:	Nbr resample: 25000 
	From worker 3:	ESS: 196.7514
	From worker 3:	Nbr resample: 25000 
	From worker 10:	ESS: 193.0544
	From worker 10:	Nbr resample: 25000 
	From worker 8:	ESS: 196.1596
	From worker 8:	Nbr resample: 25000 
	From worker 6:	ESS: 194.9434
	From worker 6:	Nbr resample: 25000 
	From worker 11:	ESS: 196.0161
	From worker 11:	Nbr resample: 25000 
	From worker 4:	ESS: 194.5775
	From worker 4:	Nbr resample: 25000 
	From worker 3:	ESS: 195.8314
	From worker 3:	Nbr resample: 25000 
	From worker 2:	ESS: 196.2566
	From worker 2:	Nbr resample: 25000 
	From worker 10:	ESS: 194.9108
	From worker 10:	Nbr resample: 25000 
	From worker 5:	ESS: 195.9078
	From worker 5:	Nbr resample: 25000 
	From worker 7:	ESS: 196.1671
	From worker 7:	Nbr resample: 25000 
	From worker 9:	ESS: 196.2725
	From worker 9:	Nbr resample: 25000 
	From worker 8:	ESS: 195.7510
	From worker 8:	Nbr resample: 25000 
Percentage done: 5.33 % 
Acceptance rate on iteration 1501 to 1600 is 0.0303
Covariance:
[0.000310491 -0.000157559 -0.000409177 0.000165066 0.000167668 -4.08241e-5 0.00021465; -0.000157559 8.69693e-5 0.000181752 -4.43963e-5 -3.59921e-5 -2.87763e-5 -0.000129544; -0.000409177 0.000181752 0.00392287 -0.00272214 -0.00451924 0.00419717 0.000169571; 0.000165066 -4.43963e-5 -0.00272214 0.00204134 0.00332886 -0.00316514 -0.000304878; 0.000167668 -3.59921e-5 -0.00451924 0.00332886 0.00633733 -0.00566453 -0.000570564; -4.08241e-5 -2.87763e-5 0.00419717 -0.00316514 -0.00566453 0.00529446 0.000622461; 0.00021465 -0.000129544 0.000169571 -0.000304878 -0.000570564 0.000622461 0.00029906]
Loglik: -136687.2201 
Loglik values on different cores:
[-1.36699e5,-1.36702e5,-1.36711e5,-1.3671e5,-1.36708e5,-1.36708e5,-1.36709e5,-1.36705e5,-1.36708e5,-1.36695e5]
	From worker 6:	ESS: 196.3519
	From worker 6:	Nbr resample: 25000 
	From worker 5:	ESS: 197.3540
	From worker 5:	Nbr resample: 25000 
	From worker 2:	ESS: 196.8850
	From worker 2:	Nbr resample: 25000 
	From worker 4:	ESS: 196.6168
	From worker 4:	Nbr resample: 25000 
	From worker 11:	ESS: 196.3870
	From worker 11:	Nbr resample: 25000 
	From worker 7:	ESS: 196.7299
	From worker 7:	Nbr resample: 25000 
	From worker 3:	ESS: 195.4467
	From worker 3:	Nbr resample: 25000 
	From worker 10:	ESS: 196.8618
	From worker 10:	Nbr resample: 25000 
	From worker 9:	ESS: 196.3531
	From worker 9:	Nbr resample: 25000 
	From worker 8:	ESS: 197.0732
	From worker 8:	Nbr resample: 25000 
	From worker 9:	ESS: 197.5995
	From worker 9:	Nbr resample: 25000 
	From worker 6:	ESS: 193.8462
	From worker 6:	Nbr resample: 25000 
	From worker 5:	ESS: 193.2341
	From worker 5:	Nbr resample: 25000 
	From worker 4:	ESS: 196.6932
	From worker 4:	Nbr resample: 25000 
	From worker 2:	ESS: 195.8195
	From worker 2:	Nbr resample: 25000 
	From worker 7:	ESS: 195.6720
	From worker 7:	Nbr resample: 25000 
	From worker 11:	ESS: 195.9998
	From worker 11:	Nbr resample: 25000 
	From worker 10:	ESS: 196.8492
	From worker 10:	Nbr resample: 25000 
	From worker 3:	ESS: 194.8394
	From worker 3:	Nbr resample: 25000 
	From worker 8:	ESS: 196.6472
	From worker 8:	Nbr resample: 25000 
Percentage done: 5.67 % 
Acceptance rate on iteration 1601 to 1700 is 0.0909
Covariance:
[0.000241896 -0.000122507 -0.000276468 9.86524e-5 8.14258e-5 1.7157e-5 0.000174441; -0.000122507 6.71281e-5 0.000123082 -2.26346e-5 -7.47265e-6 -4.24538e-5 -0.000103147; -0.000276468 0.000123082 0.0028924 -0.00200678 -0.00333586 0.00312454 0.000140124; 9.86524e-5 -2.26346e-5 -0.00200678 0.00150632 0.00246327 -0.00236073 -0.000240434; 8.14258e-5 -7.47265e-6 -0.00333586 0.00246327 0.00468972 -0.00422993 -0.000452138; 1.7157e-5 -4.24538e-5 0.00312454 -0.00236073 -0.00422993 0.00399578 0.000497178; 0.000174441 -0.000103147 0.000140124 -0.000240434 -0.000452138 0.000497178 0.000237031]
Loglik: -136688.4451 
Loglik values on different cores:
[-1.36681e5,-1.36697e5,-1.36705e5,-1.36689e5,-136695.0,-1.36688e5,-1.36695e5,-1.36696e5,-1.36696e5,-1.367e5]
	From worker 6:	ESS: 194.7480
	From worker 6:	Nbr resample: 25000 
	From worker 5:	ESS: 192.4751
	From worker 5:	Nbr resample: 25000 
	From worker 4:	ESS: 194.9937
	From worker 4:	Nbr resample: 25000 
	From worker 9:	ESS: 195.7612
	From worker 9:	Nbr resample: 25000 
	From worker 7:	ESS: 195.6465
	From worker 7:	Nbr resample: 25000 
	From worker 2:	ESS: 194.8700
	From worker 2:	Nbr resample: 25000 
	From worker 3:	ESS: 195.0335
	From worker 3:	Nbr resample: 25000 
	From worker 11:	ESS: 194.2441
	From worker 11:	Nbr resample: 25000 
	From worker 10:	ESS: 192.8630
	From worker 10:	Nbr resample: 25000 
	From worker 8:	ESS: 194.8077
	From worker 8:	Nbr resample: 25000 
	From worker 2:	ESS: 196.1365
	From worker 2:	Nbr resample: 25000 
	From worker 11:	ESS: 195.6367
	From worker 11:	Nbr resample: 25000 
	From worker 3:	ESS: 195.1555
	From worker 3:	Nbr resample: 25000 
	From worker 10:	ESS: 195.4199
	From worker 10:	Nbr resample: 25000 
	From worker 4:	ESS: 196.1115
	From worker 4:	Nbr resample: 25000 
	From worker 6:	ESS: 194.2835
	From worker 6:	Nbr resample: 25000 
	From worker 7:	ESS: 195.2597
	From worker 7:	Nbr resample: 25000 
	From worker 5:	ESS: 195.7334
	From worker 5:	Nbr resample: 25000 
	From worker 9:	ESS: 195.3238
	From worker 9:	Nbr resample: 25000 
	From worker 8:	ESS: 197.3070
	From worker 8:	Nbr resample: 25000 
Percentage done: 6.00 % 
Acceptance rate on iteration 1701 to 1800 is 0.0808
Covariance:
[0.000227848 -0.000119116 -0.000238885 6.34927e-5 8.0162e-5 2.21077e-5 0.000182925; -0.000119116 6.62139e-5 0.000111291 -1.15318e-5 -1.77314e-5 -3.64919e-5 -0.000107485; -0.000238885 0.000111291 0.00214631 -0.00146295 -0.0024587 0.00228385 6.07213e-5; 6.34927e-5 -1.15318e-5 -0.00146295 0.0011035 0.00179875 -0.00173006 -0.000184251; 8.0162e-5 -1.77314e-5 -0.0024587 0.00179875 0.00344902 -0.00309773 -0.000306528; 2.21077e-5 -3.64919e-5 0.00228385 -0.00173006 -0.00309773 0.00293227 0.000371971; 0.000182925 -0.000107485 6.07213e-5 -0.000184251 -0.000306528 0.000371971 0.000233706]
Loglik: -136687.1806 
Loglik values on different cores:
[-1.36692e5,-1.36689e5,-136685.0,-1.36689e5,-1.36704e5,-1.36695e5,-1.36695e5,-1.36697e5,-1.36707e5,-1.36701e5]
	From worker 6:	ESS: 195.9892
	From worker 6:	Nbr resample: 25000 
	From worker 2:	ESS: 195.3233
	From worker 2:	Nbr resample: 25000 
	From worker 11:	ESS: 197.1078
	From worker 11:	Nbr resample: 25000 
	From worker 4:	ESS: 196.6256
	From worker 4:	Nbr resample: 25000 
	From worker 10:	ESS: 194.5285
	From worker 10:	Nbr resample: 25000 
	From worker 5:	ESS: 194.7900
	From worker 5:	Nbr resample: 25000 
	From worker 7:	ESS: 195.4643
	From worker 7:	Nbr resample: 25000 
	From worker 9:	ESS: 194.6039
	From worker 9:	Nbr resample: 25000 
	From worker 3:	ESS: 196.5151
	From worker 3:	Nbr resample: 25000 
	From worker 8:	ESS: 196.2912
	From worker 8:	Nbr resample: 25000 
	From worker 5:	ESS: 195.8588
	From worker 5:	Nbr resample: 25000 
	From worker 3:	ESS: 195.6265
	From worker 3:	Nbr resample: 25000 
	From worker 7:	ESS: 195.9823
	From worker 7:	Nbr resample: 25000 
