Mean:
[-1.19474; -0.115413; 3.34929; 1.41993; 0.423864; 0.524684; 0.647563]
Std:
[0.154594; 0.0915249; 0.00561732; 0.200285; 0.11075; 0.23941; 0.110742]
[-1.05702 -0.954911 -0.966449 -0.925236 -0.926215 -1.2054 -1.11233 -1.13475 -1.09365 -1.203; -0.254592 -0.289722 -0.241129 -0.28801 -0.285948 -0.168635 -0.167598 -0.124351 -0.181036 -0.0887189; 3.35337 3.34876 3.35298 3.35389 3.35726 3.35049 3.34377 3.34396 3.34769 3.34831; 1.76978 1.69278 1.65428 1.50996 1.40042 1.67623 1.8717 2.05664 1.84133 1.66576; 0.63292 0.547622 0.531843 0.46163 0.36411 0.550366 0.660388 0.73099 0.620384 0.564654; 0.267598 0.508042 0.39971 0.553505 0.776789 0.449141 0.116444 -0.0279099 0.235111 0.291064; 0.825946 0.915464 0.774959 0.802593 0.826623 0.808955 0.756642 0.719464 0.815954 0.638883; -1.36642e5 -1.36662e5 -1.36601e5 -136603.0 -1.3662e5 -1.36616e5 -1.36591e5 -1.36626e5 -1.36615e5 -1.36598e5]Starting ml estimationLength of training data: 4750Start values for optimization:
[-1.9371e6; -6071.27; -14504.4; 1.07336e6; -42554.2; 1.23453e5; 18314.6; -7623.19; -2285.73; -11995.3; -1.60297e5; -1381.66; -9327.45; -753.471; -2011.28; -9894.9; 408.802; 65.8286; -469.316; -177.887; -2630.14; 1390.63; 50.4832; 170.402; 45.9892; -7564.59; 13117.1; -36908.0; -5168.58; 1443.18; 5750.26; 399.937; -18.9679; -3809.33; 2118.72; 972.47; 2.68778; 2.34121; -1.90277; -2.43284; -5.21391; -1.63139; -2.22109; -1.45557; -2.24542]Iter     Function value   Gradient norm 
     0     2.731682e+04     5.498701e+06
     1     2.716780e+04     1.752268e+06
     2     2.716782e+04     3.931489e+03
Estimated parameters of the GP model:
Estimated Β:s:
[-1.9371e6,-6071.27,-14504.4,1.07336e6,-42554.2,1.23453e5,18314.6,-7623.19,-2285.73,-11995.3,-1.60297e5,-1381.66,-9327.45,-753.471,-2011.28,-9894.9,408.802,65.8286,-469.316,-177.887,-2630.14,1390.63,50.4832,170.402,45.9892,-7564.59,13117.1,-36908.0,-5168.58,1443.18,5750.26,399.937,-18.9679,-3809.33,2118.72,972.47]
Estimated log Φ:s:
[2.68773,2.33294,-1.88754,-2.41674,-4.61206,-1.62213,-2.20719,-1.44779,-2.22266]
elapsed time: 905.89553187 seconds
#####################################################################
Starting DA-GP-MCMC estimating 7 parameters 
MCMC algorithm: MCWM
Adaptation algorithm: noAdaptation
Prior distribution: Normal
Particle filter: parallel_bootstrap, on 4 cores
Nbr particles for particle filter: 200
Covariance - kernel_MH_direct:
[0.0161117 -0.00863341 2.66693e-5 -0.00506119 -0.00289389 0.00813033 0.00637247; -0.00863341 0.00546783 3.5914e-6 0.00241083 0.00139394 -0.00525582 -0.00541592; 2.66693e-5 3.5914e-6 1.82367e-5 -3.97142e-5 -7.43151e-5 6.58272e-5 -5.00135e-6; -0.00506119 0.00241083 -3.97142e-5 0.029185 0.0146502 -0.0294034 -0.00190708; -0.00289389 0.00139394 -7.43151e-5 0.0146502 0.00805734 -0.0163729 -0.00113595; 0.00813033 -0.00525582 6.58272e-5 -0.0294034 -0.0163729 0.0394531 0.00700566; 0.00637247 -0.00541592 -5.00135e-6 -0.00190708 -0.00113595 0.00700566 0.00883558]
Iteration: 1
Covariance:
[0.0232008 -0.0124321 3.84038e-5 -0.00728811 -0.0041672 0.0117077 0.00917636; -0.0124321 0.00787367 5.17161e-6 0.0034716 0.00200727 -0.00756839 -0.00779892; 3.84038e-5 5.17161e-6 2.62608e-5 -5.71884e-5 -0.000107014 9.47912e-5 -7.20195e-6; -0.00728811 0.0034716 -5.71884e-5 0.0420264 0.0210962 -0.0423408 -0.0027462; -0.0041672 0.00200727 -0.000107014 0.0210962 0.0116026 -0.023577 -0.00163577; 0.0117077 -0.00756839 9.47912e-5 -0.0423408 -0.023577 0.0568125 0.0100881; 0.00917636 -0.00779892 -7.20195e-6 -0.0027462 -0.00163577 0.0100881 0.0127232]
Iteration: 1
Covariance:
[0.0232008 -0.0124321 3.84038e-5 -0.00728811 -0.0041672 0.0117077 0.00917636; -0.0124321 0.00787367 5.17161e-6 0.0034716 0.00200727 -0.00756839 -0.00779892; 3.84038e-5 5.17161e-6 2.62608e-5 -5.71884e-5 -0.000107014 9.47912e-5 -7.20195e-6; -0.00728811 0.0034716 -5.71884e-5 0.0420264 0.0210962 -0.0423408 -0.0027462; -0.0041672 0.00200727 -0.000107014 0.0210962 0.0116026 -0.023577 -0.00163577; 0.0117077 -0.00756839 9.47912e-5 -0.0423408 -0.023577 0.0568125 0.0100881; 0.00917636 -0.00779892 -7.20195e-6 -0.0027462 -0.00163577 0.0100881 0.0127232]
Loglik start: -136588.2009 
Percentage done: 1.00 % 
Acceptance rate on iteration 1 to 100 is 0.0606
Covariance:
[0.0232008 -0.0124321 3.84038e-5 -0.00728811 -0.0041672 0.0117077 0.00917636; -0.0124321 0.00787367 5.17161e-6 0.0034716 0.00200727 -0.00756839 -0.00779892; 3.84038e-5 5.17161e-6 2.62608e-5 -5.71884e-5 -0.000107014 9.47912e-5 -7.20195e-6; -0.00728811 0.0034716 -5.71884e-5 0.0420264 0.0210962 -0.0423408 -0.0027462; -0.0041672 0.00200727 -0.000107014 0.0210962 0.0116026 -0.023577 -0.00163577; 0.0117077 -0.00756839 9.47912e-5 -0.0423408 -0.023577 0.0568125 0.0100881; 0.00917636 -0.00779892 -7.20195e-6 -0.0027462 -0.00163577 0.0100881 0.0127232]
Loglik: -136597.1273 
Loglik values on different cores:
[-136618.0,-1.3662e5,-1.36602e5,-1.3662e5]
Percentage done: 2.00 % 
Acceptance rate on iteration 101 to 200 is 0.0808
Covariance:
[0.0232008 -0.0124321 3.84038e-5 -0.00728811 -0.0041672 0.0117077 0.00917636; -0.0124321 0.00787367 5.17161e-6 0.0034716 0.00200727 -0.00756839 -0.00779892; 3.84038e-5 5.17161e-6 2.62608e-5 -5.71884e-5 -0.000107014 9.47912e-5 -7.20195e-6; -0.00728811 0.0034716 -5.71884e-5 0.0420264 0.0210962 -0.0423408 -0.0027462; -0.0041672 0.00200727 -0.000107014 0.0210962 0.0116026 -0.023577 -0.00163577; 0.0117077 -0.00756839 9.47912e-5 -0.0423408 -0.023577 0.0568125 0.0100881; 0.00917636 -0.00779892 -7.20195e-6 -0.0027462 -0.00163577 0.0100881 0.0127232]
Loglik: -136597.5815 
Loglik values on different cores:
[-1.36601e5,-1.36599e5,-1.36612e5,-1.36602e5]
Percentage done: 3.00 % 
Acceptance rate on iteration 201 to 300 is 0.0505
Covariance:
[0.0232008 -0.0124321 3.84038e-5 -0.00728811 -0.0041672 0.0117077 0.00917636; -0.0124321 0.00787367 5.17161e-6 0.0034716 0.00200727 -0.00756839 -0.00779892; 3.84038e-5 5.17161e-6 2.62608e-5 -5.71884e-5 -0.000107014 9.47912e-5 -7.20195e-6; -0.00728811 0.0034716 -5.71884e-5 0.0420264 0.0210962 -0.0423408 -0.0027462; -0.0041672 0.00200727 -0.000107014 0.0210962 0.0116026 -0.023577 -0.00163577; 0.0117077 -0.00756839 9.47912e-5 -0.0423408 -0.023577 0.0568125 0.0100881; 0.00917636 -0.00779892 -7.20195e-6 -0.0027462 -0.00163577 0.0100881 0.0127232]
Loglik: -136593.5020 
Loglik values on different cores:
[-1.36599e5,-1.36595e5,-1.36605e5,-136596.0]
Percentage done: 4.00 % 
Acceptance rate on iteration 301 to 400 is 0.0303
Covariance:
[0.0232008 -0.0124321 3.84038e-5 -0.00728811 -0.0041672 0.0117077 0.00917636; -0.0124321 0.00787367 5.17161e-6 0.0034716 0.00200727 -0.00756839 -0.00779892; 3.84038e-5 5.17161e-6 2.62608e-5 -5.71884e-5 -0.000107014 9.47912e-5 -7.20195e-6; -0.00728811 0.0034716 -5.71884e-5 0.0420264 0.0210962 -0.0423408 -0.0027462; -0.0041672 0.00200727 -0.000107014 0.0210962 0.0116026 -0.023577 -0.00163577; 0.0117077 -0.00756839 9.47912e-5 -0.0423408 -0.023577 0.0568125 0.0100881; 0.00917636 -0.00779892 -7.20195e-6 -0.0027462 -0.00163577 0.0100881 0.0127232]
Loglik: -136593.6700 
Loglik values on different cores:
[-1.36587e5,-1.36589e5,-1.36592e5,-1.36604e5]
Percentage done: 5.00 % 
Acceptance rate on iteration 401 to 500 is 0.0404
Covariance:
[0.0232008 -0.0124321 3.84038e-5 -0.00728811 -0.0041672 0.0117077 0.00917636; -0.0124321 0.00787367 5.17161e-6 0.0034716 0.00200727 -0.00756839 -0.00779892; 3.84038e-5 5.17161e-6 2.62608e-5 -5.71884e-5 -0.000107014 9.47912e-5 -7.20195e-6; -0.00728811 0.0034716 -5.71884e-5 0.0420264 0.0210962 -0.0423408 -0.0027462; -0.0041672 0.00200727 -0.000107014 0.0210962 0.0116026 -0.023577 -0.00163577; 0.0117077 -0.00756839 9.47912e-5 -0.0423408 -0.023577 0.0568125 0.0100881; 0.00917636 -0.00779892 -7.20195e-6 -0.0027462 -0.00163577 0.0100881 0.0127232]
Loglik: -136576.6080 
Loglik values on different cores:
[-1.36598e5,-1.3659e5,-1.36602e5,-1.36593e5]
Percentage done: 6.00 % 
Acceptance rate on iteration 501 to 600 is 0.0000
Covariance:
[0.0232008 -0.0124321 3.84038e-5 -0.00728811 -0.0041672 0.0117077 0.00917636; -0.0124321 0.00787367 5.17161e-6 0.0034716 0.00200727 -0.00756839 -0.00779892; 3.84038e-5 5.17161e-6 2.62608e-5 -5.71884e-5 -0.000107014 9.47912e-5 -7.20195e-6; -0.00728811 0.0034716 -5.71884e-5 0.0420264 0.0210962 -0.0423408 -0.0027462; -0.0041672 0.00200727 -0.000107014 0.0210962 0.0116026 -0.023577 -0.00163577; 0.0117077 -0.00756839 9.47912e-5 -0.0423408 -0.023577 0.0568125 0.0100881; 0.00917636 -0.00779892 -7.20195e-6 -0.0027462 -0.00163577 0.0100881 0.0127232]
Loglik: -136576.6080 
Loglik values on different cores:
[-136607.0,-136590.0,-1.36604e5,-1.36625e5]
Percentage done: 7.00 % 
Acceptance rate on iteration 601 to 700 is 0.0808
Covariance:
[0.0232008 -0.0124321 3.84038e-5 -0.00728811 -0.0041672 0.0117077 0.00917636; -0.0124321 0.00787367 5.17161e-6 0.0034716 0.00200727 -0.00756839 -0.00779892; 3.84038e-5 5.17161e-6 2.62608e-5 -5.71884e-5 -0.000107014 9.47912e-5 -7.20195e-6; -0.00728811 0.0034716 -5.71884e-5 0.0420264 0.0210962 -0.0423408 -0.0027462; -0.0041672 0.00200727 -0.000107014 0.0210962 0.0116026 -0.023577 -0.00163577; 0.0117077 -0.00756839 9.47912e-5 -0.0423408 -0.023577 0.0568125 0.0100881; 0.00917636 -0.00779892 -7.20195e-6 -0.0027462 -0.00163577 0.0100881 0.0127232]
Loglik: -136580.8733 
Loglik values on different cores:
[-1.36634e5,-1.36624e5,-1.36636e5,-1.36629e5]
Percentage done: 8.00 % 
Acceptance rate on iteration 701 to 800 is 0.0606
Covariance:
[0.0232008 -0.0124321 3.84038e-5 -0.00728811 -0.0041672 0.0117077 0.00917636; -0.0124321 0.00787367 5.17161e-6 0.0034716 0.00200727 -0.00756839 -0.00779892; 3.84038e-5 5.17161e-6 2.62608e-5 -5.71884e-5 -0.000107014 9.47912e-5 -7.20195e-6; -0.00728811 0.0034716 -5.71884e-5 0.0420264 0.0210962 -0.0423408 -0.0027462; -0.0041672 0.00200727 -0.000107014 0.0210962 0.0116026 -0.023577 -0.00163577; 0.0117077 -0.00756839 9.47912e-5 -0.0423408 -0.023577 0.0568125 0.0100881; 0.00917636 -0.00779892 -7.20195e-6 -0.0027462 -0.00163577 0.0100881 0.0127232]
Loglik: -136605.0008 
Loglik values on different cores:
[-1.36631e5,-1.36617e5,-136621.0,-1.36627e5]
Percentage done: 9.00 % 
Acceptance rate on iteration 801 to 900 is 0.1010
Covariance:
[0.0232008 -0.0124321 3.84038e-5 -0.00728811 -0.0041672 0.0117077 0.00917636; -0.0124321 0.00787367 5.17161e-6 0.0034716 0.00200727 -0.00756839 -0.00779892; 3.84038e-5 5.17161e-6 2.62608e-5 -5.71884e-5 -0.000107014 9.47912e-5 -7.20195e-6; -0.00728811 0.0034716 -5.71884e-5 0.0420264 0.0210962 -0.0423408 -0.0027462; -0.0041672 0.00200727 -0.000107014 0.0210962 0.0116026 -0.023577 -0.00163577; 0.0117077 -0.00756839 9.47912e-5 -0.0423408 -0.023577 0.0568125 0.0100881; 0.00917636 -0.00779892 -7.20195e-6 -0.0027462 -0.00163577 0.0100881 0.0127232]
Loglik: -136610.7216 
Loglik values on different cores:
[-1.36624e5,-1.36625e5,-1.36624e5,-1.36626e5]
Percentage done: 10.00 % 
Acceptance rate on iteration 901 to 1000 is 0.0707
Covariance:
[0.0232008 -0.0124321 3.84038e-5 -0.00728811 -0.0041672 0.0117077 0.00917636; -0.0124321 0.00787367 5.17161e-6 0.0034716 0.00200727 -0.00756839 -0.00779892; 3.84038e-5 5.17161e-6 2.62608e-5 -5.71884e-5 -0.000107014 9.47912e-5 -7.20195e-6; -0.00728811 0.0034716 -5.71884e-5 0.0420264 0.0210962 -0.0423408 -0.0027462; -0.0041672 0.00200727 -0.000107014 0.0210962 0.0116026 -0.023577 -0.00163577; 0.0117077 -0.00756839 9.47912e-5 -0.0423408 -0.023577 0.0568125 0.0100881; 0.00917636 -0.00779892 -7.20195e-6 -0.0027462 -0.00163577 0.0100881 0.0127232]
Loglik: -136607.6748 
Loglik values on different cores:
[-1.36617e5,-1.36609e5,-1.36606e5,-1.36613e5]
Percentage done: 11.00 % 
Acceptance rate on iteration 1001 to 1100 is 0.0404
Covariance:
[0.0232008 -0.0124321 3.84038e-5 -0.00728811 -0.0041672 0.0117077 0.00917636; -0.0124321 0.00787367 5.17161e-6 0.0034716 0.00200727 -0.00756839 -0.00779892; 3.84038e-5 5.17161e-6 2.62608e-5 -5.71884e-5 -0.000107014 9.47912e-5 -7.20195e-6; -0.00728811 0.0034716 -5.71884e-5 0.0420264 0.0210962 -0.0423408 -0.0027462; -0.0041672 0.00200727 -0.000107014 0.0210962 0.0116026 -0.023577 -0.00163577; 0.0117077 -0.00756839 9.47912e-5 -0.0423408 -0.023577 0.0568125 0.0100881; 0.00917636 -0.00779892 -7.20195e-6 -0.0027462 -0.00163577 0.0100881 0.0127232]
Loglik: -136604.6617 
Loglik values on different cores:
[-1.36624e5,-136634.0,-1.36627e5,-1.36626e5]
Percentage done: 12.00 % 
Acceptance rate on iteration 1101 to 1200 is 0.0404
Covariance:
[0.0232008 -0.0124321 3.84038e-5 -0.00728811 -0.0041672 0.0117077 0.00917636; -0.0124321 0.00787367 5.17161e-6 0.0034716 0.00200727 -0.00756839 -0.00779892; 3.84038e-5 5.17161e-6 2.62608e-5 -5.71884e-5 -0.000107014 9.47912e-5 -7.20195e-6; -0.00728811 0.0034716 -5.71884e-5 0.0420264 0.0210962 -0.0423408 -0.0027462; -0.0041672 0.00200727 -0.000107014 0.0210962 0.0116026 -0.023577 -0.00163577; 0.0117077 -0.00756839 9.47912e-5 -0.0423408 -0.023577 0.0568125 0.0100881; 0.00917636 -0.00779892 -7.20195e-6 -0.0027462 -0.00163577 0.0100881 0.0127232]
Loglik: -136592.2191 
Loglik values on different cores:
[-1.36606e5,-136598.0,-1.36592e5,-136586.0]
Percentage done: 13.00 % 
Acceptance rate on iteration 1201 to 1300 is 0.0303
Covariance:
[0.0232008 -0.0124321 3.84038e-5 -0.00728811 -0.0041672 0.0117077 0.00917636; -0.0124321 0.00787367 5.17161e-6 0.0034716 0.00200727 -0.00756839 -0.00779892; 3.84038e-5 5.17161e-6 2.62608e-5 -5.71884e-5 -0.000107014 9.47912e-5 -7.20195e-6; -0.00728811 0.0034716 -5.71884e-5 0.0420264 0.0210962 -0.0423408 -0.0027462; -0.0041672 0.00200727 -0.000107014 0.0210962 0.0116026 -0.023577 -0.00163577; 0.0117077 -0.00756839 9.47912e-5 -0.0423408 -0.023577 0.0568125 0.0100881; 0.00917636 -0.00779892 -7.20195e-6 -0.0027462 -0.00163577 0.0100881 0.0127232]
Loglik: -136600.9402 
Loglik values on different cores:
[-136608.0,-136588.0,-1.36598e5,-1.36605e5]
Percentage done: 14.00 % 
Acceptance rate on iteration 1301 to 1400 is 0.0101
Covariance:
[0.0232008 -0.0124321 3.84038e-5 -0.00728811 -0.0041672 0.0117077 0.00917636; -0.0124321 0.00787367 5.17161e-6 0.0034716 0.00200727 -0.00756839 -0.00779892; 3.84038e-5 5.17161e-6 2.62608e-5 -5.71884e-5 -0.000107014 9.47912e-5 -7.20195e-6; -0.00728811 0.0034716 -5.71884e-5 0.0420264 0.0210962 -0.0423408 -0.0027462; -0.0041672 0.00200727 -0.000107014 0.0210962 0.0116026 -0.023577 -0.00163577; 0.0117077 -0.00756839 9.47912e-5 -0.0423408 -0.023577 0.0568125 0.0100881; 0.00917636 -0.00779892 -7.20195e-6 -0.0027462 -0.00163577 0.0100881 0.0127232]
Loglik: -136592.0113 
Loglik values on different cores:
[-1.36609e5,-1.36596e5,-1.36585e5,-1.36615e5]
Percentage done: 15.00 % 
Acceptance rate on iteration 1401 to 1500 is 0.0505
Covariance:
[0.0232008 -0.0124321 3.84038e-5 -0.00728811 -0.0041672 0.0117077 0.00917636; -0.0124321 0.00787367 5.17161e-6 0.0034716 0.00200727 -0.00756839 -0.00779892; 3.84038e-5 5.17161e-6 2.62608e-5 -5.71884e-5 -0.000107014 9.47912e-5 -7.20195e-6; -0.00728811 0.0034716 -5.71884e-5 0.0420264 0.0210962 -0.0423408 -0.0027462; -0.0041672 0.00200727 -0.000107014 0.0210962 0.0116026 -0.023577 -0.00163577; 0.0117077 -0.00756839 9.47912e-5 -0.0423408 -0.023577 0.0568125 0.0100881; 0.00917636 -0.00779892 -7.20195e-6 -0.0027462 -0.00163577 0.0100881 0.0127232]
Loglik: -136595.3480 
Loglik values on different cores:
[-1.36618e5,-1.36603e5,-1.36624e5,-1.36627e5]
Percentage done: 16.00 % 
Acceptance rate on iteration 1501 to 1600 is 0.0909
Covariance:
[0.0232008 -0.0124321 3.84038e-5 -0.00728811 -0.0041672 0.0117077 0.00917636; -0.0124321 0.00787367 5.17161e-6 0.0034716 0.00200727 -0.00756839 -0.00779892; 3.84038e-5 5.17161e-6 2.62608e-5 -5.71884e-5 -0.000107014 9.47912e-5 -7.20195e-6; -0.00728811 0.0034716 -5.71884e-5 0.0420264 0.0210962 -0.0423408 -0.0027462; -0.0041672 0.00200727 -0.000107014 0.0210962 0.0116026 -0.023577 -0.00163577; 0.0117077 -0.00756839 9.47912e-5 -0.0423408 -0.023577 0.0568125 0.0100881; 0.00917636 -0.00779892 -7.20195e-6 -0.0027462 -0.00163577 0.0100881 0.0127232]
Loglik: -136596.0290 
Loglik values on different cores:
[-1.36602e5,-1.36618e5,-1.36611e5,-1.3661e5]
Percentage done: 17.00 % 
Acceptance rate on iteration 1601 to 1700 is 0.0606
Covariance:
[0.0232008 -0.0124321 3.84038e-5 -0.00728811 -0.0041672 0.0117077 0.00917636; -0.0124321 0.00787367 5.17161e-6 0.0034716 0.00200727 -0.00756839 -0.00779892; 3.84038e-5 5.17161e-6 2.62608e-5 -5.71884e-5 -0.000107014 9.47912e-5 -7.20195e-6; -0.00728811 0.0034716 -5.71884e-5 0.0420264 0.0210962 -0.0423408 -0.0027462; -0.0041672 0.00200727 -0.000107014 0.0210962 0.0116026 -0.023577 -0.00163577; 0.0117077 -0.00756839 9.47912e-5 -0.0423408 -0.023577 0.0568125 0.0100881; 0.00917636 -0.00779892 -7.20195e-6 -0.0027462 -0.00163577 0.0100881 0.0127232]
Loglik: -136586.8270 
Loglik values on different cores:
[-1.36599e5,-1.36598e5,-1.366e5,-1.3661e5]
Percentage done: 18.00 % 
Acceptance rate on iteration 1701 to 1800 is 0.0707
Covariance:
[0.0232008 -0.0124321 3.84038e-5 -0.00728811 -0.0041672 0.0117077 0.00917636; -0.0124321 0.00787367 5.17161e-6 0.0034716 0.00200727 -0.00756839 -0.00779892; 3.84038e-5 5.17161e-6 2.62608e-5 -5.71884e-5 -0.000107014 9.47912e-5 -7.20195e-6; -0.00728811 0.0034716 -5.71884e-5 0.0420264 0.0210962 -0.0423408 -0.0027462; -0.0041672 0.00200727 -0.000107014 0.0210962 0.0116026 -0.023577 -0.00163577; 0.0117077 -0.00756839 9.47912e-5 -0.0423408 -0.023577 0.0568125 0.0100881; 0.00917636 -0.00779892 -7.20195e-6 -0.0027462 -0.00163577 0.0100881 0.0127232]
Loglik: -136594.6166 
Loglik values on different cores:
[-1.36596e5,-1.36612e5,-1.36593e5,-1.36602e5]
Percentage done: 19.00 % 
Acceptance rate on iteration 1801 to 1900 is 0.0505
Covariance:
[0.0232008 -0.0124321 3.84038e-5 -0.00728811 -0.0041672 0.0117077 0.00917636; -0.0124321 0.00787367 5.17161e-6 0.0034716 0.00200727 -0.00756839 -0.00779892; 3.84038e-5 5.17161e-6 2.62608e-5 -5.71884e-5 -0.000107014 9.47912e-5 -7.20195e-6; -0.00728811 0.0034716 -5.71884e-5 0.0420264 0.0210962 -0.0423408 -0.0027462; -0.0041672 0.00200727 -0.000107014 0.0210962 0.0116026 -0.023577 -0.00163577; 0.0117077 -0.00756839 9.47912e-5 -0.0423408 -0.023577 0.0568125 0.0100881; 0.00917636 -0.00779892 -7.20195e-6 -0.0027462 -0.00163577 0.0100881 0.0127232]
Loglik: -136605.8832 
Loglik values on different cores:
[-1.36606e5,-136631.0,-136608.0,-1.36647e5]
Percentage done: 20.00 % 
Acceptance rate on iteration 1901 to 2000 is 0.0505
Covariance:
[0.0232008 -0.0124321 3.84038e-5 -0.00728811 -0.0041672 0.0117077 0.00917636; -0.0124321 0.00787367 5.17161e-6 0.0034716 0.00200727 -0.00756839 -0.00779892; 3.84038e-5 5.17161e-6 2.62608e-5 -5.71884e-5 -0.000107014 9.47912e-5 -7.20195e-6; -0.00728811 0.0034716 -5.71884e-5 0.0420264 0.0210962 -0.0423408 -0.0027462; -0.0041672 0.00200727 -0.000107014 0.0210962 0.0116026 -0.023577 -0.00163577; 0.0117077 -0.00756839 9.47912e-5 -0.0423408 -0.023577 0.0568125 0.0100881; 0.00917636 -0.00779892 -7.20195e-6 -0.0027462 -0.00163577 0.0100881 0.0127232]
Loglik: -136579.2018 
Loglik values on different cores:
[-1.36601e5,-1.36608e5,-1.36601e5,-1.36596e5]
Percentage done: 21.00 % 
Acceptance rate on iteration 2001 to 2100 is 0.0303
Covariance:
[0.0232008 -0.0124321 3.84038e-5 -0.00728811 -0.0041672 0.0117077 0.00917636; -0.0124321 0.00787367 5.17161e-6 0.0034716 0.00200727 -0.00756839 -0.00779892; 3.84038e-5 5.17161e-6 2.62608e-5 -5.71884e-5 -0.000107014 9.47912e-5 -7.20195e-6; -0.00728811 0.0034716 -5.71884e-5 0.0420264 0.0210962 -0.0423408 -0.0027462; -0.0041672 0.00200727 -0.000107014 0.0210962 0.0116026 -0.023577 -0.00163577; 0.0117077 -0.00756839 9.47912e-5 -0.0423408 -0.023577 0.0568125 0.0100881; 0.00917636 -0.00779892 -7.20195e-6 -0.0027462 -0.00163577 0.0100881 0.0127232]
Loglik: -136580.1891 
Loglik values on different cores:
[-1.36586e5,-1.36593e5,-1.3659e5,-1.36594e5]
Percentage done: 22.00 % 
Acceptance rate on iteration 2101 to 2200 is 0.0101
Covariance:
[0.0232008 -0.0124321 3.84038e-5 -0.00728811 -0.0041672 0.0117077 0.00917636; -0.0124321 0.00787367 5.17161e-6 0.0034716 0.00200727 -0.00756839 -0.00779892; 3.84038e-5 5.17161e-6 2.62608e-5 -5.71884e-5 -0.000107014 9.47912e-5 -7.20195e-6; -0.00728811 0.0034716 -5.71884e-5 0.0420264 0.0210962 -0.0423408 -0.0027462; -0.0041672 0.00200727 -0.000107014 0.0210962 0.0116026 -0.023577 -0.00163577; 0.0117077 -0.00756839 9.47912e-5 -0.0423408 -0.023577 0.0568125 0.0100881; 0.00917636 -0.00779892 -7.20195e-6 -0.0027462 -0.00163577 0.0100881 0.0127232]
Loglik: -136584.1223 
Loglik values on different cores:
[-136605.0,-1.36604e5,-1.36593e5,-1.36599e5]
Percentage done: 23.00 % 
Acceptance rate on iteration 2201 to 2300 is 0.0101
Covariance:
[0.0232008 -0.0124321 3.84038e-5 -0.00728811 -0.0041672 0.0117077 0.00917636; -0.0124321 0.00787367 5.17161e-6 0.0034716 0.00200727 -0.00756839 -0.00779892; 3.84038e-5 5.17161e-6 2.62608e-5 -5.71884e-5 -0.000107014 9.47912e-5 -7.20195e-6; -0.00728811 0.0034716 -5.71884e-5 0.0420264 0.0210962 -0.0423408 -0.0027462; -0.0041672 0.00200727 -0.000107014 0.0210962 0.0116026 -0.023577 -0.00163577; 0.0117077 -0.00756839 9.47912e-5 -0.0423408 -0.023577 0.0568125 0.0100881; 0.00917636 -0.00779892 -7.20195e-6 -0.0027462 -0.00163577 0.0100881 0.0127232]
Loglik: -136580.3630 
Loglik values on different cores:
[-1.366e5,-1.36596e5,-136598.0,-1.36594e5]
Percentage done: 24.00 % 
Acceptance rate on iteration 2301 to 2400 is 0.0505
Covariance:
[0.0232008 -0.0124321 3.84038e-5 -0.00728811 -0.0041672 0.0117077 0.00917636; -0.0124321 0.00787367 5.17161e-6 0.0034716 0.00200727 -0.00756839 -0.00779892; 3.84038e-5 5.17161e-6 2.62608e-5 -5.71884e-5 -0.000107014 9.47912e-5 -7.20195e-6; -0.00728811 0.0034716 -5.71884e-5 0.0420264 0.0210962 -0.0423408 -0.0027462; -0.0041672 0.00200727 -0.000107014 0.0210962 0.0116026 -0.023577 -0.00163577; 0.0117077 -0.00756839 9.47912e-5 -0.0423408 -0.023577 0.0568125 0.0100881; 0.00917636 -0.00779892 -7.20195e-6 -0.0027462 -0.00163577 0.0100881 0.0127232]
Loglik: -136602.5985 
Loglik values on different cores:
[-1.36606e5,-1.36603e5,-1.36613e5,-1.36596e5]
Percentage done: 25.00 % 
Acceptance rate on iteration 2401 to 2500 is 0.0606
Covariance:
[0.0232008 -0.0124321 3.84038e-5 -0.00728811 -0.0041672 0.0117077 0.00917636; -0.0124321 0.00787367 5.17161e-6 0.0034716 0.00200727 -0.00756839 -0.00779892; 3.84038e-5 5.17161e-6 2.62608e-5 -5.71884e-5 -0.000107014 9.47912e-5 -7.20195e-6; -0.00728811 0.0034716 -5.71884e-5 0.0420264 0.0210962 -0.0423408 -0.0027462; -0.0041672 0.00200727 -0.000107014 0.0210962 0.0116026 -0.023577 -0.00163577; 0.0117077 -0.00756839 9.47912e-5 -0.0423408 -0.023577 0.0568125 0.0100881; 0.00917636 -0.00779892 -7.20195e-6 -0.0027462 -0.00163577 0.0100881 0.0127232]
Loglik: -136585.0524 
Loglik values on different cores:
[-1.36608e5,-1.3659e5,-1.366e5,-136593.0]
Percentage done: 26.00 % 
Acceptance rate on iteration 2501 to 2600 is 0.0101
Covariance:
[0.0232008 -0.0124321 3.84038e-5 -0.00728811 -0.0041672 0.0117077 0.00917636; -0.0124321 0.00787367 5.17161e-6 0.0034716 0.00200727 -0.00756839 -0.00779892; 3.84038e-5 5.17161e-6 2.62608e-5 -5.71884e-5 -0.000107014 9.47912e-5 -7.20195e-6; -0.00728811 0.0034716 -5.71884e-5 0.0420264 0.0210962 -0.0423408 -0.0027462; -0.0041672 0.00200727 -0.000107014 0.0210962 0.0116026 -0.023577 -0.00163577; 0.0117077 -0.00756839 9.47912e-5 -0.0423408 -0.023577 0.0568125 0.0100881; 0.00917636 -0.00779892 -7.20195e-6 -0.0027462 -0.00163577 0.0100881 0.0127232]
Loglik: -136588.9184 
Loglik values on different cores:
[-136593.0,-1.36591e5,-136602.0,-1.36589e5]
Percentage done: 27.00 % 
Acceptance rate on iteration 2601 to 2700 is 0.0303
Covariance:
[0.0232008 -0.0124321 3.84038e-5 -0.00728811 -0.0041672 0.0117077 0.00917636; -0.0124321 0.00787367 5.17161e-6 0.0034716 0.00200727 -0.00756839 -0.00779892; 3.84038e-5 5.17161e-6 2.62608e-5 -5.71884e-5 -0.000107014 9.47912e-5 -7.20195e-6; -0.00728811 0.0034716 -5.71884e-5 0.0420264 0.0210962 -0.0423408 -0.0027462; -0.0041672 0.00200727 -0.000107014 0.0210962 0.0116026 -0.023577 -0.00163577; 0.0117077 -0.00756839 9.47912e-5 -0.0423408 -0.023577 0.0568125 0.0100881; 0.00917636 -0.00779892 -7.20195e-6 -0.0027462 -0.00163577 0.0100881 0.0127232]
Loglik: -136585.1926 
Loglik values on different cores:
[-1.36587e5,-1.36607e5,-136602.0,-1.36597e5]
Percentage done: 28.00 % 
Acceptance rate on iteration 2701 to 2800 is 0.0606
Covariance:
[0.0232008 -0.0124321 3.84038e-5 -0.00728811 -0.0041672 0.0117077 0.00917636; -0.0124321 0.00787367 5.17161e-6 0.0034716 0.00200727 -0.00756839 -0.00779892; 3.84038e-5 5.17161e-6 2.62608e-5 -5.71884e-5 -0.000107014 9.47912e-5 -7.20195e-6; -0.00728811 0.0034716 -5.71884e-5 0.0420264 0.0210962 -0.0423408 -0.0027462; -0.0041672 0.00200727 -0.000107014 0.0210962 0.0116026 -0.023577 -0.00163577; 0.0117077 -0.00756839 9.47912e-5 -0.0423408 -0.023577 0.0568125 0.0100881; 0.00917636 -0.00779892 -7.20195e-6 -0.0027462 -0.00163577 0.0100881 0.0127232]
Loglik: -136602.5614 
Loglik values on different cores:
[-1.36609e5,-1.36612e5,-1.36615e5,-1.36603e5]
Percentage done: 29.00 % 
Acceptance rate on iteration 2801 to 2900 is 0.0202
Covariance:
[0.0232008 -0.0124321 3.84038e-5 -0.00728811 -0.0041672 0.0117077 0.00917636; -0.0124321 0.00787367 5.17161e-6 0.0034716 0.00200727 -0.00756839 -0.00779892; 3.84038e-5 5.17161e-6 2.62608e-5 -5.71884e-5 -0.000107014 9.47912e-5 -7.20195e-6; -0.00728811 0.0034716 -5.71884e-5 0.0420264 0.0210962 -0.0423408 -0.0027462; -0.0041672 0.00200727 -0.000107014 0.0210962 0.0116026 -0.023577 -0.00163577; 0.0117077 -0.00756839 9.47912e-5 -0.0423408 -0.023577 0.0568125 0.0100881; 0.00917636 -0.00779892 -7.20195e-6 -0.0027462 -0.00163577 0.0100881 0.0127232]
Loglik: -136590.5554 
Loglik values on different cores:
[-1.36609e5,-1.36612e5,-1.36599e5,-1.36599e5]
Percentage done: 30.00 % 
Acceptance rate on iteration 2901 to 3000 is 0.0404
Covariance:
[0.0232008 -0.0124321 3.84038e-5 -0.00728811 -0.0041672 0.0117077 0.00917636; -0.0124321 0.00787367 5.17161e-6 0.0034716 0.00200727 -0.00756839 -0.00779892; 3.84038e-5 5.17161e-6 2.62608e-5 -5.71884e-5 -0.000107014 9.47912e-5 -7.20195e-6; -0.00728811 0.0034716 -5.71884e-5 0.0420264 0.0210962 -0.0423408 -0.0027462; -0.0041672 0.00200727 -0.000107014 0.0210962 0.0116026 -0.023577 -0.00163577; 0.0117077 -0.00756839 9.47912e-5 -0.0423408 -0.023577 0.0568125 0.0100881; 0.00917636 -0.00779892 -7.20195e-6 -0.0027462 -0.00163577 0.0100881 0.0127232]
Loglik: -136600.3429 
Loglik values on different cores:
[-1.36632e5,-1.36623e5,-1.36631e5,-1.3662e5]
Percentage done: 31.00 % 
Acceptance rate on iteration 3001 to 3100 is 0.0303
Covariance:
[0.0232008 -0.0124321 3.84038e-5 -0.00728811 -0.0041672 0.0117077 0.00917636; -0.0124321 0.00787367 5.17161e-6 0.0034716 0.00200727 -0.00756839 -0.00779892; 3.84038e-5 5.17161e-6 2.62608e-5 -5.71884e-5 -0.000107014 9.47912e-5 -7.20195e-6; -0.00728811 0.0034716 -5.71884e-5 0.0420264 0.0210962 -0.0423408 -0.0027462; -0.0041672 0.00200727 -0.000107014 0.0210962 0.0116026 -0.023577 -0.00163577; 0.0117077 -0.00756839 9.47912e-5 -0.0423408 -0.023577 0.0568125 0.0100881; 0.00917636 -0.00779892 -7.20195e-6 -0.0027462 -0.00163577 0.0100881 0.0127232]
Loglik: -136603.5395 
Loglik values on different cores:
[-1.36624e5,-1.36634e5,-1.36622e5,-1.36622e5]
Percentage done: 32.00 % 
Acceptance rate on iteration 3101 to 3200 is 0.0202
Covariance:
[0.0232008 -0.0124321 3.84038e-5 -0.00728811 -0.0041672 0.0117077 0.00917636; -0.0124321 0.00787367 5.17161e-6 0.0034716 0.00200727 -0.00756839 -0.00779892; 3.84038e-5 5.17161e-6 2.62608e-5 -5.71884e-5 -0.000107014 9.47912e-5 -7.20195e-6; -0.00728811 0.0034716 -5.71884e-5 0.0420264 0.0210962 -0.0423408 -0.0027462; -0.0041672 0.00200727 -0.000107014 0.0210962 0.0116026 -0.023577 -0.00163577; 0.0117077 -0.00756839 9.47912e-5 -0.0423408 -0.023577 0.0568125 0.0100881; 0.00917636 -0.00779892 -7.20195e-6 -0.0027462 -0.00163577 0.0100881 0.0127232]
Loglik: -136596.7426 
Loglik values on different cores:
[-1.36626e5,-1.36608e5,-1.36605e5,-1.36585e5]
Percentage done: 33.00 % 
Acceptance rate on iteration 3201 to 3300 is 0.0404
Covariance:
[0.0232008 -0.0124321 3.84038e-5 -0.00728811 -0.0041672 0.0117077 0.00917636; -0.0124321 0.00787367 5.17161e-6 0.0034716 0.00200727 -0.00756839 -0.00779892; 3.84038e-5 5.17161e-6 2.62608e-5 -5.71884e-5 -0.000107014 9.47912e-5 -7.20195e-6; -0.00728811 0.0034716 -5.71884e-5 0.0420264 0.0210962 -0.0423408 -0.0027462; -0.0041672 0.00200727 -0.000107014 0.0210962 0.0116026 -0.023577 -0.00163577; 0.0117077 -0.00756839 9.47912e-5 -0.0423408 -0.023577 0.0568125 0.0100881; 0.00917636 -0.00779892 -7.20195e-6 -0.0027462 -0.00163577 0.0100881 0.0127232]
Loglik: -136591.8120 
Loglik values on different cores:
[-1.36615e5,-136619.0,-1.36628e5,-1.36628e5]
Percentage done: 34.00 % 
Acceptance rate on iteration 3301 to 3400 is 0.0404
Covariance:
[0.0232008 -0.0124321 3.84038e-5 -0.00728811 -0.0041672 0.0117077 0.00917636; -0.0124321 0.00787367 5.17161e-6 0.0034716 0.00200727 -0.00756839 -0.00779892; 3.84038e-5 5.17161e-6 2.62608e-5 -5.71884e-5 -0.000107014 9.47912e-5 -7.20195e-6; -0.00728811 0.0034716 -5.71884e-5 0.0420264 0.0210962 -0.0423408 -0.0027462; -0.0041672 0.00200727 -0.000107014 0.0210962 0.0116026 -0.023577 -0.00163577; 0.0117077 -0.00756839 9.47912e-5 -0.0423408 -0.023577 0.0568125 0.0100881; 0.00917636 -0.00779892 -7.20195e-6 -0.0027462 -0.00163577 0.0100881 0.0127232]
Loglik: -136625.7759 
Loglik values on different cores:
[-1.36638e5,-1.36629e5,-136631.0,-1.3663e5]
Percentage done: 35.00 % 
Acceptance rate on iteration 3401 to 3500 is 0.0707
Covariance:
[0.0232008 -0.0124321 3.84038e-5 -0.00728811 -0.0041672 0.0117077 0.00917636; -0.0124321 0.00787367 5.17161e-6 0.0034716 0.00200727 -0.00756839 -0.00779892; 3.84038e-5 5.17161e-6 2.62608e-5 -5.71884e-5 -0.000107014 9.47912e-5 -7.20195e-6; -0.00728811 0.0034716 -5.71884e-5 0.0420264 0.0210962 -0.0423408 -0.0027462; -0.0041672 0.00200727 -0.000107014 0.0210962 0.0116026 -0.023577 -0.00163577; 0.0117077 -0.00756839 9.47912e-5 -0.0423408 -0.023577 0.0568125 0.0100881; 0.00917636 -0.00779892 -7.20195e-6 -0.0027462 -0.00163577 0.0100881 0.0127232]
Loglik: -136599.9353 
Loglik values on different cores:
[-136605.0,-1.3661e5,-1.36615e5,-1.36611e5]
Percentage done: 36.00 % 
Acceptance rate on iteration 3501 to 3600 is 0.0505
Covariance:
[0.0232008 -0.0124321 3.84038e-5 -0.00728811 -0.0041672 0.0117077 0.00917636; -0.0124321 0.00787367 5.17161e-6 0.0034716 0.00200727 -0.00756839 -0.00779892; 3.84038e-5 5.17161e-6 2.62608e-5 -5.71884e-5 -0.000107014 9.47912e-5 -7.20195e-6; -0.00728811 0.0034716 -5.71884e-5 0.0420264 0.0210962 -0.0423408 -0.0027462; -0.0041672 0.00200727 -0.000107014 0.0210962 0.0116026 -0.023577 -0.00163577; 0.0117077 -0.00756839 9.47912e-5 -0.0423408 -0.023577 0.0568125 0.0100881; 0.00917636 -0.00779892 -7.20195e-6 -0.0027462 -0.00163577 0.0100881 0.0127232]
Loglik: -136608.8238 
Loglik values on different cores:
[-1.36612e5,-1.36621e5,-1.36622e5,-1.36613e5]
Percentage done: 37.00 % 
Acceptance rate on iteration 3601 to 3700 is 0.0303
Covariance:
[0.0232008 -0.0124321 3.84038e-5 -0.00728811 -0.0041672 0.0117077 0.00917636; -0.0124321 0.00787367 5.17161e-6 0.0034716 0.00200727 -0.00756839 -0.00779892; 3.84038e-5 5.17161e-6 2.62608e-5 -5.71884e-5 -0.000107014 9.47912e-5 -7.20195e-6; -0.00728811 0.0034716 -5.71884e-5 0.0420264 0.0210962 -0.0423408 -0.0027462; -0.0041672 0.00200727 -0.000107014 0.0210962 0.0116026 -0.023577 -0.00163577; 0.0117077 -0.00756839 9.47912e-5 -0.0423408 -0.023577 0.0568125 0.0100881; 0.00917636 -0.00779892 -7.20195e-6 -0.0027462 -0.00163577 0.0100881 0.0127232]
Loglik: -136600.1799 
Loglik values on different cores:
[-1.36614e5,-1.36607e5,-1.36623e5,-1.36625e5]
Percentage done: 38.00 % 
Acceptance rate on iteration 3701 to 3800 is 0.0404
Covariance:
[0.0232008 -0.0124321 3.84038e-5 -0.00728811 -0.0041672 0.0117077 0.00917636; -0.0124321 0.00787367 5.17161e-6 0.0034716 0.00200727 -0.00756839 -0.00779892; 3.84038e-5 5.17161e-6 2.62608e-5 -5.71884e-5 -0.000107014 9.47912e-5 -7.20195e-6; -0.00728811 0.0034716 -5.71884e-5 0.0420264 0.0210962 -0.0423408 -0.0027462; -0.0041672 0.00200727 -0.000107014 0.0210962 0.0116026 -0.023577 -0.00163577; 0.0117077 -0.00756839 9.47912e-5 -0.0423408 -0.023577 0.0568125 0.0100881; 0.00917636 -0.00779892 -7.20195e-6 -0.0027462 -0.00163577 0.0100881 0.0127232]
Loglik: -136594.5688 
Loglik values on different cores:
[-1.36593e5,-1.36601e5,-1.36598e5,-1.36603e5]
Percentage done: 39.00 % 
Acceptance rate on iteration 3801 to 3900 is 0.0505
Covariance:
[0.0232008 -0.0124321 3.84038e-5 -0.00728811 -0.0041672 0.0117077 0.00917636; -0.0124321 0.00787367 5.17161e-6 0.0034716 0.00200727 -0.00756839 -0.00779892; 3.84038e-5 5.17161e-6 2.62608e-5 -5.71884e-5 -0.000107014 9.47912e-5 -7.20195e-6; -0.00728811 0.0034716 -5.71884e-5 0.0420264 0.0210962 -0.0423408 -0.0027462; -0.0041672 0.00200727 -0.000107014 0.0210962 0.0116026 -0.023577 -0.00163577; 0.0117077 -0.00756839 9.47912e-5 -0.0423408 -0.023577 0.0568125 0.0100881; 0.00917636 -0.00779892 -7.20195e-6 -0.0027462 -0.00163577 0.0100881 0.0127232]
Loglik: -136581.0652 
Loglik values on different cores:
[-1.36586e5,-1.36598e5,-1.36596e5,-1.36598e5]
Percentage done: 40.00 % 
Acceptance rate on iteration 3901 to 4000 is 0.0202
Covariance:
[0.0232008 -0.0124321 3.84038e-5 -0.00728811 -0.0041672 0.0117077 0.00917636; -0.0124321 0.00787367 5.17161e-6 0.0034716 0.00200727 -0.00756839 -0.00779892; 3.84038e-5 5.17161e-6 2.62608e-5 -5.71884e-5 -0.000107014 9.47912e-5 -7.20195e-6; -0.00728811 0.0034716 -5.71884e-5 0.0420264 0.0210962 -0.0423408 -0.0027462; -0.0041672 0.00200727 -0.000107014 0.0210962 0.0116026 -0.023577 -0.00163577; 0.0117077 -0.00756839 9.47912e-5 -0.0423408 -0.023577 0.0568125 0.0100881; 0.00917636 -0.00779892 -7.20195e-6 -0.0027462 -0.00163577 0.0100881 0.0127232]
Loglik: -136581.1838 
Loglik values on different cores:
[-1.3658e5,-1.36595e5,-1.36598e5,-1.36597e5]
Percentage done: 41.00 % 
Acceptance rate on iteration 4001 to 4100 is 0.0404
Covariance:
[0.0232008 -0.0124321 3.84038e-5 -0.00728811 -0.0041672 0.0117077 0.00917636; -0.0124321 0.00787367 5.17161e-6 0.0034716 0.00200727 -0.00756839 -0.00779892; 3.84038e-5 5.17161e-6 2.62608e-5 -5.71884e-5 -0.000107014 9.47912e-5 -7.20195e-6; -0.00728811 0.0034716 -5.71884e-5 0.0420264 0.0210962 -0.0423408 -0.0027462; -0.0041672 0.00200727 -0.000107014 0.0210962 0.0116026 -0.023577 -0.00163577; 0.0117077 -0.00756839 9.47912e-5 -0.0423408 -0.023577 0.0568125 0.0100881; 0.00917636 -0.00779892 -7.20195e-6 -0.0027462 -0.00163577 0.0100881 0.0127232]
Loglik: -136594.5864 
Loglik values on different cores:
[-1.36602e5,-1.36605e5,-136587.0,-1.36588e5]
Percentage done: 42.00 % 
Acceptance rate on iteration 4101 to 4200 is 0.0909
Covariance:
[0.0232008 -0.0124321 3.84038e-5 -0.00728811 -0.0041672 0.0117077 0.00917636; -0.0124321 0.00787367 5.17161e-6 0.0034716 0.00200727 -0.00756839 -0.00779892; 3.84038e-5 5.17161e-6 2.62608e-5 -5.71884e-5 -0.000107014 9.47912e-5 -7.20195e-6; -0.00728811 0.0034716 -5.71884e-5 0.0420264 0.0210962 -0.0423408 -0.0027462; -0.0041672 0.00200727 -0.000107014 0.0210962 0.0116026 -0.023577 -0.00163577; 0.0117077 -0.00756839 9.47912e-5 -0.0423408 -0.023577 0.0568125 0.0100881; 0.00917636 -0.00779892 -7.20195e-6 -0.0027462 -0.00163577 0.0100881 0.0127232]
Loglik: -136603.9842 
Loglik values on different cores:
[-1.36638e5,-1.36624e5,-1.36617e5,-1.3662e5]
Percentage done: 43.00 % 
Acceptance rate on iteration 4201 to 4300 is 0.0909
Covariance:
[0.0232008 -0.0124321 3.84038e-5 -0.00728811 -0.0041672 0.0117077 0.00917636; -0.0124321 0.00787367 5.17161e-6 0.0034716 0.00200727 -0.00756839 -0.00779892; 3.84038e-5 5.17161e-6 2.62608e-5 -5.71884e-5 -0.000107014 9.47912e-5 -7.20195e-6; -0.00728811 0.0034716 -5.71884e-5 0.0420264 0.0210962 -0.0423408 -0.0027462; -0.0041672 0.00200727 -0.000107014 0.0210962 0.0116026 -0.023577 -0.00163577; 0.0117077 -0.00756839 9.47912e-5 -0.0423408 -0.023577 0.0568125 0.0100881; 0.00917636 -0.00779892 -7.20195e-6 -0.0027462 -0.00163577 0.0100881 0.0127232]
Loglik: -136624.2541 
Loglik values on different cores:
[-1.36634e5,-1.36627e5,-1.36613e5,-1.36647e5]
Percentage done: 44.00 % 
Acceptance rate on iteration 4301 to 4400 is 0.0808
Covariance:
[0.0232008 -0.0124321 3.84038e-5 -0.00728811 -0.0041672 0.0117077 0.00917636; -0.0124321 0.00787367 5.17161e-6 0.0034716 0.00200727 -0.00756839 -0.00779892; 3.84038e-5 5.17161e-6 2.62608e-5 -5.71884e-5 -0.000107014 9.47912e-5 -7.20195e-6; -0.00728811 0.0034716 -5.71884e-5 0.0420264 0.0210962 -0.0423408 -0.0027462; -0.0041672 0.00200727 -0.000107014 0.0210962 0.0116026 -0.023577 -0.00163577; 0.0117077 -0.00756839 9.47912e-5 -0.0423408 -0.023577 0.0568125 0.0100881; 0.00917636 -0.00779892 -7.20195e-6 -0.0027462 -0.00163577 0.0100881 0.0127232]
Loglik: -136623.1607 
Loglik values on different cores:
[-136638.0,-1.36637e5,-1.36638e5,-1.36643e5]
Percentage done: 45.00 % 
Acceptance rate on iteration 4401 to 4500 is 0.0606
Covariance:
[0.0232008 -0.0124321 3.84038e-5 -0.00728811 -0.0041672 0.0117077 0.00917636; -0.0124321 0.00787367 5.17161e-6 0.0034716 0.00200727 -0.00756839 -0.00779892; 3.84038e-5 5.17161e-6 2.62608e-5 -5.71884e-5 -0.000107014 9.47912e-5 -7.20195e-6; -0.00728811 0.0034716 -5.71884e-5 0.0420264 0.0210962 -0.0423408 -0.0027462; -0.0041672 0.00200727 -0.000107014 0.0210962 0.0116026 -0.023577 -0.00163577; 0.0117077 -0.00756839 9.47912e-5 -0.0423408 -0.023577 0.0568125 0.0100881; 0.00917636 -0.00779892 -7.20195e-6 -0.0027462 -0.00163577 0.0100881 0.0127232]
Loglik: -136576.4850 
Loglik values on different cores:
[-1.36577e5,-1.36587e5,-1.36586e5,-1.36589e5]
Percentage done: 46.00 % 
Acceptance rate on iteration 4501 to 4600 is 0.0505
Covariance:
[0.0232008 -0.0124321 3.84038e-5 -0.00728811 -0.0041672 0.0117077 0.00917636; -0.0124321 0.00787367 5.17161e-6 0.0034716 0.00200727 -0.00756839 -0.00779892; 3.84038e-5 5.17161e-6 2.62608e-5 -5.71884e-5 -0.000107014 9.47912e-5 -7.20195e-6; -0.00728811 0.0034716 -5.71884e-5 0.0420264 0.0210962 -0.0423408 -0.0027462; -0.0041672 0.00200727 -0.000107014 0.0210962 0.0116026 -0.023577 -0.00163577; 0.0117077 -0.00756839 9.47912e-5 -0.0423408 -0.023577 0.0568125 0.0100881; 0.00917636 -0.00779892 -7.20195e-6 -0.0027462 -0.00163577 0.0100881 0.0127232]
Loglik: -136603.7057 
Loglik values on different cores:
[-1.36611e5,-1.36602e5,-1.36602e5,-1.36611e5]
Percentage done: 47.00 % 
Acceptance rate on iteration 4601 to 4700 is 0.0909
Covariance:
[0.0232008 -0.0124321 3.84038e-5 -0.00728811 -0.0041672 0.0117077 0.00917636; -0.0124321 0.00787367 5.17161e-6 0.0034716 0.00200727 -0.00756839 -0.00779892; 3.84038e-5 5.17161e-6 2.62608e-5 -5.71884e-5 -0.000107014 9.47912e-5 -7.20195e-6; -0.00728811 0.0034716 -5.71884e-5 0.0420264 0.0210962 -0.0423408 -0.0027462; -0.0041672 0.00200727 -0.000107014 0.0210962 0.0116026 -0.023577 -0.00163577; 0.0117077 -0.00756839 9.47912e-5 -0.0423408 -0.023577 0.0568125 0.0100881; 0.00917636 -0.00779892 -7.20195e-6 -0.0027462 -0.00163577 0.0100881 0.0127232]
Loglik: -136584.3706 
Loglik values on different cores:
[-1.36582e5,-1.36586e5,-1.36589e5,-1.366e5]
Percentage done: 48.00 % 
Acceptance rate on iteration 4701 to 4800 is 0.0707
Covariance:
[0.0232008 -0.0124321 3.84038e-5 -0.00728811 -0.0041672 0.0117077 0.00917636; -0.0124321 0.00787367 5.17161e-6 0.0034716 0.00200727 -0.00756839 -0.00779892; 3.84038e-5 5.17161e-6 2.62608e-5 -5.71884e-5 -0.000107014 9.47912e-5 -7.20195e-6; -0.00728811 0.0034716 -5.71884e-5 0.0420264 0.0210962 -0.0423408 -0.0027462; -0.0041672 0.00200727 -0.000107014 0.0210962 0.0116026 -0.023577 -0.00163577; 0.0117077 -0.00756839 9.47912e-5 -0.0423408 -0.023577 0.0568125 0.0100881; 0.00917636 -0.00779892 -7.20195e-6 -0.0027462 -0.00163577 0.0100881 0.0127232]
Loglik: -136597.8607 
Loglik values on different cores:
[-1.36609e5,-1.36607e5,-1.3661e5,-1.36616e5]
Percentage done: 49.00 % 
Acceptance rate on iteration 4801 to 4900 is 0.0606
Covariance:
