run Normal prior model
#####################################################################
Starting MCMC with adaptive RW estimating 7 parameters
Algorithm: MCWM
Adaptation algorithm: AMUpdate_gen
Prior distribution: Normal
Particel filter: parallel_bootstrap, on 10 cores
Iteration: 1
Covariance:
[0.142857 0.0 0.0 0.0 0.0 0.0 0.0; 0.0 0.142857 0.0 0.0 0.0 0.0 0.0; 0.0 0.0 0.142857 0.0 0.0 0.0 0.0; 0.0 0.0 0.0 0.142857 0.0 0.0 0.0; 0.0 0.0 0.0 0.0 0.142857 0.0 0.0; 0.0 0.0 0.0 0.0 0.0 0.142857 0.0; 0.0 0.0 0.0 0.0 0.0 0.0 0.142857]
	From worker 2:	ESS: 174.5765
	From worker 2:	Nbr resample: 24799 
	From worker 11:	ESS: 176.0534
	From worker 11:	Nbr resample: 24799 
	From worker 8:	ESS: 176.3057
	From worker 8:	Nbr resample: 24799 
	From worker 5:	ESS: 180.3744
	From worker 5:	Nbr resample: 24799 
	From worker 4:	ESS: 177.8248
	From worker 4:	Nbr resample: 24799 
	From worker 7:	ESS: 171.9119
	From worker 7:	Nbr resample: 24799 
	From worker 6:	ESS: 175.0762
	From worker 6:	Nbr resample: 24799 
	From worker 10:	ESS: 170.6685
	From worker 3:	ESS: 178.4841
	From worker 10:	Nbr resample: 24799 
	From worker 3:	Nbr resample: 24799 
	From worker 9:	ESS: 179.9944
	From worker 9:	Nbr resample: 24799 
Loglik: -164206.1723 
Percentage done: 10.00 % 
Acceptance rate on iteration 1 to 100 is 0.0101
Covariance:
[0.00205865 1.79054e-6 2.22333e-6 -1.51259e-7 9.49037e-7 -5.23124e-6 -2.81654e-10; 1.79054e-6 0.00205836 2.04819e-6 -1.39344e-7 8.7428e-7 -4.81916e-6 -2.59467e-10; 2.22333e-6 2.04819e-6 0.00205925 -1.73024e-7 1.0856e-6 -5.98399e-6 -3.22182e-10; -1.51259e-7 -1.39344e-7 -1.73024e-7 0.00205672 -7.38561e-8 4.07106e-7 2.19189e-11; 9.49037e-7 8.7428e-7 1.0856e-6 -7.38561e-8 0.00205717 -2.55429e-6 -1.37525e-10; -5.23124e-6 -4.81916e-6 -5.98399e-6 4.07106e-7 -2.55429e-6 0.00207079 7.58059e-10; -2.81654e-10 -2.59467e-10 -3.22182e-10 2.19189e-11 -1.37525e-10 7.58059e-10 0.00205671]
Loglik: -164160.9571 
Loglik values on different cores:
[-1.64185e5,-1.64214e5,-1.64168e5,-1.64179e5,-1.64184e5,-1.64206e5,-1.64192e5,-1.64209e5,-1.64203e5,-1.64177e5]
	From worker 2:	ESS: 168.3728
	From worker 2:	Nbr resample: 24799 
	From worker 5:	ESS: 168.7505
	From worker 5:	Nbr resample: 24799 
	From worker 4:	ESS: 168.2355
	From worker 4:	Nbr resample: 24799 
	From worker 7:	ESS: 163.7592
	From worker 7:	Nbr resample: 24799 
	From worker 11:	ESS: 152.8030
	From worker 11:	Nbr resample: 24799 
	From worker 8:	ESS: 164.9908
	From worker 8:	Nbr resample: 24799 
	From worker 10:	ESS: 154.7647
	From worker 10:	Nbr resample: 24799 
	From worker 3:	ESS: 168.6669
	From worker 3:	Nbr resample: 24799 
	From worker 9:	ESS: 166.2309
	From worker 9:	Nbr resample: 24799 
	From worker 6:	ESS: 161.3761
	From worker 6:	Nbr resample: 24799 
	From worker 10:	ESS: 175.1033
	From worker 2:	ESS: 169.9622
	From worker 2:	Nbr resample: 24799 
	From worker 10:	Nbr resample: 24799 
	From worker 4:	ESS: 166.1651
	From worker 4:	Nbr resample: 24799 
	From worker 11:	ESS: 171.8906
	From worker 11:	Nbr resample: 24799 
	From worker 7:	ESS: 172.9311
	From worker 7:	Nbr resample: 24799 
	From worker 5:	ESS: 174.0765
	From worker 5:	Nbr resample: 24799 
	From worker 8:	ESS: 169.5599
	From worker 8:	Nbr resample: 24799 
	From worker 9:	ESS: 169.5949
	From worker 9:	Nbr resample: 24799 
	From worker 3:	ESS: 171.3782
	From worker 3:	Nbr resample: 24799 
	From worker 6:	ESS: 168.1087
	From worker 6:	Nbr resample: 24799 
Percentage done: 20.00 % 
Acceptance rate on iteration 101 to 200 is 0.1313
Covariance:
[0.000253185 5.6313e-6 3.94936e-6 1.20631e-5 4.09198e-6 -5.45096e-6 -4.44391e-5; 5.6313e-6 0.000265549 5.437e-6 -9.80668e-6 -6.65934e-7 -2.4377e-6 -1.82129e-5; 3.94936e-6 5.437e-6 0.000237807 -1.98369e-6 6.65731e-7 -2.8406e-6 -9.2254e-7; 1.20631e-5 -9.80668e-6 -1.98369e-6 0.000261 5.04563e-6 -2.20757e-6 -6.24961e-5; 4.09198e-6 -6.65934e-7 6.65731e-7 5.04563e-6 0.000236506 -1.85618e-6 -1.04734e-5; -5.45096e-6 -2.4377e-6 -2.8406e-6 -2.20757e-6 -1.85618e-6 0.000252809 2.78592e-5; -4.44391e-5 -1.82129e-5 -9.2254e-7 -6.24961e-5 -1.04734e-5 2.78592e-5 0.000533056]
Loglik: -163789.4113 
Loglik values on different cores:
[-1.63811e5,-1.63847e5,-1.63803e5,-1.63836e5,-163796.0,-1.63796e5,-1.63809e5,-1.63838e5,-1.63827e5,-1.63837e5]
	From worker 4:	ESS: 170.6581
	From worker 4:	Nbr resample: 24799 
	From worker 2:	ESS: 186.5185
	From worker 2:	Nbr resample: 24799 
	From worker 5:	ESS: 184.4607
	From worker 5:	Nbr resample: 24799 
	From worker 8:	ESS: 184.4752
	From worker 8:	Nbr resample: 24799 
	From worker 11:	ESS: 184.4802
	From worker 3:	ESS: 184.6291
	From worker 11:	Nbr resample: 24799 
	From worker 3:	Nbr resample: 24799 
	From worker 7:	ESS: 181.0237
	From worker 7:	Nbr resample: 24799 
	From worker 10:	ESS: 184.1726
	From worker 10:	Nbr resample: 24799 
	From worker 6:	ESS: 187.6596
	From worker 6:	Nbr resample: 24799 
	From worker 9:	ESS: 182.7001
	From worker 9:	Nbr resample: 24799 
	From worker 2:	ESS: 183.8502
	From worker 2:	Nbr resample: 24799 
	From worker 10:	ESS: 187.8703
	From worker 10:	Nbr resample: 24799 
	From worker 4:	ESS: 184.4356
	From worker 4:	Nbr resample: 24799 
	From worker 7:	ESS: 180.8155
	From worker 7:	Nbr resample: 24799 
	From worker 5:	ESS: 182.2152
	From worker 5:	Nbr resample: 24799 
	From worker 11:	ESS: 185.2726
	From worker 11:	Nbr resample: 24799 
	From worker 8:	ESS: 186.2833
	From worker 8:	Nbr resample: 24799 
	From worker 9:	ESS: 184.6254
	From worker 9:	Nbr resample: 24799 
	From worker 3:	ESS: 186.7550
	From worker 3:	Nbr resample: 24799 
	From worker 6:	ESS: 183.8087
	From worker 6:	Nbr resample: 24799 
Percentage done: 30.00 % 
Acceptance rate on iteration 201 to 300 is 0.1919
Covariance:
[0.00016732 2.77018e-5 -1.71615e-6 1.159e-5 1.99983e-7 -3.2009e-5 -0.000152732; 2.77018e-5 8.65215e-5 1.36644e-6 -2.32417e-6 -1.20304e-6 -4.56911e-6 -4.2765e-5; -1.71615e-6 1.36644e-6 6.80637e-5 -4.83097e-7 6.74004e-7 -6.16107e-7 2.09861e-6; 1.159e-5 -2.32417e-6 -4.83097e-7 7.79478e-5 2.51527e-6 -5.90537e-6 -3.41599e-5; 1.99983e-7 -1.20304e-6 6.74004e-7 2.51527e-6 6.73515e-5 -2.06525e-6 -3.22903e-6; -3.2009e-5 -4.56911e-6 -6.16107e-7 -5.90537e-6 -2.06525e-6 9.14186e-5 5.65052e-5; -0.000152732 -4.2765e-5 2.09861e-6 -3.41599e-5 -3.22903e-6 5.65052e-5 0.000365532]
Loglik: -163665.8947 
Loglik values on different cores:
[-1.63684e5,-1.63689e5,-163708.0,-1.63697e5,-1.63709e5,-1.63696e5,-1.63699e5,-163727.0,-1.6371e5,-1.63689e5]
	From worker 4:	ESS: 168.0297
	From worker 4:	Nbr resample: 24799 
	From worker 2:	ESS: 173.1646
	From worker 2:	Nbr resample: 24799 
	From worker 11:	ESS: 165.4209
	From worker 11:	Nbr resample: 24799 
	From worker 8:	ESS: 178.2404
	From worker 8:	Nbr resample: 24799 
	From worker 5:	ESS: 184.3165
	From worker 5:	Nbr resample: 24799 
	From worker 7:	ESS: 181.4620
	From worker 7:	Nbr resample: 24799 
	From worker 10:	ESS: 186.7333
	From worker 10:	Nbr resample: 24799 
	From worker 9:	ESS: 181.6035
	From worker 9:	Nbr resample: 24799 
	From worker 3:	ESS: 183.4943
	From worker 3:	Nbr resample: 24799 
	From worker 6:	ESS: 186.2544
	From worker 6:	Nbr resample: 24799 
	From worker 4:	ESS: 176.0159
	From worker 4:	Nbr resample: 24799 
	From worker 2:	ESS: 174.9556
	From worker 2:	Nbr resample: 24799 
	From worker 5:	ESS: 176.6775
	From worker 5:	Nbr resample: 24799 
	From worker 3:	ESS: 188.0485
	From worker 3:	Nbr resample: 24799 
	From worker 7:	ESS: 186.5471
	From worker 7:	Nbr resample: 24799 
	From worker 11:	ESS: 187.0730
	From worker 11:	Nbr resample: 24799 
	From worker 8:	ESS: 182.1421
	From worker 8:	Nbr resample: 24799 
	From worker 10:	ESS: 178.3700
	From worker 10:	Nbr resample: 24799 
	From worker 9:	ESS: 185.9187
	From worker 9:	Nbr resample: 24799 
	From worker 6:	ESS: 186.4352
	From worker 6:	Nbr resample: 24799 
Percentage done: 40.00 % 
Acceptance rate on iteration 301 to 400 is 0.2828
Covariance:
[0.00018629 4.87992e-5 1.51475e-6 5.21771e-5 1.42773e-5 -9.47106e-5 -0.000295846; 4.87992e-5 5.32402e-5 2.30361e-6 1.50551e-5 4.19079e-6 -2.82032e-5 -9.4341e-5; 1.51475e-6 2.30361e-6 3.22111e-5 1.19218e-6 7.72759e-7 -2.28456e-6 -5.24313e-6; 5.21771e-5 1.50551e-5 1.19218e-6 5.89827e-5 7.74322e-6 -3.88915e-5 -0.000113294; 1.42773e-5 4.19079e-6 7.72759e-7 7.74322e-6 3.27419e-5 -1.15587e-5 -3.09726e-5; -9.47106e-5 -2.82032e-5 -2.28456e-6 -3.88915e-5 -1.15587e-5 0.000103001 0.000192402; -0.000295846 -9.4341e-5 -5.24313e-6 -0.000113294 -3.09726e-5 0.000192402 0.000640936]
Loglik: -163607.4870 
Loglik values on different cores:
[-1.63613e5,-1.63614e5,-1.63622e5,-1.63626e5,-1.63619e5,-1.63624e5,-1.63588e5,-1.63624e5,-1.63643e5,-1.63618e5]
	From worker 4:	ESS: 181.9365
	From worker 4:	Nbr resample: 24799 
	From worker 5:	ESS: 174.5425
	From worker 5:	Nbr resample: 24799 
	From worker 7:	ESS: 180.7984
	From worker 7:	Nbr resample: 24799 
	From worker 2:	ESS: 157.4139
	From worker 2:	Nbr resample: 24799 
	From worker 11:	ESS: 152.4807
	From worker 11:	Nbr resample: 24799 
	From worker 8:	ESS: 170.5305
	From worker 8:	Nbr resample: 24799 
	From worker 10:	ESS: 169.6368
	From worker 10:	Nbr resample: 24799 
	From worker 3:	ESS: 178.4087
	From worker 3:	Nbr resample: 24799 
	From worker 6:	ESS: 180.0187
	From worker 6:	Nbr resample: 24799 
	From worker 9:	ESS: 158.7732
	From worker 9:	Nbr resample: 24799 
	From worker 2:	ESS: 135.6408
	From worker 2:	Nbr resample: 24799 
	From worker 4:	ESS: 185.8266
	From worker 4:	Nbr resample: 24799 
	From worker 5:	ESS: 183.9035
	From worker 5:	Nbr resample: 24799 
	From worker 11:	ESS: 164.0066
	From worker 11:	Nbr resample: 24799 
	From worker 7:	ESS: 162.1002
	From worker 7:	Nbr resample: 24799 
	From worker 10:	ESS: 158.4104
	From worker 10:	Nbr resample: 24799 
	From worker 9:	ESS: 156.3763
	From worker 9:	Nbr resample: 24799 
	From worker 8:	ESS: 138.0038
	From worker 8:	Nbr resample: 24799 
	From worker 3:	ESS: 188.7131
	From worker 3:	Nbr resample: 24799 
	From worker 6:	ESS: 181.9628
	From worker 6:	Nbr resample: 24799 
Percentage done: 50.00 % 
Acceptance rate on iteration 401 to 500 is 0.3333
Covariance:
[0.000340775 3.81313e-5 -1.82687e-6 5.07553e-5 1.34451e-5 -0.000286523 -0.000435967; 3.81313e-5 3.08496e-5 1.31661e-6 9.19599e-6 2.60755e-6 -2.70196e-5 -6.63748e-5; -1.82687e-6 1.31661e-6 1.85462e-5 5.8838e-7 5.47577e-7 1.66917e-6 8.5667e-7; 5.07553e-5 9.19599e-6 5.8838e-7 3.56209e-5 5.27846e-6 -4.29577e-5 -8.67248e-5; 1.34451e-5 2.60755e-6 5.47577e-7 5.27846e-6 1.87788e-5 -1.20871e-5 -2.25292e-5; -0.000286523 -2.70196e-5 1.66917e-6 -4.29577e-5 -1.20871e-5 0.000289049 0.000376384; -0.000435967 -6.63748e-5 8.5667e-7 -8.67248e-5 -2.25292e-5 0.000376384 0.000674528]
Loglik: -163522.6147 
Loglik values on different cores:
[-1.63577e5,-1.63572e5,-1.6357e5,-1.63558e5,-163524.0,-1.63555e5,-1.63544e5,-1.63553e5,-1.63531e5,-1.63541e5]
	From worker 2:	ESS: 148.4436
	From worker 2:	Nbr resample: 24799 
	From worker 4:	ESS: 155.1209
	From worker 4:	Nbr resample: 24799 
	From worker 11:	ESS: 147.8829
	From worker 11:	Nbr resample: 24799 
	From worker 3:	ESS: 148.1936
	From worker 3:	Nbr resample: 24799 
	From worker 5:	ESS: 165.0112
	From worker 5:	Nbr resample: 24799 
	From worker 7:	ESS: 140.3064
	From worker 7:	Nbr resample: 24799 
	From worker 10:	ESS: 175.8649
	From worker 10:	Nbr resample: 24799 
	From worker 8:	ESS: 124.6510
	From worker 8:	Nbr resample: 24799 
	From worker 9:	ESS: 170.7223
	From worker 9:	Nbr resample: 24799 
	From worker 6:	ESS: 129.1670
	From worker 6:	Nbr resample: 24799 
	From worker 2:	ESS: 139.2354
	From worker 2:	Nbr resample: 24799 
	From worker 4:	ESS: 172.4997
	From worker 4:	Nbr resample: 24799 
	From worker 8:	ESS: 146.9129
	From worker 8:	Nbr resample: 24799 
	From worker 10:	ESS: 109.8276
	From worker 10:	Nbr resample: 24799 
	From worker 7:	ESS: 117.0614
	From worker 7:	Nbr resample: 24799 
	From worker 5:	ESS: 168.2246
	From worker 5:	Nbr resample: 24799 
	From worker 11:	ESS: 171.7747
	From worker 11:	Nbr resample: 24799 
	From worker 3:	ESS: 141.7012
	From worker 3:	Nbr resample: 24799 
	From worker 6:	ESS: 154.8958
	From worker 6:	Nbr resample: 24799 
	From worker 9:	ESS: 155.1267
	From worker 9:	Nbr resample: 24799 
Percentage done: 60.00 % 
Acceptance rate on iteration 501 to 600 is 0.4545
Covariance:
[0.000690206 -6.75698e-5 5.2868e-7 0.000149051 3.61525e-5 -0.000719588 -0.000665457; -6.75698e-5 5.5599e-5 1.98234e-6 -1.82772e-5 -3.90243e-6 9.90322e-5 1.88255e-5; 5.2868e-7 1.98234e-6 1.56735e-5 1.49053e-6 9.79963e-7 1.55338e-8 -1.39296e-6; 0.000149051 -1.82772e-5 1.49053e-6 5.60716e-5 1.11307e-5 -0.000162281 -0.000152143; 3.61525e-5 -3.90243e-6 9.79963e-7 1.11307e-5 1.59573e-5 -3.96322e-5 -3.80794e-5; -0.000719588 9.90322e-5 1.55338e-8 -0.000162281 -3.96322e-5 0.000810011 0.000671892; -0.000665457 1.88255e-5 -1.39296e-6 -0.000152143 -3.80794e-5 0.000671892 0.000775741]
Loglik: -163498.6901 
Loglik values on different cores:
[-1.63534e5,-1.6355e5,-163522.0,-1.63519e5,-163483.0,-163524.0,-1.63511e5,-1.63517e5,-1.63539e5,-1.63541e5]
	From worker 4:	ESS: 154.4202
	From worker 2:	ESS: 122.9281
	From worker 2:	Nbr resample: 24799 
	From worker 4:	Nbr resample: 24799 
	From worker 5:	ESS: 123.3489
	From worker 5:	Nbr resample: 24799 
	From worker 8:	ESS: 137.6922
	From worker 8:	Nbr resample: 24799 
	From worker 3:	ESS: 140.1688
	From worker 3:	Nbr resample: 24799 
	From worker 7:	ESS: 138.4922
	From worker 7:	Nbr resample: 24799 
	From worker 11:	ESS: 121.6718
	From worker 11:	Nbr resample: 24799 
	From worker 10:	ESS: 135.5315
	From worker 10:	Nbr resample: 24799 
	From worker 6:	ESS: 133.7492
	From worker 6:	Nbr resample: 24799 
	From worker 9:	ESS: 162.2441
	From worker 9:	Nbr resample: 24799 
	From worker 2:	ESS: 135.1979
	From worker 2:	Nbr resample: 24799 
	From worker 4:	ESS: 172.2443
	From worker 4:	Nbr resample: 24799 
	From worker 7:	ESS: 143.2910
	From worker 7:	Nbr resample: 24799 
	From worker 5:	ESS: 149.7854
	From worker 5:	Nbr resample: 24799 
	From worker 10:	ESS: 133.2343
	From worker 10:	Nbr resample: 24799 
	From worker 11:	ESS: 126.2766
	From worker 11:	Nbr resample: 24799 
	From worker 8:	ESS: 126.3159
	From worker 8:	Nbr resample: 24799 
	From worker 9:	ESS: 152.4459
	From worker 9:	Nbr resample: 24799 
	From worker 3:	ESS: 167.6027
	From worker 3:	Nbr resample: 24799 
	From worker 6:	ESS: 117.5212
	From worker 6:	Nbr resample: 24799 
Percentage done: 70.00 % 
Acceptance rate on iteration 601 to 700 is 0.3333
Covariance:
[0.000552857 -8.55795e-5 -3.0547e-7 0.00010714 2.73881e-5 -0.000577923 -0.000496035; -8.55795e-5 6.63324e-5 2.76925e-6 -1.87311e-5 -3.45845e-6 0.00011498 2.24872e-5; -3.0547e-7 2.76925e-6 1.13989e-5 1.41179e-6 1.02588e-6 1.86746e-6 -1.17173e-6; 0.00010714 -1.87311e-5 1.41179e-6 4.28279e-5 8.13211e-6 -0.000117914 -9.90344e-5; 2.73881e-5 -3.45845e-6 1.02588e-6 8.13211e-6 1.14277e-5 -2.93135e-5 -2.71899e-5; -0.000577923 0.00011498 1.86746e-6 -0.000117914 -2.93135e-5 0.000649221 0.000498446; -0.000496035 2.24872e-5 -1.17173e-6 -9.90344e-5 -2.71899e-5 0.000498446 0.000568288]
Loglik: -163465.8421 
Loglik values on different cores:
[-1.63508e5,-1.63539e5,-1.63506e5,-1.63472e5,-163543.0,-1.63521e5,-163468.0,-1.63531e5,-163482.0,-1.6349e5]
	From worker 4:	ESS: 140.3291
	From worker 4:	Nbr resample: 24799 
	From worker 2:	ESS: 165.4690
	From worker 2:	Nbr resample: 24799 
	From worker 11:	ESS: 157.4737
	From worker 11:	Nbr resample: 24799 
	From worker 5:	ESS: 174.0524
	From worker 5:	Nbr resample: 24799 
	From worker 8:	ESS: 140.9685
	From worker 8:	Nbr resample: 24799 
	From worker 7:	ESS: 144.8833
	From worker 7:	Nbr resample: 24799 
	From worker 10:	ESS: 180.4190
	From worker 10:	Nbr resample: 24799 
	From worker 9:	ESS: 121.7214
	From worker 9:	Nbr resample: 24799 
	From worker 3:	ESS: 123.2439
	From worker 3:	Nbr resample: 24799 
	From worker 6:	ESS: 138.2958
	From worker 6:	Nbr resample: 24799 
	From worker 2:	ESS: 139.9167
	From worker 2:	Nbr resample: 24799 
	From worker 4:	ESS: 147.1817
	From worker 4:	Nbr resample: 24799 
	From worker 7:	ESS: 155.1902
	From worker 7:	Nbr resample: 24799 
	From worker 5:	ESS: 149.8212
	From worker 5:	Nbr resample: 24799 
	From worker 10:	ESS: 136.5267
	From worker 10:	Nbr resample: 24799 
	From worker 3:	ESS: 147.5545
	From worker 3:	Nbr resample: 24799 
	From worker 11:	ESS: 160.3577
	From worker 11:	Nbr resample: 24799 
	From worker 8:	ESS: 133.6983
	From worker 8:	Nbr resample: 24799 
	From worker 9:	ESS: 137.6497
	From worker 9:	Nbr resample: 24799 
	From worker 6:	ESS: 145.4863
	From worker 6:	Nbr resample: 24799 
Percentage done: 80.00 % 
Acceptance rate on iteration 701 to 800 is 0.4848
Covariance:
[0.000620979 -9.474e-5 -4.89168e-6 0.0001027 2.56645e-5 -0.000625119 -0.000447109; -9.474e-5 6.08141e-5 3.02348e-6 -1.47166e-5 -2.7526e-6 0.000119642 2.51658e-5; -4.89168e-6 3.02348e-6 1.0061e-5 1.76775e-6 1.16555e-6 5.75158e-6 -1.17374e-6; 0.0001027 -1.47166e-5 1.76775e-6 4.48041e-5 9.40265e-6 -0.000105936 -8.37773e-5; 2.56645e-5 -2.7526e-6 1.16555e-6 9.40265e-6 1.01385e-5 -2.60122e-5 -2.29867e-5; -0.000625119 0.000119642 5.75158e-6 -0.000105936 -2.60122e-5 0.000673422 0.000449181; -0.000447109 2.51658e-5 -1.17374e-6 -8.37773e-5 -2.29867e-5 0.000449181 0.000494077]
Loglik: -163460.9350 
Loglik values on different cores:
[-1.63468e5,-1.63483e5,-1.63445e5,-1.63448e5,-1.63484e5,-1.63486e5,-1.6346e5,-1.63437e5,-1.63496e5,-1.63489e5]
	From worker 7:	ESS: 130.7966
	From worker 7:	Nbr resample: 24799 
	From worker 2:	ESS: 134.4511
	From worker 2:	Nbr resample: 24799 
	From worker 4:	ESS: 135.8530
	From worker 4:	Nbr resample: 24799 
	From worker 3:	ESS: 133.4196
	From worker 3:	Nbr resample: 24799 
	From worker 5:	ESS: 96.6376
	From worker 5:	Nbr resample: 24799 
	From worker 11:	ESS: 135.1032
	From worker 11:	Nbr resample: 24799 
	From worker 8:	ESS: 154.8799
	From worker 8:	Nbr resample: 24799 
	From worker 10:	ESS: 139.8743
	From worker 10:	Nbr resample: 24799 
	From worker 6:	ESS: 135.4125
	From worker 6:	Nbr resample: 24799 
	From worker 9:	ESS: 148.4253
	From worker 9:	Nbr resample: 24799 
	From worker 5:	ESS: 130.9445
	From worker 5:	Nbr resample: 24799 
	From worker 4:	ESS: 150.8215
	From worker 4:	Nbr resample: 24799 
	From worker 10:	ESS: 149.9375
	From worker 10:	Nbr resample: 24799 
	From worker 7:	ESS: 141.0781
	From worker 7:	Nbr resample: 24799 
	From worker 2:	ESS: 127.5857
	From worker 2:	Nbr resample: 24799 
	From worker 11:	ESS: 148.7890
	From worker 11:	Nbr resample: 24799 
	From worker 8:	ESS: 134.6869
	From worker 8:	Nbr resample: 24799 
	From worker 9:	ESS: 144.1306
	From worker 9:	Nbr resample: 24799 
	From worker 3:	ESS: 165.9951
	From worker 3:	Nbr resample: 24799 
	From worker 6:	ESS: 158.0933
	From worker 6:	Nbr resample: 24799 
Percentage done: 90.00 % 
Acceptance rate on iteration 801 to 900 is 0.4545
Covariance:
[0.000987632 -0.000150236 -5.68664e-6 9.64349e-5 2.69645e-5 -0.000934354 -0.000564841; -0.000150236 6.71604e-5 3.22349e-6 -1.45504e-5 -2.65228e-6 0.000166156 4.02514e-5; -5.68664e-6 3.22349e-6 1.02511e-5 -3.27366e-7 1.35049e-6 6.92922e-6 3.1043e-6; 9.64349e-5 -1.45504e-5 -3.27366e-7 4.5142e-5 8.4734e-6 -9.63937e-5 -6.61434e-5; 2.69645e-5 -2.65228e-6 1.35049e-6 8.4734e-6 9.14493e-6 -2.51507e-5 -1.73139e-5; -0.000934354 0.000166156 6.92922e-6 -9.63937e-5 -2.51507e-5 0.000929698 0.000549371; -0.000564841 4.02514e-5 3.1043e-6 -6.61434e-5 -1.73139e-5 0.000549371 0.000567046]
Loglik: -163493.4385 
Loglik values on different cores:
[-1.63521e5,-1.63525e5,-1.6351e5,-1.63537e5,-1.63505e5,-1.63513e5,-1.63523e5,-1.63527e5,-1.63528e5,-1.63544e5]
	From worker 2:	ESS: 140.0470
	From worker 2:	Nbr resample: 24799 
	From worker 4:	ESS: 140.6007
	From worker 4:	Nbr resample: 24799 
	From worker 7:	ESS: 146.7335
	From worker 7:	Nbr resample: 24799 
	From worker 5:	ESS: 133.8219
	From worker 5:	Nbr resample: 24799 
	From worker 3:	ESS: 150.7511
	From worker 3:	Nbr resample: 24799 
	From worker 8:	ESS: 139.3220
	From worker 8:	Nbr resample: 24799 
	From worker 11:	ESS: 159.8000
	From worker 11:	Nbr resample: 24799 
	From worker 10:	ESS: 148.1926
	From worker 10:	Nbr resample: 24799 
	From worker 9:	ESS: 132.8198
	From worker 9:	Nbr resample: 24799 
	From worker 6:	ESS: 152.7385
	From worker 6:	Nbr resample: 24799 
	From worker 2:	ESS: 154.2583
	From worker 2:	Nbr resample: 24799 
	From worker 4:	ESS: 137.2660
	From worker 4:	Nbr resample: 24799 
	From worker 7:	ESS: 157.9009
	From worker 7:	Nbr resample: 24799 
	From worker 5:	ESS: 148.8867
	From worker 5:	Nbr resample: 24799 
	From worker 8:	ESS: 166.4913
	From worker 8:	Nbr resample: 24799 
	From worker 11:	ESS: 159.9079
	From worker 11:	Nbr resample: 24799 
	From worker 10:	ESS: 173.7505
	From worker 10:	Nbr resample: 24799 
	From worker 9:	ESS: 149.2587
	From worker 9:	Nbr resample: 24799 
	From worker 3:	ESS: 127.5584
	From worker 3:	Nbr resample: 24799 
	From worker 6:	ESS: 162.9746
	From worker 6:	Nbr resample: 24799 
Ending MCMC with adaptive RW estimating 7 parameters
Algorithm: MCWM
Adaptation algorithm: AMUpdate_gen
Prior distribution: Normal
Particel filter: parallel_bootstrap, on 10 cores
#####################################################################
elapsed time: 3876.623529619 seconds
