test
Mean:
[0.73553; 0.528004; 3.09478; 3.37221; 0.4599; -0.0934874; 0.677957]
Std:
[0.25212; 0.046826; 0.00796601; 0.272535; 0.0662614; 0.105267; 0.0749804]
[0.828503 0.572387 0.438231 0.584613 0.59361 0.604875 0.642232 0.689036 0.472046 0.348844; 0.513859 0.549784 0.552077 0.537688 0.563616 0.521447 0.538732 0.523034 0.571247 0.572327; 3.10641 3.10312 3.10389 3.10535 3.1052 3.10377 3.10071 3.10918 3.09848 3.10257; 3.55641 3.40206 3.25468 3.16646 3.07132 3.61673 3.31522 3.35653 2.96727 2.98849; 0.511542 0.476123 0.436954 0.412722 0.387549 0.526511 0.454302 0.457166 0.366762 0.368999; -0.0603538 -0.0609381 -0.0368956 -0.0276338 0.033234 -0.101714 -0.0376862 -0.0268545 0.0516209 0.0800523; 0.79055 0.731002 0.705909 0.671607 0.689273 0.787183 0.69484 0.762687 0.668035 0.7084; -1.68848e5 -1.68795e5 -1.68798e5 -1.68791e5 -1.68782e5 -168795.0 -1.68796e5 -1.68784e5 -1.68777e5 -1.68854e5]Starting ml estimationLength of training data: 5000Start values for optimization:
[-2.39969e6; -970.829; 23346.0; 1.32969e6; 2.20754e5; -9.0882e5; -2892.58; 10114.5; -260.181; -12559.9; -2.02353e5; -19650.8; -3.51872e5; -6273.64; -5491.74; -2220.36; 896.608; 20.849; -674.155; -189.488; -24.7426; -322.503; -748.907; 793.458; -251.462; -7857.03; -52456.7; 2.17766e5; 1431.68; -587.135; 1.62808e5; 442.683; -224.632; -19088.1; 10314.3; 7088.9; 3.86992; 3.52334; -1.37785; -3.06132; -4.83257; -1.29999; -2.71415; -2.25126; -2.59053]Iter     Function value   Gradient norm 
     0     4.039994e+04     3.380574e+07
     1     4.022776e+04     1.049559e+07
     2     3.992110e+04     1.817935e+05
     3     3.992114e+04     1.350395e+05
Estimated parameters of the GP model:
Estimated Β:s:
[-2.39969e6,-970.829,23346.0,1.32969e6,2.20754e5,-9.0882e5,-2892.58,10114.5,-260.181,-12559.9,-2.02353e5,-19650.8,-3.51872e5,-6273.64,-5491.74,-2220.36,896.608,20.849,-674.155,-189.488,-24.7426,-322.503,-748.907,793.458,-251.462,-7857.03,-52456.7,2.17766e5,1431.68,-587.135,1.62808e5,442.683,-224.632,-19088.1,10314.3,7088.9]
Estimated log Φ:s:
[3.86971,3.16798,-0.530603,1.82535,9.62107,-0.974742,-1.19065,-0.518446,0.512184]
elapsed time: 929.063273597 seconds
Iterstion:
1
#####################################################################
Starting DA-GP-MCMC estimating 7 parameters 
MCMC algorithm: MCWM
Adaptation algorithm: noAdaptation
Prior distribution: Normal
Particle filter: parallel_bootstrap, on 4 cores
Nbr particles for particle filter: 250
Covariance - kernel_MH_direct:
[0.0342394 -0.00425196 -1.98636e-5 -0.00294421 -0.000796038 0.00221946 0.00466236; -0.00425196 0.00130272 -8.54796e-6 -0.000124312 -2.63369e-5 -0.000606462 -0.0015247; -1.98636e-5 -8.54796e-6 3.43804e-5 -0.000159623 -2.97798e-5 2.72371e-5 9.48485e-6; -0.00294421 -0.000124312 -0.000159623 0.050633 0.0122682 -0.0180828 -0.0014039; -0.000796038 -2.63369e-5 -2.97798e-5 0.0122682 0.00298775 -0.00440038 -0.000340457; 0.00221946 -0.000606462 2.72371e-5 -0.0180828 -0.00440038 0.00814559 0.00215464; 0.00466236 -0.0015247 9.48485e-6 -0.0014039 -0.000340457 0.00215464 0.00354173]
Iteration: 1
Covariance:
[0.0493047 -0.00612283 -2.86036e-5 -0.00423966 -0.00114629 0.00319602 0.00671379; -0.00612283 0.00187592 -1.23091e-5 -0.000179009 -3.79251e-5 -0.000873305 -0.00219557; -2.86036e-5 -1.23091e-5 4.95078e-5 -0.000229858 -4.28828e-5 3.92214e-5 1.36582e-5; -0.00423966 -0.000179009 -0.000229858 0.0729116 0.0176662 -0.0260393 -0.00202162; -0.00114629 -3.79251e-5 -4.28828e-5 0.0176662 0.00430236 -0.00633655 -0.000490258; 0.00319602 -0.000873305 3.92214e-5 -0.0260393 -0.00633655 0.0117297 0.00310268; 0.00671379 -0.00219557 1.36582e-5 -0.00202162 -0.000490258 0.00310268 0.00510008]
Iteration: 1
Covariance:
[0.0493047 -0.00612283 -2.86036e-5 -0.00423966 -0.00114629 0.00319602 0.00671379; -0.00612283 0.00187592 -1.23091e-5 -0.000179009 -3.79251e-5 -0.000873305 -0.00219557; -2.86036e-5 -1.23091e-5 4.95078e-5 -0.000229858 -4.28828e-5 3.92214e-5 1.36582e-5; -0.00423966 -0.000179009 -0.000229858 0.0729116 0.0176662 -0.0260393 -0.00202162; -0.00114629 -3.79251e-5 -4.28828e-5 0.0176662 0.00430236 -0.00633655 -0.000490258; 0.00319602 -0.000873305 3.92214e-5 -0.0260393 -0.00633655 0.0117297 0.00310268; 0.00671379 -0.00219557 1.36582e-5 -0.00202162 -0.000490258 0.00310268 0.00510008]
Loglik start: -168749.5559 
elapsed time: 1594.973361519 seconds
Ending DA-GP-MCMC with adaptive RW estimating 7 parameters
Algorithm: MCWM
Adaptation algorithm: noAdaptation
Prior distribution: Normal
Particle filter: parallel_bootstrap
Time pre-er:  0
Time fit GP model:  0
Time er-part:  1595
Number early-rejections: 665
Number of cases directly to ordinary MH: 144
Number of cases directly to ordinary MH accepted: 20
Number cases in in DA part: 855
Number cases in second stage: 190
Number accepted in second stage: 15
Total number of evaluations of the particle filter: 334
Acceptance rate for ordinary MH accepted: 13.8889
Acceptance rate a_1: 22.2222
Acceptance rate a_2: 7.8947
Acceptance rate a_1*a_2: 1.7544
Acceptance rate a (for entier algorithm): 3.5000
#####################################################################
Iterstion:
2
#####################################################################
Starting DA-GP-MCMC estimating 7 parameters 
MCMC algorithm: MCWM
Adaptation algorithm: noAdaptation
Prior distribution: Normal
Particle filter: parallel_bootstrap, on 4 cores
Nbr particles for particle filter: 250
Covariance - kernel_MH_direct:
[0.0342394 -0.00425196 -1.98636e-5 -0.00294421 -0.000796038 0.00221946 0.00466236; -0.00425196 0.00130272 -8.54796e-6 -0.000124312 -2.63369e-5 -0.000606462 -0.0015247; -1.98636e-5 -8.54796e-6 3.43804e-5 -0.000159623 -2.97798e-5 2.72371e-5 9.48485e-6; -0.00294421 -0.000124312 -0.000159623 0.050633 0.0122682 -0.0180828 -0.0014039; -0.000796038 -2.63369e-5 -2.97798e-5 0.0122682 0.00298775 -0.00440038 -0.000340457; 0.00221946 -0.000606462 2.72371e-5 -0.0180828 -0.00440038 0.00814559 0.00215464; 0.00466236 -0.0015247 9.48485e-6 -0.0014039 -0.000340457 0.00215464 0.00354173]
Iteration: 1
Covariance:
[0.0493047 -0.00612283 -2.86036e-5 -0.00423966 -0.00114629 0.00319602 0.00671379; -0.00612283 0.00187592 -1.23091e-5 -0.000179009 -3.79251e-5 -0.000873305 -0.00219557; -2.86036e-5 -1.23091e-5 4.95078e-5 -0.000229858 -4.28828e-5 3.92214e-5 1.36582e-5; -0.00423966 -0.000179009 -0.000229858 0.0729116 0.0176662 -0.0260393 -0.00202162; -0.00114629 -3.79251e-5 -4.28828e-5 0.0176662 0.00430236 -0.00633655 -0.000490258; 0.00319602 -0.000873305 3.92214e-5 -0.0260393 -0.00633655 0.0117297 0.00310268; 0.00671379 -0.00219557 1.36582e-5 -0.00202162 -0.000490258 0.00310268 0.00510008]
Iteration: 1
Covariance:
[0.0493047 -0.00612283 -2.86036e-5 -0.00423966 -0.00114629 0.00319602 0.00671379; -0.00612283 0.00187592 -1.23091e-5 -0.000179009 -3.79251e-5 -0.000873305 -0.00219557; -2.86036e-5 -1.23091e-5 4.95078e-5 -0.000229858 -4.28828e-5 3.92214e-5 1.36582e-5; -0.00423966 -0.000179009 -0.000229858 0.0729116 0.0176662 -0.0260393 -0.00202162; -0.00114629 -3.79251e-5 -4.28828e-5 0.0176662 0.00430236 -0.00633655 -0.000490258; 0.00319602 -0.000873305 3.92214e-5 -0.0260393 -0.00633655 0.0117297 0.00310268; 0.00671379 -0.00219557 1.36582e-5 -0.00202162 -0.000490258 0.00310268 0.00510008]
Loglik start: -168771.8138 
elapsed time: 1449.356467871 seconds
Ending DA-GP-MCMC with adaptive RW estimating 7 parameters
Algorithm: MCWM
Adaptation algorithm: noAdaptation
Prior distribution: Normal
Particle filter: parallel_bootstrap
Time pre-er:  0
Time fit GP model:  0
Time er-part:  1449
Number early-rejections: 696
Number of cases directly to ordinary MH: 170
Number of cases directly to ordinary MH accepted: 17
Number cases in in DA part: 829
Number cases in second stage: 133
Number accepted in second stage: 8
Total number of evaluations of the particle filter: 303
Acceptance rate for ordinary MH accepted: 10.0000
Acceptance rate a_1: 16.0434
Acceptance rate a_2: 6.0150
Acceptance rate a_1*a_2: 0.9650
Acceptance rate a (for entier algorithm): 2.5000
#####################################################################
Iterstion:
3
#####################################################################
Starting DA-GP-MCMC estimating 7 parameters 
MCMC algorithm: MCWM
Adaptation algorithm: noAdaptation
Prior distribution: Normal
Particle filter: parallel_bootstrap, on 4 cores
Nbr particles for particle filter: 250
Covariance - kernel_MH_direct:
[0.0342394 -0.00425196 -1.98636e-5 -0.00294421 -0.000796038 0.00221946 0.00466236; -0.00425196 0.00130272 -8.54796e-6 -0.000124312 -2.63369e-5 -0.000606462 -0.0015247; -1.98636e-5 -8.54796e-6 3.43804e-5 -0.000159623 -2.97798e-5 2.72371e-5 9.48485e-6; -0.00294421 -0.000124312 -0.000159623 0.050633 0.0122682 -0.0180828 -0.0014039; -0.000796038 -2.63369e-5 -2.97798e-5 0.0122682 0.00298775 -0.00440038 -0.000340457; 0.00221946 -0.000606462 2.72371e-5 -0.0180828 -0.00440038 0.00814559 0.00215464; 0.00466236 -0.0015247 9.48485e-6 -0.0014039 -0.000340457 0.00215464 0.00354173]
Iteration: 1
Covariance:
[0.0493047 -0.00612283 -2.86036e-5 -0.00423966 -0.00114629 0.00319602 0.00671379; -0.00612283 0.00187592 -1.23091e-5 -0.000179009 -3.79251e-5 -0.000873305 -0.00219557; -2.86036e-5 -1.23091e-5 4.95078e-5 -0.000229858 -4.28828e-5 3.92214e-5 1.36582e-5; -0.00423966 -0.000179009 -0.000229858 0.0729116 0.0176662 -0.0260393 -0.00202162; -0.00114629 -3.79251e-5 -4.28828e-5 0.0176662 0.00430236 -0.00633655 -0.000490258; 0.00319602 -0.000873305 3.92214e-5 -0.0260393 -0.00633655 0.0117297 0.00310268; 0.00671379 -0.00219557 1.36582e-5 -0.00202162 -0.000490258 0.00310268 0.00510008]
Iteration: 1
Covariance:
[0.0493047 -0.00612283 -2.86036e-5 -0.00423966 -0.00114629 0.00319602 0.00671379; -0.00612283 0.00187592 -1.23091e-5 -0.000179009 -3.79251e-5 -0.000873305 -0.00219557; -2.86036e-5 -1.23091e-5 4.95078e-5 -0.000229858 -4.28828e-5 3.92214e-5 1.36582e-5; -0.00423966 -0.000179009 -0.000229858 0.0729116 0.0176662 -0.0260393 -0.00202162; -0.00114629 -3.79251e-5 -4.28828e-5 0.0176662 0.00430236 -0.00633655 -0.000490258; 0.00319602 -0.000873305 3.92214e-5 -0.0260393 -0.00633655 0.0117297 0.00310268; 0.00671379 -0.00219557 1.36582e-5 -0.00202162 -0.000490258 0.00310268 0.00510008]
Loglik start: -168736.7994 
elapsed time: 1440.92842858 seconds
Ending DA-GP-MCMC with adaptive RW estimating 7 parameters
Algorithm: MCWM
Adaptation algorithm: noAdaptation
Prior distribution: Normal
Particle filter: parallel_bootstrap
Time pre-er:  0
Time fit GP model:  0
Time er-part:  1441
Number early-rejections: 698
Number of cases directly to ordinary MH: 155
Number of cases directly to ordinary MH accepted: 18
Number cases in in DA part: 844
Number cases in second stage: 146
Number accepted in second stage: 17
Total number of evaluations of the particle filter: 301
Acceptance rate for ordinary MH accepted: 11.6129
Acceptance rate a_1: 17.2986
Acceptance rate a_2: 11.6438
Acceptance rate a_1*a_2: 2.0142
Acceptance rate a (for entier algorithm): 3.5000
#####################################################################
Iterstion:
4
#####################################################################
Starting DA-GP-MCMC estimating 7 parameters 
MCMC algorithm: MCWM
Adaptation algorithm: noAdaptation
Prior distribution: Normal
Particle filter: parallel_bootstrap, on 4 cores
Nbr particles for particle filter: 250
Covariance - kernel_MH_direct:
[0.0342394 -0.00425196 -1.98636e-5 -0.00294421 -0.000796038 0.00221946 0.00466236; -0.00425196 0.00130272 -8.54796e-6 -0.000124312 -2.63369e-5 -0.000606462 -0.0015247; -1.98636e-5 -8.54796e-6 3.43804e-5 -0.000159623 -2.97798e-5 2.72371e-5 9.48485e-6; -0.00294421 -0.000124312 -0.000159623 0.050633 0.0122682 -0.0180828 -0.0014039; -0.000796038 -2.63369e-5 -2.97798e-5 0.0122682 0.00298775 -0.00440038 -0.000340457; 0.00221946 -0.000606462 2.72371e-5 -0.0180828 -0.00440038 0.00814559 0.00215464; 0.00466236 -0.0015247 9.48485e-6 -0.0014039 -0.000340457 0.00215464 0.00354173]
Iteration: 1
Covariance:
[0.0493047 -0.00612283 -2.86036e-5 -0.00423966 -0.00114629 0.00319602 0.00671379; -0.00612283 0.00187592 -1.23091e-5 -0.000179009 -3.79251e-5 -0.000873305 -0.00219557; -2.86036e-5 -1.23091e-5 4.95078e-5 -0.000229858 -4.28828e-5 3.92214e-5 1.36582e-5; -0.00423966 -0.000179009 -0.000229858 0.0729116 0.0176662 -0.0260393 -0.00202162; -0.00114629 -3.79251e-5 -4.28828e-5 0.0176662 0.00430236 -0.00633655 -0.000490258; 0.00319602 -0.000873305 3.92214e-5 -0.0260393 -0.00633655 0.0117297 0.00310268; 0.00671379 -0.00219557 1.36582e-5 -0.00202162 -0.000490258 0.00310268 0.00510008]
Iteration: 1
Covariance:
[0.0493047 -0.00612283 -2.86036e-5 -0.00423966 -0.00114629 0.00319602 0.00671379; -0.00612283 0.00187592 -1.23091e-5 -0.000179009 -3.79251e-5 -0.000873305 -0.00219557; -2.86036e-5 -1.23091e-5 4.95078e-5 -0.000229858 -4.28828e-5 3.92214e-5 1.36582e-5; -0.00423966 -0.000179009 -0.000229858 0.0729116 0.0176662 -0.0260393 -0.00202162; -0.00114629 -3.79251e-5 -4.28828e-5 0.0176662 0.00430236 -0.00633655 -0.000490258; 0.00319602 -0.000873305 3.92214e-5 -0.0260393 -0.00633655 0.0117297 0.00310268; 0.00671379 -0.00219557 1.36582e-5 -0.00202162 -0.000490258 0.00310268 0.00510008]
Loglik start: -168761.0581 
elapsed time: 1400.337553804 seconds
Ending DA-GP-MCMC with adaptive RW estimating 7 parameters
Algorithm: MCWM
Adaptation algorithm: noAdaptation
Prior distribution: Normal
Particle filter: parallel_bootstrap
Time pre-er:  0
Time fit GP model:  0
Time er-part:  1400
Number early-rejections: 707
Number of cases directly to ordinary MH: 141
Number of cases directly to ordinary MH accepted: 16
Number cases in in DA part: 858
Number cases in second stage: 151
Number accepted in second stage: 14
Total number of evaluations of the particle filter: 292
Acceptance rate for ordinary MH accepted: 11.3475
Acceptance rate a_1: 17.5991
Acceptance rate a_2: 9.2715
Acceptance rate a_1*a_2: 1.6317
Acceptance rate a (for entier algorithm): 3.0000
#####################################################################
Iterstion:
5
#####################################################################
Starting DA-GP-MCMC estimating 7 parameters 
MCMC algorithm: MCWM
Adaptation algorithm: noAdaptation
Prior distribution: Normal
Particle filter: parallel_bootstrap, on 4 cores
Nbr particles for particle filter: 250
Covariance - kernel_MH_direct:
[0.0342394 -0.00425196 -1.98636e-5 -0.00294421 -0.000796038 0.00221946 0.00466236; -0.00425196 0.00130272 -8.54796e-6 -0.000124312 -2.63369e-5 -0.000606462 -0.0015247; -1.98636e-5 -8.54796e-6 3.43804e-5 -0.000159623 -2.97798e-5 2.72371e-5 9.48485e-6; -0.00294421 -0.000124312 -0.000159623 0.050633 0.0122682 -0.0180828 -0.0014039; -0.000796038 -2.63369e-5 -2.97798e-5 0.0122682 0.00298775 -0.00440038 -0.000340457; 0.00221946 -0.000606462 2.72371e-5 -0.0180828 -0.00440038 0.00814559 0.00215464; 0.00466236 -0.0015247 9.48485e-6 -0.0014039 -0.000340457 0.00215464 0.00354173]
Iteration: 1
Covariance:
[0.0493047 -0.00612283 -2.86036e-5 -0.00423966 -0.00114629 0.00319602 0.00671379; -0.00612283 0.00187592 -1.23091e-5 -0.000179009 -3.79251e-5 -0.000873305 -0.00219557; -2.86036e-5 -1.23091e-5 4.95078e-5 -0.000229858 -4.28828e-5 3.92214e-5 1.36582e-5; -0.00423966 -0.000179009 -0.000229858 0.0729116 0.0176662 -0.0260393 -0.00202162; -0.00114629 -3.79251e-5 -4.28828e-5 0.0176662 0.00430236 -0.00633655 -0.000490258; 0.00319602 -0.000873305 3.92214e-5 -0.0260393 -0.00633655 0.0117297 0.00310268; 0.00671379 -0.00219557 1.36582e-5 -0.00202162 -0.000490258 0.00310268 0.00510008]
Iteration: 1
Covariance:
[0.0493047 -0.00612283 -2.86036e-5 -0.00423966 -0.00114629 0.00319602 0.00671379; -0.00612283 0.00187592 -1.23091e-5 -0.000179009 -3.79251e-5 -0.000873305 -0.00219557; -2.86036e-5 -1.23091e-5 4.95078e-5 -0.000229858 -4.28828e-5 3.92214e-5 1.36582e-5; -0.00423966 -0.000179009 -0.000229858 0.0729116 0.0176662 -0.0260393 -0.00202162; -0.00114629 -3.79251e-5 -4.28828e-5 0.0176662 0.00430236 -0.00633655 -0.000490258; 0.00319602 -0.000873305 3.92214e-5 -0.0260393 -0.00633655 0.0117297 0.00310268; 0.00671379 -0.00219557 1.36582e-5 -0.00202162 -0.000490258 0.00310268 0.00510008]
Loglik start: -168771.0531 
elapsed time: 1482.066433891 seconds
Ending DA-GP-MCMC with adaptive RW estimating 7 parameters
Algorithm: MCWM
Adaptation algorithm: noAdaptation
Prior distribution: Normal
Particle filter: parallel_bootstrap
Time pre-er:  0
Time fit GP model:  0
Time er-part:  1482
Number early-rejections: 689
Number of cases directly to ordinary MH: 150
Number of cases directly to ordinary MH accepted: 19
Number cases in in DA part: 849
Number cases in second stage: 160
Number accepted in second stage: 15
Total number of evaluations of the particle filter: 310
Acceptance rate for ordinary MH accepted: 12.6667
Acceptance rate a_1: 18.8457
Acceptance rate a_2: 9.3750
Acceptance rate a_1*a_2: 1.7668
Acceptance rate a (for entier algorithm): 3.4000
#####################################################################
Iterstion:
6
#####################################################################
Starting DA-GP-MCMC estimating 7 parameters 
MCMC algorithm: MCWM
Adaptation algorithm: noAdaptation
Prior distribution: Normal
Particle filter: parallel_bootstrap, on 4 cores
Nbr particles for particle filter: 250
Covariance - kernel_MH_direct:
[0.0342394 -0.00425196 -1.98636e-5 -0.00294421 -0.000796038 0.00221946 0.00466236; -0.00425196 0.00130272 -8.54796e-6 -0.000124312 -2.63369e-5 -0.000606462 -0.0015247; -1.98636e-5 -8.54796e-6 3.43804e-5 -0.000159623 -2.97798e-5 2.72371e-5 9.48485e-6; -0.00294421 -0.000124312 -0.000159623 0.050633 0.0122682 -0.0180828 -0.0014039; -0.000796038 -2.63369e-5 -2.97798e-5 0.0122682 0.00298775 -0.00440038 -0.000340457; 0.00221946 -0.000606462 2.72371e-5 -0.0180828 -0.00440038 0.00814559 0.00215464; 0.00466236 -0.0015247 9.48485e-6 -0.0014039 -0.000340457 0.00215464 0.00354173]
Iteration: 1
Covariance:
[0.0493047 -0.00612283 -2.86036e-5 -0.00423966 -0.00114629 0.00319602 0.00671379; -0.00612283 0.00187592 -1.23091e-5 -0.000179009 -3.79251e-5 -0.000873305 -0.00219557; -2.86036e-5 -1.23091e-5 4.95078e-5 -0.000229858 -4.28828e-5 3.92214e-5 1.36582e-5; -0.00423966 -0.000179009 -0.000229858 0.0729116 0.0176662 -0.0260393 -0.00202162; -0.00114629 -3.79251e-5 -4.28828e-5 0.0176662 0.00430236 -0.00633655 -0.000490258; 0.00319602 -0.000873305 3.92214e-5 -0.0260393 -0.00633655 0.0117297 0.00310268; 0.00671379 -0.00219557 1.36582e-5 -0.00202162 -0.000490258 0.00310268 0.00510008]
Iteration: 1
Covariance:
[0.0493047 -0.00612283 -2.86036e-5 -0.00423966 -0.00114629 0.00319602 0.00671379; -0.00612283 0.00187592 -1.23091e-5 -0.000179009 -3.79251e-5 -0.000873305 -0.00219557; -2.86036e-5 -1.23091e-5 4.95078e-5 -0.000229858 -4.28828e-5 3.92214e-5 1.36582e-5; -0.00423966 -0.000179009 -0.000229858 0.0729116 0.0176662 -0.0260393 -0.00202162; -0.00114629 -3.79251e-5 -4.28828e-5 0.0176662 0.00430236 -0.00633655 -0.000490258; 0.00319602 -0.000873305 3.92214e-5 -0.0260393 -0.00633655 0.0117297 0.00310268; 0.00671379 -0.00219557 1.36582e-5 -0.00202162 -0.000490258 0.00310268 0.00510008]
Loglik start: -168773.2349 
elapsed time: 1462.162131845 seconds
Ending DA-GP-MCMC with adaptive RW estimating 7 parameters
Algorithm: MCWM
Adaptation algorithm: noAdaptation
Prior distribution: Normal
Particle filter: parallel_bootstrap
Time pre-er:  0
Time fit GP model:  0
Time er-part:  1462
Number early-rejections: 694
Number of cases directly to ordinary MH: 125
Number of cases directly to ordinary MH accepted: 15
Number cases in in DA part: 874
Number cases in second stage: 180
Number accepted in second stage: 8
Total number of evaluations of the particle filter: 305
Acceptance rate for ordinary MH accepted: 12.0000
Acceptance rate a_1: 20.5950
Acceptance rate a_2: 4.4444
Acceptance rate a_1*a_2: 0.9153
Acceptance rate a (for entier algorithm): 2.3000
#####################################################################
Iterstion:
7
#####################################################################
Starting DA-GP-MCMC estimating 7 parameters 
MCMC algorithm: MCWM
Adaptation algorithm: noAdaptation
Prior distribution: Normal
Particle filter: parallel_bootstrap, on 4 cores
Nbr particles for particle filter: 250
Covariance - kernel_MH_direct:
[0.0342394 -0.00425196 -1.98636e-5 -0.00294421 -0.000796038 0.00221946 0.00466236; -0.00425196 0.00130272 -8.54796e-6 -0.000124312 -2.63369e-5 -0.000606462 -0.0015247; -1.98636e-5 -8.54796e-6 3.43804e-5 -0.000159623 -2.97798e-5 2.72371e-5 9.48485e-6; -0.00294421 -0.000124312 -0.000159623 0.050633 0.0122682 -0.0180828 -0.0014039; -0.000796038 -2.63369e-5 -2.97798e-5 0.0122682 0.00298775 -0.00440038 -0.000340457; 0.00221946 -0.000606462 2.72371e-5 -0.0180828 -0.00440038 0.00814559 0.00215464; 0.00466236 -0.0015247 9.48485e-6 -0.0014039 -0.000340457 0.00215464 0.00354173]
Iteration: 1
Covariance:
[0.0493047 -0.00612283 -2.86036e-5 -0.00423966 -0.00114629 0.00319602 0.00671379; -0.00612283 0.00187592 -1.23091e-5 -0.000179009 -3.79251e-5 -0.000873305 -0.00219557; -2.86036e-5 -1.23091e-5 4.95078e-5 -0.000229858 -4.28828e-5 3.92214e-5 1.36582e-5; -0.00423966 -0.000179009 -0.000229858 0.0729116 0.0176662 -0.0260393 -0.00202162; -0.00114629 -3.79251e-5 -4.28828e-5 0.0176662 0.00430236 -0.00633655 -0.000490258; 0.00319602 -0.000873305 3.92214e-5 -0.0260393 -0.00633655 0.0117297 0.00310268; 0.00671379 -0.00219557 1.36582e-5 -0.00202162 -0.000490258 0.00310268 0.00510008]
Iteration: 1
Covariance:
[0.0493047 -0.00612283 -2.86036e-5 -0.00423966 -0.00114629 0.00319602 0.00671379; -0.00612283 0.00187592 -1.23091e-5 -0.000179009 -3.79251e-5 -0.000873305 -0.00219557; -2.86036e-5 -1.23091e-5 4.95078e-5 -0.000229858 -4.28828e-5 3.92214e-5 1.36582e-5; -0.00423966 -0.000179009 -0.000229858 0.0729116 0.0176662 -0.0260393 -0.00202162; -0.00114629 -3.79251e-5 -4.28828e-5 0.0176662 0.00430236 -0.00633655 -0.000490258; 0.00319602 -0.000873305 3.92214e-5 -0.0260393 -0.00633655 0.0117297 0.00310268; 0.00671379 -0.00219557 1.36582e-5 -0.00202162 -0.000490258 0.00310268 0.00510008]
Loglik start: -168752.2716 
elapsed time: 1482.774722085 seconds
Ending DA-GP-MCMC with adaptive RW estimating 7 parameters
Algorithm: MCWM
Adaptation algorithm: noAdaptation
Prior distribution: Normal
Particle filter: parallel_bootstrap
Time pre-er:  0
Time fit GP model:  0
Time er-part:  1483
Number early-rejections: 689
Number of cases directly to ordinary MH: 152
Number of cases directly to ordinary MH accepted: 22
Number cases in in DA part: 847
Number cases in second stage: 158
Number accepted in second stage: 13
Total number of evaluations of the particle filter: 310
Acceptance rate for ordinary MH accepted: 14.4737
Acceptance rate a_1: 18.6541
Acceptance rate a_2: 8.2278
Acceptance rate a_1*a_2: 1.5348
Acceptance rate a (for entier algorithm): 3.5000
#####################################################################
Iterstion:
8
#####################################################################
Starting DA-GP-MCMC estimating 7 parameters 
MCMC algorithm: MCWM
Adaptation algorithm: noAdaptation
Prior distribution: Normal
Particle filter: parallel_bootstrap, on 4 cores
Nbr particles for particle filter: 250
Covariance - kernel_MH_direct:
[0.0342394 -0.00425196 -1.98636e-5 -0.00294421 -0.000796038 0.00221946 0.00466236; -0.00425196 0.00130272 -8.54796e-6 -0.000124312 -2.63369e-5 -0.000606462 -0.0015247; -1.98636e-5 -8.54796e-6 3.43804e-5 -0.000159623 -2.97798e-5 2.72371e-5 9.48485e-6; -0.00294421 -0.000124312 -0.000159623 0.050633 0.0122682 -0.0180828 -0.0014039; -0.000796038 -2.63369e-5 -2.97798e-5 0.0122682 0.00298775 -0.00440038 -0.000340457; 0.00221946 -0.000606462 2.72371e-5 -0.0180828 -0.00440038 0.00814559 0.00215464; 0.00466236 -0.0015247 9.48485e-6 -0.0014039 -0.000340457 0.00215464 0.00354173]
Iteration: 1
Covariance:
[0.0493047 -0.00612283 -2.86036e-5 -0.00423966 -0.00114629 0.00319602 0.00671379; -0.00612283 0.00187592 -1.23091e-5 -0.000179009 -3.79251e-5 -0.000873305 -0.00219557; -2.86036e-5 -1.23091e-5 4.95078e-5 -0.000229858 -4.28828e-5 3.92214e-5 1.36582e-5; -0.00423966 -0.000179009 -0.000229858 0.0729116 0.0176662 -0.0260393 -0.00202162; -0.00114629 -3.79251e-5 -4.28828e-5 0.0176662 0.00430236 -0.00633655 -0.000490258; 0.00319602 -0.000873305 3.92214e-5 -0.0260393 -0.00633655 0.0117297 0.00310268; 0.00671379 -0.00219557 1.36582e-5 -0.00202162 -0.000490258 0.00310268 0.00510008]
Iteration: 1
Covariance:
[0.0493047 -0.00612283 -2.86036e-5 -0.00423966 -0.00114629 0.00319602 0.00671379; -0.00612283 0.00187592 -1.23091e-5 -0.000179009 -3.79251e-5 -0.000873305 -0.00219557; -2.86036e-5 -1.23091e-5 4.95078e-5 -0.000229858 -4.28828e-5 3.92214e-5 1.36582e-5; -0.00423966 -0.000179009 -0.000229858 0.0729116 0.0176662 -0.0260393 -0.00202162; -0.00114629 -3.79251e-5 -4.28828e-5 0.0176662 0.00430236 -0.00633655 -0.000490258; 0.00319602 -0.000873305 3.92214e-5 -0.0260393 -0.00633655 0.0117297 0.00310268; 0.00671379 -0.00219557 1.36582e-5 -0.00202162 -0.000490258 0.00310268 0.00510008]
Loglik start: -168749.0490 
elapsed time: 1506.776298394 seconds
Ending DA-GP-MCMC with adaptive RW estimating 7 parameters
Algorithm: MCWM
Adaptation algorithm: noAdaptation
Prior distribution: Normal
Particle filter: parallel_bootstrap
Time pre-er:  0
Time fit GP model:  0
Time er-part:  1507
Number early-rejections: 684
Number of cases directly to ordinary MH: 148
Number of cases directly to ordinary MH accepted: 24
Number cases in in DA part: 851
Number cases in second stage: 167
Number accepted in second stage: 12
Total number of evaluations of the particle filter: 315
Acceptance rate for ordinary MH accepted: 16.2162
Acceptance rate a_1: 19.6240
Acceptance rate a_2: 7.1856
Acceptance rate a_1*a_2: 1.4101
Acceptance rate a (for entier algorithm): 3.6000
#####################################################################
Iterstion:
9
#####################################################################
Starting DA-GP-MCMC estimating 7 parameters 
MCMC algorithm: MCWM
Adaptation algorithm: noAdaptation
Prior distribution: Normal
Particle filter: parallel_bootstrap, on 4 cores
Nbr particles for particle filter: 250
Covariance - kernel_MH_direct:
[0.0342394 -0.00425196 -1.98636e-5 -0.00294421 -0.000796038 0.00221946 0.00466236; -0.00425196 0.00130272 -8.54796e-6 -0.000124312 -2.63369e-5 -0.000606462 -0.0015247; -1.98636e-5 -8.54796e-6 3.43804e-5 -0.000159623 -2.97798e-5 2.72371e-5 9.48485e-6; -0.00294421 -0.000124312 -0.000159623 0.050633 0.0122682 -0.0180828 -0.0014039; -0.000796038 -2.63369e-5 -2.97798e-5 0.0122682 0.00298775 -0.00440038 -0.000340457; 0.00221946 -0.000606462 2.72371e-5 -0.0180828 -0.00440038 0.00814559 0.00215464; 0.00466236 -0.0015247 9.48485e-6 -0.0014039 -0.000340457 0.00215464 0.00354173]
Iteration: 1
Covariance:
[0.0493047 -0.00612283 -2.86036e-5 -0.00423966 -0.00114629 0.00319602 0.00671379; -0.00612283 0.00187592 -1.23091e-5 -0.000179009 -3.79251e-5 -0.000873305 -0.00219557; -2.86036e-5 -1.23091e-5 4.95078e-5 -0.000229858 -4.28828e-5 3.92214e-5 1.36582e-5; -0.00423966 -0.000179009 -0.000229858 0.0729116 0.0176662 -0.0260393 -0.00202162; -0.00114629 -3.79251e-5 -4.28828e-5 0.0176662 0.00430236 -0.00633655 -0.000490258; 0.00319602 -0.000873305 3.92214e-5 -0.0260393 -0.00633655 0.0117297 0.00310268; 0.00671379 -0.00219557 1.36582e-5 -0.00202162 -0.000490258 0.00310268 0.00510008]
Iteration: 1
Covariance:
[0.0493047 -0.00612283 -2.86036e-5 -0.00423966 -0.00114629 0.00319602 0.00671379; -0.00612283 0.00187592 -1.23091e-5 -0.000179009 -3.79251e-5 -0.000873305 -0.00219557; -2.86036e-5 -1.23091e-5 4.95078e-5 -0.000229858 -4.28828e-5 3.92214e-5 1.36582e-5; -0.00423966 -0.000179009 -0.000229858 0.0729116 0.0176662 -0.0260393 -0.00202162; -0.00114629 -3.79251e-5 -4.28828e-5 0.0176662 0.00430236 -0.00633655 -0.000490258; 0.00319602 -0.000873305 3.92214e-5 -0.0260393 -0.00633655 0.0117297 0.00310268; 0.00671379 -0.00219557 1.36582e-5 -0.00202162 -0.000490258 0.00310268 0.00510008]
Loglik start: -168774.7319 
elapsed time: 1433.976191603 seconds
Ending DA-GP-MCMC with adaptive RW estimating 7 parameters
Algorithm: MCWM
Adaptation algorithm: noAdaptation
Prior distribution: Normal
Particle filter: parallel_bootstrap
Time pre-er:  0
Time fit GP model:  0
Time er-part:  1434
Number early-rejections: 699
Number of cases directly to ordinary MH: 151
Number of cases directly to ordinary MH accepted: 12
Number cases in in DA part: 848
Number cases in second stage: 149
Number accepted in second stage: 5
Total number of evaluations of the particle filter: 300
Acceptance rate for ordinary MH accepted: 7.9470
Acceptance rate a_1: 17.5708
Acceptance rate a_2: 3.3557
Acceptance rate a_1*a_2: 0.5896
Acceptance rate a (for entier algorithm): 1.7000
#####################################################################
Iterstion:
10
#####################################################################
Starting DA-GP-MCMC estimating 7 parameters 
MCMC algorithm: MCWM
Adaptation algorithm: noAdaptation
Prior distribution: Normal
Particle filter: parallel_bootstrap, on 4 cores
Nbr particles for particle filter: 250
Covariance - kernel_MH_direct:
[0.0342394 -0.00425196 -1.98636e-5 -0.00294421 -0.000796038 0.00221946 0.00466236; -0.00425196 0.00130272 -8.54796e-6 -0.000124312 -2.63369e-5 -0.000606462 -0.0015247; -1.98636e-5 -8.54796e-6 3.43804e-5 -0.000159623 -2.97798e-5 2.72371e-5 9.48485e-6; -0.00294421 -0.000124312 -0.000159623 0.050633 0.0122682 -0.0180828 -0.0014039; -0.000796038 -2.63369e-5 -2.97798e-5 0.0122682 0.00298775 -0.00440038 -0.000340457; 0.00221946 -0.000606462 2.72371e-5 -0.0180828 -0.00440038 0.00814559 0.00215464; 0.00466236 -0.0015247 9.48485e-6 -0.0014039 -0.000340457 0.00215464 0.00354173]
Iteration: 1
Covariance:
[0.0493047 -0.00612283 -2.86036e-5 -0.00423966 -0.00114629 0.00319602 0.00671379; -0.00612283 0.00187592 -1.23091e-5 -0.000179009 -3.79251e-5 -0.000873305 -0.00219557; -2.86036e-5 -1.23091e-5 4.95078e-5 -0.000229858 -4.28828e-5 3.92214e-5 1.36582e-5; -0.00423966 -0.000179009 -0.000229858 0.0729116 0.0176662 -0.0260393 -0.00202162; -0.00114629 -3.79251e-5 -4.28828e-5 0.0176662 0.00430236 -0.00633655 -0.000490258; 0.00319602 -0.000873305 3.92214e-5 -0.0260393 -0.00633655 0.0117297 0.00310268; 0.00671379 -0.00219557 1.36582e-5 -0.00202162 -0.000490258 0.00310268 0.00510008]
Iteration: 1
Covariance:
[0.0493047 -0.00612283 -2.86036e-5 -0.00423966 -0.00114629 0.00319602 0.00671379; -0.00612283 0.00187592 -1.23091e-5 -0.000179009 -3.79251e-5 -0.000873305 -0.00219557; -2.86036e-5 -1.23091e-5 4.95078e-5 -0.000229858 -4.28828e-5 3.92214e-5 1.36582e-5; -0.00423966 -0.000179009 -0.000229858 0.0729116 0.0176662 -0.0260393 -0.00202162; -0.00114629 -3.79251e-5 -4.28828e-5 0.0176662 0.00430236 -0.00633655 -0.000490258; 0.00319602 -0.000873305 3.92214e-5 -0.0260393 -0.00633655 0.0117297 0.00310268; 0.00671379 -0.00219557 1.36582e-5 -0.00202162 -0.000490258 0.00310268 0.00510008]
Loglik start: -168748.3471 
elapsed time: 1660.06203883 seconds
Ending DA-GP-MCMC with adaptive RW estimating 7 parameters
Algorithm: MCWM
Adaptation algorithm: noAdaptation
Prior distribution: Normal
Particle filter: parallel_bootstrap
Time pre-er:  0
Time fit GP model:  0
Time er-part:  1660
Number early-rejections: 649
Number of cases directly to ordinary MH: 169
Number of cases directly to ordinary MH accepted: 21
Number cases in in DA part: 830
Number cases in second stage: 181
Number accepted in second stage: 17
Total number of evaluations of the particle filter: 350
Acceptance rate for ordinary MH accepted: 12.4260
Acceptance rate a_1: 21.8072
Acceptance rate a_2: 9.3923
Acceptance rate a_1*a_2: 2.0482
Acceptance rate a (for entier algorithm): 3.8000
#####################################################################
Iterstion:
11
#####################################################################
Starting DA-GP-MCMC estimating 7 parameters 
MCMC algorithm: MCWM
Adaptation algorithm: noAdaptation
Prior distribution: Normal
Particle filter: parallel_bootstrap, on 4 cores
Nbr particles for particle filter: 250
Covariance - kernel_MH_direct:
[0.0342394 -0.00425196 -1.98636e-5 -0.00294421 -0.000796038 0.00221946 0.00466236; -0.00425196 0.00130272 -8.54796e-6 -0.000124312 -2.63369e-5 -0.000606462 -0.0015247; -1.98636e-5 -8.54796e-6 3.43804e-5 -0.000159623 -2.97798e-5 2.72371e-5 9.48485e-6; -0.00294421 -0.000124312 -0.000159623 0.050633 0.0122682 -0.0180828 -0.0014039; -0.000796038 -2.63369e-5 -2.97798e-5 0.0122682 0.00298775 -0.00440038 -0.000340457; 0.00221946 -0.000606462 2.72371e-5 -0.0180828 -0.00440038 0.00814559 0.00215464; 0.00466236 -0.0015247 9.48485e-6 -0.0014039 -0.000340457 0.00215464 0.00354173]
Iteration: 1
Covariance:
[0.0493047 -0.00612283 -2.86036e-5 -0.00423966 -0.00114629 0.00319602 0.00671379; -0.00612283 0.00187592 -1.23091e-5 -0.000179009 -3.79251e-5 -0.000873305 -0.00219557; -2.86036e-5 -1.23091e-5 4.95078e-5 -0.000229858 -4.28828e-5 3.92214e-5 1.36582e-5; -0.00423966 -0.000179009 -0.000229858 0.0729116 0.0176662 -0.0260393 -0.00202162; -0.00114629 -3.79251e-5 -4.28828e-5 0.0176662 0.00430236 -0.00633655 -0.000490258; 0.00319602 -0.000873305 3.92214e-5 -0.0260393 -0.00633655 0.0117297 0.00310268; 0.00671379 -0.00219557 1.36582e-5 -0.00202162 -0.000490258 0.00310268 0.00510008]
Iteration: 1
Covariance:
[0.0493047 -0.00612283 -2.86036e-5 -0.00423966 -0.00114629 0.00319602 0.00671379; -0.00612283 0.00187592 -1.23091e-5 -0.000179009 -3.79251e-5 -0.000873305 -0.00219557; -2.86036e-5 -1.23091e-5 4.95078e-5 -0.000229858 -4.28828e-5 3.92214e-5 1.36582e-5; -0.00423966 -0.000179009 -0.000229858 0.0729116 0.0176662 -0.0260393 -0.00202162; -0.00114629 -3.79251e-5 -4.28828e-5 0.0176662 0.00430236 -0.00633655 -0.000490258; 0.00319602 -0.000873305 3.92214e-5 -0.0260393 -0.00633655 0.0117297 0.00310268; 0.00671379 -0.00219557 1.36582e-5 -0.00202162 -0.000490258 0.00310268 0.00510008]
Loglik start: -168768.2950 
elapsed time: 1656.398526329 seconds
Ending DA-GP-MCMC with adaptive RW estimating 7 parameters
Algorithm: MCWM
Adaptation algorithm: noAdaptation
Prior distribution: Normal
Particle filter: parallel_bootstrap
Time pre-er:  0
Time fit GP model:  0
Time er-part:  1656
Number early-rejections: 651
Number of cases directly to ordinary MH: 176
Number of cases directly to ordinary MH accepted: 28
Number cases in in DA part: 823
Number cases in second stage: 172
Number accepted in second stage: 16
Total number of evaluations of the particle filter: 348
Acceptance rate for ordinary MH accepted: 15.9091
Acceptance rate a_1: 20.8991
Acceptance rate a_2: 9.3023
Acceptance rate a_1*a_2: 1.9441
Acceptance rate a (for entier algorithm): 4.4000
#####################################################################
Iterstion:
12
#####################################################################
Starting DA-GP-MCMC estimating 7 parameters 
MCMC algorithm: MCWM
Adaptation algorithm: noAdaptation
Prior distribution: Normal
Particle filter: parallel_bootstrap, on 4 cores
Nbr particles for particle filter: 250
Covariance - kernel_MH_direct:
[0.0342394 -0.00425196 -1.98636e-5 -0.00294421 -0.000796038 0.00221946 0.00466236; -0.00425196 0.00130272 -8.54796e-6 -0.000124312 -2.63369e-5 -0.000606462 -0.0015247; -1.98636e-5 -8.54796e-6 3.43804e-5 -0.000159623 -2.97798e-5 2.72371e-5 9.48485e-6; -0.00294421 -0.000124312 -0.000159623 0.050633 0.0122682 -0.0180828 -0.0014039; -0.000796038 -2.63369e-5 -2.97798e-5 0.0122682 0.00298775 -0.00440038 -0.000340457; 0.00221946 -0.000606462 2.72371e-5 -0.0180828 -0.00440038 0.00814559 0.00215464; 0.00466236 -0.0015247 9.48485e-6 -0.0014039 -0.000340457 0.00215464 0.00354173]
Iteration: 1
Covariance:
[0.0493047 -0.00612283 -2.86036e-5 -0.00423966 -0.00114629 0.00319602 0.00671379; -0.00612283 0.00187592 -1.23091e-5 -0.000179009 -3.79251e-5 -0.000873305 -0.00219557; -2.86036e-5 -1.23091e-5 4.95078e-5 -0.000229858 -4.28828e-5 3.92214e-5 1.36582e-5; -0.00423966 -0.000179009 -0.000229858 0.0729116 0.0176662 -0.0260393 -0.00202162; -0.00114629 -3.79251e-5 -4.28828e-5 0.0176662 0.00430236 -0.00633655 -0.000490258; 0.00319602 -0.000873305 3.92214e-5 -0.0260393 -0.00633655 0.0117297 0.00310268; 0.00671379 -0.00219557 1.36582e-5 -0.00202162 -0.000490258 0.00310268 0.00510008]
Iteration: 1
Covariance:
[0.0493047 -0.00612283 -2.86036e-5 -0.00423966 -0.00114629 0.00319602 0.00671379; -0.00612283 0.00187592 -1.23091e-5 -0.000179009 -3.79251e-5 -0.000873305 -0.00219557; -2.86036e-5 -1.23091e-5 4.95078e-5 -0.000229858 -4.28828e-5 3.92214e-5 1.36582e-5; -0.00423966 -0.000179009 -0.000229858 0.0729116 0.0176662 -0.0260393 -0.00202162; -0.00114629 -3.79251e-5 -4.28828e-5 0.0176662 0.00430236 -0.00633655 -0.000490258; 0.00319602 -0.000873305 3.92214e-5 -0.0260393 -0.00633655 0.0117297 0.00310268; 0.00671379 -0.00219557 1.36582e-5 -0.00202162 -0.000490258 0.00310268 0.00510008]
Loglik start: -168764.1315 
elapsed time: 1390.315218461 seconds
Ending DA-GP-MCMC with adaptive RW estimating 7 parameters
Algorithm: MCWM
Adaptation algorithm: noAdaptation
Prior distribution: Normal
Particle filter: parallel_bootstrap
Time pre-er:  0
Time fit GP model:  0
Time er-part:  1390
Number early-rejections: 708
Number of cases directly to ordinary MH: 142
Number of cases directly to ordinary MH accepted: 20
Number cases in in DA part: 857
Number cases in second stage: 149
Number accepted in second stage: 4
Total number of evaluations of the particle filter: 291
Acceptance rate for ordinary MH accepted: 14.0845
Acceptance rate a_1: 17.3862
Acceptance rate a_2: 2.6846
Acceptance rate a_1*a_2: 0.4667
Acceptance rate a (for entier algorithm): 2.4000
#####################################################################
Iterstion:
13
#####################################################################
Starting DA-GP-MCMC estimating 7 parameters 
MCMC algorithm: MCWM
Adaptation algorithm: noAdaptation
Prior distribution: Normal
Particle filter: parallel_bootstrap, on 4 cores
Nbr particles for particle filter: 250
Covariance - kernel_MH_direct:
[0.0342394 -0.00425196 -1.98636e-5 -0.00294421 -0.000796038 0.00221946 0.00466236; -0.00425196 0.00130272 -8.54796e-6 -0.000124312 -2.63369e-5 -0.000606462 -0.0015247; -1.98636e-5 -8.54796e-6 3.43804e-5 -0.000159623 -2.97798e-5 2.72371e-5 9.48485e-6; -0.00294421 -0.000124312 -0.000159623 0.050633 0.0122682 -0.0180828 -0.0014039; -0.000796038 -2.63369e-5 -2.97798e-5 0.0122682 0.00298775 -0.00440038 -0.000340457; 0.00221946 -0.000606462 2.72371e-5 -0.0180828 -0.00440038 0.00814559 0.00215464; 0.00466236 -0.0015247 9.48485e-6 -0.0014039 -0.000340457 0.00215464 0.00354173]
Iteration: 1
Covariance:
[0.0493047 -0.00612283 -2.86036e-5 -0.00423966 -0.00114629 0.00319602 0.00671379; -0.00612283 0.00187592 -1.23091e-5 -0.000179009 -3.79251e-5 -0.000873305 -0.00219557; -2.86036e-5 -1.23091e-5 4.95078e-5 -0.000229858 -4.28828e-5 3.92214e-5 1.36582e-5; -0.00423966 -0.000179009 -0.000229858 0.0729116 0.0176662 -0.0260393 -0.00202162; -0.00114629 -3.79251e-5 -4.28828e-5 0.0176662 0.00430236 -0.00633655 -0.000490258; 0.00319602 -0.000873305 3.92214e-5 -0.0260393 -0.00633655 0.0117297 0.00310268; 0.00671379 -0.00219557 1.36582e-5 -0.00202162 -0.000490258 0.00310268 0.00510008]
Iteration: 1
Covariance:
[0.0493047 -0.00612283 -2.86036e-5 -0.00423966 -0.00114629 0.00319602 0.00671379; -0.00612283 0.00187592 -1.23091e-5 -0.000179009 -3.79251e-5 -0.000873305 -0.00219557; -2.86036e-5 -1.23091e-5 4.95078e-5 -0.000229858 -4.28828e-5 3.92214e-5 1.36582e-5; -0.00423966 -0.000179009 -0.000229858 0.0729116 0.0176662 -0.0260393 -0.00202162; -0.00114629 -3.79251e-5 -4.28828e-5 0.0176662 0.00430236 -0.00633655 -0.000490258; 0.00319602 -0.000873305 3.92214e-5 -0.0260393 -0.00633655 0.0117297 0.00310268; 0.00671379 -0.00219557 1.36582e-5 -0.00202162 -0.000490258 0.00310268 0.00510008]
Loglik start: -168758.6588 
elapsed time: 1636.593388772 seconds
Ending DA-GP-MCMC with adaptive RW estimating 7 parameters
Algorithm: MCWM
Adaptation algorithm: noAdaptation
Prior distribution: Normal
Particle filter: parallel_bootstrap
Time pre-er:  0
Time fit GP model:  0
Time er-part:  1637
Number early-rejections: 655
