Mean:
[-1.19057; -0.118965; 3.34955; 1.41077; 0.419424; 0.545089; 0.658982]
Std:
[0.143103; 0.0841138; 0.00548768; 0.151472; 0.0881552; 0.208332; 0.103276]
[-1.05744 -0.950131 -1.04544 -0.902135 -1.05268 -1.01731 -1.09606 -1.10979 -1.07567 -1.08898; -0.16953 -0.265326 -0.213928 -0.301267 -0.200168 -0.209291 -0.17979 -0.161172 -0.174307 -0.187082; 3.34531 3.34258 3.34932 3.3475 3.35011 3.35349 3.35534 3.3521 3.34969 3.34971; 1.27685 1.29363 1.28853 1.28905 1.28869 1.27158 1.31486 1.28862 1.22858 1.2919; 0.316009 0.348615 0.34588 0.354958 0.331684 0.315259 0.32471 0.312943 0.274604 0.320044; 0.856713 0.899455 0.83163 0.818078 0.873472 0.964903 0.882006 0.86976 0.962142 0.865261; 0.645441 0.770812 0.745249 0.851295 0.743847 0.760341 0.731724 0.69301 0.706453 0.73966; -1.36601e5 -1.36633e5 -136591.0 -1.3661e5 -1.36599e5 -1.36619e5 -1.36604e5 -1.36587e5 -1.36606e5 -1.36587e5]Starting ml estimationLength of training data: 4900Start values for optimization:
[-2.15144e6; -4483.28; -10020.7; 1.20084e6; -53372.4; 1.61059e5; 26074.4; -8078.24; -2395.09; -12060.8; -1.79277e5; -1540.81; -11254.6; -950.737; -2163.44; -10135.8; -108.749; 77.5834; -673.369; -235.884; -2703.13; 33.6039; 98.4202; -218.201; -28.627; -7730.92; 16357.4; -47962.1; -7406.84; 1554.97; 6569.13; 600.45; -50.4189; -5014.88; 2471.68; 1110.67; 2.58633; 2.23976; -1.96185; -2.49618; -5.23373; -1.89415; -2.43947; -1.58242; -2.29363]Iter     Function value   Gradient norm 
     0     2.716341e+04     5.946473e+06
     1     2.697697e+04     1.967820e+06
     2     2.686409e+04     5.001369e+03
     3     2.686412e+04     4.999722e+03
Estimated parameters of the GP model:
Estimated Β:s:
[-2.15144e6,-4483.28,-10020.7,1.20084e6,-53372.4,1.61059e5,26074.4,-8078.24,-2395.09,-12060.8,-1.79277e5,-1540.81,-11254.6,-950.736,-2163.44,-10135.8,-108.752,77.5821,-673.369,-235.884,-2703.13,33.6036,98.4201,-218.201,-28.627,-7730.92,16357.4,-47962.1,-7406.84,1554.97,6569.13,600.451,-50.4182,-5014.88,2471.68,1110.67]
Estimated log Φ:s:
[2.5667,-0.244286,2.45801,2.50012,63.9174,1.717,2.57436,0.963809,4.33666]
elapsed time: 1114.220677993 seconds
#####################################################################
Starting DA-GP-MCMC estimating 7 parameters 
MCMC algorithm: MCWM
Adaptation algorithm: noAdaptation
Prior distribution: Normal
Particel filter: parallel_bootstrap
Covariance - kernel_MH_direct:
[0.00991339 -0.0053033 2.08687e-5 -0.00272119 -0.00151846 0.00408097 0.00352629; -0.0053033 0.00329585 -3.22471e-7 0.00119033 0.000717069 -0.00264579 -0.00290463; 2.08687e-5 -3.22471e-7 1.4453e-5 -3.83281e-5 -6.52926e-5 8.40749e-5 -2.11871e-5; -0.00272119 0.00119033 -3.83281e-5 0.0149816 0.00804527 -0.0158054 -0.000190284; -0.00151846 0.000717069 -6.52926e-5 0.00804527 0.00478585 -0.00959829 -0.000250044; 0.00408097 -0.00264579 8.40749e-5 -0.0158054 -0.00959829 0.022534 0.00296991; 0.00352629 -0.00290463 -2.11871e-5 -0.000190284 -0.000250044 0.00296991 0.00447754]
Iteration: 1
Covariance:
[0.0142753 -0.00763675 3.00509e-5 -0.00391852 -0.00218659 0.00587659 0.00507786; -0.00763675 0.00474602 -4.64358e-7 0.00171408 0.00103258 -0.00380993 -0.00418267; 3.00509e-5 -4.64358e-7 2.08123e-5 -5.51925e-5 -9.40214e-5 0.000121068 -3.05095e-5; -0.00391852 0.00171408 -5.51925e-5 0.0215736 0.0115852 -0.0227598 -0.00027401; -0.00218659 0.00103258 -9.40214e-5 0.0115852 0.00689162 -0.0138215 -0.000360063; 0.00587659 -0.00380993 0.000121068 -0.0227598 -0.0138215 0.0324489 0.00427667; 0.00507786 -0.00418267 -3.05095e-5 -0.00027401 -0.000360063 0.00427667 0.00644766]
Iteration: 1
Covariance:
[0.0142753 -0.00763675 3.00509e-5 -0.00391852 -0.00218659 0.00587659 0.00507786; -0.00763675 0.00474602 -4.64358e-7 0.00171408 0.00103258 -0.00380993 -0.00418267; 3.00509e-5 -4.64358e-7 2.08123e-5 -5.51925e-5 -9.40214e-5 0.000121068 -3.05095e-5; -0.00391852 0.00171408 -5.51925e-5 0.0215736 0.0115852 -0.0227598 -0.00027401; -0.00218659 0.00103258 -9.40214e-5 0.0115852 0.00689162 -0.0138215 -0.000360063; 0.00587659 -0.00380993 0.000121068 -0.0227598 -0.0138215 0.0324489 0.00427667; 0.00507786 -0.00418267 -3.05095e-5 -0.00027401 -0.000360063 0.00427667 0.00644766]
	From worker 2:	ESS: 187.0059
	From worker 2:	Nbr resample: 25000 
	From worker 11:	ESS: 185.8233
	From worker 5:	ESS: 185.7841
	From worker 11:	Nbr resample: 25000 
	From worker 5:	Nbr resample: 25000 
	From worker 4:	ESS: 186.8143
	From worker 4:	Nbr resample: 25000 
	From worker 3:	ESS: 191.3683
	From worker 3:	Nbr resample: 25000 
	From worker 8:	ESS: 191.9302
	From worker 8:	Nbr resample: 25000 
	From worker 10:	ESS: 188.3937
	From worker 10:	Nbr resample: 25000 
	From worker 7:	ESS: 188.9691
	From worker 7:	Nbr resample: 25000 
	From worker 9:	ESS: 188.1914
	From worker 9:	Nbr resample: 25000 
	From worker 6:	ESS: 185.2958
	From worker 6:	Nbr resample: 25000 
Loglik start: -136575.7625 
Percentage done: 0.50 % 
Acceptance rate on iteration 1 to 100 is 0.0808
Covariance:
[0.0142753 -0.00763675 3.00509e-5 -0.00391852 -0.00218659 0.00587659 0.00507786; -0.00763675 0.00474602 -4.64358e-7 0.00171408 0.00103258 -0.00380993 -0.00418267; 3.00509e-5 -4.64358e-7 2.08123e-5 -5.51925e-5 -9.40214e-5 0.000121068 -3.05095e-5; -0.00391852 0.00171408 -5.51925e-5 0.0215736 0.0115852 -0.0227598 -0.00027401; -0.00218659 0.00103258 -9.40214e-5 0.0115852 0.00689162 -0.0138215 -0.000360063; 0.00587659 -0.00380993 0.000121068 -0.0227598 -0.0138215 0.0324489 0.00427667; 0.00507786 -0.00418267 -3.05095e-5 -0.00027401 -0.000360063 0.00427667 0.00644766]
Loglik: -136578.5091 
Loglik values on different cores:
[-1.36594e5,-1.36602e5,-1.36585e5,-136581.0,-1.36596e5,-1.36589e5,-1.36584e5,-1.36603e5,-1.36598e5,-1.366e5]
Percentage done: 1.00 % 
Acceptance rate on iteration 101 to 200 is 0.0909
Covariance:
[0.0142753 -0.00763675 3.00509e-5 -0.00391852 -0.00218659 0.00587659 0.00507786; -0.00763675 0.00474602 -4.64358e-7 0.00171408 0.00103258 -0.00380993 -0.00418267; 3.00509e-5 -4.64358e-7 2.08123e-5 -5.51925e-5 -9.40214e-5 0.000121068 -3.05095e-5; -0.00391852 0.00171408 -5.51925e-5 0.0215736 0.0115852 -0.0227598 -0.00027401; -0.00218659 0.00103258 -9.40214e-5 0.0115852 0.00689162 -0.0138215 -0.000360063; 0.00587659 -0.00380993 0.000121068 -0.0227598 -0.0138215 0.0324489 0.00427667; 0.00507786 -0.00418267 -3.05095e-5 -0.00027401 -0.000360063 0.00427667 0.00644766]
Loglik: -136586.0170 
Loglik values on different cores:
[-1.36607e5,-1.36611e5,-1.36606e5,-1.36605e5,-1.36594e5,-1.36609e5,-1.36594e5,-1.36596e5,-136604.0,-1.36595e5]
Percentage done: 1.50 % 
Acceptance rate on iteration 201 to 300 is 0.1212
Covariance:
[0.0142753 -0.00763675 3.00509e-5 -0.00391852 -0.00218659 0.00587659 0.00507786; -0.00763675 0.00474602 -4.64358e-7 0.00171408 0.00103258 -0.00380993 -0.00418267; 3.00509e-5 -4.64358e-7 2.08123e-5 -5.51925e-5 -9.40214e-5 0.000121068 -3.05095e-5; -0.00391852 0.00171408 -5.51925e-5 0.0215736 0.0115852 -0.0227598 -0.00027401; -0.00218659 0.00103258 -9.40214e-5 0.0115852 0.00689162 -0.0138215 -0.000360063; 0.00587659 -0.00380993 0.000121068 -0.0227598 -0.0138215 0.0324489 0.00427667; 0.00507786 -0.00418267 -3.05095e-5 -0.00027401 -0.000360063 0.00427667 0.00644766]
Loglik: -136591.8170 
Loglik values on different cores:
[-1.36614e5,-1.3661e5,-1.36596e5,-1.36611e5,-1.36598e5,-1.36603e5,-1.366e5,-1.36615e5,-1.36616e5,-1.36601e5]
	From worker 2:	ESS: 186.4889
	From worker 2:	Nbr resample: 25000 
	From worker 7:	ESS: 188.4851
	From worker 7:	Nbr resample: 25000 
	From worker 3:	ESS: 192.1734
	From worker 3:	Nbr resample: 25000 
	From worker 4:	ESS: 188.6294
	From worker 4:	Nbr resample: 25000 
	From worker 10:	ESS: 191.0025
	From worker 10:	Nbr resample: 25000 
	From worker 6:	ESS: 189.7938
	From worker 6:	Nbr resample: 25000 
	From worker 11:	ESS: 184.8972
	From worker 11:	Nbr resample: 25000 
	From worker 5:	ESS: 186.9743
	From worker 5:	Nbr resample: 25000 
	From worker 9:	ESS: 187.6457
	From worker 9:	Nbr resample: 25000 
	From worker 8:	ESS: 185.4128
	From worker 8:	Nbr resample: 25000 
Percentage done: 2.00 % 
Acceptance rate on iteration 301 to 400 is 0.1515
Covariance:
[0.0142753 -0.00763675 3.00509e-5 -0.00391852 -0.00218659 0.00587659 0.00507786; -0.00763675 0.00474602 -4.64358e-7 0.00171408 0.00103258 -0.00380993 -0.00418267; 3.00509e-5 -4.64358e-7 2.08123e-5 -5.51925e-5 -9.40214e-5 0.000121068 -3.05095e-5; -0.00391852 0.00171408 -5.51925e-5 0.0215736 0.0115852 -0.0227598 -0.00027401; -0.00218659 0.00103258 -9.40214e-5 0.0115852 0.00689162 -0.0138215 -0.000360063; 0.00587659 -0.00380993 0.000121068 -0.0227598 -0.0138215 0.0324489 0.00427667; 0.00507786 -0.00418267 -3.05095e-5 -0.00027401 -0.000360063 0.00427667 0.00644766]
Loglik: -136569.4064 
Loglik values on different cores:
[-1.36596e5,-1.36556e5,-1.36604e5,-1.366e5,-1.36584e5,-1.36601e5,-1.36586e5,-1.36585e5,-1.36584e5,-1.36591e5]
Percentage done: 2.50 % 
Acceptance rate on iteration 401 to 500 is 0.0808
Covariance:
[0.0142753 -0.00763675 3.00509e-5 -0.00391852 -0.00218659 0.00587659 0.00507786; -0.00763675 0.00474602 -4.64358e-7 0.00171408 0.00103258 -0.00380993 -0.00418267; 3.00509e-5 -4.64358e-7 2.08123e-5 -5.51925e-5 -9.40214e-5 0.000121068 -3.05095e-5; -0.00391852 0.00171408 -5.51925e-5 0.0215736 0.0115852 -0.0227598 -0.00027401; -0.00218659 0.00103258 -9.40214e-5 0.0115852 0.00689162 -0.0138215 -0.000360063; 0.00587659 -0.00380993 0.000121068 -0.0227598 -0.0138215 0.0324489 0.00427667; 0.00507786 -0.00418267 -3.05095e-5 -0.00027401 -0.000360063 0.00427667 0.00644766]
Loglik: -136589.8359 
Loglik values on different cores:
[-1.36603e5,-1.36612e5,-1.36604e5,-1.36605e5,-1.36599e5,-136602.0,-136610.0,-1.36607e5,-1.36616e5,-1.36595e5]
Percentage done: 3.00 % 
Acceptance rate on iteration 501 to 600 is 0.0505
Covariance:
[0.0142753 -0.00763675 3.00509e-5 -0.00391852 -0.00218659 0.00587659 0.00507786; -0.00763675 0.00474602 -4.64358e-7 0.00171408 0.00103258 -0.00380993 -0.00418267; 3.00509e-5 -4.64358e-7 2.08123e-5 -5.51925e-5 -9.40214e-5 0.000121068 -3.05095e-5; -0.00391852 0.00171408 -5.51925e-5 0.0215736 0.0115852 -0.0227598 -0.00027401; -0.00218659 0.00103258 -9.40214e-5 0.0115852 0.00689162 -0.0138215 -0.000360063; 0.00587659 -0.00380993 0.000121068 -0.0227598 -0.0138215 0.0324489 0.00427667; 0.00507786 -0.00418267 -3.05095e-5 -0.00027401 -0.000360063 0.00427667 0.00644766]
Loglik: -136580.7302 
Loglik values on different cores:
[-136604.0,-1.36604e5,-1.36589e5,-1.36605e5,-1.36594e5,-1.36598e5,-1.36597e5,-1.36617e5,-1.36603e5,-1.36599e5]
	From worker 2:	ESS: 186.0203
	From worker 2:	Nbr resample: 25000 
	From worker 7:	ESS: 186.3706
	From worker 7:	Nbr resample: 25000 
	From worker 4:	ESS: 188.3135
	From worker 4:	Nbr resample: 25000 
	From worker 10:	ESS: 187.3552
	From worker 10:	Nbr resample: 25000 
	From worker 3:	ESS: 186.6378
	From worker 3:	Nbr resample: 25000 
	From worker 6:	ESS: 189.0511
	From worker 6:	Nbr resample: 25000 
	From worker 11:	ESS: 188.3035
	From worker 11:	Nbr resample: 25000 
	From worker 5:	ESS: 188.9735
	From worker 5:	Nbr resample: 25000 
	From worker 9:	ESS: 183.7461
	From worker 9:	Nbr resample: 25000 
	From worker 8:	ESS: 184.4021
	From worker 8:	Nbr resample: 25000 
Percentage done: 3.50 % 
Acceptance rate on iteration 601 to 700 is 0.0707
Covariance:
[0.0142753 -0.00763675 3.00509e-5 -0.00391852 -0.00218659 0.00587659 0.00507786; -0.00763675 0.00474602 -4.64358e-7 0.00171408 0.00103258 -0.00380993 -0.00418267; 3.00509e-5 -4.64358e-7 2.08123e-5 -5.51925e-5 -9.40214e-5 0.000121068 -3.05095e-5; -0.00391852 0.00171408 -5.51925e-5 0.0215736 0.0115852 -0.0227598 -0.00027401; -0.00218659 0.00103258 -9.40214e-5 0.0115852 0.00689162 -0.0138215 -0.000360063; 0.00587659 -0.00380993 0.000121068 -0.0227598 -0.0138215 0.0324489 0.00427667; 0.00507786 -0.00418267 -3.05095e-5 -0.00027401 -0.000360063 0.00427667 0.00644766]
Loglik: -136589.5969 
Loglik values on different cores:
[-1.36598e5,-1.36598e5,-1.36588e5,-136592.0,-1.36609e5,-1.366e5,-1.36611e5,-1.36599e5,-1.36592e5,-1.36602e5]
Percentage done: 4.00 % 
Acceptance rate on iteration 701 to 800 is 0.0909
Covariance:
[0.0142753 -0.00763675 3.00509e-5 -0.00391852 -0.00218659 0.00587659 0.00507786; -0.00763675 0.00474602 -4.64358e-7 0.00171408 0.00103258 -0.00380993 -0.00418267; 3.00509e-5 -4.64358e-7 2.08123e-5 -5.51925e-5 -9.40214e-5 0.000121068 -3.05095e-5; -0.00391852 0.00171408 -5.51925e-5 0.0215736 0.0115852 -0.0227598 -0.00027401; -0.00218659 0.00103258 -9.40214e-5 0.0115852 0.00689162 -0.0138215 -0.000360063; 0.00587659 -0.00380993 0.000121068 -0.0227598 -0.0138215 0.0324489 0.00427667; 0.00507786 -0.00418267 -3.05095e-5 -0.00027401 -0.000360063 0.00427667 0.00644766]
Loglik: -136585.0686 
Loglik values on different cores:
[-1.36616e5,-1.36603e5,-1.36592e5,-1.366e5,-1.36593e5,-1.36598e5,-1.36588e5,-1.36596e5,-1.36585e5,-1.36593e5]
Percentage done: 4.50 % 
Acceptance rate on iteration 801 to 900 is 0.1515
Covariance:
[0.0142753 -0.00763675 3.00509e-5 -0.00391852 -0.00218659 0.00587659 0.00507786; -0.00763675 0.00474602 -4.64358e-7 0.00171408 0.00103258 -0.00380993 -0.00418267; 3.00509e-5 -4.64358e-7 2.08123e-5 -5.51925e-5 -9.40214e-5 0.000121068 -3.05095e-5; -0.00391852 0.00171408 -5.51925e-5 0.0215736 0.0115852 -0.0227598 -0.00027401; -0.00218659 0.00103258 -9.40214e-5 0.0115852 0.00689162 -0.0138215 -0.000360063; 0.00587659 -0.00380993 0.000121068 -0.0227598 -0.0138215 0.0324489 0.00427667; 0.00507786 -0.00418267 -3.05095e-5 -0.00027401 -0.000360063 0.00427667 0.00644766]
Loglik: -136582.0769 
Loglik values on different cores:
[-1.36609e5,-1.36593e5,-1.36603e5,-1.36609e5,-136592.0,-1.36582e5,-1.3659e5,-1.36609e5,-1.36585e5,-1.36603e5]
Percentage done: 5.00 % 
Acceptance rate on iteration 901 to 1000 is 0.1212
Covariance:
[0.0142753 -0.00763675 3.00509e-5 -0.00391852 -0.00218659 0.00587659 0.00507786; -0.00763675 0.00474602 -4.64358e-7 0.00171408 0.00103258 -0.00380993 -0.00418267; 3.00509e-5 -4.64358e-7 2.08123e-5 -5.51925e-5 -9.40214e-5 0.000121068 -3.05095e-5; -0.00391852 0.00171408 -5.51925e-5 0.0215736 0.0115852 -0.0227598 -0.00027401; -0.00218659 0.00103258 -9.40214e-5 0.0115852 0.00689162 -0.0138215 -0.000360063; 0.00587659 -0.00380993 0.000121068 -0.0227598 -0.0138215 0.0324489 0.00427667; 0.00507786 -0.00418267 -3.05095e-5 -0.00027401 -0.000360063 0.00427667 0.00644766]
Loglik: -136593.4429 
Loglik values on different cores:
[-1.36611e5,-1.36609e5,-1.36609e5,-1.36599e5,-1.36585e5,-1.36607e5,-136604.0,-1.36604e5,-1.36612e5,-136611.0]
	From worker 2:	ESS: 186.1279
	From worker 2:	Nbr resample: 25000 
	From worker 7:	ESS: 186.7249
	From worker 7:	Nbr resample: 25000 
	From worker 3:	ESS: 189.2273
	From worker 3:	Nbr resample: 25000 
	From worker 6:	ESS: 189.7909
	From worker 6:	Nbr resample: 25000 
	From worker 10:	ESS: 187.9784
	From worker 10:	Nbr resample: 25000 
	From worker 11:	ESS: 188.8585
	From worker 11:	Nbr resample: 25000 
	From worker 4:	ESS: 185.9704
	From worker 4:	Nbr resample: 25000 
	From worker 9:	ESS: 190.7628
	From worker 9:	Nbr resample: 25000 
	From worker 5:	ESS: 182.7656
	From worker 5:	Nbr resample: 25000 
	From worker 8:	ESS: 183.6988
	From worker 8:	Nbr resample: 25000 
	From worker 5:	ESS: 187.1299
	From worker 5:	Nbr resample: 25000 
	From worker 4:	ESS: 184.1874
	From worker 4:	Nbr resample: 25000 
	From worker 7:	ESS: 190.7364
	From worker 7:	Nbr resample: 25000 
	From worker 2:	ESS: 190.1537
	From worker 2:	Nbr resample: 25000 
	From worker 6:	ESS: 188.5546
	From worker 6:	Nbr resample: 25000 
	From worker 9:	ESS: 190.7728
	From worker 9:	Nbr resample: 25000 
	From worker 10:	ESS: 187.7902
	From worker 10:	Nbr resample: 25000 
	From worker 3:	ESS: 182.0565
	From worker 3:	Nbr resample: 25000 
	From worker 11:	ESS: 188.8206
	From worker 11:	Nbr resample: 25000 
	From worker 8:	ESS: 190.7064
	From worker 8:	Nbr resample: 25000 
Percentage done: 5.50 % 
Acceptance rate on iteration 1001 to 1100 is 0.0909
Covariance:
[0.0142753 -0.00763675 3.00509e-5 -0.00391852 -0.00218659 0.00587659 0.00507786; -0.00763675 0.00474602 -4.64358e-7 0.00171408 0.00103258 -0.00380993 -0.00418267; 3.00509e-5 -4.64358e-7 2.08123e-5 -5.51925e-5 -9.40214e-5 0.000121068 -3.05095e-5; -0.00391852 0.00171408 -5.51925e-5 0.0215736 0.0115852 -0.0227598 -0.00027401; -0.00218659 0.00103258 -9.40214e-5 0.0115852 0.00689162 -0.0138215 -0.000360063; 0.00587659 -0.00380993 0.000121068 -0.0227598 -0.0138215 0.0324489 0.00427667; 0.00507786 -0.00418267 -3.05095e-5 -0.00027401 -0.000360063 0.00427667 0.00644766]
Loglik: -136595.1565 
Loglik values on different cores:
[-136610.0,-1.36609e5,-1.36618e5,-1.36615e5,-1.36613e5,-1.36625e5,-1.36611e5,-1.36619e5,-1.36634e5,-1.36628e5]
	From worker 2:	ESS: 183.2995
	From worker 2:	Nbr resample: 25000 
	From worker 3:	ESS: 184.9304
	From worker 3:	Nbr resample: 25000 
	From worker 7:	ESS: 180.2211
	From worker 7:	Nbr resample: 25000 
	From worker 4:	ESS: 180.4741
	From worker 4:	Nbr resample: 25000 
	From worker 6:	ESS: 183.8595
	From worker 6:	Nbr resample: 25000 
	From worker 10:	ESS: 190.6120
	From worker 10:	Nbr resample: 25000 
	From worker 11:	ESS: 181.9011
	From worker 11:	Nbr resample: 25000 
	From worker 5:	ESS: 184.5685
	From worker 5:	Nbr resample: 25000 
	From worker 9:	ESS: 181.9608
	From worker 9:	Nbr resample: 25000 
	From worker 8:	ESS: 188.3445
	From worker 8:	Nbr resample: 25000 
	From worker 5:	ESS: 182.1998
	From worker 5:	Nbr resample: 25000 
	From worker 2:	ESS: 177.6891
	From worker 2:	Nbr resample: 25000 
	From worker 6:	ESS: 181.1726
	From worker 6:	Nbr resample: 25000 
	From worker 7:	ESS: 183.0832
	From worker 7:	Nbr resample: 25000 
	From worker 3:	ESS: 186.3766
	From worker 3:	Nbr resample: 25000 
	From worker 9:	ESS: 178.8027
	From worker 9:	Nbr resample: 25000 
	From worker 11:	ESS: 179.8493
	From worker 11:	Nbr resample: 25000 
	From worker 4:	ESS: 183.9993
	From worker 4:	Nbr resample: 25000 
	From worker 10:	ESS: 187.5711
	From worker 10:	Nbr resample: 25000 
	From worker 8:	ESS: 184.2844
	From worker 8:	Nbr resample: 25000 
Percentage done: 6.00 % 
Acceptance rate on iteration 1101 to 1200 is 0.1313
Covariance:
[0.0142753 -0.00763675 3.00509e-5 -0.00391852 -0.00218659 0.00587659 0.00507786; -0.00763675 0.00474602 -4.64358e-7 0.00171408 0.00103258 -0.00380993 -0.00418267; 3.00509e-5 -4.64358e-7 2.08123e-5 -5.51925e-5 -9.40214e-5 0.000121068 -3.05095e-5; -0.00391852 0.00171408 -5.51925e-5 0.0215736 0.0115852 -0.0227598 -0.00027401; -0.00218659 0.00103258 -9.40214e-5 0.0115852 0.00689162 -0.0138215 -0.000360063; 0.00587659 -0.00380993 0.000121068 -0.0227598 -0.0138215 0.0324489 0.00427667; 0.00507786 -0.00418267 -3.05095e-5 -0.00027401 -0.000360063 0.00427667 0.00644766]
Loglik: -136586.6803 
Loglik values on different cores:
[-1.36601e5,-1.36586e5,-1.36598e5,-1.36604e5,-1.36597e5,-136604.0,-1.36577e5,-1.36594e5,-136591.0,-136601.0]
Percentage done: 6.50 % 
Acceptance rate on iteration 1201 to 1300 is 0.1515
Covariance:
[0.0142753 -0.00763675 3.00509e-5 -0.00391852 -0.00218659 0.00587659 0.00507786; -0.00763675 0.00474602 -4.64358e-7 0.00171408 0.00103258 -0.00380993 -0.00418267; 3.00509e-5 -4.64358e-7 2.08123e-5 -5.51925e-5 -9.40214e-5 0.000121068 -3.05095e-5; -0.00391852 0.00171408 -5.51925e-5 0.0215736 0.0115852 -0.0227598 -0.00027401; -0.00218659 0.00103258 -9.40214e-5 0.0115852 0.00689162 -0.0138215 -0.000360063; 0.00587659 -0.00380993 0.000121068 -0.0227598 -0.0138215 0.0324489 0.00427667; 0.00507786 -0.00418267 -3.05095e-5 -0.00027401 -0.000360063 0.00427667 0.00644766]
Loglik: -136593.7706 
Loglik values on different cores:
[-1.36614e5,-1.36614e5,-1.36617e5,-136610.0,-1.36615e5,-1.36602e5,-1.36602e5,-1.36612e5,-1.36602e5,-1.3661e5]
Percentage done: 7.00 % 
Acceptance rate on iteration 1301 to 1400 is 0.1111
Covariance:
[0.0142753 -0.00763675 3.00509e-5 -0.00391852 -0.00218659 0.00587659 0.00507786; -0.00763675 0.00474602 -4.64358e-7 0.00171408 0.00103258 -0.00380993 -0.00418267; 3.00509e-5 -4.64358e-7 2.08123e-5 -5.51925e-5 -9.40214e-5 0.000121068 -3.05095e-5; -0.00391852 0.00171408 -5.51925e-5 0.0215736 0.0115852 -0.0227598 -0.00027401; -0.00218659 0.00103258 -9.40214e-5 0.0115852 0.00689162 -0.0138215 -0.000360063; 0.00587659 -0.00380993 0.000121068 -0.0227598 -0.0138215 0.0324489 0.00427667; 0.00507786 -0.00418267 -3.05095e-5 -0.00027401 -0.000360063 0.00427667 0.00644766]
Loglik: -136576.4172 
Loglik values on different cores:
[-1.36597e5,-136578.0,-1.36598e5,-1.36596e5,-1.36612e5,-1.36593e5,-136583.0,-1.36586e5,-1.36596e5,-1.36598e5]
Percentage done: 7.50 % 
Acceptance rate on iteration 1401 to 1500 is 0.1414
Covariance:
[0.0142753 -0.00763675 3.00509e-5 -0.00391852 -0.00218659 0.00587659 0.00507786; -0.00763675 0.00474602 -4.64358e-7 0.00171408 0.00103258 -0.00380993 -0.00418267; 3.00509e-5 -4.64358e-7 2.08123e-5 -5.51925e-5 -9.40214e-5 0.000121068 -3.05095e-5; -0.00391852 0.00171408 -5.51925e-5 0.0215736 0.0115852 -0.0227598 -0.00027401; -0.00218659 0.00103258 -9.40214e-5 0.0115852 0.00689162 -0.0138215 -0.000360063; 0.00587659 -0.00380993 0.000121068 -0.0227598 -0.0138215 0.0324489 0.00427667; 0.00507786 -0.00418267 -3.05095e-5 -0.00027401 -0.000360063 0.00427667 0.00644766]
Loglik: -136600.2287 
Loglik values on different cores:
[-1.36619e5,-136606.0,-1.36597e5,-1.36608e5,-1.36614e5,-136599.0,-1.36608e5,-136617.0,-136603.0,-1.36603e5]
	From worker 2:	ESS: 167.9740
	From worker 2:	Nbr resample: 25000 
	From worker 6:	ESS: 168.6817
	From worker 6:	Nbr resample: 25000 
	From worker 4:	ESS: 171.0975
	From worker 4:	Nbr resample: 25000 
	From worker 7:	ESS: 170.0335
	From worker 7:	Nbr resample: 25000 
	From worker 3:	ESS: 168.5737
	From worker 3:	Nbr resample: 25000 
	From worker 10:	ESS: 168.3064
	From worker 10:	Nbr resample: 25000 
	From worker 11:	ESS: 170.0373
	From worker 11:	Nbr resample: 25000 
	From worker 5:	ESS: 170.2994
	From worker 5:	Nbr resample: 25000 
	From worker 9:	ESS: 165.2374
	From worker 9:	Nbr resample: 25000 
	From worker 8:	ESS: 172.6825
	From worker 8:	Nbr resample: 25000 
	From worker 5:	ESS: 178.1729
	From worker 5:	Nbr resample: 25000 
	From worker 6:	ESS: 177.6894
	From worker 6:	Nbr resample: 25000 
	From worker 10:	ESS: 178.6389
	From worker 10:	Nbr resample: 25000 
	From worker 2:	ESS: 187.5165
	From worker 2:	Nbr resample: 25000 
	From worker 3:	ESS: 184.5446
	From worker 3:	Nbr resample: 25000 
	From worker 4:	ESS: 183.4244
	From worker 4:	Nbr resample: 25000 
	From worker 9:	ESS: 180.1448
	From worker 9:	Nbr resample: 25000 
	From worker 7:	ESS: 184.0390
	From worker 7:	Nbr resample: 25000 
	From worker 8:	ESS: 184.1904
	From worker 8:	Nbr resample: 25000 
	From worker 11:	ESS: 185.0523
	From worker 11:	Nbr resample: 25000 
Percentage done: 8.00 % 
Acceptance rate on iteration 1501 to 1600 is 0.1717
Covariance:
[0.0142753 -0.00763675 3.00509e-5 -0.00391852 -0.00218659 0.00587659 0.00507786; -0.00763675 0.00474602 -4.64358e-7 0.00171408 0.00103258 -0.00380993 -0.00418267; 3.00509e-5 -4.64358e-7 2.08123e-5 -5.51925e-5 -9.40214e-5 0.000121068 -3.05095e-5; -0.00391852 0.00171408 -5.51925e-5 0.0215736 0.0115852 -0.0227598 -0.00027401; -0.00218659 0.00103258 -9.40214e-5 0.0115852 0.00689162 -0.0138215 -0.000360063; 0.00587659 -0.00380993 0.000121068 -0.0227598 -0.0138215 0.0324489 0.00427667; 0.00507786 -0.00418267 -3.05095e-5 -0.00027401 -0.000360063 0.00427667 0.00644766]
Loglik: -136585.7440 
Loglik values on different cores:
[-1.36604e5,-1.36606e5,-136600.0,-1.36595e5,-1.36606e5,-1.36606e5,-1.36602e5,-1.36618e5,-1.36601e5,-1.36613e5]
Percentage done: 8.50 % 
Acceptance rate on iteration 1601 to 1700 is 0.1313
Covariance:
[0.0142753 -0.00763675 3.00509e-5 -0.00391852 -0.00218659 0.00587659 0.00507786; -0.00763675 0.00474602 -4.64358e-7 0.00171408 0.00103258 -0.00380993 -0.00418267; 3.00509e-5 -4.64358e-7 2.08123e-5 -5.51925e-5 -9.40214e-5 0.000121068 -3.05095e-5; -0.00391852 0.00171408 -5.51925e-5 0.0215736 0.0115852 -0.0227598 -0.00027401; -0.00218659 0.00103258 -9.40214e-5 0.0115852 0.00689162 -0.0138215 -0.000360063; 0.00587659 -0.00380993 0.000121068 -0.0227598 -0.0138215 0.0324489 0.00427667; 0.00507786 -0.00418267 -3.05095e-5 -0.00027401 -0.000360063 0.00427667 0.00644766]
Loglik: -136586.0903 
Loglik values on different cores:
[-1.366e5,-1.36603e5,-1.36616e5,-1.36604e5,-1.36601e5,-1.36595e5,-1.36606e5,-136596.0,-1.36602e5,-1.36617e5]
	From worker 3:	ESS: 181.7585
	From worker 3:	Nbr resample: 25000 
	From worker 10:	ESS: 186.6047
	From worker 10:	Nbr resample: 25000 
	From worker 2:	ESS: 184.5643
	From worker 2:	Nbr resample: 25000 
	From worker 7:	ESS: 191.4760
	From worker 7:	Nbr resample: 25000 
	From worker 6:	ESS: 187.3660
	From worker 6:	Nbr resample: 25000 
	From worker 4:	ESS: 189.4730
	From worker 4:	Nbr resample: 25000 
	From worker 11:	ESS: 187.3443
	From worker 11:	Nbr resample: 25000 
	From worker 5:	ESS: 187.3441
	From worker 5:	Nbr resample: 25000 
	From worker 9:	ESS: 189.7295
	From worker 9:	Nbr resample: 25000 
	From worker 8:	ESS: 184.6809
	From worker 8:	Nbr resample: 25000 
	From worker 7:	ESS: 190.9136
	From worker 7:	Nbr resample: 25000 
	From worker 5:	ESS: 185.8690
	From worker 5:	Nbr resample: 25000 
	From worker 4:	ESS: 189.1861
	From worker 4:	Nbr resample: 25000 
	From worker 3:	ESS: 191.4106
	From worker 3:	Nbr resample: 25000 
	From worker 2:	ESS: 189.1280
	From worker 2:	Nbr resample: 25000 
	From worker 9:	ESS: 187.5096
	From worker 9:	Nbr resample: 25000 
	From worker 6:	ESS: 188.7219
	From worker 6:	Nbr resample: 25000 
	From worker 10:	ESS: 192.7748
	From worker 11:	ESS: 187.6938
	From worker 11:	Nbr resample: 25000 
	From worker 10:	Nbr resample: 25000 
	From worker 8:	ESS: 190.4507
	From worker 8:	Nbr resample: 25000 
Percentage done: 9.00 % 
Acceptance rate on iteration 1701 to 1800 is 0.1414
Covariance:
[0.0142753 -0.00763675 3.00509e-5 -0.00391852 -0.00218659 0.00587659 0.00507786; -0.00763675 0.00474602 -4.64358e-7 0.00171408 0.00103258 -0.00380993 -0.00418267; 3.00509e-5 -4.64358e-7 2.08123e-5 -5.51925e-5 -9.40214e-5 0.000121068 -3.05095e-5; -0.00391852 0.00171408 -5.51925e-5 0.0215736 0.0115852 -0.0227598 -0.00027401; -0.00218659 0.00103258 -9.40214e-5 0.0115852 0.00689162 -0.0138215 -0.000360063; 0.00587659 -0.00380993 0.000121068 -0.0227598 -0.0138215 0.0324489 0.00427667; 0.00507786 -0.00418267 -3.05095e-5 -0.00027401 -0.000360063 0.00427667 0.00644766]
Loglik: -136600.9695 
Loglik values on different cores:
[-136619.0,-1.36612e5,-1.36607e5,-1.36622e5,-1.36608e5,-1.36615e5,-1.36607e5,-1.36609e5,-1.36611e5,-136603.0]
Percentage done: 9.50 % 
Acceptance rate on iteration 1801 to 1900 is 0.1111
Covariance:
[0.0142753 -0.00763675 3.00509e-5 -0.00391852 -0.00218659 0.00587659 0.00507786; -0.00763675 0.00474602 -4.64358e-7 0.00171408 0.00103258 -0.00380993 -0.00418267; 3.00509e-5 -4.64358e-7 2.08123e-5 -5.51925e-5 -9.40214e-5 0.000121068 -3.05095e-5; -0.00391852 0.00171408 -5.51925e-5 0.0215736 0.0115852 -0.0227598 -0.00027401; -0.00218659 0.00103258 -9.40214e-5 0.0115852 0.00689162 -0.0138215 -0.000360063; 0.00587659 -0.00380993 0.000121068 -0.0227598 -0.0138215 0.0324489 0.00427667; 0.00507786 -0.00418267 -3.05095e-5 -0.00027401 -0.000360063 0.00427667 0.00644766]
Loglik: -136593.4606 
Loglik values on different cores:
[-1.36615e5,-1.36624e5,-1.36622e5,-1.36616e5,-1.36626e5,-1.36625e5,-1.36605e5,-1.36616e5,-1.36604e5,-1.3663e5]
Percentage done: 10.00 % 
Acceptance rate on iteration 1901 to 2000 is 0.1818
Covariance:
[0.0142753 -0.00763675 3.00509e-5 -0.00391852 -0.00218659 0.00587659 0.00507786; -0.00763675 0.00474602 -4.64358e-7 0.00171408 0.00103258 -0.00380993 -0.00418267; 3.00509e-5 -4.64358e-7 2.08123e-5 -5.51925e-5 -9.40214e-5 0.000121068 -3.05095e-5; -0.00391852 0.00171408 -5.51925e-5 0.0215736 0.0115852 -0.0227598 -0.00027401; -0.00218659 0.00103258 -9.40214e-5 0.0115852 0.00689162 -0.0138215 -0.000360063; 0.00587659 -0.00380993 0.000121068 -0.0227598 -0.0138215 0.0324489 0.00427667; 0.00507786 -0.00418267 -3.05095e-5 -0.00027401 -0.000360063 0.00427667 0.00644766]
Loglik: -136578.7660 
Loglik values on different cores:
[-1.36583e5,-1.36599e5,-1.36593e5,-1.36607e5,-1.36606e5,-1.36604e5,-136594.0,-1.36584e5,-1.36597e5,-1.36586e5]
	From worker 2:	ESS: 184.6834
	From worker 2:	Nbr resample: 25000 
	From worker 7:	ESS: 186.6260
	From worker 7:	Nbr resample: 25000 
	From worker 4:	ESS: 181.0017
	From worker 4:	Nbr resample: 25000 
	From worker 10:	ESS: 183.4342
	From worker 10:	Nbr resample: 25000 
	From worker 6:	ESS: 187.3099
	From worker 6:	Nbr resample: 25000 
	From worker 3:	ESS: 188.4670
	From worker 3:	Nbr resample: 25000 
	From worker 9:	ESS: 186.4693
	From worker 9:	Nbr resample: 25000 
	From worker 11:	ESS: 185.0036
	From worker 11:	Nbr resample: 25000 
	From worker 5:	ESS: 185.8407
	From worker 5:	Nbr resample: 25000 
	From worker 8:	ESS: 178.6148
	From worker 8:	Nbr resample: 25000 
	From worker 11:	ESS: 184.8737
	From worker 11:	Nbr resample: 25000 
	From worker 5:	ESS: 185.2967
	From worker 5:	Nbr resample: 25000 
	From worker 3:	ESS: 185.9722
	From worker 3:	Nbr resample: 25000 
	From worker 2:	ESS: 183.5026
	From worker 2:	Nbr resample: 25000 
	From worker 9:	ESS: 185.3170
	From worker 9:	Nbr resample: 25000 
	From worker 10:	ESS: 185.4553
	From worker 10:	Nbr resample: 25000 
	From worker 7:	ESS: 180.5207
	From worker 7:	Nbr resample: 25000 
	From worker 4:	ESS: 186.0112
	From worker 4:	Nbr resample: 25000 
	From worker 8:	ESS: 185.3166
	From worker 8:	Nbr resample: 25000 
	From worker 6:	ESS: 184.5715
	From worker 6:	Nbr resample: 25000 
Percentage done: 10.50 % 
Acceptance rate on iteration 2001 to 2100 is 0.1414
Covariance:
[0.0142753 -0.00763675 3.00509e-5 -0.00391852 -0.00218659 0.00587659 0.00507786; -0.00763675 0.00474602 -4.64358e-7 0.00171408 0.00103258 -0.00380993 -0.00418267; 3.00509e-5 -4.64358e-7 2.08123e-5 -5.51925e-5 -9.40214e-5 0.000121068 -3.05095e-5; -0.00391852 0.00171408 -5.51925e-5 0.0215736 0.0115852 -0.0227598 -0.00027401; -0.00218659 0.00103258 -9.40214e-5 0.0115852 0.00689162 -0.0138215 -0.000360063; 0.00587659 -0.00380993 0.000121068 -0.0227598 -0.0138215 0.0324489 0.00427667; 0.00507786 -0.00418267 -3.05095e-5 -0.00027401 -0.000360063 0.00427667 0.00644766]
Loglik: -136580.2086 
Loglik values on different cores:
[-1.36593e5,-1.36582e5,-1.36602e5,-1.36604e5,-1.36589e5,-1.36592e5,-1.36598e5,-1.36587e5,-1.36583e5,-1.36589e5]
	From worker 2:	ESS: 191.8510
	From worker 2:	Nbr resample: 25000 
	From worker 7:	ESS: 194.9485
	From worker 7:	Nbr resample: 25000 
	From worker 4:	ESS: 190.9377
	From worker 4:	Nbr resample: 25000 
	From worker 3:	ESS: 192.0540
	From worker 3:	Nbr resample: 25000 
	From worker 6:	ESS: 193.4033
	From worker 6:	Nbr resample: 25000 
	From worker 11:	ESS: 188.1231
	From worker 11:	Nbr resample: 25000 
	From worker 10:	ESS: 190.6587
	From worker 10:	Nbr resample: 25000 
	From worker 5:	ESS: 191.0696
	From worker 5:	Nbr resample: 25000 
	From worker 8:	ESS: 193.2610
	From worker 8:	Nbr resample: 25000 
	From worker 9:	ESS: 193.2868
	From worker 9:	Nbr resample: 25000 
	From worker 5:	ESS: 192.8162
	From worker 5:	Nbr resample: 25000 
	From worker 2:	ESS: 192.2871
	From worker 2:	Nbr resample: 25000 
	From worker 4:	ESS: 189.6600
	From worker 4:	Nbr resample: 25000 
	From worker 3:	ESS: 191.4040
	From worker 3:	Nbr resample: 25000 
	From worker 7:	ESS: 192.2911
	From worker 7:	Nbr resample: 25000 
	From worker 10:	ESS: 192.2266
	From worker 10:	Nbr resample: 25000 
	From worker 8:	ESS: 193.6374
	From worker 8:	Nbr resample: 25000 
	From worker 9:	ESS: 190.5816
	From worker 9:	Nbr resample: 25000 
	From worker 11:	ESS: 191.9079
	From worker 11:	Nbr resample: 25000 
	From worker 6:	ESS: 190.0694
	From worker 6:	Nbr resample: 25000 
Percentage done: 11.00 % 
Acceptance rate on iteration 2101 to 2200 is 0.1010
Covariance:
[0.0142753 -0.00763675 3.00509e-5 -0.00391852 -0.00218659 0.00587659 0.00507786; -0.00763675 0.00474602 -4.64358e-7 0.00171408 0.00103258 -0.00380993 -0.00418267; 3.00509e-5 -4.64358e-7 2.08123e-5 -5.51925e-5 -9.40214e-5 0.000121068 -3.05095e-5; -0.00391852 0.00171408 -5.51925e-5 0.0215736 0.0115852 -0.0227598 -0.00027401; -0.00218659 0.00103258 -9.40214e-5 0.0115852 0.00689162 -0.0138215 -0.000360063; 0.00587659 -0.00380993 0.000121068 -0.0227598 -0.0138215 0.0324489 0.00427667; 0.00507786 -0.00418267 -3.05095e-5 -0.00027401 -0.000360063 0.00427667 0.00644766]
Loglik: -136589.2993 
Loglik values on different cores:
[-1.36603e5,-1.36595e5,-1.36597e5,-136602.0,-1.36607e5,-1.36606e5,-1.36612e5,-1.36588e5,-1.36601e5,-1.366e5]
Percentage done: 11.50 % 
Acceptance rate on iteration 2201 to 2300 is 0.0808
Covariance:
[0.0142753 -0.00763675 3.00509e-5 -0.00391852 -0.00218659 0.00587659 0.00507786; -0.00763675 0.00474602 -4.64358e-7 0.00171408 0.00103258 -0.00380993 -0.00418267; 3.00509e-5 -4.64358e-7 2.08123e-5 -5.51925e-5 -9.40214e-5 0.000121068 -3.05095e-5; -0.00391852 0.00171408 -5.51925e-5 0.0215736 0.0115852 -0.0227598 -0.00027401; -0.00218659 0.00103258 -9.40214e-5 0.0115852 0.00689162 -0.0138215 -0.000360063; 0.00587659 -0.00380993 0.000121068 -0.0227598 -0.0138215 0.0324489 0.00427667; 0.00507786 -0.00418267 -3.05095e-5 -0.00027401 -0.000360063 0.00427667 0.00644766]
Loglik: -136583.2965 
Loglik values on different cores:
[-1.36595e5,-1.36601e5,-1.36601e5,-1.366e5,-1.36585e5,-1.36608e5,-1.366e5,-1.36603e5,-1.36596e5,-1.36594e5]
Percentage done: 12.00 % 
Acceptance rate on iteration 2301 to 2400 is 0.1414
Covariance:
[0.0142753 -0.00763675 3.00509e-5 -0.00391852 -0.00218659 0.00587659 0.00507786; -0.00763675 0.00474602 -4.64358e-7 0.00171408 0.00103258 -0.00380993 -0.00418267; 3.00509e-5 -4.64358e-7 2.08123e-5 -5.51925e-5 -9.40214e-5 0.000121068 -3.05095e-5; -0.00391852 0.00171408 -5.51925e-5 0.0215736 0.0115852 -0.0227598 -0.00027401; -0.00218659 0.00103258 -9.40214e-5 0.0115852 0.00689162 -0.0138215 -0.000360063; 0.00587659 -0.00380993 0.000121068 -0.0227598 -0.0138215 0.0324489 0.00427667; 0.00507786 -0.00418267 -3.05095e-5 -0.00027401 -0.000360063 0.00427667 0.00644766]
Loglik: -136582.4340 
Loglik values on different cores:
[-1.36586e5,-1.36599e5,-136591.0,-1.36599e5,-1.36608e5,-1.36595e5,-1.36587e5,-1.36583e5,-1.36606e5,-1.36615e5]
Percentage done: 12.50 % 
Acceptance rate on iteration 2401 to 2500 is 0.1414
Covariance:
[0.0142753 -0.00763675 3.00509e-5 -0.00391852 -0.00218659 0.00587659 0.00507786; -0.00763675 0.00474602 -4.64358e-7 0.00171408 0.00103258 -0.00380993 -0.00418267; 3.00509e-5 -4.64358e-7 2.08123e-5 -5.51925e-5 -9.40214e-5 0.000121068 -3.05095e-5; -0.00391852 0.00171408 -5.51925e-5 0.0215736 0.0115852 -0.0227598 -0.00027401; -0.00218659 0.00103258 -9.40214e-5 0.0115852 0.00689162 -0.0138215 -0.000360063; 0.00587659 -0.00380993 0.000121068 -0.0227598 -0.0138215 0.0324489 0.00427667; 0.00507786 -0.00418267 -3.05095e-5 -0.00027401 -0.000360063 0.00427667 0.00644766]
Loglik: -136581.1053 
Loglik values on different cores:
[-1.36603e5,-1.36598e5,-1.36589e5,-1.36599e5,-1.36597e5,-1.36611e5,-1.36607e5,-1.36598e5,-1.36603e5,-1.36598e5]
	From worker 4:	ESS: 192.7920
	From worker 4:	Nbr resample: 25000 
	From worker 7:	ESS: 191.7796
	From worker 7:	Nbr resample: 25000 
	From worker 2:	ESS: 191.1149
	From worker 2:	Nbr resample: 25000 
	From worker 6:	ESS: 189.0180
	From worker 6:	Nbr resample: 25000 
	From worker 3:	ESS: 191.1319
	From worker 3:	Nbr resample: 25000 
	From worker 5:	ESS: 187.8964
	From worker 5:	Nbr resample: 25000 
	From worker 10:	ESS: 192.5853
	From worker 10:	Nbr resample: 25000 
	From worker 11:	ESS: 185.8396
	From worker 11:	Nbr resample: 25000 
	From worker 9:	ESS: 188.9499
	From worker 9:	Nbr resample: 25000 
	From worker 8:	ESS: 191.2740
	From worker 8:	Nbr resample: 25000 
	From worker 3:	ESS: 191.1719
	From worker 3:	Nbr resample: 25000 
	From worker 6:	ESS: 188.8613
	From worker 6:	Nbr resample: 25000 
	From worker 4:	ESS: 191.1912
	From worker 4:	Nbr resample: 25000 
	From worker 9:	ESS: 189.3531
	From worker 9:	Nbr resample: 25000 
	From worker 2:	ESS: 193.0398
	From worker 2:	Nbr resample: 25000 
	From worker 10:	ESS: 186.5017
	From worker 10:	Nbr resample: 25000 
	From worker 7:	ESS: 189.5667
	From worker 7:	Nbr resample: 25000 
	From worker 11:	ESS: 190.8965
	From worker 11:	Nbr resample: 25000 
	From worker 8:	ESS: 189.3910
	From worker 8:	Nbr resample: 25000 
	From worker 5:	ESS: 187.4306
	From worker 5:	Nbr resample: 25000 
Percentage done: 13.00 % 
Acceptance rate on iteration 2501 to 2600 is 0.1111
Covariance:
[0.0142753 -0.00763675 3.00509e-5 -0.00391852 -0.00218659 0.00587659 0.00507786; -0.00763675 0.00474602 -4.64358e-7 0.00171408 0.00103258 -0.00380993 -0.00418267; 3.00509e-5 -4.64358e-7 2.08123e-5 -5.51925e-5 -9.40214e-5 0.000121068 -3.05095e-5; -0.00391852 0.00171408 -5.51925e-5 0.0215736 0.0115852 -0.0227598 -0.00027401; -0.00218659 0.00103258 -9.40214e-5 0.0115852 0.00689162 -0.0138215 -0.000360063; 0.00587659 -0.00380993 0.000121068 -0.0227598 -0.0138215 0.0324489 0.00427667; 0.00507786 -0.00418267 -3.05095e-5 -0.00027401 -0.000360063 0.00427667 0.00644766]
Loglik: -136584.9083 
Loglik values on different cores:
[-1.36596e5,-1.36581e5,-136594.0,-1.36593e5,-1.36598e5,-1.36607e5,-1.36587e5,-1.36592e5,-1.36605e5,-1.36588e5]
	From worker 2:	ESS: 184.5508
	From worker 2:	Nbr resample: 25000 
	From worker 3:	ESS: 181.4243
	From worker 3:	Nbr resample: 25000 
	From worker 7:	ESS: 183.5658
	From worker 7:	Nbr resample: 25000 
	From worker 10:	ESS: 181.7142
	From worker 10:	Nbr resample: 25000 
	From worker 4:	ESS: 182.6567
	From worker 4:	Nbr resample: 25000 
	From worker 6:	ESS: 184.9823
	From worker 6:	Nbr resample: 25000 
	From worker 11:	ESS: 185.4181
	From worker 11:	Nbr resample: 25000 
	From worker 5:	ESS: 183.0200
	From worker 5:	Nbr resample: 25000 
	From worker 9:	ESS: 183.3586
	From worker 9:	Nbr resample: 25000 
	From worker 8:	ESS: 186.3601
	From worker 8:	Nbr resample: 25000 
Percentage done: 13.50 % 
Acceptance rate on iteration 2601 to 2700 is 0.1212
Covariance:
[0.0142753 -0.00763675 3.00509e-5 -0.00391852 -0.00218659 0.00587659 0.00507786; -0.00763675 0.00474602 -4.64358e-7 0.00171408 0.00103258 -0.00380993 -0.00418267; 3.00509e-5 -4.64358e-7 2.08123e-5 -5.51925e-5 -9.40214e-5 0.000121068 -3.05095e-5; -0.00391852 0.00171408 -5.51925e-5 0.0215736 0.0115852 -0.0227598 -0.00027401; -0.00218659 0.00103258 -9.40214e-5 0.0115852 0.00689162 -0.0138215 -0.000360063; 0.00587659 -0.00380993 0.000121068 -0.0227598 -0.0138215 0.0324489 0.00427667; 0.00507786 -0.00418267 -3.05095e-5 -0.00027401 -0.000360063 0.00427667 0.00644766]
Loglik: -136580.8889 
Loglik values on different cores:
[-1.36592e5,-1.36597e5,-1.36603e5,-1.36595e5,-1.36595e5,-1.366e5,-1.36579e5,-136584.0,-1.36601e5,-1.36605e5]
Percentage done: 14.00 % 
Acceptance rate on iteration 2701 to 2800 is 0.0707
Covariance:
[0.0142753 -0.00763675 3.00509e-5 -0.00391852 -0.00218659 0.00587659 0.00507786; -0.00763675 0.00474602 -4.64358e-7 0.00171408 0.00103258 -0.00380993 -0.00418267; 3.00509e-5 -4.64358e-7 2.08123e-5 -5.51925e-5 -9.40214e-5 0.000121068 -3.05095e-5; -0.00391852 0.00171408 -5.51925e-5 0.0215736 0.0115852 -0.0227598 -0.00027401; -0.00218659 0.00103258 -9.40214e-5 0.0115852 0.00689162 -0.0138215 -0.000360063; 0.00587659 -0.00380993 0.000121068 -0.0227598 -0.0138215 0.0324489 0.00427667; 0.00507786 -0.00418267 -3.05095e-5 -0.00027401 -0.000360063 0.00427667 0.00644766]
Loglik: -136576.7397 
Loglik values on different cores:
[-1.36609e5,-1.36581e5,-1.36597e5,-1.36586e5,-1.36604e5,-1.36583e5,-1.36589e5,-1.36595e5,-1.36599e5,-1.36591e5]
Percentage done: 14.50 % 
Acceptance rate on iteration 2801 to 2900 is 0.1010
Covariance:
[0.0142753 -0.00763675 3.00509e-5 -0.00391852 -0.00218659 0.00587659 0.00507786; -0.00763675 0.00474602 -4.64358e-7 0.00171408 0.00103258 -0.00380993 -0.00418267; 3.00509e-5 -4.64358e-7 2.08123e-5 -5.51925e-5 -9.40214e-5 0.000121068 -3.05095e-5; -0.00391852 0.00171408 -5.51925e-5 0.0215736 0.0115852 -0.0227598 -0.00027401; -0.00218659 0.00103258 -9.40214e-5 0.0115852 0.00689162 -0.0138215 -0.000360063; 0.00587659 -0.00380993 0.000121068 -0.0227598 -0.0138215 0.0324489 0.00427667; 0.00507786 -0.00418267 -3.05095e-5 -0.00027401 -0.000360063 0.00427667 0.00644766]
