run Normal prior model
#####################################################################
Starting MCMC with adaptive RW estimating 7 parameters
Algorithm: MCWM
Adaptation algorithm: AMUpdate_gen
Prior distribution: Normal
Particel filter: parallel_bootstrap, on 10 cores
Iteration: 1
Covariance:
[0.142857 0.0 0.0 0.0 0.0 0.0 0.0; 0.0 0.142857 0.0 0.0 0.0 0.0 0.0; 0.0 0.0 0.142857 0.0 0.0 0.0 0.0; 0.0 0.0 0.0 0.142857 0.0 0.0 0.0; 0.0 0.0 0.0 0.0 0.142857 0.0 0.0; 0.0 0.0 0.0 0.0 0.0 0.142857 0.0; 0.0 0.0 0.0 0.0 0.0 0.0 0.142857]
	From worker 2:	ESS: 186.7627
	From worker 2:	Nbr resample: 24841 
	From worker 3:	ESS: 189.4982
	From worker 3:	Nbr resample: 24841 
	From worker 6:	ESS: 188.8729
	From worker 6:	Nbr resample: 24841 
	From worker 7:	ESS: 189.6396
	From worker 9:	ESS: 191.1307
	From worker 9:	Nbr resample: 24841 
	From worker 7:	Nbr resample: 24841 
	From worker 4:	ESS: 188.8656
	From worker 4:	Nbr resample: 24841 
	From worker 5:	ESS: 180.8277
	From worker 5:	Nbr resample: 24841 
	From worker 11:	ESS: 190.9462
	From worker 11:	Nbr resample: 24841 
	From worker 10:	ESS: 188.4871
	From worker 10:	Nbr resample: 24841 
	From worker 8:	ESS: 188.4541
	From worker 8:	Nbr resample: 24841 
Loglik: -161566.4657 
Percentage done: 0.33 % 
Acceptance rate on iteration 1 to 100 is 0.1212
Covariance:
[0.00397538 -0.00110845 -0.000350333 0.000733845 -0.00108148 -0.000485313 -0.000659455; -0.00110845 0.00551625 0.000446505 -0.00144922 0.000486445 0.00104014 0.000339321; -0.000350333 0.000446505 0.003419 -0.000196859 0.000505744 0.000142636 0.000578421; 0.000733845 -0.00144922 -0.000196859 0.00406405 -0.000344209 -0.000704457 6.56877e-7; -0.00108148 0.000486445 0.000505744 -0.000344209 0.00541758 6.82089e-5 0.0015811; -0.000485313 0.00104014 0.000142636 -0.000704457 6.82089e-5 0.00363984 -0.000111567; -0.000659455 0.000339321 0.000578421 6.56877e-7 0.0015811 -0.000111567 0.00505247]
Loglik: -142108.4267 
Loglik values on different cores:
[-1.42178e5,-1.4218e5,-1.42192e5,-1.42194e5,-1.42264e5,-1.42228e5,-1.42225e5,-142232.0,-1.42172e5,-142188.0]
	From worker 5:	ESS: 122.8513
	From worker 5:	Nbr resample: 24841 
	From worker 2:	ESS: 136.4781
	From worker 2:	Nbr resample: 24841 
	From worker 9:	ESS: 117.5396
	From worker 9:	Nbr resample: 24841 
	From worker 7:	ESS: 121.8577
	From worker 7:	Nbr resample: 24841 
	From worker 4:	ESS: 118.2808
	From worker 4:	Nbr resample: 24841 
	From worker 3:	ESS: 126.1541
	From worker 3:	Nbr resample: 24841 
	From worker 10:	ESS: 132.7591
	From worker 10:	Nbr resample: 24841 
	From worker 8:	ESS: 117.8995
	From worker 8:	Nbr resample: 24841 
	From worker 6:	ESS: 114.7746
	From worker 6:	Nbr resample: 24841 
	From worker 11:	ESS: 118.4844
	From worker 11:	Nbr resample: 24841 
	From worker 5:	ESS: 127.8214
	From worker 5:	Nbr resample: 24841 
	From worker 2:	ESS: 116.3804
	From worker 2:	Nbr resample: 24841 
	From worker 9:	ESS: 120.5709
	From worker 9:	Nbr resample: 24841 
	From worker 4:	ESS: 140.6295
	From worker 4:	Nbr resample: 24841 
	From worker 3:	ESS: 124.9657
	From worker 3:	Nbr resample: 24841 
	From worker 6:	ESS: 136.2691
	From worker 6:	Nbr resample: 24841 
	From worker 7:	ESS: 127.3854
	From worker 7:	Nbr resample: 24841 
	From worker 10:	ESS: 123.7842
	From worker 10:	Nbr resample: 24841 
	From worker 11:	ESS: 128.4033
	From worker 11:	Nbr resample: 24841 
	From worker 8:	ESS: 120.3916
	From worker 8:	Nbr resample: 24841 
Percentage done: 0.67 % 
Acceptance rate on iteration 101 to 200 is 0.3030
Covariance:
[0.00774899 -0.00134291 -0.00271189 0.00321968 0.0083356 0.000475965 0.00220922; -0.00134291 0.00147126 0.000583285 -0.000815713 -0.0012578 0.000162605 -0.000499125; -0.00271189 0.000583285 0.00189816 -0.001232 -0.00314459 -0.000298368 -0.000900779; 0.00321968 -0.000815713 -0.001232 0.00238432 0.00382153 5.74744e-5 0.00104409; 0.0083356 -0.0012578 -0.00314459 0.00382153 0.0121109 0.000632124 0.00332125; 0.000475965 0.000162605 -0.000298368 5.74744e-5 0.000632124 0.00135844 5.2406e-5; 0.00220922 -0.000499125 -0.000900779 0.00104409 0.00332125 5.2406e-5 0.00247623]
Loglik: -141676.5678 
Loglik values on different cores:
[-1.41728e5,-1.41703e5,-1.41693e5,-1.41691e5,-1.41745e5,-1.41742e5,-141725.0,-1.41686e5,-1.41744e5,-1.41682e5]
	From worker 5:	ESS: 150.5473
	From worker 5:	Nbr resample: 24841 
	From worker 2:	ESS: 144.4435
	From worker 2:	Nbr resample: 24841 
	From worker 3:	ESS: 147.0707
	From worker 3:	Nbr resample: 24841 
	From worker 9:	ESS: 145.3979
	From worker 9:	Nbr resample: 24841 
	From worker 7:	ESS: 147.9546
	From worker 7:	Nbr resample: 24841 
	From worker 4:	ESS: 140.7372
	From worker 4:	Nbr resample: 24841 
	From worker 10:	ESS: 148.4910
	From worker 10:	Nbr resample: 24841 
	From worker 6:	ESS: 147.9295
	From worker 6:	Nbr resample: 24841 
	From worker 11:	ESS: 143.3267
	From worker 11:	Nbr resample: 24841 
	From worker 8:	ESS: 150.4445
	From worker 8:	Nbr resample: 24841 
	From worker 9:	ESS: 153.2807
	From worker 9:	Nbr resample: 24841 
	From worker 4:	ESS: 149.4905
	From worker 4:	Nbr resample: 24841 
	From worker 7:	ESS: 148.3952
	From worker 7:	Nbr resample: 24841 
	From worker 2:	ESS: 146.1558
	From worker 2:	Nbr resample: 24841 
	From worker 10:	ESS: 150.0783
	From worker 10:	Nbr resample: 24841 
	From worker 8:	ESS: 147.2985
	From worker 8:	Nbr resample: 24841 
	From worker 3:	ESS: 143.8290
	From worker 3:	Nbr resample: 24841 
	From worker 5:	ESS: 147.6310
	From worker 5:	Nbr resample: 24841 
	From worker 6:	ESS: 153.9464
	From worker 6:	Nbr resample: 24841 
	From worker 11:	ESS: 146.9238
	From worker 11:	Nbr resample: 24841 
Percentage done: 1.00 % 
Acceptance rate on iteration 201 to 300 is 0.1818
Covariance:
[0.00832801 -0.00167752 -0.00316415 0.00470673 0.0115721 -0.0020898 0.00409361; -0.00167752 0.000714473 0.000680321 -0.00104864 -0.00230729 0.000537813 -0.000897128; -0.00316415 0.000680321 0.00151002 -0.00185785 -0.00450919 0.000778494 -0.0016454; 0.00470673 -0.00104864 -0.00185785 0.00306241 0.00681512 -0.0013625 0.00247795; 0.0115721 -0.00230729 -0.00450919 0.00681512 0.0173497 -0.00314633 0.00618554; -0.0020898 0.000537813 0.000778494 -0.0013625 -0.00314633 0.00126664 -0.00126717; 0.00409361 -0.000897128 -0.0016454 0.00247795 0.00618554 -0.00126717 0.00274383]
Loglik: -141634.6921 
Loglik values on different cores:
[-141700.0,-1.41637e5,-141646.0,-1.41661e5,-141718.0,-1.41704e5,-1.41641e5,-1.41642e5,-1.41647e5,-1.41657e5]
	From worker 5:	ESS: 151.9811
	From worker 5:	Nbr resample: 24841 
	From worker 2:	ESS: 153.1244
	From worker 2:	Nbr resample: 24841 
	From worker 3:	ESS: 149.6488
	From worker 3:	Nbr resample: 24841 
	From worker 4:	ESS: 152.1407
	From worker 4:	Nbr resample: 24841 
	From worker 7:	ESS: 151.4251
	From worker 7:	Nbr resample: 24841 
	From worker 10:	ESS: 151.2006
	From worker 10:	Nbr resample: 24841 
	From worker 9:	ESS: 150.1956
	From worker 9:	Nbr resample: 24841 
	From worker 6:	ESS: 149.1141
	From worker 6:	Nbr resample: 24841 
	From worker 8:	ESS: 145.3414
	From worker 8:	Nbr resample: 24841 
	From worker 11:	ESS: 154.2561
	From worker 11:	Nbr resample: 24841 
	From worker 2:	ESS: 157.5528
	From worker 2:	Nbr resample: 24841 
	From worker 8:	ESS: 153.0161
	From worker 8:	Nbr resample: 24841 
	From worker 5:	ESS: 153.6237
	From worker 5:	Nbr resample: 24841 
	From worker 9:	ESS: 153.4335
	From worker 9:	Nbr resample: 24841 
	From worker 4:	ESS: 155.0081
	From worker 4:	Nbr resample: 24841 
	From worker 6:	ESS: 150.9878
	From worker 6:	Nbr resample: 24841 
	From worker 7:	ESS: 148.7241
	From worker 7:	Nbr resample: 24841 
	From worker 3:	ESS: 156.6809
	From worker 3:	Nbr resample: 24841 
	From worker 10:	ESS: 148.7629
	From worker 10:	Nbr resample: 24841 
	From worker 11:	ESS: 150.7301
	From worker 11:	Nbr resample: 24841 
Percentage done: 1.33 % 
Acceptance rate on iteration 301 to 400 is 0.2828
Covariance:
[0.00602914 -0.00123055 -0.00188772 0.00335074 0.00823785 -0.00132269 0.00308841; -0.00123055 0.000452799 0.000409327 -0.000755562 -0.00168768 0.000326326 -0.00070299; -0.00188772 0.000409327 0.000801661 -0.00110154 -0.00268754 0.000434034 -0.00100493; 0.00335074 -0.000755562 -0.00110154 0.00210304 0.00477569 -0.000822558 0.00185923; 0.00823785 -0.00168768 -0.00268754 0.00477569 0.012185 -0.00200623 0.00457867; -0.00132269 0.000326326 0.000434034 -0.000822558 -0.00200623 0.000700968 -0.000826836; 0.00308841 -0.00070299 -0.00100493 0.00185923 0.00457867 -0.000826836 0.00211652]
Loglik: -141636.3962 
Loglik values on different cores:
[-141679.0,-1.41711e5,-1.41633e5,-1.41655e5,-1.41679e5,-1.41666e5,-1.41617e5,-141669.0,-1.41684e5,-1.41664e5]
	From worker 9:	ESS: 165.0651
	From worker 9:	Nbr resample: 24841 
	From worker 5:	ESS: 164.0016
	From worker 5:	Nbr resample: 24841 
	From worker 2:	ESS: 157.8484
	From worker 2:	Nbr resample: 24841 
	From worker 4:	ESS: 159.8751
	From worker 4:	Nbr resample: 24841 
	From worker 3:	ESS: 155.0251
	From worker 3:	Nbr resample: 24841 
	From worker 10:	ESS: 155.8858
	From worker 10:	Nbr resample: 24841 
	From worker 7:	ESS: 153.5444
	From worker 7:	Nbr resample: 24841 
	From worker 8:	ESS: 159.7323
	From worker 8:	Nbr resample: 24841 
	From worker 6:	ESS: 159.2645
	From worker 6:	Nbr resample: 24841 
	From worker 11:	ESS: 158.0174
	From worker 11:	Nbr resample: 24841 
	From worker 7:	ESS: 159.6869
	From worker 7:	Nbr resample: 24841 
	From worker 2:	ESS: 150.8757
	From worker 2:	Nbr resample: 24841 
	From worker 9:	ESS: 157.9264
	From worker 9:	Nbr resample: 24841 
	From worker 5:	ESS: 159.2510
	From worker 5:	Nbr resample: 24841 
	From worker 3:	ESS: 148.7236
	From worker 3:	Nbr resample: 24841 
	From worker 6:	ESS: 157.3702
	From worker 6:	Nbr resample: 24841 
	From worker 4:	ESS: 162.1601
	From worker 4:	Nbr resample: 24841 
	From worker 10:	ESS: 151.0110
	From worker 10:	Nbr resample: 24841 
	From worker 11:	ESS: 156.4370
	From worker 8:	ESS: 156.3316
	From worker 8:	Nbr resample: 24841 
	From worker 11:	Nbr resample: 24841 
Percentage done: 1.67 % 
Acceptance rate on iteration 401 to 500 is 0.3939
Covariance:
[0.00537972 -0.00122187 -0.00121836 0.00301009 0.00780953 -0.00192988 0.00272062; -0.00122187 0.000419876 0.000264758 -0.000729042 -0.00178515 0.000521834 -0.000666273; -0.00121836 0.000264758 0.00052716 -0.000719886 -0.00173741 0.000268353 -0.000641657; 0.00301009 -0.000729042 -0.000719886 0.0019352 0.0044132 -0.00118764 0.00164791; 0.00780953 -0.00178515 -0.00173741 0.0044132 0.012397 -0.00294414 0.00414758; -0.00192988 0.000521834 0.000268353 -0.00118764 -0.00294414 0.00135477 -0.00108589; 0.00272062 -0.000666273 -0.000641657 0.00164791 0.00414758 -0.00108589 0.00174947]
Loglik: -141610.4695 
Loglik values on different cores:
[-1.41659e5,-1.4164e5,-141648.0,-1.41675e5,-1.41633e5,-1.41652e5,-1.41633e5,-1.41699e5,-1.41676e5,-1.41694e5]
	From worker 7:	ESS: 155.5795
	From worker 7:	Nbr resample: 24841 
	From worker 4:	ESS: 155.9832
	From worker 4:	Nbr resample: 24841 
	From worker 3:	ESS: 157.5764
	From worker 3:	Nbr resample: 24841 
	From worker 10:	ESS: 161.2623
	From worker 10:	Nbr resample: 24841 
	From worker 5:	ESS: 152.0855
	From worker 5:	Nbr resample: 24841 
	From worker 9:	ESS: 159.3421
	From worker 9:	Nbr resample: 24841 
	From worker 2:	ESS: 155.4336
	From worker 2:	Nbr resample: 24841 
	From worker 8:	ESS: 161.9589
	From worker 8:	Nbr resample: 24841 
	From worker 11:	ESS: 151.6895
	From worker 11:	Nbr resample: 24841 
	From worker 6:	ESS: 159.1587
	From worker 6:	Nbr resample: 24841 
	From worker 2:	ESS: 161.5295
	From worker 2:	Nbr resample: 24841 
	From worker 9:	ESS: 163.5376
	From worker 9:	Nbr resample: 24841 
	From worker 6:	ESS: 163.4084
	From worker 6:	Nbr resample: 24841 
	From worker 5:	ESS: 165.2965
	From worker 5:	Nbr resample: 24841 
	From worker 7:	ESS: 165.4285
	From worker 7:	Nbr resample: 24841 
	From worker 4:	ESS: 163.7200
	From worker 4:	Nbr resample: 24841 
	From worker 3:	ESS: 158.2434
	From worker 3:	Nbr resample: 24841 
	From worker 10:	ESS: 168.4774
	From worker 10:	Nbr resample: 24841 
	From worker 11:	ESS: 163.6366
	From worker 11:	Nbr resample: 24841 
	From worker 8:	ESS: 162.1975
	From worker 8:	Nbr resample: 24841 
Percentage done: 2.00 % 
Acceptance rate on iteration 501 to 600 is 0.3939
Covariance:
[0.00436862 -0.00100598 -0.000849174 0.00246167 0.00626843 -0.00177672 0.00232425; -0.00100598 0.000352475 0.000190254 -0.000604464 -0.00144631 0.000480122 -0.000603108; -0.000849174 0.000190254 0.00038702 -0.000499479 -0.00121809 0.0001766 -0.000458861; 0.00246167 -0.000604464 -0.000499479 0.00159776 0.00352812 -0.00110571 0.00141882; 0.00626843 -0.00144631 -0.00121809 0.00352812 0.00991806 -0.00273847 0.0034899; -0.00177672 0.000480122 0.0001766 -0.00110571 -0.00273847 0.00140631 -0.00109271; 0.00232425 -0.000603108 -0.000458861 0.00141882 0.0034899 -0.00109271 0.00158272]
Loglik: -141570.9690 
Loglik values on different cores:
[-1.41643e5,-1.41639e5,-1.41626e5,-1.41617e5,-1.41669e5,-1.41611e5,-1.41657e5,-1.41689e5,-1.41667e5,-1.41702e5]
	From worker 3:	ESS: 164.4992
	From worker 3:	Nbr resample: 24841 
	From worker 7:	ESS: 164.4016
	From worker 7:	Nbr resample: 24841 
	From worker 4:	ESS: 159.6122
	From worker 4:	Nbr resample: 24841 
	From worker 9:	ESS: 160.0518
	From worker 9:	Nbr resample: 24841 
	From worker 2:	ESS: 155.5458
	From worker 2:	Nbr resample: 24841 
	From worker 5:	ESS: 166.1403
	From worker 5:	Nbr resample: 24841 
	From worker 6:	ESS: 164.1250
	From worker 6:	Nbr resample: 24841 
	From worker 10:	ESS: 161.1242
	From worker 10:	Nbr resample: 24841 
	From worker 11:	ESS: 165.8625
	From worker 11:	Nbr resample: 24841 
	From worker 8:	ESS: 167.3847
	From worker 8:	Nbr resample: 24841 
	From worker 5:	ESS: 161.9845
	From worker 5:	Nbr resample: 24841 
	From worker 4:	ESS: 167.1650
	From worker 4:	Nbr resample: 24841 
	From worker 10:	ESS: 163.2828
	From worker 10:	Nbr resample: 24841 
	From worker 9:	ESS: 163.5517
	From worker 9:	Nbr resample: 24841 
	From worker 8:	ESS: 160.0367
	From worker 8:	Nbr resample: 24841 
	From worker 2:	ESS: 160.6746
	From worker 2:	Nbr resample: 24841 
	From worker 3:	ESS: 163.6322
	From worker 3:	Nbr resample: 24841 
	From worker 7:	ESS: 160.5267
	From worker 7:	Nbr resample: 24841 
	From worker 11:	ESS: 165.7645
	From worker 11:	Nbr resample: 24841 
	From worker 6:	ESS: 159.4372
	From worker 6:	Nbr resample: 24841 
Percentage done: 2.33 % 
Acceptance rate on iteration 601 to 700 is 0.3636
Covariance:
[0.00369186 -0.000945457 -0.00054416 0.00196702 0.00504446 -0.00137426 0.00190637; -0.000945457 0.000347579 0.000104402 -0.000515901 -0.00114347 0.000311132 -0.000490716; -0.00054416 0.000104402 0.000289402 -0.000339708 -0.000902611 0.000198577 -0.000359846; 0.00196702 -0.000515901 -0.000339708 0.00126298 0.00260553 -0.000875064 0.00117443; 0.00504446 -0.00114347 -0.000902611 0.00260553 0.0101126 -0.00318543 0.00312267; -0.00137426 0.000311132 0.000198577 -0.000875064 -0.00318543 0.00189485 -0.00128289; 0.00190637 -0.000490716 -0.000359846 0.00117443 0.00312267 -0.00128289 0.00154533]
Loglik: -141624.4455 
Loglik values on different cores:
[-1.41659e5,-1.41668e5,-1.41652e5,-1.41692e5,-1.41701e5,-1.41682e5,-141623.0,-1.41675e5,-1.41649e5,-1.41689e5]
	From worker 5:	ESS: 162.9591
	From worker 5:	Nbr resample: 24841 
	From worker 7:	ESS: 156.4322
	From worker 7:	Nbr resample: 24841 
	From worker 4:	ESS: 160.8475
	From worker 4:	Nbr resample: 24841 
	From worker 10:	ESS: 165.2482
	From worker 10:	Nbr resample: 24841 
	From worker 2:	ESS: 160.7547
	From worker 2:	Nbr resample: 24841 
	From worker 9:	ESS: 159.5940
	From worker 9:	Nbr resample: 24841 
	From worker 8:	ESS: 157.2251
	From worker 8:	Nbr resample: 24841 
	From worker 3:	ESS: 159.5602
	From worker 3:	Nbr resample: 24841 
	From worker 6:	ESS: 156.1063
	From worker 6:	Nbr resample: 24841 
	From worker 11:	ESS: 160.7688
	From worker 11:	Nbr resample: 24841 
	From worker 3:	ESS: 162.3695
	From worker 3:	Nbr resample: 24841 
	From worker 9:	ESS: 162.0378
	From worker 9:	Nbr resample: 24841 
	From worker 5:	ESS: 169.4469
	From worker 5:	Nbr resample: 24841 
	From worker 4:	ESS: 161.3922
	From worker 4:	Nbr resample: 24841 
	From worker 2:	ESS: 160.5577
	From worker 2:	Nbr resample: 24841 
	From worker 7:	ESS: 154.1761
	From worker 7:	Nbr resample: 24841 
	From worker 10:	ESS: 160.0726
	From worker 10:	Nbr resample: 24841 
	From worker 6:	ESS: 160.2479
	From worker 6:	Nbr resample: 24841 
	From worker 8:	ESS: 158.0022
	From worker 8:	Nbr resample: 24841 
	From worker 11:	ESS: 162.6294
	From worker 11:	Nbr resample: 24841 
Percentage done: 2.67 % 
Acceptance rate on iteration 701 to 800 is 0.3535
Covariance:
[0.00307559 -0.000843122 -0.000416714 0.0016176 0.00417583 -0.000838971 0.0015272; -0.000843122 0.000326081 8.90485e-5 -0.000461168 -0.00103823 0.000151 -0.000441608; -0.000416714 8.90485e-5 0.000229546 -0.000263128 -0.000565329 0.000138292 -0.00024312; 0.0016176 -0.000461168 -0.000263128 0.00104773 0.0022542 -0.000608863 0.00103279; 0.00417583 -0.00103823 -0.000565329 0.0022542 0.0100903 -0.00264474 0.00317492; -0.000838971 0.000151 0.000138292 -0.000608863 -0.00264474 0.00198498 -0.00102975; 0.0015272 -0.000441608 -0.00024312 0.00103279 0.00317492 -0.00102975 0.00167666]
Loglik: -141628.8963 
Loglik values on different cores:
[-1.41739e5,-1.41661e5,-141661.0,-1.41651e5,-1.41689e5,-1.4171e5,-1.41689e5,-1.4172e5,-1.41672e5,-1.41673e5]
	From worker 2:	ESS: 166.5494
	From worker 2:	Nbr resample: 24841 
	From worker 5:	ESS: 167.2844
	From worker 5:	Nbr resample: 24841 
	From worker 7:	ESS: 164.8705
	From worker 7:	Nbr resample: 24841 
	From worker 4:	ESS: 160.4740
	From worker 4:	Nbr resample: 24841 
	From worker 10:	ESS: 167.5345
	From worker 10:	Nbr resample: 24841 
	From worker 9:	ESS: 165.4844
	From worker 9:	Nbr resample: 24841 
	From worker 3:	ESS: 165.1334
	From worker 3:	Nbr resample: 24841 
	From worker 8:	ESS: 155.4487
	From worker 8:	Nbr resample: 24841 
	From worker 6:	ESS: 166.0892
	From worker 6:	Nbr resample: 24841 
	From worker 11:	ESS: 168.1804
	From worker 11:	Nbr resample: 24841 
	From worker 3:	ESS: 166.4541
	From worker 3:	Nbr resample: 24841 
	From worker 8:	ESS: 163.7230
	From worker 8:	Nbr resample: 24841 
	From worker 9:	ESS: 168.3275
	From worker 9:	Nbr resample: 24841 
	From worker 2:	ESS: 159.0058
	From worker 2:	Nbr resample: 24841 
	From worker 7:	ESS: 164.2480
	From worker 7:	Nbr resample: 24841 
	From worker 5:	ESS: 167.5155
	From worker 5:	Nbr resample: 24841 
	From worker 6:	ESS: 169.1570
	From worker 6:	Nbr resample: 24841 
	From worker 10:	ESS: 159.6201
	From worker 10:	Nbr resample: 24841 
	From worker 4:	ESS: 167.3112
	From worker 4:	Nbr resample: 24841 
	From worker 11:	ESS: 159.0635
	From worker 11:	Nbr resample: 24841 
Percentage done: 3.00 % 
Acceptance rate on iteration 801 to 900 is 0.4444
Covariance:
[0.00297526 -0.000793728 -0.000389644 0.00156736 0.00402789 -0.00094314 0.00151486; -0.000793728 0.000301551 8.08452e-5 -0.000421961 -0.000862288 0.000122416 -0.000403134; -0.000389644 8.08452e-5 0.000232476 -0.000259675 -0.000316111 0.000142641 -0.000178602; 0.00156736 -0.000421961 -0.000259675 0.00103139 0.0024375 -0.000672318 0.00106066; 0.00402789 -0.000862288 -0.000316111 0.0024375 0.0186748 -0.0029728 0.00542333; -0.00094314 0.000122416 0.000142641 -0.000672318 -0.0029728 0.00216975 -0.00113334; 0.00151486 -0.000403134 -0.000178602 0.00106066 0.00542333 -0.00113334 0.00235943]
Loglik: -141616.7400 
Loglik values on different cores:
[-1.41666e5,-1.41673e5,-1.41646e5,-1.41679e5,-1.41647e5,-141634.0,-1.41723e5,-1.41657e5,-1.417e5,-1.41652e5]
	From worker 5:	ESS: 162.2010
	From worker 5:	Nbr resample: 24841 
	From worker 3:	ESS: 154.8817
	From worker 3:	Nbr resample: 24841 
	From worker 7:	ESS: 159.4309
	From worker 7:	Nbr resample: 24841 
	From worker 4:	ESS: 163.4254
	From worker 4:	Nbr resample: 24841 
	From worker 2:	ESS: 164.2205
	From worker 2:	Nbr resample: 24841 
	From worker 9:	ESS: 159.0371
	From worker 9:	Nbr resample: 24841 
	From worker 10:	ESS: 165.2917
	From worker 10:	Nbr resample: 24841 
	From worker 6:	ESS: 164.9330
	From worker 6:	Nbr resample: 24841 
	From worker 11:	ESS: 162.0579
	From worker 11:	Nbr resample: 24841 
	From worker 8:	ESS: 164.4774
	From worker 8:	Nbr resample: 24841 
	From worker 2:	ESS: 164.2717
	From worker 2:	Nbr resample: 24841 
	From worker 3:	ESS: 157.3055
	From worker 3:	Nbr resample: 24841 
	From worker 9:	ESS: 162.9661
	From worker 9:	Nbr resample: 24841 
	From worker 7:	ESS: 158.2219
	From worker 7:	Nbr resample: 24841 
	From worker 10:	ESS: 164.7568
	From worker 10:	Nbr resample: 24841 
	From worker 8:	ESS: 168.8306
	From worker 8:	Nbr resample: 24841 
	From worker 5:	ESS: 166.6538
	From worker 5:	Nbr resample: 24841 
	From worker 4:	ESS: 166.1414
	From worker 4:	Nbr resample: 24841 
	From worker 6:	ESS: 161.6011
	From worker 6:	Nbr resample: 24841 
	From worker 11:	ESS: 159.8453
	From worker 11:	Nbr resample: 24841 
Percentage done: 3.33 % 
Acceptance rate on iteration 901 to 1000 is 0.3838
Covariance:
[0.00316257 -0.000988388 -0.000287044 0.00167878 0.000829651 -0.000125452 0.00226885; -0.000988388 0.000436838 8.2156e-5 -0.000512644 0.000781177 -0.000239528 -0.000893122; -0.000287044 8.2156e-5 0.000237257 -0.000152336 0.000313276 9.20216e-5 -0.00018874; 0.00167878 -0.000512644 -0.000152336 0.00114028 0.00134283 -0.000184456 0.00140442; 0.000829651 0.000781177 0.000313276 0.00134283 0.0319757 -0.00480125 9.31165e-5; -0.000125452 -0.000239528 9.20216e-5 -0.000184456 -0.00480125 0.00275602 -4.64582e-5; 0.00226885 -0.000893122 -0.00018874 0.00140442 9.31165e-5 -4.64582e-5 0.00364598]
Loglik: -141654.6119 
Loglik values on different cores:
[-1.41699e5,-1.41705e5,-1.41651e5,-1.41657e5,-1.41676e5,-141713.0,-1.4171e5,-1.41646e5,-1.41688e5,-1.41687e5]
	From worker 10:	ESS: 156.5354
	From worker 10:	Nbr resample: 24841 
	From worker 9:	ESS: 149.3266
	From worker 9:	Nbr resample: 24841 
	From worker 7:	ESS: 157.9739
	From worker 7:	Nbr resample: 24841 
	From worker 2:	ESS: 151.1101
	From worker 2:	Nbr resample: 24841 
	From worker 5:	ESS: 152.4062
	From worker 5:	Nbr resample: 24841 
	From worker 3:	ESS: 148.9457
	From worker 3:	Nbr resample: 24841 
	From worker 4:	ESS: 151.8540
	From worker 4:	Nbr resample: 24841 
	From worker 6:	ESS: 154.3667
	From worker 6:	Nbr resample: 24841 
	From worker 8:	ESS: 150.4336
	From worker 8:	Nbr resample: 24841 
	From worker 11:	ESS: 151.1309
	From worker 11:	Nbr resample: 24841 
	From worker 2:	ESS: 147.1082
	From worker 2:	Nbr resample: 24841 
	From worker 3:	ESS: 149.5526
	From worker 3:	Nbr resample: 24841 
	From worker 5:	ESS: 150.9902
	From worker 5:	Nbr resample: 24841 
	From worker 7:	ESS: 150.8495
	From worker 7:	Nbr resample: 24841 
	From worker 4:	ESS: 146.1630
	From worker 4:	Nbr resample: 24841 
	From worker 9:	ESS: 147.5704
	From worker 9:	Nbr resample: 24841 
	From worker 8:	ESS: 147.7047
	From worker 8:	Nbr resample: 24841 
	From worker 6:	ESS: 141.5869
	From worker 6:	Nbr resample: 24841 
	From worker 10:	ESS: 148.9427
	From worker 10:	Nbr resample: 24841 
	From worker 11:	ESS: 149.4639
	From worker 11:	Nbr resample: 24841 
Percentage done: 3.67 % 
Acceptance rate on iteration 1001 to 1100 is 0.3838
Covariance:
[0.00328425 -0.00104013 -0.000366151 0.00164131 0.000443211 0.000211498 0.0023969; -0.00104013 0.000471201 0.000121867 -0.000618665 0.000301988 -0.000117665 -0.000979226; -0.000366151 0.000121867 0.00024175 -0.00028022 -0.000215989 0.000216867 -0.000274303; 0.00164131 -0.000618665 -0.00028022 0.00189154 0.00442308 -0.00152131 0.00147165; 0.000443211 0.000301988 -0.000215989 0.00442308 0.0445603 -0.0102829 -0.000379526; 0.000211498 -0.000117665 0.000216867 -0.00152131 -0.0102829 0.00524805 0.000122614; 0.0023969 -0.000979226 -0.000274303 0.00147165 -0.000379526 0.000122614 0.00381441]
Loglik: -141613.2877 
Loglik values on different cores:
[-1.41637e5,-1.41662e5,-1.41675e5,-1.41667e5,-141678.0,-1.4166e5,-1.41674e5,-1.41655e5,-1.41638e5,-1.41602e5]
	From worker 9:	ESS: 164.7862
	From worker 9:	Nbr resample: 24841 
	From worker 10:	ESS: 166.0983
	From worker 10:	Nbr resample: 24841 
	From worker 8:	ESS: 165.8712
	From worker 8:	Nbr resample: 24841 
	From worker 5:	ESS: 165.0622
	From worker 5:	Nbr resample: 24841 
	From worker 2:	ESS: 159.6895
	From worker 2:	Nbr resample: 24841 
	From worker 6:	ESS: 160.5369
	From worker 6:	Nbr resample: 24841 
	From worker 7:	ESS: 158.6061
	From worker 7:	Nbr resample: 24841 
	From worker 3:	ESS: 164.3901
	From worker 3:	Nbr resample: 24841 
	From worker 4:	ESS: 160.5226
	From worker 4:	Nbr resample: 24841 
	From worker 11:	ESS: 158.3573
	From worker 11:	Nbr resample: 24841 
	From worker 5:	ESS: 157.5087
	From worker 5:	Nbr resample: 24841 
	From worker 3:	ESS: 163.9070
	From worker 3:	Nbr resample: 24841 
	From worker 7:	ESS: 156.6270
	From worker 7:	Nbr resample: 24841 
	From worker 4:	ESS: 160.8300
	From worker 4:	Nbr resample: 24841 
	From worker 2:	ESS: 167.6934
	From worker 2:	Nbr resample: 24841 
	From worker 9:	ESS: 164.4541
	From worker 9:	Nbr resample: 24841 
	From worker 6:	ESS: 168.1690
	From worker 6:	Nbr resample: 24841 
	From worker 10:	ESS: 164.0328
	From worker 10:	Nbr resample: 24841 
	From worker 8:	ESS: 165.0814
	From worker 8:	Nbr resample: 24841 
	From worker 11:	ESS: 167.1511
	From worker 11:	Nbr resample: 24841 
Percentage done: 4.00 % 
Acceptance rate on iteration 1101 to 1200 is 0.3434
Covariance:
[0.00396136 -0.0012432 -0.000342116 0.00219522 -0.00158781 0.000450157 0.00275061; -0.0012432 0.000540117 7.0669e-5 -0.000571457 0.000672366 -0.000301816 -0.00111042; -0.000342116 7.0669e-5 0.000279972 -0.000478129 -0.000142323 0.000379196 -0.000102305; 0.00219522 -0.000571457 -0.000478129 0.00397646 -0.00124015 -0.00211285 0.00138194; -0.00158781 0.000672366 -0.000142323 -0.00124015 0.0571237 -0.00823866 -0.00185588; 0.000450157 -0.000301816 0.000379196 -0.00211285 -0.00823866 0.00523153 0.000707821; 0.00275061 -0.00111042 -0.000102305 0.00138194 -0.00185588 0.000707821 0.00422124]
Loglik: -141595.9691 
Loglik values on different cores:
[-1.41626e5,-141673.0,-1.41708e5,-1.41606e5,-1.41664e5,-1.4169e5,-1.41629e5,-1.41628e5,-141691.0,-1.41687e5]
	From worker 9:	ESS: 155.9492
	From worker 9:	Nbr resample: 24841 
	From worker 4:	ESS: 164.9735
	From worker 4:	Nbr resample: 24841 
	From worker 3:	ESS: 167.4989
	From worker 3:	Nbr resample: 24841 
	From worker 5:	ESS: 152.4438
	From worker 5:	Nbr resample: 24841 
	From worker 2:	ESS: 160.0748
	From worker 2:	Nbr resample: 24841 
	From worker 6:	ESS: 156.4401
	From worker 6:	Nbr resample: 24841 
	From worker 7:	ESS: 163.1807
	From worker 7:	Nbr resample: 24841 
	From worker 8:	ESS: 158.3429
	From worker 8:	Nbr resample: 24841 
	From worker 10:	ESS: 157.2582
	From worker 10:	Nbr resample: 24841 
	From worker 11:	ESS: 171.6438
	From worker 11:	Nbr resample: 24841 
	From worker 7:	ESS: 158.6015
	From worker 7:	Nbr resample: 24841 
	From worker 10:	ESS: 160.4580
	From worker 10:	Nbr resample: 24841 
	From worker 5:	ESS: 159.6330
	From worker 5:	Nbr resample: 24841 
	From worker 2:	ESS: 159.4243
	From worker 2:	Nbr resample: 24841 
	From worker 8:	ESS: 156.8875
	From worker 8:	Nbr resample: 24841 
	From worker 9:	ESS: 157.5541
	From worker 9:	Nbr resample: 24841 
	From worker 6:	ESS: 157.4994
	From worker 6:	Nbr resample: 24841 
	From worker 4:	ESS: 163.1348
	From worker 4:	Nbr resample: 24841 
	From worker 3:	ESS: 159.3630
	From worker 3:	Nbr resample: 24841 
	From worker 11:	ESS: 158.3828
	From worker 11:	Nbr resample: 24841 
Percentage done: 4.33 % 
Acceptance rate on iteration 1201 to 1300 is 0.2929
Covariance:
[0.0061389 -0.00181727 -0.000378118 0.00278231 0.00235855 0.00102866 0.00415468; -0.00181727 0.000715643 8.03989e-5 -0.000770671 -3.14664e-5 -0.00048967 -0.00154163; -0.000378118 8.03989e-5 0.00028571 -0.000425187 0.000783028 0.00027491 -0.000137116; 0.00278231 -0.000770671 -0.000425187 0.0038033 0.000625153 -0.00167009 0.00164882; 0.00235855 -3.14664e-5 0.000783028 0.000625153 0.0774016 -0.00724044 -0.000183907; 0.00102866 -0.00048967 0.00027491 -0.00167009 -0.00724044 0.00479371 0.00129017; 0.00415468 -0.00154163 -0.000137116 0.00164882 -0.000183907 0.00129017 0.00503487]
Loglik: -141587.7043 
Loglik values on different cores:
[-1.41693e5,-1.41634e5,-1.41725e5,-1.41649e5,-141699.0,-1.41618e5,-1.41644e5,-1.4166e5,-141678.0,-1.4171e5]
	From worker 3:	ESS: 157.0975
	From worker 3:	Nbr resample: 24841 
	From worker 7:	ESS: 158.8342
	From worker 7:	Nbr resample: 24841 
	From worker 2:	ESS: 157.4225
	From worker 2:	Nbr resample: 24841 
	From worker 5:	ESS: 159.4134
	From worker 5:	Nbr resample: 24841 
	From worker 8:	ESS: 155.0226
	From worker 8:	Nbr resample: 24841 
	From worker 9:	ESS: 158.9581
	From worker 9:	Nbr resample: 24841 
	From worker 10:	ESS: 148.7964
	From worker 10:	Nbr resample: 24841 
	From worker 6:	ESS: 157.6506
	From worker 6:	Nbr resample: 24841 
	From worker 4:	ESS: 161.0487
	From worker 4:	Nbr resample: 24841 
	From worker 11:	ESS: 152.8071
	From worker 11:	Nbr resample: 24841 
	From worker 5:	ESS: 156.1126
	From worker 5:	Nbr resample: 24841 
	From worker 4:	ESS: 150.7094
	From worker 4:	Nbr resample: 24841 
	From worker 9:	ESS: 158.2258
	From worker 9:	Nbr resample: 24841 
	From worker 10:	ESS: 153.2413
	From worker 10:	Nbr resample: 24841 
	From worker 2:	ESS: 149.3504
	From worker 2:	Nbr resample: 24841 
	From worker 7:	ESS: 160.1629
	From worker 7:	Nbr resample: 24841 
	From worker 3:	ESS: 156.1611
	From worker 3:	Nbr resample: 24841 
	From worker 6:	ESS: 148.3829
	From worker 6:	Nbr resample: 24841 
	From worker 8:	ESS: 148.2362
	From worker 8:	Nbr resample: 24841 
	From worker 11:	ESS: 151.9946
	From worker 11:	Nbr resample: 24841 
Percentage done: 4.67 % 
Acceptance rate on iteration 1301 to 1400 is 0.3333
Covariance:
[0.00649779 -0.00189611 -0.000401467 0.00299366 0.00193498 0.0012389 0.00421068; -0.00189611 0.000759349 9.52153e-5 -0.000730106 0.000121542 -0.000589916 -0.00177505; -0.000401467 9.52153e-5 0.000327518 -0.000985325 0.00133247 0.000199086 -0.000102859; 0.00299366 -0.000730106 -0.000985325 0.00980495 -0.00710064 -0.00178496 0.000631837; 0.00193498 0.000121542 0.00133247 -0.00710064 0.077492 -0.00602511 0.000919053; 0.0012389 -0.000589916 0.000199086 -0.00178496 -0.00602511 0.0044701 0.00148855; 0.00421068 -0.00177505 -0.000102859 0.000631837 0.000919053 0.00148855 0.00647686]
Loglik: -141665.8362 
Loglik values on different cores:
[-1.41688e5,-1.41748e5,-141699.0,-141716.0,-1.41759e5,-1.41678e5,-1.41735e5,-1.41691e5,-141690.0,-1.41708e5]
	From worker 7:	ESS: 167.1019
	From worker 7:	Nbr resample: 24841 
	From worker 10:	ESS: 166.9084
	From worker 10:	Nbr resample: 24841 
	From worker 9:	ESS: 170.0031
	From worker 9:	Nbr resample: 24841 
	From worker 3:	ESS: 169.5889
	From worker 3:	Nbr resample: 24841 
	From worker 2:	ESS: 168.2571
	From worker 2:	Nbr resample: 24841 
	From worker 5:	ESS: 166.2152
	From worker 5:	Nbr resample: 24841 
	From worker 6:	ESS: 163.8001
	From worker 6:	Nbr resample: 24841 
	From worker 4:	ESS: 170.6796
	From worker 4:	Nbr resample: 24841 
	From worker 8:	ESS: 168.2224
	From worker 8:	Nbr resample: 24841 
	From worker 11:	ESS: 165.7361
	From worker 11:	Nbr resample: 24841 
	From worker 2:	ESS: 165.1640
	From worker 2:	Nbr resample: 24841 
	From worker 5:	ESS: 171.0495
	From worker 5:	Nbr resample: 24841 
	From worker 4:	ESS: 170.4794
	From worker 4:	Nbr resample: 24841 
	From worker 7:	ESS: 166.5334
	From worker 7:	Nbr resample: 24841 
	From worker 10:	ESS: 169.6333
	From worker 10:	Nbr resample: 24841 
	From worker 9:	ESS: 172.5393
	From worker 9:	Nbr resample: 24841 
	From worker 3:	ESS: 162.2301
	From worker 3:	Nbr resample: 24841 
	From worker 8:	ESS: 163.4674
	From worker 8:	Nbr resample: 24841 
	From worker 6:	ESS: 166.2846
	From worker 6:	Nbr resample: 24841 
	From worker 11:	ESS: 165.8587
	From worker 11:	Nbr resample: 24841 
Percentage done: 5.00 % 
Acceptance rate on iteration 1401 to 1500 is 0.2828
Covariance:
[0.00591716 -0.00176274 -0.000320095 -0.000424215 0.00167467 0.00197037 0.00410539; -0.00176274 0.000727053 0.000102538 0.000246844 0.000837443 -0.00100661 -0.0017508; -0.000320095 0.000102538 0.000353734 -0.0014555 0.00237409 -3.39967e-5 -9.91906e-5; -0.000424215 0.000246844 -0.0014555 0.0265017 -0.0155274 -0.00507157 -0.00216561; 0.00167467 0.000837443 0.00237409 -0.0155274 0.115264 -0.015742 -0.00122996; 0.00197037 -0.00100661 -3.39967e-5 -0.00507157 -0.015742 0.00801691 0.00269033; 0.00410539 -0.0017508 -9.91906e-5 -0.00216561 -0.00122996 0.00269033 0.00626118]
Loglik: -141591.6459 
Loglik values on different cores:
[-1.41645e5,-1.41656e5,-1.41665e5,-1.41687e5,-1.41635e5,-1.41612e5,-1.41625e5,-1.4164e5,-1.41646e5,-1.41594e5]
	From worker 4:	ESS: 157.6717
	From worker 4:	Nbr resample: 24841 
	From worker 9:	ESS: 154.8579
	From worker 9:	Nbr resample: 24841 
	From worker 5:	ESS: 158.6353
	From worker 5:	Nbr resample: 24841 
	From worker 2:	ESS: 158.1511
	From worker 2:	Nbr resample: 24841 
	From worker 3:	ESS: 154.8056
	From worker 3:	Nbr resample: 24841 
	From worker 7:	ESS: 150.5474
	From worker 7:	Nbr resample: 24841 
	From worker 6:	ESS: 152.8223
	From worker 6:	Nbr resample: 24841 
	From worker 10:	ESS: 159.7527
	From worker 10:	Nbr resample: 24841 
	From worker 11:	ESS: 158.0129
	From worker 11:	Nbr resample: 24841 
	From worker 8:	ESS: 158.2023
	From worker 8:	Nbr resample: 24841 
	From worker 7:	ESS: 162.7491
	From worker 7:	Nbr resample: 24841 
	From worker 10:	ESS: 154.8755
	From worker 10:	Nbr resample: 24841 
	From worker 2:	ESS: 155.5609
	From worker 2:	Nbr resample: 24841 
	From worker 8:	ESS: 155.3459
	From worker 8:	Nbr resample: 24841 
	From worker 5:	ESS: 163.9427
	From worker 5:	Nbr resample: 24841 
	From worker 9:	ESS: 161.3628
	From worker 9:	Nbr resample: 24841 
	From worker 3:	ESS: 152.3135
	From worker 3:	Nbr resample: 24841 
	From worker 4:	ESS: 154.9744
	From worker 4:	Nbr resample: 24841 
	From worker 6:	ESS: 163.0267
	From worker 6:	Nbr resample: 24841 
	From worker 11:	ESS: 159.2837
	From worker 11:	Nbr resample: 24841 
Percentage done: 5.33 % 
Acceptance rate on iteration 1501 to 1600 is 0.3838
Covariance:
[0.00591202 -0.00171438 -0.000337538 -0.00343017 0.0057416 0.00133502 0.00419423; -0.00171438 0.000695645 8.76243e-5 0.00168439 -0.000381024 -0.000949247 -0.00173397; -0.000337538 8.76243e-5 0.000433317 -0.003245 0.00075779 0.000794173 -7.62847e-5; -0.00343017 0.00168439 -0.003245 0.0832701 -0.00952795 -0.0203841 -0.00619393; 0.0057416 -0.000381024 0.00075779 -0.00952795 0.167866 -0.0294329 0.003936; 0.00133502 -0.000949247 0.000794173 -0.0203841 -0.0294329 0.0145451 0.00227859; 0.00419423 -0.00173397 -7.62847e-5 -0.00619393 0.003936 0.00227859 0.00636344]
Loglik: -141627.7175 
Loglik values on different cores:
[-1.41674e5,-1.41623e5,-1.41697e5,-1.41705e5,-1.4168e5,-141645.0,-1.4165e5,-1.41702e5,-1.41656e5,-1.41656e5]
	From worker 3:	ESS: 162.8509
	From worker 3:	Nbr resample: 24841 
	From worker 7:	ESS: 160.7085
	From worker 7:	Nbr resample: 24841 
	From worker 10:	ESS: 162.1439
	From worker 10:	Nbr resample: 24841 
	From worker 2:	ESS: 170.5681
	From worker 2:	Nbr resample: 24841 
	From worker 5:	ESS: 164.8796
	From worker 5:	Nbr resample: 24841 
	From worker 9:	ESS: 168.9044
	From worker 9:	Nbr resample: 24841 
	From worker 4:	ESS: 170.9257
	From worker 4:	Nbr resample: 24841 
	From worker 6:	ESS: 162.7316
	From worker 6:	Nbr resample: 24841 
	From worker 8:	ESS: 167.2348
	From worker 8:	Nbr resample: 24841 
	From worker 11:	ESS: 167.7708
	From worker 11:	Nbr resample: 24841 
	From worker 9:	ESS: 166.6215
	From worker 9:	Nbr resample: 24841 
	From worker 4:	ESS: 164.5851
	From worker 4:	Nbr resample: 24841 
	From worker 2:	ESS: 167.2021
	From worker 2:	Nbr resample: 24841 
	From worker 8:	ESS: 165.8498
	From worker 8:	Nbr resample: 24841 
	From worker 5:	ESS: 165.3390
	From worker 5:	Nbr resample: 24841 
	From worker 6:	ESS: 161.7594
	From worker 6:	Nbr resample: 24841 
	From worker 3:	ESS: 167.3838
	From worker 3:	Nbr resample: 24841 
	From worker 10:	ESS: 165.4676
	From worker 10:	Nbr resample: 24841 
	From worker 7:	ESS: 161.7551
	From worker 7:	Nbr resample: 24841 
	From worker 11:	ESS: 160.4573
	From worker 11:	Nbr resample: 24841 
Percentage done: 5.67 % 
Acceptance rate on iteration 1601 to 1700 is 0.2929
Covariance:
[0.0058569 -0.00158132 -0.000369608 -0.00381111 0.00671753 0.00129788 0.00366908; -0.00158132 0.000629218 9.11508e-5 0.00112637 -0.0012822 -0.000690235 -0.00158896; -0.000369608 9.11508e-5 0.000412966 -0.00279461 0.000119703 0.000711198 -0.000138713; -0.00381111 0.00112637 -0.00279461 0.0825005 0.00132671 -0.0193797 -0.00177707; 0.00671753 -0.0012822 0.000119703 0.00132671 0.162503 -0.0278238 0.00708641; 0.00129788 -0.000690235 0.000711198 -0.0193797 -0.0278238 0.013044 0.00119586; 0.00366908 -0.00158896 -0.000138713 -0.00177707 0.00708641 0.00119586 0.00682351]
Loglik: -141641.9381 
Loglik values on different cores:
[-141711.0,-1.41637e5,-1.41679e5,-1.4176e5,-1.41702e5,-1.4177e5,-1.41718e5,-1.41747e5,-1.41682e5,-1.41672e5]
	From worker 3:	ESS: 158.0592
	From worker 3:	Nbr resample: 24841 
	From worker 2:	ESS: 159.6389
	From worker 2:	Nbr resample: 24841 
	From worker 9:	ESS: 152.9187
	From worker 9:	Nbr resample: 24841 
	From worker 7:	ESS: 160.8439
	From worker 7:	Nbr resample: 24841 
	From worker 5:	ESS: 155.2850
	From worker 5:	Nbr resample: 24841 
	From worker 4:	ESS: 161.4367
	From worker 4:	Nbr resample: 24841 
	From worker 6:	ESS: 153.6880
	From worker 6:	Nbr resample: 24841 
	From worker 10:	ESS: 154.3984
	From worker 10:	Nbr resample: 24841 
	From worker 8:	ESS: 155.6462
	From worker 8:	Nbr resample: 24841 
	From worker 11:	ESS: 158.5138
	From worker 11:	Nbr resample: 24841 
	From worker 5:	ESS: 158.6982
	From worker 5:	Nbr resample: 24841 
	From worker 4:	ESS: 153.4974
	From worker 4:	Nbr resample: 24841 
	From worker 10:	ESS: 157.2346
	From worker 10:	Nbr resample: 24841 
	From worker 2:	ESS: 159.3815
	From worker 2:	Nbr resample: 24841 
	From worker 9:	ESS: 155.7258
	From worker 9:	Nbr resample: 24841 
	From worker 8:	ESS: 152.3037
	From worker 8:	Nbr resample: 24841 
	From worker 7:	ESS: 158.1896
	From worker 7:	Nbr resample: 24841 
	From worker 6:	ESS: 161.6038
	From worker 6:	Nbr resample: 24841 
	From worker 3:	ESS: 154.4472
	From worker 3:	Nbr resample: 24841 
	From worker 11:	ESS: 159.5111
	From worker 11:	Nbr resample: 24841 
Percentage done: 6.00 % 
Acceptance rate on iteration 1701 to 1800 is 0.2424
Covariance:
[0.0059755 -0.00161366 -5.49478e-5 -0.00271548 0.00835494 0.000754048 0.00304451; -0.00161366 0.000615309 -6.77892e-6 0.000833914 -0.00198126 -0.000495653 -0.0013056; -5.49478e-5 -6.77892e-6 0.00043003 -0.00202358 0.000700239 0.000423461 -0.000196802; -0.00271548 0.000833914 -0.00202358 0.0710796 0.0016491 -0.0178537 -0.0029708; 0.00835494 -0.00198126 0.000700239 0.0016491 0.144257 -0.023316 0.00501225; 0.000754048 -0.000495653 0.000423461 -0.0178537 -0.023316 0.0122808 0.00227964; 0.00304451 -0.0013056 -0.000196802 -0.0029708 0.00501225 0.00227964 0.00710663]
Loglik: -141627.0245 
Loglik values on different cores:
[-141718.0,-1.41743e5,-1.41709e5,-1.41687e5,-1.417e5,-1.41694e5,-1.41711e5,-1.41696e5,-1.41827e5,-1.41732e5]
	From worker 3:	ESS: 165.8380
	From worker 3:	Nbr resample: 24841 
	From worker 4:	ESS: 172.9690
	From worker 4:	Nbr resample: 24841 
	From worker 10:	ESS: 164.1711
	From worker 10:	Nbr resample: 24841 
	From worker 2:	ESS: 162.6233
	From worker 2:	Nbr resample: 24841 
	From worker 5:	ESS: 164.9665
	From worker 5:	Nbr resample: 24841 
	From worker 9:	ESS: 160.3038
	From worker 9:	Nbr resample: 24841 
	From worker 6:	ESS: 169.6941
	From worker 6:	Nbr resample: 24841 
	From worker 7:	ESS: 170.4301
	From worker 7:	Nbr resample: 24841 
	From worker 8:	ESS: 170.5960
	From worker 8:	Nbr resample: 24841 
	From worker 11:	ESS: 158.6271
	From worker 11:	Nbr resample: 24841 
	From worker 2:	ESS: 162.4707
	From worker 2:	Nbr resample: 24841 
	From worker 7:	ESS: 163.9925
	From worker 7:	Nbr resample: 24841 
	From worker 9:	ESS: 158.1341
