run Normal prior model
#####################################################################
Starting MCMC with adaptive RW estimating 7 parameters
Algorithm: MCWM
Adaptation algorithm: AMUpdate_gen
Prior distribution: Normal
Particel filter: parallel_bootstrap, on 10 cores
Iteration: 1
Covariance:
[0.142857 0.0 0.0 0.0 0.0 0.0 0.0; 0.0 0.142857 0.0 0.0 0.0 0.0 0.0; 0.0 0.0 0.142857 0.0 0.0 0.0 0.0; 0.0 0.0 0.0 0.142857 0.0 0.0 0.0; 0.0 0.0 0.0 0.0 0.142857 0.0 0.0; 0.0 0.0 0.0 0.0 0.0 0.142857 0.0; 0.0 0.0 0.0 0.0 0.0 0.0 0.142857]
	From worker 5:	ESS: 189.7098
	From worker 5:	Nbr resample: 24841 
	From worker 6:	ESS: 188.9390
	From worker 6:	Nbr resample: 24841 
	From worker 3:	ESS: 188.0143
	From worker 9:	ESS: 187.8568
	From worker 10:	ESS: 188.7514
	From worker 3:	Nbr resample: 24841 
	From worker 9:	Nbr resample: 24841 
	From worker 10:	Nbr resample: 24841 
	From worker 2:	ESS: 190.9245
	From worker 2:	Nbr resample: 24841 
	From worker 7:	ESS: 189.3791
	From worker 7:	Nbr resample: 24841 
	From worker 4:	ESS: 186.4145
	From worker 4:	Nbr resample: 24841 
	From worker 11:	ESS: 189.2802
	From worker 11:	Nbr resample: 24841 
	From worker 8:	ESS: 189.1764
	From worker 8:	Nbr resample: 24841 
Loglik: -161219.6911 
Percentage done: 1.00 % 
Acceptance rate on iteration 1 to 100 is 0.1212
Covariance:
[0.00424925 0.00023986 0.00220557 0.00019324 -0.000107237 0.000752711 0.000576737; 0.00023986 0.00309607 0.000400969 -9.62401e-5 0.000117032 0.000271748 0.000293425; 0.00220557 0.000400969 0.00700528 0.000145585 -0.000247387 0.00154083 0.000978737; 0.00019324 -9.62401e-5 0.000145585 0.00319503 -0.000119622 -0.000280898 -0.000142959; -0.000107237 0.000117032 -0.000247387 -0.000119622 0.00313876 -1.034e-5 0.000177558; 0.000752711 0.000271748 0.00154083 -0.000280898 -1.034e-5 0.0040906 0.000584666; 0.000576737 0.000293425 0.000978737 -0.000142959 0.000177558 0.000584666 0.0034704]
Loglik: -141648.9018 
Loglik values on different cores:
[-1.41678e5,-1.41688e5,-1.41693e5,-1.41684e5,-141685.0,-1.41713e5,-1.41665e5,-1.41648e5,-1.41674e5,-1.41652e5]
	From worker 2:	ESS: 155.3682
	From worker 2:	Nbr resample: 24841 
	From worker 9:	ESS: 154.3762
	From worker 9:	Nbr resample: 24841 
	From worker 7:	ESS: 154.3655
	From worker 7:	Nbr resample: 24841 
	From worker 6:	ESS: 154.6800
	From worker 6:	Nbr resample: 24841 
	From worker 5:	ESS: 156.9524
	From worker 5:	Nbr resample: 24841 
	From worker 8:	ESS: 159.2240
	From worker 8:	Nbr resample: 24841 
	From worker 10:	ESS: 147.3330
	From worker 10:	Nbr resample: 24841 
	From worker 11:	ESS: 157.4949
	From worker 11:	Nbr resample: 24841 
	From worker 3:	ESS: 153.4340
	From worker 3:	Nbr resample: 24841 
	From worker 4:	ESS: 156.8306
	From worker 4:	Nbr resample: 24841 
	From worker 5:	ESS: 160.5118
	From worker 5:	Nbr resample: 24841 
	From worker 6:	ESS: 156.4089
	From worker 6:	Nbr resample: 24841 
	From worker 10:	ESS: 153.7190
	From worker 10:	Nbr resample: 24841 
	From worker 8:	ESS: 156.2477
	From worker 8:	Nbr resample: 24841 
	From worker 3:	ESS: 157.0239
	From worker 3:	Nbr resample: 24841 
	From worker 11:	ESS: 158.6316
	From worker 11:	Nbr resample: 24841 
	From worker 9:	ESS: 151.2820
	From worker 9:	Nbr resample: 24841 
	From worker 4:	ESS: 158.1198
	From worker 4:	Nbr resample: 24841 
	From worker 7:	ESS: 153.8087
	From worker 7:	Nbr resample: 24841 
	From worker 2:	ESS: 154.4306
	From worker 2:	Nbr resample: 24841 
Percentage done: 2.00 % 
Acceptance rate on iteration 101 to 200 is 0.1010
Covariance:
[0.00051499 1.81567e-5 0.000347575 6.12777e-5 -8.33749e-5 0.000176722 4.23393e-5; 1.81567e-5 0.000317625 3.07385e-5 -6.0857e-6 2.07778e-5 2.14968e-5 3.09459e-5; 0.000347575 3.07385e-5 0.000906379 8.83432e-5 -0.000120524 0.000296647 7.81177e-5; 6.12777e-5 -6.0857e-6 8.83432e-5 0.000374278 -3.53004e-5 2.3533e-5 -2.35198e-5; -8.33749e-5 2.07778e-5 -0.000120524 -3.53004e-5 0.000387837 -8.96521e-5 3.62774e-5; 0.000176722 2.14968e-5 0.000296647 2.3533e-5 -8.96521e-5 0.000546361 3.54924e-5; 4.23393e-5 3.09459e-5 7.81177e-5 -2.35198e-5 3.62774e-5 3.54924e-5 0.000360375]
Loglik: -141667.3707 
Loglik values on different cores:
[-1.41664e5,-1.41671e5,-1.41702e5,-1.41711e5,-1.41694e5,-1.41682e5,-1.41721e5,-1.41679e5,-1.41699e5,-1.41691e5]
	From worker 9:	ESS: 154.1683
	From worker 9:	Nbr resample: 24841 
	From worker 6:	ESS: 151.9725
	From worker 6:	Nbr resample: 24841 
	From worker 5:	ESS: 163.2026
	From worker 5:	Nbr resample: 24841 
	From worker 8:	ESS: 155.9729
	From worker 8:	Nbr resample: 24841 
	From worker 3:	ESS: 154.1144
	From worker 3:	Nbr resample: 24841 
	From worker 11:	ESS: 149.2674
	From worker 11:	Nbr resample: 24841 
	From worker 2:	ESS: 153.1164
	From worker 2:	Nbr resample: 24841 
	From worker 7:	ESS: 152.4485
	From worker 7:	Nbr resample: 24841 
	From worker 10:	ESS: 158.5771
	From worker 10:	Nbr resample: 24841 
	From worker 4:	ESS: 158.9614
	From worker 4:	Nbr resample: 24841 
	From worker 2:	ESS: 149.8832
	From worker 2:	Nbr resample: 24841 
	From worker 7:	ESS: 151.2559
	From worker 7:	Nbr resample: 24841 
	From worker 10:	ESS: 161.3868
	From worker 10:	Nbr resample: 24841 
	From worker 4:	ESS: 150.6305
	From worker 4:	Nbr resample: 24841 
	From worker 9:	ESS: 155.3567
	From worker 9:	Nbr resample: 24841 
	From worker 3:	ESS: 159.1619
	From worker 3:	Nbr resample: 24841 
	From worker 5:	ESS: 157.5438
	From worker 5:	Nbr resample: 24841 
	From worker 8:	ESS: 154.1815
	From worker 8:	Nbr resample: 24841 
	From worker 6:	ESS: 160.2799
	From worker 6:	Nbr resample: 24841 
	From worker 11:	ESS: 160.7224
	From worker 11:	Nbr resample: 24841 
Percentage done: 3.00 % 
Acceptance rate on iteration 201 to 300 is 0.4040
Covariance:
[0.000329967 -3.8319e-6 0.000274652 0.000112414 -7.66536e-5 0.00017611 4.43663e-5; -3.8319e-6 0.000159333 1.20174e-5 2.59901e-5 1.48991e-5 -1.24675e-7 1.2786e-6; 0.000274652 1.20174e-5 0.000605323 0.000221651 -0.000116058 0.000270188 5.39961e-5; 0.000112414 2.59901e-5 0.000221651 0.000576382 -6.78756e-5 0.000121887 -5.59562e-5; -7.66536e-5 1.48991e-5 -0.000116058 -6.78756e-5 0.000206981 -9.00414e-5 9.83735e-6; 0.00017611 -1.24675e-7 0.000270188 0.000121887 -9.00414e-5 0.000372967 4.08068e-5; 4.43663e-5 1.2786e-6 5.39961e-5 -5.59562e-5 9.83735e-6 4.08068e-5 0.000192735]
Loglik: -141664.5582 
Loglik values on different cores:
[-1.41704e5,-1.41724e5,-1.41679e5,-1.41725e5,-1.41736e5,-1.41696e5,-1.41695e5,-1.41725e5,-1.41696e5,-1.41715e5]
	From worker 9:	ESS: 158.7170
	From worker 9:	Nbr resample: 24841 
	From worker 6:	ESS: 158.1263
	From worker 6:	Nbr resample: 24841 
	From worker 8:	ESS: 153.2047
	From worker 8:	Nbr resample: 24841 
	From worker 7:	ESS: 152.2793
	From worker 7:	Nbr resample: 24841 
	From worker 3:	ESS: 150.0446
	From worker 3:	Nbr resample: 24841 
	From worker 11:	ESS: 149.6002
	From worker 11:	Nbr resample: 24841 
	From worker 4:	ESS: 159.0179
	From worker 4:	Nbr resample: 24841 
	From worker 2:	ESS: 161.5591
	From worker 2:	Nbr resample: 24841 
	From worker 5:	ESS: 155.9815
	From worker 5:	Nbr resample: 24841 
	From worker 10:	ESS: 156.2326
	From worker 10:	Nbr resample: 24841 
	From worker 2:	ESS: 153.7730
	From worker 2:	Nbr resample: 24841 
	From worker 5:	ESS: 149.7180
	From worker 5:	Nbr resample: 24841 
	From worker 6:	ESS: 147.7121
	From worker 6:	Nbr resample: 24841 
	From worker 10:	ESS: 154.1882
	From worker 10:	Nbr resample: 24841 
	From worker 11:	ESS: 150.1468
	From worker 11:	Nbr resample: 24841 
	From worker 9:	ESS: 153.7259
	From worker 9:	Nbr resample: 24841 
	From worker 7:	ESS: 150.5564
	From worker 7:	Nbr resample: 24841 
	From worker 4:	ESS: 147.3326
	From worker 4:	Nbr resample: 24841 
	From worker 8:	ESS: 153.1662
	From worker 8:	Nbr resample: 24841 
	From worker 3:	ESS: 156.2141
	From worker 3:	Nbr resample: 24841 
Percentage done: 4.00 % 
Acceptance rate on iteration 301 to 400 is 0.4848
Covariance:
[0.000442307 -3.85816e-5 0.000546886 0.00029547 -8.47262e-5 0.000236694 0.000132394; -3.85816e-5 0.000115115 -5.94822e-5 -2.86085e-5 1.87497e-5 -2.22097e-5 -1.9533e-5; 0.000546886 -5.94822e-5 0.00117114 0.000749786 -0.000275465 0.0005282 0.000339332; 0.00029547 -2.86085e-5 0.000749786 0.00106569 -0.000319577 0.000445145 0.000277697; -8.47262e-5 1.87497e-5 -0.000275465 -0.000319577 0.000297312 -0.000233107 -0.000139925; 0.000236694 -2.22097e-5 0.0005282 0.000445145 -0.000233107 0.000486813 0.000222847; 0.000132394 -1.9533e-5 0.000339332 0.000277697 -0.000139925 0.000222847 0.000315884]
Loglik: -141635.4750 
Loglik values on different cores:
[-1.41679e5,-1.41665e5,-1.41686e5,-1.41686e5,-1.4167e5,-1.41683e5,-1.4166e5,-1.41654e5,-1.41677e5,-1.41687e5]
	From worker 2:	ESS: 156.2982
	From worker 2:	Nbr resample: 24841 
	From worker 6:	ESS: 146.9316
	From worker 6:	Nbr resample: 24841 
	From worker 5:	ESS: 159.5263
	From worker 5:	Nbr resample: 24841 
	From worker 8:	ESS: 154.9180
	From worker 8:	Nbr resample: 24841 
	From worker 11:	ESS: 152.3490
	From worker 11:	Nbr resample: 24841 
	From worker 9:	ESS: 155.8581
	From worker 9:	Nbr resample: 24841 
	From worker 7:	ESS: 152.4110
	From worker 7:	Nbr resample: 24841 
	From worker 3:	ESS: 157.4200
	From worker 3:	Nbr resample: 24841 
	From worker 10:	ESS: 154.7716
	From worker 10:	Nbr resample: 24841 
	From worker 4:	ESS: 154.9066
	From worker 4:	Nbr resample: 24841 
	From worker 9:	ESS: 158.9134
	From worker 9:	Nbr resample: 24841 
	From worker 7:	ESS: 164.5805
	From worker 7:	Nbr resample: 24841 
	From worker 3:	ESS: 155.9857
	From worker 3:	Nbr resample: 24841 
	From worker 10:	ESS: 163.0464
	From worker 10:	Nbr resample: 24841 
	From worker 4:	ESS: 154.9543
	From worker 4:	Nbr resample: 24841 
	From worker 2:	ESS: 159.0291
	From worker 2:	Nbr resample: 24841 
	From worker 8:	ESS: 157.7832
	From worker 8:	Nbr resample: 24841 
	From worker 5:	ESS: 158.6356
	From worker 5:	Nbr resample: 24841 
	From worker 6:	ESS: 155.0363
	From worker 6:	Nbr resample: 24841 
	From worker 11:	ESS: 160.1688
	From worker 11:	Nbr resample: 24841 
Percentage done: 5.00 % 
Acceptance rate on iteration 401 to 500 is 0.4141
Covariance:
[0.000317961 -3.60223e-5 0.000295609 0.000257369 -6.53561e-5 0.000157136 0.000106633; -3.60223e-5 0.000116028 0.000410422 -0.000264137 3.08873e-5 0.000107661 -9.68603e-5; 0.000295609 0.000410422 0.00763949 -0.00295968 3.80021e-6 0.00228768 -0.000922493; 0.000257369 -0.000264137 -0.00295968 0.00254347 -0.00032352 -0.000649793 0.000787718; -6.53561e-5 3.08873e-5 3.80021e-6 -0.00032352 0.000210523 -0.000117967 -0.000129343; 0.000157136 0.000107661 0.00228768 -0.000649793 -0.000117967 0.000901652 -0.000169866; 0.000106633 -9.68603e-5 -0.000922493 0.000787718 -0.000129343 -0.000169866 0.000419942]
Loglik: -141688.1511 
Loglik values on different cores:
[-1.41698e5,-1.41727e5,-1.41706e5,-1.41701e5,-141705.0,-1.41727e5,-1.41706e5,-1.41726e5,-1.41712e5,-1.41748e5]
	From worker 7:	ESS: 161.6738
	From worker 7:	Nbr resample: 24841 
	From worker 6:	ESS: 158.4245
	From worker 6:	Nbr resample: 24841 
	From worker 10:	ESS: 157.7329
	From worker 10:	Nbr resample: 24841 
	From worker 11:	ESS: 156.5282
	From worker 11:	Nbr resample: 24841 
	From worker 2:	ESS: 157.8645
	From worker 2:	Nbr resample: 24841 
	From worker 5:	ESS: 153.7384
	From worker 5:	Nbr resample: 24841 
	From worker 9:	ESS: 159.9975
	From worker 9:	Nbr resample: 24841 
	From worker 8:	ESS: 159.9355
	From worker 8:	Nbr resample: 24841 
	From worker 3:	ESS: 158.4688
	From worker 3:	Nbr resample: 24841 
	From worker 4:	ESS: 162.8933
	From worker 4:	Nbr resample: 24841 
	From worker 2:	ESS: 159.5045
	From worker 2:	Nbr resample: 24841 
	From worker 5:	ESS: 162.9294
	From worker 5:	Nbr resample: 24841 
	From worker 9:	ESS: 152.3333
	From worker 9:	Nbr resample: 24841 
	From worker 8:	ESS: 164.7469
	From worker 8:	Nbr resample: 24841 
	From worker 3:	ESS: 161.7880
	From worker 3:	Nbr resample: 24841 
	From worker 4:	ESS: 158.8008
	From worker 4:	Nbr resample: 24841 
	From worker 6:	ESS: 161.7055
	From worker 6:	Nbr resample: 24841 
	From worker 7:	ESS: 158.3216
	From worker 7:	Nbr resample: 24841 
	From worker 10:	ESS: 158.4735
	From worker 10:	Nbr resample: 24841 
	From worker 11:	ESS: 158.4071
	From worker 11:	Nbr resample: 24841 
Percentage done: 6.00 % 
Acceptance rate on iteration 501 to 600 is 0.4646
Covariance:
[0.00041499 -8.50914e-5 0.00146686 -0.00045425 -0.000229108 0.000519623 3.79154e-5; -8.50914e-5 0.000123457 -6.73268e-5 1.58754e-5 0.000112953 -4.14216e-5 -8.43304e-5; 0.00146686 -6.73268e-5 0.0189667 -0.00959267 -0.00155655 0.00584906 -0.00166778; -0.00045425 1.58754e-5 -0.00959267 0.00616607 0.000622188 -0.00277358 0.00118691; -0.000229108 0.000112953 -0.00155655 0.000622188 0.000514391 -0.00060375 -0.000117853; 0.000519623 -4.14216e-5 0.00584906 -0.00277358 -0.00060375 0.00198556 -0.000404541; 3.79154e-5 -8.43304e-5 -0.00166778 0.00118691 -0.000117853 -0.000404541 0.000535336]
Loglik: -141651.9320 
Loglik values on different cores:
[-1.41692e5,-1.41678e5,-1.41694e5,-1.41682e5,-1.41678e5,-1.41683e5,-1.41722e5,-1.41703e5,-1.41693e5,-141679.0]
	From worker 5:	ESS: 154.3084
	From worker 5:	Nbr resample: 24841 
	From worker 6:	ESS: 161.0285
	From worker 6:	Nbr resample: 24841 
	From worker 9:	ESS: 154.8500
	From worker 9:	Nbr resample: 24841 
	From worker 7:	ESS: 153.3825
	From worker 7:	Nbr resample: 24841 
	From worker 8:	ESS: 159.1032
	From worker 8:	Nbr resample: 24841 
	From worker 10:	ESS: 155.9911
	From worker 10:	Nbr resample: 24841 
	From worker 2:	ESS: 157.3598
	From worker 2:	Nbr resample: 24841 
	From worker 3:	ESS: 156.0202
	From worker 3:	Nbr resample: 24841 
	From worker 11:	ESS: 165.1961
	From worker 11:	Nbr resample: 24841 
	From worker 4:	ESS: 154.4561
	From worker 4:	Nbr resample: 24841 
	From worker 2:	ESS: 158.3771
	From worker 2:	Nbr resample: 24841 
	From worker 3:	ESS: 161.8530
	From worker 3:	Nbr resample: 24841 
	From worker 11:	ESS: 159.1861
	From worker 11:	Nbr resample: 24841 
	From worker 4:	ESS: 160.6048
	From worker 4:	Nbr resample: 24841 
	From worker 5:	ESS: 155.1187
	From worker 5:	Nbr resample: 24841 
	From worker 9:	ESS: 151.5880
	From worker 9:	Nbr resample: 24841 
	From worker 7:	ESS: 153.2206
	From worker 7:	Nbr resample: 24841 
	From worker 6:	ESS: 153.9004
	From worker 6:	Nbr resample: 24841 
	From worker 8:	ESS: 154.2982
	From worker 8:	Nbr resample: 24841 
	From worker 10:	ESS: 160.0103
	From worker 10:	Nbr resample: 24841 
Percentage done: 7.00 % 
Acceptance rate on iteration 601 to 700 is 0.4141
Covariance:
[0.000451052 -8.14382e-5 0.00296271 -0.00100063 -0.000393331 0.000923389 -4.73558e-5; -8.14382e-5 0.000113744 -8.55647e-5 2.84182e-5 0.000120184 -5.31106e-5 -6.70093e-5; 0.00296271 -8.55647e-5 0.0522156 -0.019555 -0.00618219 0.0143075 -0.00271234; -0.00100063 2.84182e-5 -0.019555 0.00877147 0.00199191 -0.00534777 0.00138387; -0.000393331 0.000120184 -0.00618219 0.00199191 0.00132146 -0.00178852 1.40415e-5; 0.000923389 -5.31106e-5 0.0143075 -0.00534777 -0.00178852 0.00416648 -0.000676136; -4.73558e-5 -6.70093e-5 -0.00271234 0.00138387 1.40415e-5 -0.000676136 0.000509676]
Loglik: -141647.0391 
Loglik values on different cores:
[-1.41694e5,-141682.0,-1.41727e5,-1.41665e5,-1.41666e5,-1.41656e5,-141700.0,-1.41653e5,-1.41664e5,-1.41682e5]
	From worker 6:	ESS: 159.1275
	From worker 6:	Nbr resample: 24841 
	From worker 10:	ESS: 155.0752
	From worker 10:	Nbr resample: 24841 
	From worker 3:	ESS: 159.6601
	From worker 3:	Nbr resample: 24841 
	From worker 11:	ESS: 157.9389
	From worker 11:	Nbr resample: 24841 
	From worker 7:	ESS: 155.3477
	From worker 7:	Nbr resample: 24841 
	From worker 2:	ESS: 155.0976
	From worker 2:	Nbr resample: 24841 
	From worker 5:	ESS: 151.4213
	From worker 5:	Nbr resample: 24841 
	From worker 9:	ESS: 157.0170
	From worker 9:	Nbr resample: 24841 
	From worker 8:	ESS: 152.1613
	From worker 8:	Nbr resample: 24841 
	From worker 4:	ESS: 156.5695
	From worker 4:	Nbr resample: 24841 
	From worker 5:	ESS: 149.8448
	From worker 5:	Nbr resample: 24841 
	From worker 2:	ESS: 152.3930
	From worker 2:	Nbr resample: 24841 
	From worker 9:	ESS: 152.7468
	From worker 9:	Nbr resample: 24841 
	From worker 7:	ESS: 153.4215
	From worker 7:	Nbr resample: 24841 
	From worker 8:	ESS: 156.9313
	From worker 8:	Nbr resample: 24841 
	From worker 4:	ESS: 158.0467
	From worker 4:	Nbr resample: 24841 
	From worker 10:	ESS: 155.7027
	From worker 10:	Nbr resample: 24841 
	From worker 6:	ESS: 150.7951
	From worker 6:	Nbr resample: 24841 
	From worker 3:	ESS: 157.1658
	From worker 3:	Nbr resample: 24841 
	From worker 11:	ESS: 156.5858
	From worker 11:	Nbr resample: 24841 
Percentage done: 8.00 % 
Acceptance rate on iteration 701 to 800 is 0.3131
Covariance:
[0.000350562 -6.30319e-5 0.00171885 -0.000686119 -0.000121926 0.00061535 -6.36488e-5; -6.30319e-5 8.63039e-5 8.31206e-5 -8.68801e-6 2.44088e-5 -1.42126e-5 -4.20323e-5; 0.00171885 8.31206e-5 0.063336 -0.0200793 -0.0149578 0.0144948 -0.000353711; -0.000686119 -8.68801e-6 -0.0200793 0.00896616 0.00355204 -0.00494594 0.000961408; -0.000121926 2.44088e-5 -0.0149578 0.00355204 0.00528847 -0.00300717 -0.000715723; 0.00061535 -1.42126e-5 0.0144948 -0.00494594 -0.00300717 0.00371925 -0.000243977; -6.36488e-5 -4.20323e-5 -0.000353711 0.000961408 -0.000715723 -0.000243977 0.000557544]
Loglik: -141616.7157 
Loglik values on different cores:
[-1.4168e5,-1.41708e5,-1.41684e5,-1.41702e5,-1.41693e5,-1.41659e5,-141682.0,-1.41689e5,-1.417e5,-1.41673e5]
	From worker 2:	ESS: 149.8755
	From worker 2:	Nbr resample: 24841 
	From worker 6:	ESS: 154.2282
	From worker 6:	Nbr resample: 24841 
	From worker 9:	ESS: 160.5492
	From worker 9:	Nbr resample: 24841 
	From worker 10:	ESS: 157.3574
	From worker 10:	Nbr resample: 24841 
	From worker 8:	ESS: 153.6701
	From worker 8:	Nbr resample: 24841 
	From worker 11:	ESS: 151.5400
	From worker 11:	Nbr resample: 24841 
	From worker 4:	ESS: 157.6134
	From worker 4:	Nbr resample: 24841 
	From worker 5:	ESS: 151.9544
	From worker 5:	Nbr resample: 24841 
	From worker 7:	ESS: 159.7894
	From worker 7:	Nbr resample: 24841 
	From worker 3:	ESS: 152.8780
	From worker 3:	Nbr resample: 24841 
	From worker 5:	ESS: 146.5013
	From worker 5:	Nbr resample: 24841 
	From worker 7:	ESS: 159.5656
	From worker 7:	Nbr resample: 24841 
	From worker 3:	ESS: 152.7306
	From worker 3:	Nbr resample: 24841 
	From worker 2:	ESS: 155.0684
	From worker 2:	Nbr resample: 24841 
	From worker 10:	ESS: 155.4144
	From worker 10:	Nbr resample: 24841 
	From worker 9:	ESS: 146.1174
	From worker 9:	Nbr resample: 24841 
	From worker 6:	ESS: 162.8605
	From worker 6:	Nbr resample: 24841 
	From worker 4:	ESS: 160.1468
	From worker 4:	Nbr resample: 24841 
	From worker 8:	ESS: 157.3449
	From worker 8:	Nbr resample: 24841 
	From worker 11:	ESS: 153.9795
	From worker 11:	Nbr resample: 24841 
Percentage done: 9.00 % 
Acceptance rate on iteration 801 to 900 is 0.3939
Covariance:
[0.000849909 -9.63305e-5 -0.00167514 -0.000347607 0.00108494 0.000533987 -0.000319351; -9.63305e-5 8.24188e-5 0.000433904 -3.23646e-5 -6.52663e-5 -6.84378e-6 -2.46485e-5; -0.00167514 0.000433904 0.103381 -0.0226165 -0.0215816 0.0154179 0.00163054; -0.000347607 -3.23646e-5 -0.0226165 0.00821421 0.00391979 -0.0046414 0.000627324; 0.00108494 -6.52663e-5 -0.0215816 0.00391979 0.00767728 -0.0027797 -0.00127241; 0.000533987 -6.84378e-6 0.0154179 -0.0046414 -0.0027797 0.00350009 -0.000177862; -0.000319351 -2.46485e-5 0.00163054 0.000627324 -0.00127241 -0.000177862 0.000653889]
Loglik: -141657.2603 
Loglik values on different cores:
[-1.41652e5,-141725.0,-1.4167e5,-1.4169e5,-1.41676e5,-1.41714e5,-141692.0,-1.41666e5,-1.41673e5,-1.41683e5]
	From worker 2:	ESS: 154.4638
	From worker 2:	Nbr resample: 24841 
	From worker 9:	ESS: 147.7281
	From worker 9:	Nbr resample: 24841 
	From worker 5:	ESS: 148.1199
	From worker 5:	Nbr resample: 24841 
	From worker 7:	ESS: 151.5838
	From worker 7:	Nbr resample: 24841 
	From worker 6:	ESS: 151.8454
	From worker 6:	Nbr resample: 24841 
	From worker 10:	ESS: 149.9298
	From worker 10:	Nbr resample: 24841 
	From worker 3:	ESS: 153.3867
	From worker 3:	Nbr resample: 24841 
	From worker 8:	ESS: 156.8798
	From worker 8:	Nbr resample: 24841 
	From worker 11:	ESS: 153.5525
	From worker 11:	Nbr resample: 24841 
	From worker 4:	ESS: 152.3602
	From worker 4:	Nbr resample: 24841 
	From worker 2:	ESS: 154.6968
	From worker 2:	Nbr resample: 24841 
	From worker 9:	ESS: 153.8721
	From worker 9:	Nbr resample: 24841 
	From worker 5:	ESS: 151.2971
	From worker 5:	Nbr resample: 24841 
	From worker 7:	ESS: 158.1388
	From worker 7:	Nbr resample: 24841 
	From worker 6:	ESS: 155.5908
	From worker 6:	Nbr resample: 24841 
	From worker 3:	ESS: 147.3403
	From worker 3:	Nbr resample: 24841 
	From worker 8:	ESS: 153.7329
	From worker 8:	Nbr resample: 24841 
	From worker 10:	ESS: 156.2844
	From worker 10:	Nbr resample: 24841 
	From worker 11:	ESS: 153.6428
	From worker 11:	Nbr resample: 24841 
	From worker 4:	ESS: 161.5499
	From worker 4:	Nbr resample: 24841 
Percentage done: 10.00 % 
Acceptance rate on iteration 901 to 1000 is 0.3131
Covariance:
[0.000920567 -0.000131196 -0.00104211 -0.000340335 0.000838508 0.000673676 -0.000274173; -0.000131196 8.31459e-5 0.000215315 -3.73735e-6 -8.44449e-5 -5.76091e-5 -3.55829e-5; -0.00104211 0.000215315 0.0794647 -0.0172202 -0.0160106 0.0118899 0.00138338; -0.000340335 -3.73735e-6 -0.0172202 0.00753357 0.00141982 -0.00353207 0.000607008; 0.000838508 -8.44449e-5 -0.0160106 0.00141982 0.0087214 -0.00225687 -0.000909576; 0.000673676 -5.76091e-5 0.0118899 -0.00353207 -0.00225687 0.00292781 -0.000194354; -0.000274173 -3.55829e-5 0.00138338 0.000607008 -0.000909576 -0.000194354 0.000667925]
Loglik: -141655.3317 
Loglik values on different cores:
[-1.41673e5,-1.4171e5,-1.41682e5,-1.4169e5,-1.41674e5,-1.41676e5,-1.41674e5,-1.4171e5,-1.41704e5,-141662.0]
	From worker 2:	ESS: 156.7556
	From worker 2:	Nbr resample: 24841 
	From worker 9:	ESS: 154.5767
	From worker 9:	Nbr resample: 24841 
	From worker 5:	ESS: 160.7049
	From worker 5:	Nbr resample: 24841 
	From worker 6:	ESS: 165.7529
	From worker 6:	Nbr resample: 24841 
	From worker 8:	ESS: 156.1409
	From worker 8:	Nbr resample: 24841 
	From worker 3:	ESS: 159.4493
	From worker 3:	Nbr resample: 24841 
	From worker 11:	ESS: 163.5549
	From worker 11:	Nbr resample: 24841 
	From worker 4:	ESS: 158.1508
	From worker 4:	Nbr resample: 24841 
	From worker 7:	ESS: 159.7417
	From worker 7:	Nbr resample: 24841 
	From worker 10:	ESS: 162.6073
	From worker 10:	Nbr resample: 24841 
	From worker 5:	ESS: 157.5259
	From worker 5:	Nbr resample: 24841 
	From worker 7:	ESS: 153.1285
	From worker 7:	Nbr resample: 24841 
	From worker 10:	ESS: 155.8189
	From worker 10:	Nbr resample: 24841 
	From worker 11:	ESS: 155.6114
	From worker 11:	Nbr resample: 24841 
	From worker 4:	ESS: 154.1761
	From worker 4:	Nbr resample: 24841 
	From worker 6:	ESS: 155.4698
	From worker 6:	Nbr resample: 24841 
	From worker 9:	ESS: 161.9663
	From worker 9:	Nbr resample: 24841 
	From worker 3:	ESS: 157.8210
	From worker 3:	Nbr resample: 24841 
	From worker 2:	ESS: 150.1175
	From worker 2:	Nbr resample: 24841 
	From worker 8:	ESS: 159.5475
	From worker 8:	Nbr resample: 24841 
Percentage done: 11.00 % 
Acceptance rate on iteration 1001 to 1100 is 0.3636
Covariance:
[0.000996912 -0.000103713 -0.00166437 -0.000517679 0.000998996 0.000600433 -0.000361808; -0.000103713 0.000103343 0.000363152 -0.000140663 -8.36085e-5 -7.96836e-5 -4.15275e-5; -0.00166437 0.000363152 0.122694 -0.0219949 -0.0335114 0.020991 0.00278968; -0.000517679 -0.000140663 -0.0219949 0.00824166 0.00367085 -0.00461944 0.000497; 0.000998996 -8.36085e-5 -0.0335114 0.00367085 0.0149018 -0.00604054 -0.00137492; 0.000600433 -7.96836e-5 0.020991 -0.00461944 -0.00604054 0.00512784 8.15731e-5; -0.000361808 -4.15275e-5 0.00278968 0.000497 -0.00137492 8.15731e-5 0.000662462]
Loglik: -141639.2942 
Loglik values on different cores:
[-1.41641e5,-1.41722e5,-1.41688e5,-1.41683e5,-1.41674e5,-1.41655e5,-1.41734e5,-141648.0,-1.41641e5,-1.41685e5]
	From worker 8:	ESS: 159.1112
	From worker 8:	Nbr resample: 24841 
	From worker 11:	ESS: 158.1618
	From worker 11:	Nbr resample: 24841 
	From worker 3:	ESS: 158.7132
	From worker 3:	Nbr resample: 24841 
	From worker 4:	ESS: 155.5407
	From worker 4:	Nbr resample: 24841 
	From worker 10:	ESS: 159.6760
	From worker 10:	Nbr resample: 24841 
	From worker 2:	ESS: 162.5768
	From worker 2:	Nbr resample: 24841 
	From worker 9:	ESS: 165.6271
	From worker 9:	Nbr resample: 24841 
	From worker 6:	ESS: 160.0175
	From worker 6:	Nbr resample: 24841 
	From worker 7:	ESS: 157.6674
	From worker 7:	Nbr resample: 24841 
	From worker 5:	ESS: 157.2891
	From worker 5:	Nbr resample: 24841 
	From worker 5:	ESS: 152.0975
	From worker 5:	Nbr resample: 24841 
	From worker 9:	ESS: 153.1261
	From worker 9:	Nbr resample: 24841 
	From worker 2:	ESS: 157.8283
	From worker 2:	Nbr resample: 24841 
	From worker 7:	ESS: 151.8793
	From worker 7:	Nbr resample: 24841 
	From worker 6:	ESS: 153.4358
	From worker 6:	Nbr resample: 24841 
	From worker 3:	ESS: 150.2197
	From worker 3:	Nbr resample: 24841 
	From worker 10:	ESS: 153.8675
	From worker 10:	Nbr resample: 24841 
	From worker 8:	ESS: 154.9700
	From worker 8:	Nbr resample: 24841 
	From worker 4:	ESS: 151.9716
	From worker 4:	Nbr resample: 24841 
	From worker 11:	ESS: 156.1604
	From worker 11:	Nbr resample: 24841 
Percentage done: 12.00 % 
Acceptance rate on iteration 1101 to 1200 is 0.1717
Covariance:
[0.00127504 -0.000200671 -0.00195249 -0.00045233 0.00165779 0.000869246 -0.000346713; -0.000200671 0.000113625 0.000354524 -8.52623e-5 -0.000154074 -0.000230182 -3.62002e-5; -0.00195249 0.000354524 0.0882097 -0.0154684 -0.0259294 0.0148346 0.00225348; -0.00045233 -8.52623e-5 -0.0154684 0.00626258 0.00241852 -0.0036159 0.000390274; 0.00165779 -0.000154074 -0.0259294 0.00241852 0.0137296 -0.00437713 -0.00126376; 0.000869246 -0.000230182 0.0148346 -0.0036159 -0.00437713 0.00468365 0.000111089; -0.000346713 -3.62002e-5 0.00225348 0.000390274 -0.00126376 0.000111089 0.000564716]
Loglik: -141652.5651 
Loglik values on different cores:
[-1.41744e5,-1.41705e5,-1.41733e5,-1.41672e5,-141715.0,-1.41721e5,-1.41734e5,-1.41714e5,-141712.0,-1.41724e5]
	From worker 2:	ESS: 155.0924
	From worker 2:	Nbr resample: 24841 
	From worker 9:	ESS: 155.3835
	From worker 9:	Nbr resample: 24841 
	From worker 6:	ESS: 153.7800
	From worker 6:	Nbr resample: 24841 
	From worker 7:	ESS: 155.5423
	From worker 7:	Nbr resample: 24841 
	From worker 11:	ESS: 159.4205
	From worker 11:	Nbr resample: 24841 
	From worker 10:	ESS: 157.9517
	From worker 10:	Nbr resample: 24841 
	From worker 8:	ESS: 151.2955
	From worker 8:	Nbr resample: 24841 
	From worker 5:	ESS: 154.1351
	From worker 5:	Nbr resample: 24841 
	From worker 4:	ESS: 154.4559
	From worker 4:	Nbr resample: 24841 
	From worker 3:	ESS: 153.0563
	From worker 3:	Nbr resample: 24841 
	From worker 5:	ESS: 158.2845
	From worker 5:	Nbr resample: 24841 
	From worker 8:	ESS: 155.9659
	From worker 8:	Nbr resample: 24841 
	From worker 3:	ESS: 151.8837
	From worker 3:	Nbr resample: 24841 
	From worker 4:	ESS: 158.4482
	From worker 4:	Nbr resample: 24841 
	From worker 2:	ESS: 150.4062
	From worker 2:	Nbr resample: 24841 
	From worker 9:	ESS: 156.9656
	From worker 9:	Nbr resample: 24841 
	From worker 6:	ESS: 151.6079
	From worker 6:	Nbr resample: 24841 
	From worker 7:	ESS: 155.1045
	From worker 7:	Nbr resample: 24841 
	From worker 11:	ESS: 156.3341
	From worker 11:	Nbr resample: 24841 
	From worker 10:	ESS: 155.0928
	From worker 10:	Nbr resample: 24841 
Percentage done: 13.00 % 
Acceptance rate on iteration 1201 to 1300 is 0.2121
Covariance:
[0.00176474 -0.000339281 -0.0032382 0.00081029 0.00102658 0.000423001 0.000554486; -0.000339281 0.000150507 0.00153276 -0.00055435 -0.000290231 0.000109078 -0.000259509; -0.0032382 0.00153276 0.125847 -0.0245173 -0.0409262 0.0231458 2.16255e-5; 0.00081029 -0.00055435 -0.0245173 0.0091432 0.00468603 -0.00580545 0.00187676; 0.00102658 -0.000290231 -0.0409262 0.00468603 0.0203838 -0.00691348 -0.00186613; 0.000423001 0.000109078 0.0231458 -0.00580545 -0.00691348 0.00647782 -0.000511719; 0.000554486 -0.000259509 2.16255e-5 0.00187676 -0.00186613 -0.000511719 0.00155233]
Loglik: -141624.4742 
Loglik values on different cores:
[-1.4169e5,-1.41701e5,-1.41696e5,-1.41645e5,-1.41718e5,-1.41665e5,-1.41726e5,-1.41721e5,-1.41698e5,-1.41697e5]
	From worker 9:	ESS: 162.9946
	From worker 9:	Nbr resample: 24841 
	From worker 7:	ESS: 157.1466
	From worker 7:	Nbr resample: 24841 
	From worker 5:	ESS: 159.3510
	From worker 5:	Nbr resample: 24841 
	From worker 6:	ESS: 157.8185
	From worker 6:	Nbr resample: 24841 
	From worker 10:	ESS: 158.9183
	From worker 10:	Nbr resample: 24841 
	From worker 11:	ESS: 158.0226
	From worker 11:	Nbr resample: 24841 
	From worker 3:	ESS: 161.6613
	From worker 3:	Nbr resample: 24841 
	From worker 2:	ESS: 164.6910
	From worker 2:	Nbr resample: 24841 
	From worker 8:	ESS: 152.7354
	From worker 8:	Nbr resample: 24841 
	From worker 4:	ESS: 158.6060
	From worker 4:	Nbr resample: 24841 
	From worker 8:	ESS: 165.9528
	From worker 8:	Nbr resample: 24841 
	From worker 4:	ESS: 170.6431
	From worker 4:	Nbr resample: 24841 
	From worker 3:	ESS: 167.3613
	From worker 3:	Nbr resample: 24841 
	From worker 5:	ESS: 168.2464
	From worker 5:	Nbr resample: 24841 
	From worker 9:	ESS: 161.1623
	From worker 9:	Nbr resample: 24841 
	From worker 6:	ESS: 169.2771
	From worker 6:	Nbr resample: 24841 
	From worker 7:	ESS: 163.8724
	From worker 7:	Nbr resample: 24841 
	From worker 2:	ESS: 168.9330
	From worker 2:	Nbr resample: 24841 
	From worker 10:	ESS: 159.6349
	From worker 10:	Nbr resample: 24841 
	From worker 11:	ESS: 165.5559
	From worker 11:	Nbr resample: 24841 
Percentage done: 14.00 % 
Acceptance rate on iteration 1301 to 1400 is 0.2424
Covariance:
[0.00216588 -0.000569377 -0.00145731 0.0033352 -0.00190963 -0.000527034 0.00192733; -0.000569377 0.000259736 0.000728009 -0.00171784 0.000941302 0.000480396 -0.000793446; -0.00145731 0.000728009 0.104834 -0.0129516 -0.0410733 0.015999 0.0027764; 0.0033352 -0.00171784 -0.0129516 0.020593 -0.00967563 -0.00899797 0.00704862; -0.00190963 0.000941302 -0.0410733 -0.00967563 0.0319721 -0.000997565 -0.00738049; -0.000527034 0.000480396 0.015999 -0.00899797 -0.000997565 0.00662282 -0.0021487; 0.00192733 -0.000793446 0.0027764 0.00704862 -0.00738049 -0.0021487 0.00410723]
Loglik: -141681.4712 
Loglik values on different cores:
[-1.41707e5,-1.41686e5,-1.41686e5,-1.41712e5,-1.41723e5,-1.41732e5,-1.41734e5,-1.41712e5,-1.41699e5,-141688.0]
	From worker 5:	ESS: 151.2135
	From worker 5:	Nbr resample: 24841 
	From worker 7:	ESS: 159.4277
	From worker 7:	Nbr resample: 24841 
	From worker 3:	ESS: 145.1344
	From worker 3:	Nbr resample: 24841 
	From worker 8:	ESS: 148.2350
	From worker 8:	Nbr resample: 24841 
	From worker 4:	ESS: 140.5806
	From worker 4:	Nbr resample: 24841 
	From worker 2:	ESS: 152.5282
	From worker 2:	Nbr resample: 24841 
	From worker 9:	ESS: 150.0430
	From worker 9:	Nbr resample: 24841 
	From worker 11:	ESS: 148.4555
	From worker 11:	Nbr resample: 24841 
	From worker 10:	ESS: 146.0124
	From worker 10:	Nbr resample: 24841 
	From worker 6:	ESS: 155.3455
	From worker 6:	Nbr resample: 24841 
	From worker 2:	ESS: 142.2335
	From worker 2:	Nbr resample: 24841 
	From worker 9:	ESS: 153.3130
	From worker 9:	Nbr resample: 24841 
	From worker 6:	ESS: 153.3726
	From worker 6:	Nbr resample: 24841 
	From worker 10:	ESS: 156.2331
	From worker 10:	Nbr resample: 24841 
	From worker 11:	ESS: 155.4499
	From worker 11:	Nbr resample: 24841 
	From worker 4:	ESS: 152.3728
	From worker 4:	Nbr resample: 24841 
	From worker 5:	ESS: 147.2862
	From worker 5:	Nbr resample: 24841 
	From worker 3:	ESS: 153.1320
	From worker 3:	Nbr resample: 24841 
	From worker 7:	ESS: 155.0317
	From worker 7:	Nbr resample: 24841 
	From worker 8:	ESS: 149.7197
	From worker 8:	Nbr resample: 24841 
Percentage done: 15.00 % 
Acceptance rate on iteration 1401 to 1500 is 0.3838
Covariance:
[0.00318092 -0.000968812 -0.00641375 0.00646395 -0.00114928 -0.00223728 0.00219578; -0.000968812 0.000405184 0.00255972 -0.0031034 0.000838924 0.00129173 -0.000892204; -0.00641375 0.00255972 0.13371 -0.0416608 -0.0396528 0.0338865 0.00107884; 0.00646395 -0.0031034 -0.0416608 0.0696469 -0.0307272 -0.0413698 0.0107325; -0.00114928 0.000838924 -0.0396528 -0.0307272 0.0498294 0.0131718 -0.00949351; -0.00223728 0.00129173 0.0338865 -0.0413698 0.0131718 0.0280492 -0.00448015; 0.00219578 -0.000892204 0.00107884 0.0107325 -0.00949351 -0.00448015 0.00437184]
Loglik: -141679.9371 
Loglik values on different cores:
[-1.41712e5,-141714.0,-1.41768e5,-141727.0,-1.41693e5,-141723.0,-1.41737e5,-1.41728e5,-1.41733e5,-1.41732e5]
	From worker 6:	ESS: 154.4928
	From worker 6:	Nbr resample: 24841 
	From worker 11:	ESS: 161.1828
	From worker 11:	Nbr resample: 24841 
	From worker 3:	ESS: 145.1595
	From worker 3:	Nbr resample: 24841 
	From worker 4:	ESS: 152.0370
	From worker 4:	Nbr resample: 24841 
	From worker 2:	ESS: 151.8425
	From worker 2:	Nbr resample: 24841 
	From worker 9:	ESS: 155.3467
	From worker 9:	Nbr resample: 24841 
	From worker 5:	ESS: 160.7284
	From worker 5:	Nbr resample: 24841 
	From worker 7:	ESS: 160.0858
	From worker 7:	Nbr resample: 24841 
	From worker 10:	ESS: 157.0743
	From worker 10:	Nbr resample: 24841 
	From worker 8:	ESS: 158.9593
	From worker 8:	Nbr resample: 24841 
	From worker 5:	ESS: 162.0545
	From worker 5:	Nbr resample: 24841 
	From worker 9:	ESS: 160.0390
	From worker 9:	Nbr resample: 24841 
	From worker 7:	ESS: 167.1905
	From worker 7:	Nbr resample: 24841 
	From worker 6:	ESS: 157.1249
	From worker 6:	Nbr resample: 24841 
	From worker 3:	ESS: 164.0074
	From worker 3:	Nbr resample: 24841 
	From worker 10:	ESS: 157.8334
	From worker 10:	Nbr resample: 24841 
	From worker 8:	ESS: 159.8782
	From worker 8:	Nbr resample: 24841 
	From worker 2:	ESS: 163.6725
	From worker 2:	Nbr resample: 24841 
	From worker 11:	ESS: 158.4016
	From worker 11:	Nbr resample: 24841 
	From worker 4:	ESS: 161.7759
	From worker 4:	Nbr resample: 24841 
Percentage done: 16.00 % 
Acceptance rate on iteration 1501 to 1600 is 0.1010
Covariance:
[0.00271765 -0.000795771 -0.00535007 0.0037431 -0.000436333 -0.00025037 0.00161878; -0.000795771 0.000322718 0.00219924 -0.00197714 0.000453531 0.000618369 -0.000668802; -0.00535007 0.00219924 0.118961 -0.0195735 -0.034049 0.0156198 0.00054401; 0.0037431 -0.00197714 -0.0195735 0.0569731 -0.0247509 -0.036457 0.00760456; -0.000436333 0.000453531 -0.034049 -0.0247509 0.0378589 0.011839 -0.00673433; -0.00025037 0.000618369 0.0156198 -0.036457 0.011839 0.027712 -0.00314644; 0.00161878 -0.000668802 0.00054401 0.00760456 -0.00673433 -0.00314644 0.00319032]
Loglik: -141640.4400 
Loglik values on different cores:
[-1.41644e5,-1.41702e5,-1.41687e5,-1.41688e5,-1.41657e5,-1.41692e5,-1.41681e5,-1.4171e5,-1.41698e5,-1.41711e5]
	From worker 2:	ESS: 158.9972
	From worker 2:	Nbr resample: 24841 
	From worker 7:	ESS: 159.5757
	From worker 7:	Nbr resample: 24841 
	From worker 6:	ESS: 165.8639
	From worker 6:	Nbr resample: 24841 
	From worker 8:	ESS: 156.7681
	From worker 8:	Nbr resample: 24841 
	From worker 11:	ESS: 165.3136
	From worker 11:	Nbr resample: 24841 
	From worker 4:	ESS: 163.4761
	From worker 4:	Nbr resample: 24841 
	From worker 9:	ESS: 158.6964
	From worker 9:	Nbr resample: 24841 
	From worker 3:	ESS: 158.1976
	From worker 3:	Nbr resample: 24841 
	From worker 5:	ESS: 159.2710
	From worker 5:	Nbr resample: 24841 
	From worker 10:	ESS: 160.2508
	From worker 10:	Nbr resample: 24841 
	From worker 9:	ESS: 156.8733
	From worker 9:	Nbr resample: 24841 
	From worker 5:	ESS: 160.9280
	From worker 5:	Nbr resample: 24841 
	From worker 7:	ESS: 157.6693
	From worker 7:	Nbr resample: 24841 
	From worker 10:	ESS: 154.9080
	From worker 10:	Nbr resample: 24841 
	From worker 3:	ESS: 155.0961
	From worker 3:	Nbr resample: 24841 
	From worker 8:	ESS: 163.1892
	From worker 8:	Nbr resample: 24841 
	From worker 11:	ESS: 162.5233
	From worker 11:	Nbr resample: 24841 
	From worker 2:	ESS: 159.6191
	From worker 4:	ESS: 156.6824
	From worker 4:	Nbr resample: 24841 
	From worker 2:	Nbr resample: 24841 
	From worker 6:	ESS: 159.2459
	From worker 6:	Nbr resample: 24841 
Percentage done: 17.00 % 
Acceptance rate on iteration 1601 to 1700 is 0.1818
Covariance:
[0.00301359 -0.000893149 -0.00480525 0.00318865 -0.000802358 0.00123444 0.00195983; -0.000893149 0.000342865 0.00186905 -0.00162063 0.000510071 2.801e-5 -0.000765008; -0.00480525 0.00186905 0.0976189 -0.0113748 -0.0291863 0.00758153 0.00054488; 0.00318865 -0.00162063 -0.0113748 0.0516037 -0.0227531 -0.0342058 0.00720466; -0.000802358 0.000510071 -0.0291863 -0.0227531 0.0323368 0.0113571 -0.00633488; 0.00123444 2.801e-5 0.00758153 -0.0342058 0.0113571 0.0294246 -0.00221952; 0.00195983 -0.000765008 0.00054488 0.00720466 -0.00633488 -0.00221952 0.00334766]
Loglik: -141651.4706 
Loglik values on different cores:
[-1.4172e5,-1.41695e5,-1.4168e5,-1.41654e5,-1.417e5,-1.41647e5,-1.41665e5,-1.41693e5,-1.41627e5,-141622.0]
	From worker 2:	ESS: 163.3992
	From worker 2:	Nbr resample: 24841 
	From worker 5:	ESS: 157.6661
	From worker 5:	Nbr resample: 24841 
	From worker 7:	ESS: 152.6198
	From worker 7:	Nbr resample: 24841 
	From worker 6:	ESS: 161.1888
	From worker 6:	Nbr resample: 24841 
	From worker 8:	ESS: 158.4270
	From worker 8:	Nbr resample: 24841 
	From worker 10:	ESS: 163.1392
	From worker 10:	Nbr resample: 24841 
	From worker 3:	ESS: 154.2859
	From worker 3:	Nbr resample: 24841 
	From worker 11:	ESS: 161.1679
	From worker 11:	Nbr resample: 24841 
	From worker 9:	ESS: 159.3149
	From worker 9:	Nbr resample: 24841 
	From worker 4:	ESS: 162.9233
	From worker 4:	Nbr resample: 24841 
	From worker 9:	ESS: 157.9608
	From worker 9:	Nbr resample: 24841 
	From worker 6:	ESS: 148.7852
	From worker 6:	Nbr resample: 24841 
	From worker 3:	ESS: 155.3923
	From worker 3:	Nbr resample: 24841 
	From worker 4:	ESS: 155.5812
	From worker 4:	Nbr resample: 24841 
	From worker 5:	ESS: 155.7724
	From worker 5:	Nbr resample: 24841 
	From worker 2:	ESS: 152.8974
	From worker 2:	Nbr resample: 24841 
	From worker 8:	ESS: 155.7939
	From worker 8:	Nbr resample: 24841 
	From worker 11:	ESS: 157.2000
	From worker 11:	Nbr resample: 24841 
	From worker 10:	ESS: 156.6218
	From worker 10:	Nbr resample: 24841 
	From worker 7:	ESS: 155.9591
	From worker 7:	Nbr resample: 24841 
Percentage done: 18.00 % 
Acceptance rate on iteration 1701 to 1800 is 0.1010
Covariance:
[0.00229823 -0.000679229 -0.00363514 0.00230714 -0.000723947 0.00111073 0.00148645; -0.000679229 0.000260282 0.0013951 -0.00117807 0.000415703 -3.53178e-5 -0.00057314; -0.00363514 0.0013951 0.0748869 -0.006545 -0.0244972 0.00388603 0.000658497; 0.00230714 -0.00117807 -0.006545 0.0428042 -0.0217559 -0.0290881 0.00609478; -0.000723947 0.000415703 -0.0244972 -0.0217559 0.0306502 0.0120847 -0.00567372; 0.00111073 -3.53178e-5 0.00388603 -0.0290881 0.0120847 0.0252586 -0.00216857; 0.00148645 -0.00057314 0.000658497 0.00609478 -0.00567372 -0.00216857 0.0026541]
Loglik: -141625.8541 
Loglik values on different cores:
[-1.41682e5,-1.41647e5,-1.41665e5,-141683.0,-1.417e5,-1.41669e5,-1.41662e5,-141713.0,-1.41669e5,-1.41711e5]
	From worker 2:	ESS: 148.6457
	From worker 2:	Nbr resample: 24841 
	From worker 7:	ESS: 157.6903
	From worker 7:	Nbr resample: 24841 
	From worker 6:	ESS: 151.8583
	From worker 6:	Nbr resample: 24841 
	From worker 10:	ESS: 142.5025
	From worker 10:	Nbr resample: 24841 
	From worker 11:	ESS: 143.1366
	From worker 11:	Nbr resample: 24841 
	From worker 9:	ESS: 155.3287
	From worker 9:	Nbr resample: 24841 
	From worker 5:	ESS: 147.9324
	From worker 5:	Nbr resample: 24841 
	From worker 3:	ESS: 156.4974
	From worker 3:	Nbr resample: 24841 
	From worker 8:	ESS: 145.6476
	From worker 8:	Nbr resample: 24841 
	From worker 4:	ESS: 154.1416
	From worker 4:	Nbr resample: 24841 
	From worker 9:	ESS: 156.4432
	From worker 9:	Nbr resample: 24841 
	From worker 5:	ESS: 149.7751
	From worker 5:	Nbr resample: 24841 
	From worker 8:	ESS: 159.3190
	From worker 8:	Nbr resample: 24841 
	From worker 3:	ESS: 152.5050
