run Normal prior model
#####################################################################
Starting MCMC with adaptive RW estimating 7 parameters
Algorithm: MCWM
Adaptation algorithm: AMUpdate_gen
Prior distribution: Normal
Particel filter: parallel_bootstrap, on 10 cores
Iteration: 1
Covariance:
[0.142857 0.0 0.0 0.0 0.0 0.0 0.0; 0.0 0.142857 0.0 0.0 0.0 0.0 0.0; 0.0 0.0 0.142857 0.0 0.0 0.0 0.0; 0.0 0.0 0.0 0.142857 0.0 0.0 0.0; 0.0 0.0 0.0 0.0 0.142857 0.0 0.0; 0.0 0.0 0.0 0.0 0.0 0.142857 0.0; 0.0 0.0 0.0 0.0 0.0 0.0 0.142857]
	From worker 9:	ESS: 144.4333
	From worker 9:	Nbr resample: 25000 
	From worker 2:	ESS: 176.6147
	From worker 2:	Nbr resample: 25000 
	From worker 4:	ESS: 191.4954
	From worker 4:	Nbr resample: 25000 
	From worker 6:	ESS: 160.8804
	From worker 7:	ESS: 149.0715
	From worker 3:	ESS: 181.1592
	From worker 6:	Nbr resample: 25000 
	From worker 7:	Nbr resample: 25000 
	From worker 3:	Nbr resample: 25000 
	From worker 11:	ESS: 141.2303
	From worker 10:	ESS: 164.6691
	From worker 11:	Nbr resample: 25000 
	From worker 10:	Nbr resample: 25000 
	From worker 8:	ESS: 143.4589
	From worker 8:	Nbr resample: 25000 
	From worker 5:	ESS: 146.1687
	From worker 5:	Nbr resample: 25000 
Loglik: -161406.4029 
Percentage done: 0.50 % 
Acceptance rate on iteration 1 to 100 is 0.1616
Covariance:
[0.0495022 -0.0181071 -0.037402 -0.00380353 0.00442599 -0.00709622 0.0101315; -0.0181071 0.0151175 0.0144269 0.00225242 -0.00142347 0.00434645 -0.00516407; -0.037402 0.0144269 0.0416436 0.00343883 -0.00403883 0.00524574 -0.00768423; -0.00380353 0.00225242 0.00343883 0.00714073 -0.00022173 0.00200194 -0.00107894; 0.00442599 -0.00142347 -0.00403883 -0.00022173 0.00681017 0.000106243 0.000900556; -0.00709622 0.00434645 0.00524574 0.00200194 0.000106243 0.00984552 -0.00230946; 0.0101315 -0.00516407 -0.00768423 -0.00107894 0.000900556 -0.00230946 0.00880761]
Loglik: -136901.4094 
Loglik values on different cores:
[-1.36935e5,-1.36911e5,-1.36909e5,-1.36917e5,-1.36916e5,-1.36914e5,-1.36938e5,-1.36919e5,-1.36912e5,-1.36908e5]
	From worker 2:	ESS: 170.5446
	From worker 2:	Nbr resample: 25000 
	From worker 8:	ESS: 174.0787
	From worker 8:	Nbr resample: 25000 
	From worker 7:	ESS: 170.0556
	From worker 7:	Nbr resample: 25000 
	From worker 6:	ESS: 169.6436
	From worker 6:	Nbr resample: 25000 
	From worker 4:	ESS: 168.5289
	From worker 4:	Nbr resample: 25000 
	From worker 9:	ESS: 166.5049
	From worker 9:	Nbr resample: 25000 
	From worker 10:	ESS: 174.3795
	From worker 10:	Nbr resample: 25000 
	From worker 11:	ESS: 170.5421
	From worker 11:	Nbr resample: 25000 
	From worker 5:	ESS: 172.7418
	From worker 5:	Nbr resample: 25000 
	From worker 3:	ESS: 164.7376
	From worker 3:	Nbr resample: 25000 
	From worker 4:	ESS: 184.7675
	From worker 4:	Nbr resample: 25000 
	From worker 7:	ESS: 185.6416
	From worker 7:	Nbr resample: 25000 
	From worker 11:	ESS: 180.8399
	From worker 11:	Nbr resample: 25000 
	From worker 9:	ESS: 185.4832
	From worker 9:	Nbr resample: 25000 
	From worker 6:	ESS: 181.8391
	From worker 6:	Nbr resample: 25000 
	From worker 2:	ESS: 175.0760
	From worker 2:	Nbr resample: 25000 
	From worker 5:	ESS: 180.4411
	From worker 5:	Nbr resample: 25000 
	From worker 10:	ESS: 179.2729
	From worker 10:	Nbr resample: 25000 
	From worker 8:	ESS: 178.9045
	From worker 8:	Nbr resample: 25000 
	From worker 3:	ESS: 176.9892
	From worker 3:	Nbr resample: 25000 
Percentage done: 1.00 % 
Acceptance rate on iteration 101 to 200 is 0.1111
Covariance:
[0.0270229 -0.0125158 -0.0184735 0.00230545 0.0019517 -0.00242692 0.00827756; -0.0125158 0.00710811 0.00865482 -0.00123831 -0.000882032 0.00143992 -0.00437506; -0.0184735 0.00865482 0.014677 -0.00141874 -0.00154059 0.00177333 -0.00573619; 0.00230545 -0.00123831 -0.00141874 0.00161313 0.000109491 -0.000164177 0.00116202; 0.0019517 -0.000882032 -0.00154059 0.000109491 0.0011508 -0.000167928 0.000685134; -0.00242692 0.00143992 0.00177333 -0.000164177 -0.000167928 0.00192781 -0.00134082; 0.00827756 -0.00437506 -0.00573619 0.00116202 0.000685134 -0.00134082 0.00426458]
Loglik: -136795.4910 
Loglik values on different cores:
[-1.36791e5,-1.36806e5,-1.36793e5,-1.36806e5,-1.36808e5,-1.36807e5,-1.36809e5,-1.36812e5,-1.3681e5,-1.36807e5]
	From worker 7:	ESS: 192.2760
	From worker 7:	Nbr resample: 25000 
	From worker 6:	ESS: 195.3619
	From worker 6:	Nbr resample: 25000 
	From worker 4:	ESS: 195.0027
	From worker 4:	Nbr resample: 25000 
	From worker 9:	ESS: 194.6659
	From worker 9:	Nbr resample: 25000 
	From worker 10:	ESS: 194.3346
	From worker 10:	Nbr resample: 25000 
	From worker 5:	ESS: 195.0125
	From worker 5:	Nbr resample: 25000 
	From worker 2:	ESS: 194.7244
	From worker 2:	Nbr resample: 25000 
	From worker 8:	ESS: 196.2182
	From worker 8:	Nbr resample: 25000 
	From worker 3:	ESS: 196.1583
	From worker 3:	Nbr resample: 25000 
	From worker 11:	ESS: 193.6225
	From worker 11:	Nbr resample: 25000 
	From worker 8:	ESS: 194.6353
	From worker 8:	Nbr resample: 25000 
	From worker 11:	ESS: 192.4127
	From worker 11:	Nbr resample: 25000 
	From worker 7:	ESS: 193.0708
	From worker 7:	Nbr resample: 25000 
	From worker 2:	ESS: 192.7860
	From worker 2:	Nbr resample: 25000 
	From worker 4:	ESS: 193.4477
	From worker 4:	Nbr resample: 25000 
	From worker 6:	ESS: 195.1971
	From worker 6:	Nbr resample: 25000 
	From worker 3:	ESS: 195.7529
	From worker 3:	Nbr resample: 25000 
	From worker 9:	ESS: 195.0743
	From worker 9:	Nbr resample: 25000 
	From worker 10:	ESS: 194.3656
	From worker 10:	Nbr resample: 25000 
	From worker 5:	ESS: 191.4878
	From worker 5:	Nbr resample: 25000 
Percentage done: 1.50 % 
Acceptance rate on iteration 201 to 300 is 0.1313
Covariance:
[0.00985363 -0.00482201 -0.0069236 0.00132481 0.00103745 -0.0010508 0.00420841; -0.00482201 0.00275928 0.00344152 -0.000753842 -0.000537581 0.000637547 -0.00235115; -0.0069236 0.00344152 0.00553911 -0.00090108 -0.000801334 0.000809297 -0.00304913; 0.00132481 -0.000753842 -0.00090108 0.000715814 0.000193764 -0.00019005 0.000997934; 0.00103745 -0.000537581 -0.000801334 0.000193764 0.000456551 -0.00013519 0.000649118; -0.0010508 0.000637547 0.000809297 -0.00019005 -0.00013519 0.000678804 -0.000751064; 0.00420841 -0.00235115 -0.00304913 0.000997934 0.000649118 -0.000751064 0.00301452]
Loglik: -136783.4014 
Loglik values on different cores:
[-1.36787e5,-1.3679e5,-1.36778e5,-1.36775e5,-1.36779e5,-1.36775e5,-1.36794e5,-1.36786e5,-1.36799e5,-1.36787e5]
	From worker 5:	ESS: 194.3763
	From worker 5:	Nbr resample: 25000 
	From worker 2:	ESS: 191.6819
	From worker 2:	Nbr resample: 25000 
	From worker 6:	ESS: 193.4146
	From worker 6:	Nbr resample: 25000 
	From worker 9:	ESS: 193.5595
	From worker 9:	Nbr resample: 25000 
	From worker 3:	ESS: 191.6121
	From worker 3:	Nbr resample: 25000 
	From worker 4:	ESS: 194.1695
	From worker 4:	Nbr resample: 25000 
	From worker 11:	ESS: 194.0531
	From worker 11:	Nbr resample: 25000 
	From worker 8:	ESS: 191.5213
	From worker 8:	Nbr resample: 25000 
	From worker 7:	ESS: 195.9863
	From worker 7:	Nbr resample: 25000 
	From worker 10:	ESS: 193.4593
	From worker 10:	Nbr resample: 25000 
	From worker 2:	ESS: 192.2629
	From worker 2:	Nbr resample: 25000 
	From worker 4:	ESS: 194.6936
	From worker 4:	Nbr resample: 25000 
	From worker 9:	ESS: 190.0386
	From worker 9:	Nbr resample: 25000 
	From worker 7:	ESS: 192.7877
	From worker 7:	Nbr resample: 25000 
	From worker 6:	ESS: 194.6612
	From worker 6:	Nbr resample: 25000 
	From worker 10:	ESS: 194.0856
	From worker 10:	Nbr resample: 25000 
	From worker 8:	ESS: 193.6869
	From worker 8:	Nbr resample: 25000 
	From worker 11:	ESS: 192.2914
	From worker 11:	Nbr resample: 25000 
	From worker 3:	ESS: 191.3060
	From worker 3:	Nbr resample: 25000 
	From worker 5:	ESS: 194.3811
	From worker 5:	Nbr resample: 25000 
Percentage done: 2.00 % 
Acceptance rate on iteration 301 to 400 is 0.2929
Covariance:
[0.00604676 -0.00298412 -0.00419565 0.000760099 0.000854466 -0.000611255 0.00267444; -0.00298412 0.00169282 0.00211719 -0.000447358 -0.000450241 0.000371987 -0.00150421; -0.00419565 0.00211719 0.00344255 -0.000530859 -0.000679122 0.000500444 -0.00195489; 0.000760099 -0.000447358 -0.000530859 0.000428312 0.000119638 -0.000106766 0.000616962; 0.000854466 -0.000450241 -0.000679122 0.000119638 0.000431288 -4.88408e-5 0.000525567; -0.000611255 0.000371987 0.000500444 -0.000106766 -4.88408e-5 0.000486969 -0.000451515; 0.00267444 -0.00150421 -0.00195489 0.000616962 0.000525567 -0.000451515 0.00193724]
Loglik: -136778.4468 
Loglik values on different cores:
[-1.36799e5,-1.36788e5,-1.36782e5,-136784.0,-1.36789e5,-1.36785e5,-1.36792e5,-1.36777e5,-1.36792e5,-1.36794e5]
	From worker 7:	ESS: 195.6237
	From worker 7:	Nbr resample: 25000 
	From worker 4:	ESS: 195.0071
	From worker 4:	Nbr resample: 25000 
	From worker 10:	ESS: 192.4739
	From worker 10:	Nbr resample: 25000 
	From worker 9:	ESS: 193.5076
	From worker 9:	Nbr resample: 25000 
	From worker 11:	ESS: 194.5511
	From worker 11:	Nbr resample: 25000 
	From worker 2:	ESS: 194.9267
	From worker 2:	Nbr resample: 25000 
	From worker 5:	ESS: 194.3575
	From worker 5:	Nbr resample: 25000 
	From worker 6:	ESS: 193.4756
	From worker 6:	Nbr resample: 25000 
	From worker 3:	ESS: 196.3884
	From worker 3:	Nbr resample: 25000 
	From worker 8:	ESS: 196.2453
	From worker 8:	Nbr resample: 25000 
	From worker 2:	ESS: 192.6769
	From worker 2:	Nbr resample: 25000 
	From worker 6:	ESS: 194.6104
	From worker 6:	Nbr resample: 25000 
	From worker 8:	ESS: 195.0971
	From worker 8:	Nbr resample: 25000 
	From worker 5:	ESS: 195.9610
	From worker 5:	Nbr resample: 25000 
	From worker 7:	ESS: 193.8547
	From worker 7:	Nbr resample: 25000 
	From worker 9:	ESS: 195.7707
	From worker 9:	Nbr resample: 25000 
	From worker 4:	ESS: 193.6119
	From worker 4:	Nbr resample: 25000 
	From worker 10:	ESS: 193.9744
	From worker 10:	Nbr resample: 25000 
	From worker 3:	ESS: 195.2488
	From worker 3:	Nbr resample: 25000 
	From worker 11:	ESS: 195.4530
	From worker 11:	Nbr resample: 25000 
Percentage done: 2.50 % 
Acceptance rate on iteration 401 to 500 is 0.3434
Covariance:
[0.00501377 -0.00253136 -0.00319524 0.00146869 0.000514028 -0.000409821 0.00250346; -0.00253136 0.00143592 0.00158294 -0.000895682 -0.000282836 0.000273625 -0.00144046; -0.00319524 0.00158294 0.00274798 -0.000518137 -0.000286681 0.000192546 -0.00143208; 0.00146869 -0.000895682 -0.000518137 0.00231489 -8.19332e-5 -0.000127919 0.00149645; 0.000514028 -0.000282836 -0.000286681 -8.19332e-5 0.000428978 -0.000103003 0.000339853; -0.000409821 0.000273625 0.000192546 -0.000127919 -0.000103003 0.000444288 -0.00036292; 0.00250346 -0.00144046 -0.00143208 0.00149645 0.000339853 -0.00036292 0.00201109]
Loglik: -136768.3893 
Loglik values on different cores:
[-1.36776e5,-1.36785e5,-1.36769e5,-1.36773e5,-1.36774e5,-1.36775e5,-1.36781e5,-1.3677e5,-136775.0,-1.36777e5]
	From worker 2:	ESS: 194.6308
	From worker 2:	Nbr resample: 25000 
	From worker 7:	ESS: 193.6542
	From worker 7:	Nbr resample: 25000 
	From worker 4:	ESS: 194.0726
	From worker 4:	Nbr resample: 25000 
	From worker 6:	ESS: 195.7403
	From worker 6:	Nbr resample: 25000 
	From worker 9:	ESS: 194.5540
	From worker 9:	Nbr resample: 25000 
	From worker 10:	ESS: 191.7493
	From worker 10:	Nbr resample: 25000 
	From worker 11:	ESS: 193.0940
	From worker 11:	Nbr resample: 25000 
	From worker 8:	ESS: 195.5055
	From worker 8:	Nbr resample: 25000 
	From worker 3:	ESS: 195.5181
	From worker 3:	Nbr resample: 25000 
	From worker 5:	ESS: 194.9592
	From worker 5:	Nbr resample: 25000 
	From worker 5:	ESS: 191.5097
	From worker 5:	Nbr resample: 25000 
	From worker 2:	ESS: 192.4884
	From worker 2:	Nbr resample: 25000 
	From worker 4:	ESS: 193.7083
	From worker 4:	Nbr resample: 25000 
	From worker 7:	ESS: 192.6504
	From worker 7:	Nbr resample: 25000 
	From worker 10:	ESS: 195.7751
	From worker 10:	Nbr resample: 25000 
	From worker 3:	ESS: 194.9430
	From worker 3:	Nbr resample: 25000 
	From worker 8:	ESS: 192.5718
	From worker 8:	Nbr resample: 25000 
	From worker 9:	ESS: 194.1514
	From worker 9:	Nbr resample: 25000 
	From worker 6:	ESS: 194.8881
	From worker 6:	Nbr resample: 25000 
	From worker 11:	ESS: 193.8861
	From worker 11:	Nbr resample: 25000 
Percentage done: 3.00 % 
Acceptance rate on iteration 501 to 600 is 0.3333
Covariance:
[0.00407566 -0.00208196 -0.0025564 0.00110885 0.000588048 -0.000502959 0.00214194; -0.00208196 0.00119705 0.00131332 -0.000524698 -0.000395168 0.00036165 -0.00127932; -0.0025564 0.00131332 0.00219007 -0.000183369 -0.000421494 0.000321453 -0.00127793; 0.00110885 -0.000524698 -0.000183369 0.00568821 -0.00159747 0.000950632 0.000396139; 0.000588048 -0.000395168 -0.000421494 -0.00159747 0.00110603 -0.000585605 0.000624539; -0.000502959 0.00036165 0.000321453 0.000950632 -0.000585605 0.000711389 -0.000635074; 0.00214194 -0.00127932 -0.00127793 0.000396139 0.000624539 -0.000635074 0.00201264]
Loglik: -136778.3846 
Loglik values on different cores:
[-1.36778e5,-1.36795e5,-1.36784e5,-1.36781e5,-1.36791e5,-1.36779e5,-1.36785e5,-1.36789e5,-1.36763e5,-1.36785e5]
	From worker 4:	ESS: 191.5420
	From worker 4:	Nbr resample: 25000 
	From worker 7:	ESS: 195.0823
	From worker 7:	Nbr resample: 25000 
	From worker 6:	ESS: 193.5054
	From worker 6:	Nbr resample: 25000 
	From worker 8:	ESS: 192.4690
	From worker 8:	Nbr resample: 25000 
	From worker 10:	ESS: 192.0964
	From worker 10:	Nbr resample: 25000 
	From worker 11:	ESS: 196.4768
	From worker 11:	Nbr resample: 25000 
	From worker 5:	ESS: 193.9779
	From worker 5:	Nbr resample: 25000 
	From worker 2:	ESS: 195.0494
	From worker 2:	Nbr resample: 25000 
	From worker 9:	ESS: 195.4025
	From worker 9:	Nbr resample: 25000 
	From worker 3:	ESS: 194.2937
	From worker 3:	Nbr resample: 25000 
	From worker 2:	ESS: 195.4931
	From worker 2:	Nbr resample: 25000 
	From worker 9:	ESS: 192.7037
	From worker 9:	Nbr resample: 25000 
	From worker 7:	ESS: 194.6724
	From worker 7:	Nbr resample: 25000 
	From worker 10:	ESS: 194.2981
	From worker 10:	Nbr resample: 25000 
	From worker 4:	ESS: 195.0342
	From worker 4:	Nbr resample: 25000 
	From worker 3:	ESS: 194.7233
	From worker 3:	Nbr resample: 25000 
	From worker 8:	ESS: 192.8465
	From worker 8:	Nbr resample: 25000 
	From worker 6:	ESS: 193.1326
	From worker 6:	Nbr resample: 25000 
	From worker 11:	ESS: 192.9996
	From worker 11:	Nbr resample: 25000 
	From worker 5:	ESS: 192.2172
	From worker 5:	Nbr resample: 25000 
Percentage done: 3.50 % 
Acceptance rate on iteration 601 to 700 is 0.3636
Covariance:
[0.00364029 -0.00178342 -0.00214805 0.00134779 0.000294347 -0.000281973 0.00179782; -0.00178342 0.00102991 0.00112589 -0.000834318 -0.00018261 0.000288114 -0.00117074; -0.00214805 0.00112589 0.00230393 0.000319803 -0.000438104 0.000456452 -0.00129818; 0.00134779 -0.000834318 0.000319803 0.0125202 -0.00325157 0.00173441 0.00127145; 0.000294347 -0.00018261 -0.000438104 -0.00325157 0.00138922 -0.000696614 0.000212292; -0.000281973 0.000288114 0.000456452 0.00173441 -0.000696614 0.0008833 -0.000596343; 0.00179782 -0.00117074 -0.00129818 0.00127145 0.000212292 -0.000596343 0.00204756]
Loglik: -136786.3316 
Loglik values on different cores:
[-1.36798e5,-1.36797e5,-1.36807e5,-1.3682e5,-1.36803e5,-1.36797e5,-1.36799e5,-1.36817e5,-1.36795e5,-1.36821e5]
	From worker 11:	ESS: 190.7566
	From worker 11:	Nbr resample: 25000 
	From worker 5:	ESS: 191.4393
	From worker 5:	Nbr resample: 25000 
	From worker 2:	ESS: 195.1481
	From worker 2:	Nbr resample: 25000 
	From worker 7:	ESS: 193.1288
	From worker 7:	Nbr resample: 25000 
	From worker 4:	ESS: 192.2484
	From worker 4:	Nbr resample: 25000 
	From worker 8:	ESS: 194.1965
	From worker 8:	Nbr resample: 25000 
	From worker 9:	ESS: 193.4329
	From worker 9:	Nbr resample: 25000 
	From worker 3:	ESS: 191.2076
	From worker 3:	Nbr resample: 25000 
	From worker 6:	ESS: 192.6581
	From worker 6:	Nbr resample: 25000 
	From worker 10:	ESS: 194.5441
	From worker 10:	Nbr resample: 25000 
	From worker 2:	ESS: 194.2848
	From worker 2:	Nbr resample: 25000 
	From worker 4:	ESS: 194.7460
	From worker 4:	Nbr resample: 25000 
	From worker 7:	ESS: 193.1068
	From worker 7:	Nbr resample: 25000 
	From worker 6:	ESS: 192.3537
	From worker 6:	Nbr resample: 25000 
	From worker 9:	ESS: 192.0419
	From worker 9:	Nbr resample: 25000 
	From worker 10:	ESS: 193.2520
	From worker 10:	Nbr resample: 25000 
	From worker 8:	ESS: 192.9796
	From worker 8:	Nbr resample: 25000 
	From worker 11:	ESS: 195.3467
	From worker 11:	Nbr resample: 25000 
	From worker 3:	ESS: 193.3556
	From worker 3:	Nbr resample: 25000 
	From worker 5:	ESS: 191.8942
	From worker 5:	Nbr resample: 25000 
Percentage done: 4.00 % 
Acceptance rate on iteration 701 to 800 is 0.3131
Covariance:
[0.00316542 -0.00160584 -0.00173348 0.000986955 0.00028151 -0.000441711 0.001877; -0.00160584 0.000945623 0.000966087 -0.000634526 -0.000166967 0.000367855 -0.00120466; -0.00173348 0.000966087 0.00265323 0.00168865 -0.000848204 0.000616532 -0.000879996; 0.000986955 -0.000634526 0.00168865 0.0164322 -0.00427934 0.00185717 0.00186811; 0.00028151 -0.000166967 -0.000848204 -0.00427934 0.00162173 -0.000693417 -4.45612e-7; -0.000441711 0.000367855 0.000616532 0.00185717 -0.000693417 0.000859309 -0.000635768; 0.001877 -0.00120466 -0.000879996 0.00186811 -4.45612e-7 -0.000635768 0.00234312]
Loglik: -136771.9696 
Loglik values on different cores:
[-1.36786e5,-1.36775e5,-1.36777e5,-1.36782e5,-1.36788e5,-1.36781e5,-1.36778e5,-1.36784e5,-136781.0,-1.36788e5]
	From worker 2:	ESS: 194.4135
	From worker 2:	Nbr resample: 25000 
	From worker 7:	ESS: 192.3381
	From worker 7:	Nbr resample: 25000 
	From worker 9:	ESS: 192.5062
	From worker 9:	Nbr resample: 25000 
	From worker 4:	ESS: 193.6617
	From worker 4:	Nbr resample: 25000 
	From worker 3:	ESS: 193.2331
	From worker 3:	Nbr resample: 25000 
	From worker 6:	ESS: 195.2890
	From worker 6:	Nbr resample: 25000 
	From worker 11:	ESS: 193.4449
	From worker 11:	Nbr resample: 25000 
	From worker 10:	ESS: 193.6020
	From worker 10:	Nbr resample: 25000 
	From worker 8:	ESS: 193.7821
	From worker 8:	Nbr resample: 25000 
	From worker 5:	ESS: 191.6514
	From worker 5:	Nbr resample: 25000 
	From worker 2:	ESS: 192.2741
	From worker 2:	Nbr resample: 25000 
	From worker 4:	ESS: 193.7718
	From worker 4:	Nbr resample: 25000 
	From worker 6:	ESS: 196.2671
	From worker 6:	Nbr resample: 25000 
	From worker 10:	ESS: 191.7331
	From worker 10:	Nbr resample: 25000 
	From worker 8:	ESS: 194.6225
	From worker 8:	Nbr resample: 25000 
	From worker 11:	ESS: 193.5445
	From worker 11:	Nbr resample: 25000 
	From worker 5:	ESS: 192.8305
	From worker 5:	Nbr resample: 25000 
	From worker 7:	ESS: 195.3410
	From worker 7:	Nbr resample: 25000 
	From worker 9:	ESS: 193.2254
	From worker 9:	Nbr resample: 25000 
	From worker 3:	ESS: 192.5571
	From worker 3:	Nbr resample: 25000 
Percentage done: 4.50 % 
Acceptance rate on iteration 801 to 900 is 0.3333
Covariance:
[0.00383146 -0.00194953 0.00204089 0.00338171 -0.00120357 0.0012816 0.00262947; -0.00194953 0.00110294 -0.000864411 -0.00177058 0.000556334 -0.000470164 -0.00156041; 0.00204089 -0.000864411 0.0279299 0.0243356 -0.0112828 0.0140076 0.0028506; 0.00338171 -0.00177058 0.0243356 0.0404714 -0.0140304 0.0140034 0.00485136; -0.00120357 0.000556334 -0.0112828 -0.0140304 0.00596904 -0.00615469 -0.00160924; 0.0012816 -0.000470164 0.0140076 0.0140034 -0.00615469 0.00786265 0.001189; 0.00262947 -0.00156041 0.0028506 0.00485136 -0.00160924 0.001189 0.00307677]
Loglik: -136769.3934 
Loglik values on different cores:
[-1.36773e5,-1.36788e5,-1.36781e5,-1.3679e5,-1.36779e5,-1.36785e5,-136789.0,-1.3679e5,-1.36767e5,-1.36776e5]
	From worker 7:	ESS: 194.4843
	From worker 7:	Nbr resample: 25000 
	From worker 6:	ESS: 194.2197
	From worker 6:	Nbr resample: 25000 
	From worker 2:	ESS: 195.8997
	From worker 2:	Nbr resample: 25000 
	From worker 5:	ESS: 194.8229
	From worker 5:	Nbr resample: 25000 
	From worker 4:	ESS: 195.6919
	From worker 4:	Nbr resample: 25000 
	From worker 10:	ESS: 195.1725
	From worker 10:	Nbr resample: 25000 
	From worker 3:	ESS: 195.8235
	From worker 3:	Nbr resample: 25000 
	From worker 8:	ESS: 193.4093
	From worker 8:	Nbr resample: 25000 
	From worker 9:	ESS: 193.5509
	From worker 9:	Nbr resample: 25000 
	From worker 11:	ESS: 194.5309
	From worker 11:	Nbr resample: 25000 
	From worker 4:	ESS: 194.1451
	From worker 4:	Nbr resample: 25000 
	From worker 9:	ESS: 192.8014
	From worker 9:	Nbr resample: 25000 
	From worker 8:	ESS: 195.0708
	From worker 8:	Nbr resample: 25000 
	From worker 10:	ESS: 193.4375
	From worker 10:	Nbr resample: 25000 
	From worker 11:	ESS: 195.5138
	From worker 11:	Nbr resample: 25000 
	From worker 2:	ESS: 193.3103
	From worker 2:	Nbr resample: 25000 
	From worker 7:	ESS: 192.3908
	From worker 7:	Nbr resample: 25000 
	From worker 5:	ESS: 195.1344
	From worker 5:	Nbr resample: 25000 
	From worker 3:	ESS: 194.5500
	From worker 3:	Nbr resample: 25000 
	From worker 6:	ESS: 194.6885
	From worker 6:	Nbr resample: 25000 
Percentage done: 5.00 % 
Acceptance rate on iteration 901 to 1000 is 0.2020
Covariance:
[0.00358926 -0.00198705 0.00989279 0.00693581 -0.00436922 0.00469483 0.00328748; -0.00198705 0.0012438 -0.0078123 -0.00424837 0.00319071 -0.00347711 -0.0021677; 0.00989279 -0.0078123 0.158705 0.074696 -0.0607505 0.070519 0.0198786; 0.00693581 -0.00424837 0.074696 0.0802204 -0.0361596 0.0376726 0.0126923; -0.00436922 0.00319071 -0.0607505 -0.0361596 0.0252894 -0.0278057 -0.0083791; 0.00469483 -0.00347711 0.070519 0.0376726 -0.0278057 0.0322843 0.00880685; 0.00328748 -0.0021677 0.0198786 0.0126923 -0.0083791 0.00880685 0.0048311]
Loglik: -136772.5411 
Loglik values on different cores:
[-1.3678e5,-1.36793e5,-1.36781e5,-1.36781e5,-136788.0,-1.36788e5,-1.36777e5,-1.36808e5,-1.36776e5,-1.36781e5]
	From worker 4:	ESS: 195.8372
	From worker 4:	Nbr resample: 25000 
	From worker 7:	ESS: 194.8804
	From worker 7:	Nbr resample: 25000 
	From worker 9:	ESS: 194.9044
	From worker 9:	Nbr resample: 25000 
	From worker 6:	ESS: 193.4559
	From worker 6:	Nbr resample: 25000 
	From worker 10:	ESS: 193.2791
	From worker 10:	Nbr resample: 25000 
	From worker 8:	ESS: 194.1660
	From worker 8:	Nbr resample: 25000 
	From worker 11:	ESS: 193.8484
	From worker 11:	Nbr resample: 25000 
	From worker 2:	ESS: 195.9917
	From worker 2:	Nbr resample: 25000 
	From worker 5:	ESS: 194.1058
	From worker 5:	Nbr resample: 25000 
	From worker 3:	ESS: 193.9213
	From worker 3:	Nbr resample: 25000 
	From worker 2:	ESS: 195.2083
	From worker 2:	Nbr resample: 25000 
	From worker 5:	ESS: 197.0444
	From worker 5:	Nbr resample: 25000 
	From worker 7:	ESS: 194.7291
	From worker 7:	Nbr resample: 25000 
	From worker 8:	ESS: 194.7502
	From worker 8:	Nbr resample: 25000 
	From worker 4:	ESS: 192.6489
	From worker 4:	Nbr resample: 25000 
	From worker 9:	ESS: 193.7281
	From worker 9:	Nbr resample: 25000 
	From worker 6:	ESS: 194.7073
	From worker 6:	Nbr resample: 25000 
	From worker 3:	ESS: 194.4135
	From worker 3:	Nbr resample: 25000 
	From worker 11:	ESS: 194.5484
	From worker 11:	Nbr resample: 25000 
	From worker 10:	ESS: 195.8413
	From worker 10:	Nbr resample: 25000 
Percentage done: 5.50 % 
Acceptance rate on iteration 1001 to 1100 is 0.0404
Covariance:
[0.00225779 -0.00124064 0.00536209 0.004592 -0.00251958 0.00263285 0.0020764; -0.00124064 0.000784823 -0.00554286 -0.00244687 0.00216366 -0.00241634 -0.00134792; 0.00536209 -0.00554286 0.201034 0.0169631 -0.0646214 0.0817494 0.0105767; 0.004592 -0.00244687 0.0169631 0.0598492 -0.0150184 0.0126416 0.00848754; -0.00251958 0.00216366 -0.0646214 -0.0150184 0.0228205 -0.0272554 -0.00475459; 0.00263285 -0.00241634 0.0817494 0.0126416 -0.0272554 0.0341241 0.00482257; 0.0020764 -0.00134792 0.0105767 0.00848754 -0.00475459 0.00482257 0.00306593]
Loglik: -136755.0134 
Loglik values on different cores:
[-1.36761e5,-1.36768e5,-1.36774e5,-1.36771e5,-1.36783e5,-1.36772e5,-1.36762e5,-1.3678e5,-1.36771e5,-1.36763e5]
	From worker 9:	ESS: 195.4010
	From worker 9:	Nbr resample: 25000 
	From worker 11:	ESS: 195.2436
	From worker 11:	Nbr resample: 25000 
	From worker 2:	ESS: 195.6370
	From worker 2:	Nbr resample: 25000 
	From worker 5:	ESS: 195.5755
	From worker 5:	Nbr resample: 25000 
	From worker 7:	ESS: 194.2958
	From worker 7:	Nbr resample: 25000 
	From worker 4:	ESS: 195.6323
	From worker 4:	Nbr resample: 25000 
	From worker 6:	ESS: 194.9577
	From worker 6:	Nbr resample: 25000 
	From worker 3:	ESS: 194.3884
	From worker 3:	Nbr resample: 25000 
	From worker 10:	ESS: 195.3942
	From worker 10:	Nbr resample: 25000 
	From worker 8:	ESS: 195.4130
	From worker 8:	Nbr resample: 25000 
	From worker 4:	ESS: 192.4003
	From worker 4:	Nbr resample: 25000 
	From worker 7:	ESS: 195.2172
	From worker 7:	Nbr resample: 25000 
	From worker 6:	ESS: 194.3708
	From worker 6:	Nbr resample: 25000 
	From worker 10:	ESS: 195.3327
	From worker 10:	Nbr resample: 25000 
	From worker 8:	ESS: 195.8228
	From worker 8:	Nbr resample: 25000 
	From worker 2:	ESS: 194.4960
	From worker 2:	Nbr resample: 25000 
	From worker 9:	ESS: 193.5054
	From worker 9:	Nbr resample: 25000 
	From worker 5:	ESS: 194.8241
	From worker 5:	Nbr resample: 25000 
	From worker 3:	ESS: 194.4642
	From worker 3:	Nbr resample: 25000 
	From worker 11:	ESS: 191.2383
	From worker 11:	Nbr resample: 25000 
Percentage done: 6.00 % 
Acceptance rate on iteration 1101 to 1200 is 0.1313
Covariance:
[0.00270242 -0.00150932 -0.00123123 0.00445237 -0.000685281 0.000208335 0.00222248; -0.00150932 0.000916787 -0.00107318 -0.00236505 0.000898363 -0.000761727 -0.0013831; -0.00123123 -0.00107318 0.17719 -0.0111247 -0.0526901 0.0685534 0.00246655; 0.00445237 -0.00236505 -0.0111247 0.0703286 -0.00679726 0.00274182 0.00883001; -0.000685281 0.000898363 -0.0526901 -0.00679726 0.017667 -0.0215576 -0.00228007; 0.000208335 -0.000761727 0.0685534 0.00274182 -0.0215576 0.0275746 0.00179769; 0.00222248 -0.0013831 0.00246655 0.00883001 -0.00228007 0.00179769 0.00287236]
Loglik: -136742.2402 
Loglik values on different cores:
[-1.36745e5,-1.36757e5,-1.36751e5,-1.36761e5,-136743.0,-136748.0,-1.36757e5,-136756.0,-1.36746e5,-1.36752e5]
	From worker 10:	ESS: 194.0604
	From worker 10:	Nbr resample: 25000 
	From worker 2:	ESS: 192.7293
	From worker 2:	Nbr resample: 25000 
	From worker 5:	ESS: 190.5336
	From worker 5:	Nbr resample: 25000 
	From worker 7:	ESS: 192.5209
	From worker 7:	Nbr resample: 25000 
	From worker 4:	ESS: 191.8601
	From worker 4:	Nbr resample: 25000 
	From worker 6:	ESS: 192.8049
	From worker 6:	Nbr resample: 25000 
	From worker 3:	ESS: 193.6950
	From worker 3:	Nbr resample: 25000 
	From worker 8:	ESS: 191.3636
	From worker 8:	Nbr resample: 25000 
	From worker 11:	ESS: 194.8858
	From worker 11:	Nbr resample: 25000 
	From worker 9:	ESS: 194.1523
	From worker 9:	Nbr resample: 25000 
	From worker 7:	ESS: 193.7487
	From worker 7:	Nbr resample: 25000 
	From worker 4:	ESS: 195.2766
	From worker 4:	Nbr resample: 25000 
	From worker 6:	ESS: 192.1303
	From worker 6:	Nbr resample: 25000 
	From worker 8:	ESS: 194.3150
	From worker 8:	Nbr resample: 25000 
	From worker 9:	ESS: 195.8902
	From worker 9:	Nbr resample: 25000 
	From worker 11:	ESS: 194.2865
	From worker 11:	Nbr resample: 25000 
	From worker 2:	ESS: 194.5993
	From worker 2:	Nbr resample: 25000 
	From worker 5:	ESS: 193.8369
	From worker 5:	Nbr resample: 25000 
	From worker 10:	ESS: 195.3703
	From worker 10:	Nbr resample: 25000 
	From worker 3:	ESS: 194.6189
	From worker 3:	Nbr resample: 25000 
Percentage done: 6.50 % 
Acceptance rate on iteration 1201 to 1300 is 0.0101
Covariance:
[0.00187588 -0.0010378 -0.00224041 0.00508544 -0.00028317 -0.000183234 0.00163231; -0.0010378 0.000627628 -0.000117645 -0.00231203 0.000505676 -0.000349382 -0.000984227; -0.00224041 -0.000117645 0.136747 -0.0411344 -0.0365827 0.0491216 -0.000836718; 0.00508544 -0.00231203 -0.0411344 0.104211 -0.00140299 -0.00466099 0.00959563; -0.00028317 0.000505676 -0.0365827 -0.00140299 0.0118203 -0.0145972 -0.00122296; -0.000183234 -0.000349382 0.0491216 -0.00466099 -0.0145972 0.0189929 0.000647316; 0.00163231 -0.000984227 -0.000836718 0.00959563 -0.00122296 0.000647316 0.00217768]
Loglik: -136721.5629 
Loglik values on different cores:
[-1.36742e5,-1.36739e5,-1.36728e5,-136726.0,-136729.0,-1.36725e5,-1.36728e5,-136744.0,-1.36727e5,-1.3674e5]
	From worker 2:	ESS: 193.8381
	From worker 2:	Nbr resample: 25000 
	From worker 7:	ESS: 194.2856
	From worker 7:	Nbr resample: 25000 
	From worker 9:	ESS: 196.0217
	From worker 9:	Nbr resample: 25000 
	From worker 5:	ESS: 193.3269
	From worker 5:	Nbr resample: 25000 
	From worker 8:	ESS: 194.7915
	From worker 8:	Nbr resample: 25000 
	From worker 6:	ESS: 189.9554
	From worker 6:	Nbr resample: 25000 
	From worker 10:	ESS: 193.7066
	From worker 10:	Nbr resample: 25000 
	From worker 4:	ESS: 194.0841
	From worker 4:	Nbr resample: 25000 
	From worker 3:	ESS: 194.3887
	From worker 3:	Nbr resample: 25000 
	From worker 11:	ESS: 192.1675
	From worker 11:	Nbr resample: 25000 
	From worker 2:	ESS: 195.3238
	From worker 2:	Nbr resample: 25000 
	From worker 4:	ESS: 194.5591
	From worker 4:	Nbr resample: 25000 
	From worker 6:	ESS: 193.7648
	From worker 6:	Nbr resample: 25000 
	From worker 8:	ESS: 195.1082
	From worker 8:	Nbr resample: 25000 
	From worker 10:	ESS: 195.6147
	From worker 10:	Nbr resample: 25000 
	From worker 11:	ESS: 193.2318
	From worker 11:	Nbr resample: 25000 
	From worker 7:	ESS: 193.0067
	From worker 7:	Nbr resample: 25000 
	From worker 3:	ESS: 195.8317
	From worker 3:	Nbr resample: 25000 
	From worker 9:	ESS: 191.6234
	From worker 9:	Nbr resample: 25000 
	From worker 5:	ESS: 193.9342
	From worker 5:	Nbr resample: 25000 
Percentage done: 7.00 % 
Acceptance rate on iteration 1301 to 1400 is 0.0000
Covariance:
[0.00127322 -0.000694608 -0.0019762 0.00433012 -0.000158493 -0.00019699 0.00113451; -0.000694608 0.000418237 2.42673e-6 -0.00169543 0.000331443 -0.000219957 -0.000662845; -0.0019762 2.42673e-6 0.100314 -0.045575 -0.024912 0.0341229 -0.001491; 0.00433012 -0.00169543 -0.045575 0.104828 0.00018721 -0.0059159 0.0082052; -0.000158493 0.000331443 -0.024912 0.00018721 0.00789902 -0.00979987 -0.000756098; -0.00019699 -0.000219957 0.0341229 -0.0059159 -0.00979987 0.0128586 0.000286192; 0.00113451 -0.000662845 -0.001491 0.0082052 -0.000756098 0.000286192 0.0015422]
Loglik: -136721.5629 
Loglik values on different cores:
[-1.36726e5,-1.36724e5,-1.36742e5,-1.36738e5,-1.36734e5,-1.36745e5,-136720.0,-1.36724e5,-1.3672e5,-1.36739e5]
	From worker 2:	ESS: 195.8670
	From worker 2:	Nbr resample: 25000 
	From worker 4:	ESS: 195.1999
	From worker 4:	Nbr resample: 25000 
	From worker 6:	ESS: 195.0194
	From worker 6:	Nbr resample: 25000 
	From worker 9:	ESS: 194.0535
	From worker 9:	Nbr resample: 25000 
	From worker 10:	ESS: 194.5208
	From worker 10:	Nbr resample: 25000 
	From worker 8:	ESS: 195.5027
	From worker 8:	Nbr resample: 25000 
	From worker 7:	ESS: 194.3131
	From worker 7:	Nbr resample: 25000 
	From worker 5:	ESS: 196.1366
	From worker 5:	Nbr resample: 25000 
	From worker 3:	ESS: 196.7831
	From worker 3:	Nbr resample: 25000 
	From worker 11:	ESS: 193.8630
	From worker 11:	Nbr resample: 25000 
	From worker 11:	ESS: 193.8752
	From worker 11:	Nbr resample: 25000 
	From worker 5:	ESS: 192.2756
	From worker 5:	Nbr resample: 25000 
	From worker 7:	ESS: 195.0630
	From worker 7:	Nbr resample: 25000 
	From worker 2:	ESS: 194.7323
	From worker 2:	Nbr resample: 25000 
	From worker 6:	ESS: 192.7729
	From worker 6:	Nbr resample: 25000 
	From worker 8:	ESS: 193.3687
	From worker 8:	Nbr resample: 25000 
	From worker 4:	ESS: 195.2025
	From worker 4:	Nbr resample: 25000 
	From worker 10:	ESS: 194.4233
	From worker 10:	Nbr resample: 25000 
	From worker 9:	ESS: 192.2583
	From worker 9:	Nbr resample: 25000 
	From worker 3:	ESS: 194.2309
	From worker 3:	Nbr resample: 25000 
Percentage done: 7.50 % 
Acceptance rate on iteration 1401 to 1500 is 0.0101
Covariance:
[0.000882426 -0.000477309 -0.00157041 0.0033783 -9.52486e-5 -0.000168608 0.000797307; -0.000477309 0.000286596 3.93571e-5 -0.00123146 0.000224587 -0.000144701 -0.00045722; -0.00157041 3.93571e-5 0.0730955 -0.0395078 -0.0173192 0.0240454 -0.00143054; 0.0033783 -0.00123146 -0.0395078 0.0874984 0.000632245 -0.00533945 0.00640109; -9.52486e-5 0.000224587 -0.0173192 0.000632245 0.00542291 -0.00674936 -0.00049254; -0.000168608 -0.000144701 0.0240454 -0.00533945 -0.00674936 0.00890855 0.000132354; 0.000797307 -0.00045722 -0.00143054 0.00640109 -0.00049254 0.000132354 0.00109515]
Loglik: -136718.5343 
Loglik values on different cores:
[-1.36727e5,-1.36724e5,-1.36733e5,-1.36729e5,-1.36732e5,-1.3674e5,-1.36728e5,-1.36729e5,-1.36731e5,-1.36729e5]
	From worker 9:	ESS: 194.2193
	From worker 9:	Nbr resample: 25000 
	From worker 10:	ESS: 195.3601
	From worker 10:	Nbr resample: 25000 
	From worker 11:	ESS: 193.8504
	From worker 11:	Nbr resample: 25000 
	From worker 2:	ESS: 192.8083
	From worker 2:	Nbr resample: 25000 
	From worker 6:	ESS: 195.6367
	From worker 6:	Nbr resample: 25000 
	From worker 7:	ESS: 193.2663
	From worker 7:	Nbr resample: 25000 
	From worker 8:	ESS: 195.5099
	From worker 8:	Nbr resample: 25000 
	From worker 3:	ESS: 195.8147
	From worker 3:	Nbr resample: 25000 
	From worker 4:	ESS: 193.3343
	From worker 4:	Nbr resample: 25000 
	From worker 5:	ESS: 190.2161
	From worker 5:	Nbr resample: 25000 
	From worker 4:	ESS: 194.5958
	From worker 4:	Nbr resample: 25000 
	From worker 7:	ESS: 194.5010
	From worker 7:	Nbr resample: 25000 
	From worker 6:	ESS: 194.9309
	From worker 6:	Nbr resample: 25000 
	From worker 8:	ESS: 195.3668
	From worker 8:	Nbr resample: 25000 
	From worker 2:	ESS: 194.8962
	From worker 2:	Nbr resample: 25000 
	From worker 5:	ESS: 195.6423
	From worker 5:	Nbr resample: 25000 
	From worker 9:	ESS: 194.2629
	From worker 9:	Nbr resample: 25000 
	From worker 10:	ESS: 192.9367
	From worker 10:	Nbr resample: 25000 
	From worker 3:	ESS: 195.1916
	From worker 3:	Nbr resample: 25000 
	From worker 11:	ESS: 195.3593
	From worker 11:	Nbr resample: 25000 
Percentage done: 8.00 % 
Acceptance rate on iteration 1501 to 1600 is 0.0202
Covariance:
[0.000637057 -0.0003393 -0.00127379 0.00259125 -3.76642e-5 -0.000155021 0.000570915; -0.0003393 0.000203198 5.43945e-5 -0.000910014 0.000155794 -9.715e-5 -0.000325788; -0.00127379 5.43945e-5 0.0534329 -0.0302768 -0.012532 0.0173457 -0.0010909; 0.00259125 -0.000910014 -0.0302768 0.0646908 0.000846496 -0.00427818 0.00463311; -3.76642e-5 0.000155794 -0.012532 0.000846496 0.00388657 -0.00482734 -0.000338324; -0.000155021 -9.715e-5 0.0173457 -0.00427818 -0.00482734 0.00636062 7.78578e-5; 0.000570915 -0.000325788 -0.0010909 0.00463311 -0.000338324 7.78578e-5 0.000781229]
Loglik: -136725.3591 
Loglik values on different cores:
[-1.36734e5,-136739.0,-1.36747e5,-1.36724e5,-1.36731e5,-1.36739e5,-1.36749e5,-1.36733e5,-1.36742e5,-1.36742e5]
	From worker 2:	ESS: 195.9135
	From worker 2:	Nbr resample: 25000 
	From worker 7:	ESS: 195.3642
	From worker 7:	Nbr resample: 25000 
	From worker 4:	ESS: 194.1153
	From worker 4:	Nbr resample: 25000 
	From worker 6:	ESS: 194.1323
	From worker 6:	Nbr resample: 25000 
	From worker 10:	ESS: 195.9130
	From worker 10:	Nbr resample: 25000 
	From worker 9:	ESS: 195.1346
	From worker 9:	Nbr resample: 25000 
	From worker 8:	ESS: 195.3176
	From worker 8:	Nbr resample: 25000 
	From worker 5:	ESS: 195.9283
	From worker 5:	Nbr resample: 25000 
	From worker 11:	ESS: 195.0030
	From worker 11:	Nbr resample: 25000 
	From worker 3:	ESS: 190.8966
	From worker 3:	Nbr resample: 25000 
	From worker 11:	ESS: 192.6113
	From worker 11:	Nbr resample: 25000 
	From worker 5:	ESS: 195.3720
	From worker 5:	Nbr resample: 25000 
	From worker 2:	ESS: 194.1240
	From worker 2:	Nbr resample: 25000 
	From worker 7:	ESS: 195.7719
	From worker 7:	Nbr resample: 25000 
	From worker 6:	ESS: 195.6770
	From worker 6:	Nbr resample: 25000 
	From worker 9:	ESS: 195.6076
	From worker 9:	Nbr resample: 25000 
	From worker 10:	ESS: 194.2997
	From worker 10:	Nbr resample: 25000 
	From worker 8:	ESS: 195.7414
	From worker 8:	Nbr resample: 25000 
	From worker 4:	ESS: 193.6151
	From worker 4:	Nbr resample: 25000 
	From worker 3:	ESS: 196.4324
	From worker 3:	Nbr resample: 25000 
Percentage done: 8.50 % 
Acceptance rate on iteration 1601 to 1700 is 0.0202
Covariance:
[0.000466953 -0.000249041 -0.000934589 0.00188786 -2.30584e-5 -0.000120318 0.000422892; -0.000249041 0.000151802 -1.9664e-6 -0.000612944 0.000121223 -7.44829e-5 -0.000247316; -0.000934589 -1.9664e-6 0.0393451 -0.0228251 -0.00921358 0.012643 -0.000696957; 0.00188786 -0.000612944 -0.0228251 0.0475843 0.000853736 -0.00329489 0.00324072; -2.30584e-5 0.000121223 -0.00921358 0.000853736 0.00283695 -0.00350623 -0.000262498; -0.000120318 -7.44829e-5 0.012643 -0.00329489 -0.00350623 0.00460393 6.51652e-5; 0.000422892 -0.000247316 -0.000696957 0.00324072 -0.000262498 6.51652e-5 0.000591002]
Loglik: -136726.8394 
Loglik values on different cores:
[-1.36733e5,-136733.0,-1.36749e5,-1.36738e5,-1.36741e5,-136736.0,-1.36736e5,-1.3673e5,-1.36735e5,-136718.0]
	From worker 4:	ESS: 197.1058
	From worker 4:	Nbr resample: 25000 
	From worker 6:	ESS: 197.0542
	From worker 6:	Nbr resample: 25000 
	From worker 10:	ESS: 197.3502
	From worker 10:	Nbr resample: 25000 
	From worker 9:	ESS: 194.8565
	From worker 9:	Nbr resample: 25000 
	From worker 2:	ESS: 196.7492
	From worker 2:	Nbr resample: 25000 
	From worker 5:	ESS: 196.6855
	From worker 5:	Nbr resample: 25000 
	From worker 7:	ESS: 192.5650
	From worker 7:	Nbr resample: 25000 
	From worker 8:	ESS: 194.8887
	From worker 8:	Nbr resample: 25000 
	From worker 3:	ESS: 193.7556
	From worker 3:	Nbr resample: 25000 
	From worker 11:	ESS: 195.7151
	From worker 11:	Nbr resample: 25000 
	From worker 8:	ESS: 194.7188
	From worker 8:	Nbr resample: 25000 
	From worker 11:	ESS: 196.3984
	From worker 11:	Nbr resample: 25000 
	From worker 7:	ESS: 196.4153
	From worker 7:	Nbr resample: 25000 
	From worker 2:	ESS: 193.9894
	From worker 2:	Nbr resample: 25000 
	From worker 4:	ESS: 194.2749
	From worker 4:	Nbr resample: 25000 
	From worker 6:	ESS: 193.8596
	From worker 6:	Nbr resample: 25000 
	From worker 5:	ESS: 195.7716
	From worker 5:	Nbr resample: 25000 
	From worker 9:	ESS: 195.5008
	From worker 9:	Nbr resample: 25000 
	From worker 3:	ESS: 195.1893
	From worker 3:	Nbr resample: 25000 
	From worker 10:	ESS: 195.6147
	From worker 10:	Nbr resample: 25000 
Percentage done: 9.00 % 
Acceptance rate on iteration 1701 to 1800 is 0.0303
Covariance:
[0.00035516 -0.000189026 -0.000716059 0.00152279 -1.02275e-5 -6.68285e-5 0.000307609; -0.000189026 0.000115903 -9.58329e-6 -0.000469475 9.01029e-5 -6.24134e-5 -0.000186384; -0.000716059 -9.58329e-6 0.0292354 -0.0179915 -0.00681895 0.00911329 -0.000391745; 0.00152279 -0.000469475 -0.0179915 0.0391207 0.000804562 -0.00193732 0.00211572; -1.02275e-5 9.01029e-5 -0.00681895 0.000804562 0.00209296 -0.0025483 -0.000213505; -6.68285e-5 -6.24134e-5 0.00911329 -0.00193732 -0.0025483 0.00341684 3.35027e-5; 0.000307609 -0.000186384 -0.000391745 0.00211572 -0.000213505 3.35027e-5 0.000459869]
Loglik: -136711.5714 
Loglik values on different cores:
[-1.36704e5,-1.3671e5,-1.36707e5,-1.3672e5,-1.36725e5,-1.36719e5,-1.36711e5,-1.36718e5,-136720.0,-1.3673e5]
	From worker 4:	ESS: 195.4329
	From worker 4:	Nbr resample: 25000 
	From worker 10:	ESS: 193.9292
	From worker 10:	Nbr resample: 25000 
	From worker 9:	ESS: 194.6610
	From worker 9:	Nbr resample: 25000 
	From worker 11:	ESS: 196.1961
	From worker 11:	Nbr resample: 25000 
	From worker 2:	ESS: 196.0745
	From worker 2:	Nbr resample: 25000 
	From worker 5:	ESS: 194.4374
	From worker 5:	Nbr resample: 25000 
	From worker 6:	ESS: 195.7493
	From worker 6:	Nbr resample: 25000 
	From worker 3:	ESS: 195.9047
	From worker 3:	Nbr resample: 25000 
	From worker 8:	ESS: 194.6353
	From worker 8:	Nbr resample: 25000 
	From worker 7:	ESS: 195.5713
	From worker 7:	Nbr resample: 25000 
	From worker 2:	ESS: 194.7629
	From worker 2:	Nbr resample: 25000 
	From worker 7:	ESS: 194.6395
	From worker 7:	Nbr resample: 25000 
	From worker 6:	ESS: 192.5898
	From worker 6:	Nbr resample: 25000 
	From worker 8:	ESS: 194.6220
