test
Mean:
[0.740547; 0.529457; 3.09533; 3.33054; 0.449554; -0.0725423; 0.692472]
Std:
[0.414; 0.0605657; 0.00872864; 0.328394; 0.0809793; 0.125514; 0.0890202]
[1.95477 1.61525 1.93376 1.76332 2.36569 1.77159 1.97421 1.68768 2.02565 2.24692; 0.436182 0.497493 0.420806 0.477945 0.402051 0.514673 0.479259 0.472069 0.438797 0.414536; 3.10824 3.10421 3.09881 3.09192 3.10698 3.08947 3.09647 3.09773 3.08393 3.09858; 3.10997 3.35469 2.73659 3.17467 3.12135 2.75377 3.21805 3.2588 3.26982 2.84776; 0.399743 0.457483 0.308035 0.410238 0.4014 0.302757 0.421409 0.434602 0.434359 0.333703; 0.0233747 -0.0632215 0.251387 0.00648108 0.0611034 0.0650495 -0.0247367 -0.064401 -0.0182718 0.193093; 0.763005 0.70002 0.821037 0.664701 0.8327 0.60257 0.757991 0.685729 0.711575 0.8742; -1.63362e5 -163311.0 -1.6347e5 -1.63371e5 -1.63368e5 -163448.0 -1.63334e5 -1.63345e5 -1.63383e5 -1.6343e5]Starting ml estimationLength of training data: 4750Start values for optimization:
[-2.0838e6; 88.176; 16220.2; 1.14291e6; 1.88208e5; -7.50097e5; 926.417; 5523.05; -108.547; -10181.0; -1.74535e5; -19936.1; -3.32417e5; -5570.06; -5445.8; -992.622; 151.021; 107.649; -806.737; -272.612; 210.603; 527.298; -455.569; 736.652; -242.411; -7418.11; -41118.2; 1.65037e5; 883.038; 531.779; 1.59707e5; -1368.99; 406.698; -9417.35; 7235.38; 6613.13; 4.04557; 3.69899; -0.922839; -2.82247; -4.75757; -1.16453; -2.56503; -2.10716; -2.44034]Iter     Function value   Gradient norm 
     0     4.008855e+04     5.501335e+07
     1     3.957097e+04     9.853509e+01
Estimated parameters of the GP model:
Estimated Β:s:
[-2.0838e6,88.1762,16220.2,1.14291e6,1.88208e5,-7.50097e5,926.417,5523.05,-108.546,-10181.0,-1.74535e5,-19936.1,-3.32417e5,-5570.06,-5445.8,-992.622,151.022,107.65,-806.737,-272.612,210.603,527.297,-455.571,736.652,-242.41,-7418.12,-41118.2,1.65037e5,883.039,531.777,1.59707e5,-1368.99,406.696,-9417.35,7235.38,6613.13]
Estimated log Φ:s:
[3.92915,-283.721,-235.852,5131.08,51048.7,531.114,2176.16,2120.25,3981.01]
elapsed time: 677.693772853 seconds
Iterstion:
1
#####################################################################
Starting DA-GP-MCMC estimating 7 parameters 
MCMC algorithm: MCWM
Adaptation algorithm: noAdaptation
Prior distribution: Normal
Particle filter: parallel_bootstrap, on 4 cores
Nbr particles for particle filter: 250
Covariance - kernel_MH_direct:
[0.0377142 -0.00478521 -0.000109874 -0.000709428 -0.000252173 0.0015947 0.00463412; -0.00478521 0.00139235 1.73974e-5 8.1877e-5 2.90684e-5 -0.000772902 -0.00139168; -0.000109874 1.73974e-5 3.70011e-5 -0.000213132 -4.21292e-5 4.61245e-5 -1.84596e-5; -0.000709428 8.1877e-5 -0.000213132 0.0463308 0.0114297 -0.0156006 -0.000520352; -0.000252173 2.90684e-5 -4.21292e-5 0.0114297 0.00283785 -0.00388339 -0.000131216; 0.0015947 -0.000772902 4.61245e-5 -0.0156006 -0.00388339 0.00713501 0.0018052; 0.00463412 -0.00139168 -1.84596e-5 -0.000520352 -0.000131216 0.0018052 0.00310702]
Iteration: 1
Covariance:
[0.0543084 -0.00689071 -0.000158218 -0.00102158 -0.00036313 0.00229637 0.00667314; -0.00689071 0.00200498 2.50522e-5 0.000117903 4.18585e-5 -0.00111298 -0.00200402; -0.000158218 2.50522e-5 5.32815e-5 -0.000306911 -6.06661e-5 6.64193e-5 -2.65819e-5; -0.00102158 0.000117903 -0.000306911 0.0667163 0.0164588 -0.0224648 -0.000749307; -0.00036313 4.18585e-5 -6.06661e-5 0.0164588 0.0040865 -0.00559208 -0.000188951; 0.00229637 -0.00111298 6.64193e-5 -0.0224648 -0.00559208 0.0102744 0.00259948; 0.00667314 -0.00200402 -2.65819e-5 -0.000749307 -0.000188951 0.00259948 0.00447411]
Iteration: 1
Covariance:
[0.0543084 -0.00689071 -0.000158218 -0.00102158 -0.00036313 0.00229637 0.00667314; -0.00689071 0.00200498 2.50522e-5 0.000117903 4.18585e-5 -0.00111298 -0.00200402; -0.000158218 2.50522e-5 5.32815e-5 -0.000306911 -6.06661e-5 6.64193e-5 -2.65819e-5; -0.00102158 0.000117903 -0.000306911 0.0667163 0.0164588 -0.0224648 -0.000749307; -0.00036313 4.18585e-5 -6.06661e-5 0.0164588 0.0040865 -0.00559208 -0.000188951; 0.00229637 -0.00111298 6.64193e-5 -0.0224648 -0.00559208 0.0102744 0.00259948; 0.00667314 -0.00200402 -2.65819e-5 -0.000749307 -0.000188951 0.00259948 0.00447411]
Loglik start: -168756.6614 
Percentage done: 10.00 % 
Acceptance rate on iteration 1 to 100 is 0.0505
Covariance:
[0.0543084 -0.00689071 -0.000158218 -0.00102158 -0.00036313 0.00229637 0.00667314; -0.00689071 0.00200498 2.50522e-5 0.000117903 4.18585e-5 -0.00111298 -0.00200402; -0.000158218 2.50522e-5 5.32815e-5 -0.000306911 -6.06661e-5 6.64193e-5 -2.65819e-5; -0.00102158 0.000117903 -0.000306911 0.0667163 0.0164588 -0.0224648 -0.000749307; -0.00036313 4.18585e-5 -6.06661e-5 0.0164588 0.0040865 -0.00559208 -0.000188951; 0.00229637 -0.00111298 6.64193e-5 -0.0224648 -0.00559208 0.0102744 0.00259948; 0.00667314 -0.00200402 -2.65819e-5 -0.000749307 -0.000188951 0.00259948 0.00447411]
Loglik: -168757.2726 
Loglik values on different cores:
[-1.68792e5,-1.68791e5,-1.68804e5,-1.68808e5]
Percentage done: 20.00 % 
Acceptance rate on iteration 101 to 200 is 0.0404
Covariance:
[0.0543084 -0.00689071 -0.000158218 -0.00102158 -0.00036313 0.00229637 0.00667314; -0.00689071 0.00200498 2.50522e-5 0.000117903 4.18585e-5 -0.00111298 -0.00200402; -0.000158218 2.50522e-5 5.32815e-5 -0.000306911 -6.06661e-5 6.64193e-5 -2.65819e-5; -0.00102158 0.000117903 -0.000306911 0.0667163 0.0164588 -0.0224648 -0.000749307; -0.00036313 4.18585e-5 -6.06661e-5 0.0164588 0.0040865 -0.00559208 -0.000188951; 0.00229637 -0.00111298 6.64193e-5 -0.0224648 -0.00559208 0.0102744 0.00259948; 0.00667314 -0.00200402 -2.65819e-5 -0.000749307 -0.000188951 0.00259948 0.00447411]
Loglik: -168753.9894 
Loglik values on different cores:
[-1.68819e5,-1.68777e5,-1.6883e5,-168826.0]
Percentage done: 30.00 % 
Acceptance rate on iteration 201 to 300 is 0.0101
Covariance:
[0.0543084 -0.00689071 -0.000158218 -0.00102158 -0.00036313 0.00229637 0.00667314; -0.00689071 0.00200498 2.50522e-5 0.000117903 4.18585e-5 -0.00111298 -0.00200402; -0.000158218 2.50522e-5 5.32815e-5 -0.000306911 -6.06661e-5 6.64193e-5 -2.65819e-5; -0.00102158 0.000117903 -0.000306911 0.0667163 0.0164588 -0.0224648 -0.000749307; -0.00036313 4.18585e-5 -6.06661e-5 0.0164588 0.0040865 -0.00559208 -0.000188951; 0.00229637 -0.00111298 6.64193e-5 -0.0224648 -0.00559208 0.0102744 0.00259948; 0.00667314 -0.00200402 -2.65819e-5 -0.000749307 -0.000188951 0.00259948 0.00447411]
Loglik: -168740.8462 
Loglik values on different cores:
[-1.68807e5,-1.68784e5,-168796.0,-1.6877e5]
Percentage done: 40.00 % 
Acceptance rate on iteration 301 to 400 is 0.0404
Covariance:
[0.0543084 -0.00689071 -0.000158218 -0.00102158 -0.00036313 0.00229637 0.00667314; -0.00689071 0.00200498 2.50522e-5 0.000117903 4.18585e-5 -0.00111298 -0.00200402; -0.000158218 2.50522e-5 5.32815e-5 -0.000306911 -6.06661e-5 6.64193e-5 -2.65819e-5; -0.00102158 0.000117903 -0.000306911 0.0667163 0.0164588 -0.0224648 -0.000749307; -0.00036313 4.18585e-5 -6.06661e-5 0.0164588 0.0040865 -0.00559208 -0.000188951; 0.00229637 -0.00111298 6.64193e-5 -0.0224648 -0.00559208 0.0102744 0.00259948; 0.00667314 -0.00200402 -2.65819e-5 -0.000749307 -0.000188951 0.00259948 0.00447411]
Loglik: -168747.7632 
Loglik values on different cores:
[-168791.0,-1.68793e5,-1.68782e5,-1.68744e5]
Percentage done: 50.00 % 
Acceptance rate on iteration 401 to 500 is 0.0202
Covariance:
[0.0543084 -0.00689071 -0.000158218 -0.00102158 -0.00036313 0.00229637 0.00667314; -0.00689071 0.00200498 2.50522e-5 0.000117903 4.18585e-5 -0.00111298 -0.00200402; -0.000158218 2.50522e-5 5.32815e-5 -0.000306911 -6.06661e-5 6.64193e-5 -2.65819e-5; -0.00102158 0.000117903 -0.000306911 0.0667163 0.0164588 -0.0224648 -0.000749307; -0.00036313 4.18585e-5 -6.06661e-5 0.0164588 0.0040865 -0.00559208 -0.000188951; 0.00229637 -0.00111298 6.64193e-5 -0.0224648 -0.00559208 0.0102744 0.00259948; 0.00667314 -0.00200402 -2.65819e-5 -0.000749307 -0.000188951 0.00259948 0.00447411]
Loglik: -168773.4645 
Loglik values on different cores:
[-1.68793e5,-1.68782e5,-1.68787e5,-1.68793e5]
Percentage done: 60.00 % 
Acceptance rate on iteration 501 to 600 is 0.0000
Covariance:
[0.0543084 -0.00689071 -0.000158218 -0.00102158 -0.00036313 0.00229637 0.00667314; -0.00689071 0.00200498 2.50522e-5 0.000117903 4.18585e-5 -0.00111298 -0.00200402; -0.000158218 2.50522e-5 5.32815e-5 -0.000306911 -6.06661e-5 6.64193e-5 -2.65819e-5; -0.00102158 0.000117903 -0.000306911 0.0667163 0.0164588 -0.0224648 -0.000749307; -0.00036313 4.18585e-5 -6.06661e-5 0.0164588 0.0040865 -0.00559208 -0.000188951; 0.00229637 -0.00111298 6.64193e-5 -0.0224648 -0.00559208 0.0102744 0.00259948; 0.00667314 -0.00200402 -2.65819e-5 -0.000749307 -0.000188951 0.00259948 0.00447411]
Loglik: -168773.4645 
Loglik values on different cores:
[-1.68768e5,-1.68774e5,-1.6879e5,-1.68791e5]
Percentage done: 70.00 % 
Acceptance rate on iteration 601 to 700 is 0.0808
Covariance:
[0.0543084 -0.00689071 -0.000158218 -0.00102158 -0.00036313 0.00229637 0.00667314; -0.00689071 0.00200498 2.50522e-5 0.000117903 4.18585e-5 -0.00111298 -0.00200402; -0.000158218 2.50522e-5 5.32815e-5 -0.000306911 -6.06661e-5 6.64193e-5 -2.65819e-5; -0.00102158 0.000117903 -0.000306911 0.0667163 0.0164588 -0.0224648 -0.000749307; -0.00036313 4.18585e-5 -6.06661e-5 0.0164588 0.0040865 -0.00559208 -0.000188951; 0.00229637 -0.00111298 6.64193e-5 -0.0224648 -0.00559208 0.0102744 0.00259948; 0.00667314 -0.00200402 -2.65819e-5 -0.000749307 -0.000188951 0.00259948 0.00447411]
Loglik: -168800.4853 
Loglik values on different cores:
[-1.68804e5,-1.68812e5,-1.68813e5,-1.68786e5]
Percentage done: 80.00 % 
Acceptance rate on iteration 701 to 800 is 0.0505
Covariance:
[0.0543084 -0.00689071 -0.000158218 -0.00102158 -0.00036313 0.00229637 0.00667314; -0.00689071 0.00200498 2.50522e-5 0.000117903 4.18585e-5 -0.00111298 -0.00200402; -0.000158218 2.50522e-5 5.32815e-5 -0.000306911 -6.06661e-5 6.64193e-5 -2.65819e-5; -0.00102158 0.000117903 -0.000306911 0.0667163 0.0164588 -0.0224648 -0.000749307; -0.00036313 4.18585e-5 -6.06661e-5 0.0164588 0.0040865 -0.00559208 -0.000188951; 0.00229637 -0.00111298 6.64193e-5 -0.0224648 -0.00559208 0.0102744 0.00259948; 0.00667314 -0.00200402 -2.65819e-5 -0.000749307 -0.000188951 0.00259948 0.00447411]
Loglik: -168775.7763 
Loglik values on different cores:
[-168803.0,-1.6883e5,-1.68806e5,-1.68807e5]
Percentage done: 90.00 % 
Acceptance rate on iteration 801 to 900 is 0.0303
Covariance:
[0.0543084 -0.00689071 -0.000158218 -0.00102158 -0.00036313 0.00229637 0.00667314; -0.00689071 0.00200498 2.50522e-5 0.000117903 4.18585e-5 -0.00111298 -0.00200402; -0.000158218 2.50522e-5 5.32815e-5 -0.000306911 -6.06661e-5 6.64193e-5 -2.65819e-5; -0.00102158 0.000117903 -0.000306911 0.0667163 0.0164588 -0.0224648 -0.000749307; -0.00036313 4.18585e-5 -6.06661e-5 0.0164588 0.0040865 -0.00559208 -0.000188951; 0.00229637 -0.00111298 6.64193e-5 -0.0224648 -0.00559208 0.0102744 0.00259948; 0.00667314 -0.00200402 -2.65819e-5 -0.000749307 -0.000188951 0.00259948 0.00447411]
Loglik: -168777.1360 
Loglik values on different cores:
[-1.68762e5,-168766.0,-168812.0,-168774.0]
elapsed time: 980.728805674 seconds
Ending DA-GP-MCMC with adaptive RW estimating 7 parameters
Algorithm: MCWM
Adaptation algorithm: noAdaptation
Prior distribution: Normal
Particle filter: parallel_bootstrap
Time pre-er:  0
Time fit GP model:  0
Time er-part:  981
Number early-rejections: 800
Number of cases directly to ordinary MH: 146
Number of cases directly to ordinary MH accepted: 13
Number cases in in DA part: 853
Number cases in second stage: 53
Number accepted in second stage: 20
Total number of evaluations of the particle filter: 199
Acceptance rate for ordinary MH accepted: 8.9041
Acceptance rate a_1: 6.2134
Acceptance rate a_2: 37.7358
Acceptance rate a_1*a_2: 2.3447
Acceptance rate a (for entier algorithm): 3.3000
#####################################################################
Iterstion:
2
#####################################################################
Starting DA-GP-MCMC estimating 7 parameters 
MCMC algorithm: MCWM
Adaptation algorithm: noAdaptation
Prior distribution: Normal
Particle filter: parallel_bootstrap, on 4 cores
Nbr particles for particle filter: 250
Covariance - kernel_MH_direct:
[0.0377142 -0.00478521 -0.000109874 -0.000709428 -0.000252173 0.0015947 0.00463412; -0.00478521 0.00139235 1.73974e-5 8.1877e-5 2.90684e-5 -0.000772902 -0.00139168; -0.000109874 1.73974e-5 3.70011e-5 -0.000213132 -4.21292e-5 4.61245e-5 -1.84596e-5; -0.000709428 8.1877e-5 -0.000213132 0.0463308 0.0114297 -0.0156006 -0.000520352; -0.000252173 2.90684e-5 -4.21292e-5 0.0114297 0.00283785 -0.00388339 -0.000131216; 0.0015947 -0.000772902 4.61245e-5 -0.0156006 -0.00388339 0.00713501 0.0018052; 0.00463412 -0.00139168 -1.84596e-5 -0.000520352 -0.000131216 0.0018052 0.00310702]
Iteration: 1
Covariance:
[0.0543084 -0.00689071 -0.000158218 -0.00102158 -0.00036313 0.00229637 0.00667314; -0.00689071 0.00200498 2.50522e-5 0.000117903 4.18585e-5 -0.00111298 -0.00200402; -0.000158218 2.50522e-5 5.32815e-5 -0.000306911 -6.06661e-5 6.64193e-5 -2.65819e-5; -0.00102158 0.000117903 -0.000306911 0.0667163 0.0164588 -0.0224648 -0.000749307; -0.00036313 4.18585e-5 -6.06661e-5 0.0164588 0.0040865 -0.00559208 -0.000188951; 0.00229637 -0.00111298 6.64193e-5 -0.0224648 -0.00559208 0.0102744 0.00259948; 0.00667314 -0.00200402 -2.65819e-5 -0.000749307 -0.000188951 0.00259948 0.00447411]
Iteration: 1
Covariance:
[0.0543084 -0.00689071 -0.000158218 -0.00102158 -0.00036313 0.00229637 0.00667314; -0.00689071 0.00200498 2.50522e-5 0.000117903 4.18585e-5 -0.00111298 -0.00200402; -0.000158218 2.50522e-5 5.32815e-5 -0.000306911 -6.06661e-5 6.64193e-5 -2.65819e-5; -0.00102158 0.000117903 -0.000306911 0.0667163 0.0164588 -0.0224648 -0.000749307; -0.00036313 4.18585e-5 -6.06661e-5 0.0164588 0.0040865 -0.00559208 -0.000188951; 0.00229637 -0.00111298 6.64193e-5 -0.0224648 -0.00559208 0.0102744 0.00259948; 0.00667314 -0.00200402 -2.65819e-5 -0.000749307 -0.000188951 0.00259948 0.00447411]
Loglik start: -168754.4333 
Percentage done: 10.00 % 
Acceptance rate on iteration 1 to 100 is 0.0707
Covariance:
[0.0543084 -0.00689071 -0.000158218 -0.00102158 -0.00036313 0.00229637 0.00667314; -0.00689071 0.00200498 2.50522e-5 0.000117903 4.18585e-5 -0.00111298 -0.00200402; -0.000158218 2.50522e-5 5.32815e-5 -0.000306911 -6.06661e-5 6.64193e-5 -2.65819e-5; -0.00102158 0.000117903 -0.000306911 0.0667163 0.0164588 -0.0224648 -0.000749307; -0.00036313 4.18585e-5 -6.06661e-5 0.0164588 0.0040865 -0.00559208 -0.000188951; 0.00229637 -0.00111298 6.64193e-5 -0.0224648 -0.00559208 0.0102744 0.00259948; 0.00667314 -0.00200402 -2.65819e-5 -0.000749307 -0.000188951 0.00259948 0.00447411]
Loglik: -168806.4080 
Loglik values on different cores:
[-1.68796e5,-1.68824e5,-1.68822e5,-168811.0]
Percentage done: 20.00 % 
Acceptance rate on iteration 101 to 200 is 0.0505
Covariance:
[0.0543084 -0.00689071 -0.000158218 -0.00102158 -0.00036313 0.00229637 0.00667314; -0.00689071 0.00200498 2.50522e-5 0.000117903 4.18585e-5 -0.00111298 -0.00200402; -0.000158218 2.50522e-5 5.32815e-5 -0.000306911 -6.06661e-5 6.64193e-5 -2.65819e-5; -0.00102158 0.000117903 -0.000306911 0.0667163 0.0164588 -0.0224648 -0.000749307; -0.00036313 4.18585e-5 -6.06661e-5 0.0164588 0.0040865 -0.00559208 -0.000188951; 0.00229637 -0.00111298 6.64193e-5 -0.0224648 -0.00559208 0.0102744 0.00259948; 0.00667314 -0.00200402 -2.65819e-5 -0.000749307 -0.000188951 0.00259948 0.00447411]
Loglik: -168762.3983 
Loglik values on different cores:
[-1.68859e5,-1.68799e5,-1.68836e5,-1.68828e5]
Percentage done: 30.00 % 
Acceptance rate on iteration 201 to 300 is 0.0303
Covariance:
[0.0543084 -0.00689071 -0.000158218 -0.00102158 -0.00036313 0.00229637 0.00667314; -0.00689071 0.00200498 2.50522e-5 0.000117903 4.18585e-5 -0.00111298 -0.00200402; -0.000158218 2.50522e-5 5.32815e-5 -0.000306911 -6.06661e-5 6.64193e-5 -2.65819e-5; -0.00102158 0.000117903 -0.000306911 0.0667163 0.0164588 -0.0224648 -0.000749307; -0.00036313 4.18585e-5 -6.06661e-5 0.0164588 0.0040865 -0.00559208 -0.000188951; 0.00229637 -0.00111298 6.64193e-5 -0.0224648 -0.00559208 0.0102744 0.00259948; 0.00667314 -0.00200402 -2.65819e-5 -0.000749307 -0.000188951 0.00259948 0.00447411]
Loglik: -168770.4005 
Loglik values on different cores:
[-1.68792e5,-1.68762e5,-1.68804e5,-1.68783e5]
Percentage done: 40.00 % 
Acceptance rate on iteration 301 to 400 is 0.0505
Covariance:
[0.0543084 -0.00689071 -0.000158218 -0.00102158 -0.00036313 0.00229637 0.00667314; -0.00689071 0.00200498 2.50522e-5 0.000117903 4.18585e-5 -0.00111298 -0.00200402; -0.000158218 2.50522e-5 5.32815e-5 -0.000306911 -6.06661e-5 6.64193e-5 -2.65819e-5; -0.00102158 0.000117903 -0.000306911 0.0667163 0.0164588 -0.0224648 -0.000749307; -0.00036313 4.18585e-5 -6.06661e-5 0.0164588 0.0040865 -0.00559208 -0.000188951; 0.00229637 -0.00111298 6.64193e-5 -0.0224648 -0.00559208 0.0102744 0.00259948; 0.00667314 -0.00200402 -2.65819e-5 -0.000749307 -0.000188951 0.00259948 0.00447411]
Loglik: -168749.1677 
Loglik values on different cores:
[-1.68747e5,-1.68773e5,-1.68841e5,-1.6873e5]
Percentage done: 50.00 % 
Acceptance rate on iteration 401 to 500 is 0.0000
Covariance:
[0.0543084 -0.00689071 -0.000158218 -0.00102158 -0.00036313 0.00229637 0.00667314; -0.00689071 0.00200498 2.50522e-5 0.000117903 4.18585e-5 -0.00111298 -0.00200402; -0.000158218 2.50522e-5 5.32815e-5 -0.000306911 -6.06661e-5 6.64193e-5 -2.65819e-5; -0.00102158 0.000117903 -0.000306911 0.0667163 0.0164588 -0.0224648 -0.000749307; -0.00036313 4.18585e-5 -6.06661e-5 0.0164588 0.0040865 -0.00559208 -0.000188951; 0.00229637 -0.00111298 6.64193e-5 -0.0224648 -0.00559208 0.0102744 0.00259948; 0.00667314 -0.00200402 -2.65819e-5 -0.000749307 -0.000188951 0.00259948 0.00447411]
Loglik: -168749.1677 
Loglik values on different cores:
[-1.68815e5,-1.68816e5,-1.68804e5,-1.68772e5]
Percentage done: 60.00 % 
Acceptance rate on iteration 501 to 600 is 0.0202
Covariance:
[0.0543084 -0.00689071 -0.000158218 -0.00102158 -0.00036313 0.00229637 0.00667314; -0.00689071 0.00200498 2.50522e-5 0.000117903 4.18585e-5 -0.00111298 -0.00200402; -0.000158218 2.50522e-5 5.32815e-5 -0.000306911 -6.06661e-5 6.64193e-5 -2.65819e-5; -0.00102158 0.000117903 -0.000306911 0.0667163 0.0164588 -0.0224648 -0.000749307; -0.00036313 4.18585e-5 -6.06661e-5 0.0164588 0.0040865 -0.00559208 -0.000188951; 0.00229637 -0.00111298 6.64193e-5 -0.0224648 -0.00559208 0.0102744 0.00259948; 0.00667314 -0.00200402 -2.65819e-5 -0.000749307 -0.000188951 0.00259948 0.00447411]
Loglik: -168785.2869 
Loglik values on different cores:
[-1.68755e5,-1.68789e5,-1.68796e5,-1.68795e5]
Percentage done: 70.00 % 
Acceptance rate on iteration 601 to 700 is 0.0505
Covariance:
[0.0543084 -0.00689071 -0.000158218 -0.00102158 -0.00036313 0.00229637 0.00667314; -0.00689071 0.00200498 2.50522e-5 0.000117903 4.18585e-5 -0.00111298 -0.00200402; -0.000158218 2.50522e-5 5.32815e-5 -0.000306911 -6.06661e-5 6.64193e-5 -2.65819e-5; -0.00102158 0.000117903 -0.000306911 0.0667163 0.0164588 -0.0224648 -0.000749307; -0.00036313 4.18585e-5 -6.06661e-5 0.0164588 0.0040865 -0.00559208 -0.000188951; 0.00229637 -0.00111298 6.64193e-5 -0.0224648 -0.00559208 0.0102744 0.00259948; 0.00667314 -0.00200402 -2.65819e-5 -0.000749307 -0.000188951 0.00259948 0.00447411]
Loglik: -168816.6276 
Loglik values on different cores:
[-1.68818e5,-168864.0,-1.68814e5,-168840.0]
Percentage done: 80.00 % 
Acceptance rate on iteration 701 to 800 is 0.0909
Covariance:
[0.0543084 -0.00689071 -0.000158218 -0.00102158 -0.00036313 0.00229637 0.00667314; -0.00689071 0.00200498 2.50522e-5 0.000117903 4.18585e-5 -0.00111298 -0.00200402; -0.000158218 2.50522e-5 5.32815e-5 -0.000306911 -6.06661e-5 6.64193e-5 -2.65819e-5; -0.00102158 0.000117903 -0.000306911 0.0667163 0.0164588 -0.0224648 -0.000749307; -0.00036313 4.18585e-5 -6.06661e-5 0.0164588 0.0040865 -0.00559208 -0.000188951; 0.00229637 -0.00111298 6.64193e-5 -0.0224648 -0.00559208 0.0102744 0.00259948; 0.00667314 -0.00200402 -2.65819e-5 -0.000749307 -0.000188951 0.00259948 0.00447411]
Loglik: -168806.8675 
Loglik values on different cores:
[-1.68819e5,-1.68851e5,-1.68818e5,-1.68814e5]
Percentage done: 90.00 % 
Acceptance rate on iteration 801 to 900 is 0.0505
Covariance:
[0.0543084 -0.00689071 -0.000158218 -0.00102158 -0.00036313 0.00229637 0.00667314; -0.00689071 0.00200498 2.50522e-5 0.000117903 4.18585e-5 -0.00111298 -0.00200402; -0.000158218 2.50522e-5 5.32815e-5 -0.000306911 -6.06661e-5 6.64193e-5 -2.65819e-5; -0.00102158 0.000117903 -0.000306911 0.0667163 0.0164588 -0.0224648 -0.000749307; -0.00036313 4.18585e-5 -6.06661e-5 0.0164588 0.0040865 -0.00559208 -0.000188951; 0.00229637 -0.00111298 6.64193e-5 -0.0224648 -0.00559208 0.0102744 0.00259948; 0.00667314 -0.00200402 -2.65819e-5 -0.000749307 -0.000188951 0.00259948 0.00447411]
Loglik: -168780.7031 
Loglik values on different cores:
[-1.68793e5,-1.68811e5,-1.68826e5,-168781.0]
elapsed time: 1153.909947415 seconds
Ending DA-GP-MCMC with adaptive RW estimating 7 parameters
Algorithm: MCWM
Adaptation algorithm: noAdaptation
Prior distribution: Normal
Particle filter: parallel_bootstrap
Time pre-er:  0
Time fit GP model:  0
Time er-part:  1154
Number early-rejections: 763
Number of cases directly to ordinary MH: 144
Number of cases directly to ordinary MH accepted: 27
Number cases in in DA part: 855
Number cases in second stage: 92
Number accepted in second stage: 22
Total number of evaluations of the particle filter: 236
Acceptance rate for ordinary MH accepted: 18.7500
Acceptance rate a_1: 10.7602
Acceptance rate a_2: 23.9130
Acceptance rate a_1*a_2: 2.5731
Acceptance rate a (for entier algorithm): 4.9000
#####################################################################
Iterstion:
3
#####################################################################
Starting DA-GP-MCMC estimating 7 parameters 
MCMC algorithm: MCWM
Adaptation algorithm: noAdaptation
Prior distribution: Normal
Particle filter: parallel_bootstrap, on 4 cores
Nbr particles for particle filter: 250
Covariance - kernel_MH_direct:
[0.0377142 -0.00478521 -0.000109874 -0.000709428 -0.000252173 0.0015947 0.00463412; -0.00478521 0.00139235 1.73974e-5 8.1877e-5 2.90684e-5 -0.000772902 -0.00139168; -0.000109874 1.73974e-5 3.70011e-5 -0.000213132 -4.21292e-5 4.61245e-5 -1.84596e-5; -0.000709428 8.1877e-5 -0.000213132 0.0463308 0.0114297 -0.0156006 -0.000520352; -0.000252173 2.90684e-5 -4.21292e-5 0.0114297 0.00283785 -0.00388339 -0.000131216; 0.0015947 -0.000772902 4.61245e-5 -0.0156006 -0.00388339 0.00713501 0.0018052; 0.00463412 -0.00139168 -1.84596e-5 -0.000520352 -0.000131216 0.0018052 0.00310702]
Iteration: 1
Covariance:
[0.0543084 -0.00689071 -0.000158218 -0.00102158 -0.00036313 0.00229637 0.00667314; -0.00689071 0.00200498 2.50522e-5 0.000117903 4.18585e-5 -0.00111298 -0.00200402; -0.000158218 2.50522e-5 5.32815e-5 -0.000306911 -6.06661e-5 6.64193e-5 -2.65819e-5; -0.00102158 0.000117903 -0.000306911 0.0667163 0.0164588 -0.0224648 -0.000749307; -0.00036313 4.18585e-5 -6.06661e-5 0.0164588 0.0040865 -0.00559208 -0.000188951; 0.00229637 -0.00111298 6.64193e-5 -0.0224648 -0.00559208 0.0102744 0.00259948; 0.00667314 -0.00200402 -2.65819e-5 -0.000749307 -0.000188951 0.00259948 0.00447411]
Iteration: 1
Covariance:
[0.0543084 -0.00689071 -0.000158218 -0.00102158 -0.00036313 0.00229637 0.00667314; -0.00689071 0.00200498 2.50522e-5 0.000117903 4.18585e-5 -0.00111298 -0.00200402; -0.000158218 2.50522e-5 5.32815e-5 -0.000306911 -6.06661e-5 6.64193e-5 -2.65819e-5; -0.00102158 0.000117903 -0.000306911 0.0667163 0.0164588 -0.0224648 -0.000749307; -0.00036313 4.18585e-5 -6.06661e-5 0.0164588 0.0040865 -0.00559208 -0.000188951; 0.00229637 -0.00111298 6.64193e-5 -0.0224648 -0.00559208 0.0102744 0.00259948; 0.00667314 -0.00200402 -2.65819e-5 -0.000749307 -0.000188951 0.00259948 0.00447411]
Loglik start: -168710.7894 
Percentage done: 10.00 % 
Acceptance rate on iteration 1 to 100 is 0.0404
Covariance:
[0.0543084 -0.00689071 -0.000158218 -0.00102158 -0.00036313 0.00229637 0.00667314; -0.00689071 0.00200498 2.50522e-5 0.000117903 4.18585e-5 -0.00111298 -0.00200402; -0.000158218 2.50522e-5 5.32815e-5 -0.000306911 -6.06661e-5 6.64193e-5 -2.65819e-5; -0.00102158 0.000117903 -0.000306911 0.0667163 0.0164588 -0.0224648 -0.000749307; -0.00036313 4.18585e-5 -6.06661e-5 0.0164588 0.0040865 -0.00559208 -0.000188951; 0.00229637 -0.00111298 6.64193e-5 -0.0224648 -0.00559208 0.0102744 0.00259948; 0.00667314 -0.00200402 -2.65819e-5 -0.000749307 -0.000188951 0.00259948 0.00447411]
Loglik: -168767.3108 
Loglik values on different cores:
[-1.68836e5,-1.68838e5,-1.68846e5,-1.68843e5]
Percentage done: 20.00 % 
Acceptance rate on iteration 101 to 200 is 0.0202
Covariance:
[0.0543084 -0.00689071 -0.000158218 -0.00102158 -0.00036313 0.00229637 0.00667314; -0.00689071 0.00200498 2.50522e-5 0.000117903 4.18585e-5 -0.00111298 -0.00200402; -0.000158218 2.50522e-5 5.32815e-5 -0.000306911 -6.06661e-5 6.64193e-5 -2.65819e-5; -0.00102158 0.000117903 -0.000306911 0.0667163 0.0164588 -0.0224648 -0.000749307; -0.00036313 4.18585e-5 -6.06661e-5 0.0164588 0.0040865 -0.00559208 -0.000188951; 0.00229637 -0.00111298 6.64193e-5 -0.0224648 -0.00559208 0.0102744 0.00259948; 0.00667314 -0.00200402 -2.65819e-5 -0.000749307 -0.000188951 0.00259948 0.00447411]
Loglik: -168771.6731 
Loglik values on different cores:
[-1.68827e5,-1.68828e5,-1.688e5,-1.6878e5]
Percentage done: 30.00 % 
Acceptance rate on iteration 201 to 300 is 0.0505
Covariance:
[0.0543084 -0.00689071 -0.000158218 -0.00102158 -0.00036313 0.00229637 0.00667314; -0.00689071 0.00200498 2.50522e-5 0.000117903 4.18585e-5 -0.00111298 -0.00200402; -0.000158218 2.50522e-5 5.32815e-5 -0.000306911 -6.06661e-5 6.64193e-5 -2.65819e-5; -0.00102158 0.000117903 -0.000306911 0.0667163 0.0164588 -0.0224648 -0.000749307; -0.00036313 4.18585e-5 -6.06661e-5 0.0164588 0.0040865 -0.00559208 -0.000188951; 0.00229637 -0.00111298 6.64193e-5 -0.0224648 -0.00559208 0.0102744 0.00259948; 0.00667314 -0.00200402 -2.65819e-5 -0.000749307 -0.000188951 0.00259948 0.00447411]
Loglik: -168784.3742 
Loglik values on different cores:
[-168806.0,-1.68789e5,-1.68792e5,-1.68793e5]
Percentage done: 40.00 % 
Acceptance rate on iteration 301 to 400 is 0.0606
Covariance:
[0.0543084 -0.00689071 -0.000158218 -0.00102158 -0.00036313 0.00229637 0.00667314; -0.00689071 0.00200498 2.50522e-5 0.000117903 4.18585e-5 -0.00111298 -0.00200402; -0.000158218 2.50522e-5 5.32815e-5 -0.000306911 -6.06661e-5 6.64193e-5 -2.65819e-5; -0.00102158 0.000117903 -0.000306911 0.0667163 0.0164588 -0.0224648 -0.000749307; -0.00036313 4.18585e-5 -6.06661e-5 0.0164588 0.0040865 -0.00559208 -0.000188951; 0.00229637 -0.00111298 6.64193e-5 -0.0224648 -0.00559208 0.0102744 0.00259948; 0.00667314 -0.00200402 -2.65819e-5 -0.000749307 -0.000188951 0.00259948 0.00447411]
Loglik: -168796.5330 
Loglik values on different cores:
[-1.68784e5,-1.68812e5,-1.68813e5,-1.68761e5]
Percentage done: 50.00 % 
Acceptance rate on iteration 401 to 500 is 0.0606
Covariance:
[0.0543084 -0.00689071 -0.000158218 -0.00102158 -0.00036313 0.00229637 0.00667314; -0.00689071 0.00200498 2.50522e-5 0.000117903 4.18585e-5 -0.00111298 -0.00200402; -0.000158218 2.50522e-5 5.32815e-5 -0.000306911 -6.06661e-5 6.64193e-5 -2.65819e-5; -0.00102158 0.000117903 -0.000306911 0.0667163 0.0164588 -0.0224648 -0.000749307; -0.00036313 4.18585e-5 -6.06661e-5 0.0164588 0.0040865 -0.00559208 -0.000188951; 0.00229637 -0.00111298 6.64193e-5 -0.0224648 -0.00559208 0.0102744 0.00259948; 0.00667314 -0.00200402 -2.65819e-5 -0.000749307 -0.000188951 0.00259948 0.00447411]
Loglik: -168773.0288 
Loglik values on different cores:
[-1.6883e5,-1.68808e5,-168807.0,-1.68832e5]
Percentage done: 60.00 % 
Acceptance rate on iteration 501 to 600 is 0.0404
Covariance:
[0.0543084 -0.00689071 -0.000158218 -0.00102158 -0.00036313 0.00229637 0.00667314; -0.00689071 0.00200498 2.50522e-5 0.000117903 4.18585e-5 -0.00111298 -0.00200402; -0.000158218 2.50522e-5 5.32815e-5 -0.000306911 -6.06661e-5 6.64193e-5 -2.65819e-5; -0.00102158 0.000117903 -0.000306911 0.0667163 0.0164588 -0.0224648 -0.000749307; -0.00036313 4.18585e-5 -6.06661e-5 0.0164588 0.0040865 -0.00559208 -0.000188951; 0.00229637 -0.00111298 6.64193e-5 -0.0224648 -0.00559208 0.0102744 0.00259948; 0.00667314 -0.00200402 -2.65819e-5 -0.000749307 -0.000188951 0.00259948 0.00447411]
Loglik: -168755.3868 
Loglik values on different cores:
[-1.68764e5,-1.6878e5,-1.68839e5,-1.68773e5]
Percentage done: 70.00 % 
Acceptance rate on iteration 601 to 700 is 0.0606
Covariance:
[0.0543084 -0.00689071 -0.000158218 -0.00102158 -0.00036313 0.00229637 0.00667314; -0.00689071 0.00200498 2.50522e-5 0.000117903 4.18585e-5 -0.00111298 -0.00200402; -0.000158218 2.50522e-5 5.32815e-5 -0.000306911 -6.06661e-5 6.64193e-5 -2.65819e-5; -0.00102158 0.000117903 -0.000306911 0.0667163 0.0164588 -0.0224648 -0.000749307; -0.00036313 4.18585e-5 -6.06661e-5 0.0164588 0.0040865 -0.00559208 -0.000188951; 0.00229637 -0.00111298 6.64193e-5 -0.0224648 -0.00559208 0.0102744 0.00259948; 0.00667314 -0.00200402 -2.65819e-5 -0.000749307 -0.000188951 0.00259948 0.00447411]
Loglik: -168778.7024 
Loglik values on different cores:
[-1.68791e5,-1.68809e5,-1.68784e5,-1.68789e5]
Percentage done: 80.00 % 
Acceptance rate on iteration 701 to 800 is 0.0404
Covariance:
[0.0543084 -0.00689071 -0.000158218 -0.00102158 -0.00036313 0.00229637 0.00667314; -0.00689071 0.00200498 2.50522e-5 0.000117903 4.18585e-5 -0.00111298 -0.00200402; -0.000158218 2.50522e-5 5.32815e-5 -0.000306911 -6.06661e-5 6.64193e-5 -2.65819e-5; -0.00102158 0.000117903 -0.000306911 0.0667163 0.0164588 -0.0224648 -0.000749307; -0.00036313 4.18585e-5 -6.06661e-5 0.0164588 0.0040865 -0.00559208 -0.000188951; 0.00229637 -0.00111298 6.64193e-5 -0.0224648 -0.00559208 0.0102744 0.00259948; 0.00667314 -0.00200402 -2.65819e-5 -0.000749307 -0.000188951 0.00259948 0.00447411]
Loglik: -168759.7124 
Loglik values on different cores:
[-1.68779e5,-1.6878e5,-1.688e5,-168827.0]
Percentage done: 90.00 % 
Acceptance rate on iteration 801 to 900 is 0.0303
Covariance:
[0.0543084 -0.00689071 -0.000158218 -0.00102158 -0.00036313 0.00229637 0.00667314; -0.00689071 0.00200498 2.50522e-5 0.000117903 4.18585e-5 -0.00111298 -0.00200402; -0.000158218 2.50522e-5 5.32815e-5 -0.000306911 -6.06661e-5 6.64193e-5 -2.65819e-5; -0.00102158 0.000117903 -0.000306911 0.0667163 0.0164588 -0.0224648 -0.000749307; -0.00036313 4.18585e-5 -6.06661e-5 0.0164588 0.0040865 -0.00559208 -0.000188951; 0.00229637 -0.00111298 6.64193e-5 -0.0224648 -0.00559208 0.0102744 0.00259948; 0.00667314 -0.00200402 -2.65819e-5 -0.000749307 -0.000188951 0.00259948 0.00447411]
Loglik: -168760.5459 
Loglik values on different cores:
[-168776.0,-1.68789e5,-1.68753e5,-1.68775e5]
elapsed time: 1111.985293813 seconds
Ending DA-GP-MCMC with adaptive RW estimating 7 parameters
Algorithm: MCWM
Adaptation algorithm: noAdaptation
Prior distribution: Normal
Particle filter: parallel_bootstrap
Time pre-er:  0
Time fit GP model:  0
Time er-part:  1112
Number early-rejections: 772
Number of cases directly to ordinary MH: 157
Number of cases directly to ordinary MH accepted: 23
Number cases in in DA part: 842
Number cases in second stage: 70
Number accepted in second stage: 22
Total number of evaluations of the particle filter: 227
Acceptance rate for ordinary MH accepted: 14.6497
Acceptance rate a_1: 8.3135
Acceptance rate a_2: 31.4286
Acceptance rate a_1*a_2: 2.6128
Acceptance rate a (for entier algorithm): 4.5000
#####################################################################
Iterstion:
4
#####################################################################
Starting DA-GP-MCMC estimating 7 parameters 
MCMC algorithm: MCWM
Adaptation algorithm: noAdaptation
Prior distribution: Normal
Particle filter: parallel_bootstrap, on 4 cores
Nbr particles for particle filter: 250
Covariance - kernel_MH_direct:
[0.0377142 -0.00478521 -0.000109874 -0.000709428 -0.000252173 0.0015947 0.00463412; -0.00478521 0.00139235 1.73974e-5 8.1877e-5 2.90684e-5 -0.000772902 -0.00139168; -0.000109874 1.73974e-5 3.70011e-5 -0.000213132 -4.21292e-5 4.61245e-5 -1.84596e-5; -0.000709428 8.1877e-5 -0.000213132 0.0463308 0.0114297 -0.0156006 -0.000520352; -0.000252173 2.90684e-5 -4.21292e-5 0.0114297 0.00283785 -0.00388339 -0.000131216; 0.0015947 -0.000772902 4.61245e-5 -0.0156006 -0.00388339 0.00713501 0.0018052; 0.00463412 -0.00139168 -1.84596e-5 -0.000520352 -0.000131216 0.0018052 0.00310702]
Iteration: 1
Covariance:
[0.0543084 -0.00689071 -0.000158218 -0.00102158 -0.00036313 0.00229637 0.00667314; -0.00689071 0.00200498 2.50522e-5 0.000117903 4.18585e-5 -0.00111298 -0.00200402; -0.000158218 2.50522e-5 5.32815e-5 -0.000306911 -6.06661e-5 6.64193e-5 -2.65819e-5; -0.00102158 0.000117903 -0.000306911 0.0667163 0.0164588 -0.0224648 -0.000749307; -0.00036313 4.18585e-5 -6.06661e-5 0.0164588 0.0040865 -0.00559208 -0.000188951; 0.00229637 -0.00111298 6.64193e-5 -0.0224648 -0.00559208 0.0102744 0.00259948; 0.00667314 -0.00200402 -2.65819e-5 -0.000749307 -0.000188951 0.00259948 0.00447411]
Iteration: 1
Covariance:
[0.0543084 -0.00689071 -0.000158218 -0.00102158 -0.00036313 0.00229637 0.00667314; -0.00689071 0.00200498 2.50522e-5 0.000117903 4.18585e-5 -0.00111298 -0.00200402; -0.000158218 2.50522e-5 5.32815e-5 -0.000306911 -6.06661e-5 6.64193e-5 -2.65819e-5; -0.00102158 0.000117903 -0.000306911 0.0667163 0.0164588 -0.0224648 -0.000749307; -0.00036313 4.18585e-5 -6.06661e-5 0.0164588 0.0040865 -0.00559208 -0.000188951; 0.00229637 -0.00111298 6.64193e-5 -0.0224648 -0.00559208 0.0102744 0.00259948; 0.00667314 -0.00200402 -2.65819e-5 -0.000749307 -0.000188951 0.00259948 0.00447411]
Loglik start: -168772.7001 
Percentage done: 10.00 % 
Acceptance rate on iteration 1 to 100 is 0.0000
Covariance:
[0.0543084 -0.00689071 -0.000158218 -0.00102158 -0.00036313 0.00229637 0.00667314; -0.00689071 0.00200498 2.50522e-5 0.000117903 4.18585e-5 -0.00111298 -0.00200402; -0.000158218 2.50522e-5 5.32815e-5 -0.000306911 -6.06661e-5 6.64193e-5 -2.65819e-5; -0.00102158 0.000117903 -0.000306911 0.0667163 0.0164588 -0.0224648 -0.000749307; -0.00036313 4.18585e-5 -6.06661e-5 0.0164588 0.0040865 -0.00559208 -0.000188951; 0.00229637 -0.00111298 6.64193e-5 -0.0224648 -0.00559208 0.0102744 0.00259948; 0.00667314 -0.00200402 -2.65819e-5 -0.000749307 -0.000188951 0.00259948 0.00447411]
Loglik: -168772.7001 
Loglik values on different cores:
[-1.68768e5,-1.68793e5,-1.68776e5,-1.68752e5]
Percentage done: 20.00 % 
Acceptance rate on iteration 101 to 200 is 0.0303
Covariance:
[0.0543084 -0.00689071 -0.000158218 -0.00102158 -0.00036313 0.00229637 0.00667314; -0.00689071 0.00200498 2.50522e-5 0.000117903 4.18585e-5 -0.00111298 -0.00200402; -0.000158218 2.50522e-5 5.32815e-5 -0.000306911 -6.06661e-5 6.64193e-5 -2.65819e-5; -0.00102158 0.000117903 -0.000306911 0.0667163 0.0164588 -0.0224648 -0.000749307; -0.00036313 4.18585e-5 -6.06661e-5 0.0164588 0.0040865 -0.00559208 -0.000188951; 0.00229637 -0.00111298 6.64193e-5 -0.0224648 -0.00559208 0.0102744 0.00259948; 0.00667314 -0.00200402 -2.65819e-5 -0.000749307 -0.000188951 0.00259948 0.00447411]
Loglik: -168778.0313 
Loglik values on different cores:
[-1.68824e5,-1.68809e5,-168777.0,-1.68805e5]
Percentage done: 30.00 % 
Acceptance rate on iteration 201 to 300 is 0.0303
Covariance:
[0.0543084 -0.00689071 -0.000158218 -0.00102158 -0.00036313 0.00229637 0.00667314; -0.00689071 0.00200498 2.50522e-5 0.000117903 4.18585e-5 -0.00111298 -0.00200402; -0.000158218 2.50522e-5 5.32815e-5 -0.000306911 -6.06661e-5 6.64193e-5 -2.65819e-5; -0.00102158 0.000117903 -0.000306911 0.0667163 0.0164588 -0.0224648 -0.000749307; -0.00036313 4.18585e-5 -6.06661e-5 0.0164588 0.0040865 -0.00559208 -0.000188951; 0.00229637 -0.00111298 6.64193e-5 -0.0224648 -0.00559208 0.0102744 0.00259948; 0.00667314 -0.00200402 -2.65819e-5 -0.000749307 -0.000188951 0.00259948 0.00447411]
Loglik: -168755.2018 
Loglik values on different cores:
[-1.68798e5,-1.68783e5,-1.68789e5,-1.68813e5]
Percentage done: 40.00 % 
Acceptance rate on iteration 301 to 400 is 0.0808
Covariance:
[0.0543084 -0.00689071 -0.000158218 -0.00102158 -0.00036313 0.00229637 0.00667314; -0.00689071 0.00200498 2.50522e-5 0.000117903 4.18585e-5 -0.00111298 -0.00200402; -0.000158218 2.50522e-5 5.32815e-5 -0.000306911 -6.06661e-5 6.64193e-5 -2.65819e-5; -0.00102158 0.000117903 -0.000306911 0.0667163 0.0164588 -0.0224648 -0.000749307; -0.00036313 4.18585e-5 -6.06661e-5 0.0164588 0.0040865 -0.00559208 -0.000188951; 0.00229637 -0.00111298 6.64193e-5 -0.0224648 -0.00559208 0.0102744 0.00259948; 0.00667314 -0.00200402 -2.65819e-5 -0.000749307 -0.000188951 0.00259948 0.00447411]
Loglik: -168776.7583 
Loglik values on different cores:
[-1.68821e5,-1.68786e5,-168778.0,-1.68854e5]
Percentage done: 50.00 % 
Acceptance rate on iteration 401 to 500 is 0.0707
Covariance:
[0.0543084 -0.00689071 -0.000158218 -0.00102158 -0.00036313 0.00229637 0.00667314; -0.00689071 0.00200498 2.50522e-5 0.000117903 4.18585e-5 -0.00111298 -0.00200402; -0.000158218 2.50522e-5 5.32815e-5 -0.000306911 -6.06661e-5 6.64193e-5 -2.65819e-5; -0.00102158 0.000117903 -0.000306911 0.0667163 0.0164588 -0.0224648 -0.000749307; -0.00036313 4.18585e-5 -6.06661e-5 0.0164588 0.0040865 -0.00559208 -0.000188951; 0.00229637 -0.00111298 6.64193e-5 -0.0224648 -0.00559208 0.0102744 0.00259948; 0.00667314 -0.00200402 -2.65819e-5 -0.000749307 -0.000188951 0.00259948 0.00447411]
Loglik: -168756.4637 
Loglik values on different cores:
[-1.68796e5,-1.68762e5,-168797.0,-1.68776e5]
Percentage done: 60.00 % 
Acceptance rate on iteration 501 to 600 is 0.0808
Covariance:
[0.0543084 -0.00689071 -0.000158218 -0.00102158 -0.00036313 0.00229637 0.00667314; -0.00689071 0.00200498 2.50522e-5 0.000117903 4.18585e-5 -0.00111298 -0.00200402; -0.000158218 2.50522e-5 5.32815e-5 -0.000306911 -6.06661e-5 6.64193e-5 -2.65819e-5; -0.00102158 0.000117903 -0.000306911 0.0667163 0.0164588 -0.0224648 -0.000749307; -0.00036313 4.18585e-5 -6.06661e-5 0.0164588 0.0040865 -0.00559208 -0.000188951; 0.00229637 -0.00111298 6.64193e-5 -0.0224648 -0.00559208 0.0102744 0.00259948; 0.00667314 -0.00200402 -2.65819e-5 -0.000749307 -0.000188951 0.00259948 0.00447411]
Loglik: -168759.9146 
Loglik values on different cores:
[-1.68788e5,-1.68811e5,-1.68761e5,-1.68784e5]
Percentage done: 70.00 % 
Acceptance rate on iteration 601 to 700 is 0.0404
Covariance:
[0.0543084 -0.00689071 -0.000158218 -0.00102158 -0.00036313 0.00229637 0.00667314; -0.00689071 0.00200498 2.50522e-5 0.000117903 4.18585e-5 -0.00111298 -0.00200402; -0.000158218 2.50522e-5 5.32815e-5 -0.000306911 -6.06661e-5 6.64193e-5 -2.65819e-5; -0.00102158 0.000117903 -0.000306911 0.0667163 0.0164588 -0.0224648 -0.000749307; -0.00036313 4.18585e-5 -6.06661e-5 0.0164588 0.0040865 -0.00559208 -0.000188951; 0.00229637 -0.00111298 6.64193e-5 -0.0224648 -0.00559208 0.0102744 0.00259948; 0.00667314 -0.00200402 -2.65819e-5 -0.000749307 -0.000188951 0.00259948 0.00447411]
Loglik: -168737.9471 
Loglik values on different cores:
[-1.68767e5,-1.68809e5,-1.68803e5,-1.68797e5]
Percentage done: 80.00 % 
Acceptance rate on iteration 701 to 800 is 0.0505
Covariance:
[0.0543084 -0.00689071 -0.000158218 -0.00102158 -0.00036313 0.00229637 0.00667314; -0.00689071 0.00200498 2.50522e-5 0.000117903 4.18585e-5 -0.00111298 -0.00200402; -0.000158218 2.50522e-5 5.32815e-5 -0.000306911 -6.06661e-5 6.64193e-5 -2.65819e-5; -0.00102158 0.000117903 -0.000306911 0.0667163 0.0164588 -0.0224648 -0.000749307; -0.00036313 4.18585e-5 -6.06661e-5 0.0164588 0.0040865 -0.00559208 -0.000188951; 0.00229637 -0.00111298 6.64193e-5 -0.0224648 -0.00559208 0.0102744 0.00259948; 0.00667314 -0.00200402 -2.65819e-5 -0.000749307 -0.000188951 0.00259948 0.00447411]
Loglik: -168769.7678 
Loglik values on different cores:
[-1.68813e5,-1.68805e5,-1.68797e5,-1.68785e5]
Percentage done: 90.00 % 
Acceptance rate on iteration 801 to 900 is 0.0101
Covariance:
