Mean:
[-1.19057; -0.118965; 3.34955; 1.41077; 0.419424; 0.545089; 0.658982]
Std:
[0.143103; 0.0841138; 0.00548768; 0.151472; 0.0881552; 0.208332; 0.103276]
[-1.05744 -0.950131 -1.04544 -0.902135 -1.05268 -1.01731 -1.09606 -1.10979 -1.07567 -1.08898; -0.16953 -0.265326 -0.213928 -0.301267 -0.200168 -0.209291 -0.17979 -0.161172 -0.174307 -0.187082; 3.34531 3.34258 3.34932 3.3475 3.35011 3.35349 3.35534 3.3521 3.34969 3.34971; 1.27685 1.29363 1.28853 1.28905 1.28869 1.27158 1.31486 1.28862 1.22858 1.2919; 0.316009 0.348615 0.34588 0.354958 0.331684 0.315259 0.32471 0.312943 0.274604 0.320044; 0.856713 0.899455 0.83163 0.818078 0.873472 0.964903 0.882006 0.86976 0.962142 0.865261; 0.645441 0.770812 0.745249 0.851295 0.743847 0.760341 0.731724 0.69301 0.706453 0.73966; -1.36601e5 -1.36633e5 -136591.0 -1.3661e5 -1.36599e5 -1.36619e5 -1.36604e5 -1.36587e5 -1.36606e5 -1.36587e5]Iterstion:
1
#####################################################################
Starting DA-GP-MCMC estimating 7 parameters 
MCMC algorithm: MCWM
Adaptation algorithm: noAdaptation
Prior distribution: Normal
Particle filter: parallel_bootstrap, on 10 cores
Nbr particles for particle filter: 200
Covariance - kernel_MH_direct:
[0.00991339 -0.0053033 2.08687e-5 -0.00272119 -0.00151846 0.00408097 0.00352629; -0.0053033 0.00329585 -3.22471e-7 0.00119033 0.000717069 -0.00264579 -0.00290463; 2.08687e-5 -3.22471e-7 1.4453e-5 -3.83281e-5 -6.52926e-5 8.40749e-5 -2.11871e-5; -0.00272119 0.00119033 -3.83281e-5 0.0149816 0.00804527 -0.0158054 -0.000190284; -0.00151846 0.000717069 -6.52926e-5 0.00804527 0.00478585 -0.00959829 -0.000250044; 0.00408097 -0.00264579 8.40749e-5 -0.0158054 -0.00959829 0.022534 0.00296991; 0.00352629 -0.00290463 -2.11871e-5 -0.000190284 -0.000250044 0.00296991 0.00447754]
Iteration: 1
Covariance:
[0.0142753 -0.00763675 3.00509e-5 -0.00391852 -0.00218659 0.00587659 0.00507786; -0.00763675 0.00474602 -4.64358e-7 0.00171408 0.00103258 -0.00380993 -0.00418267; 3.00509e-5 -4.64358e-7 2.08123e-5 -5.51925e-5 -9.40214e-5 0.000121068 -3.05095e-5; -0.00391852 0.00171408 -5.51925e-5 0.0215736 0.0115852 -0.0227598 -0.00027401; -0.00218659 0.00103258 -9.40214e-5 0.0115852 0.00689162 -0.0138215 -0.000360063; 0.00587659 -0.00380993 0.000121068 -0.0227598 -0.0138215 0.0324489 0.00427667; 0.00507786 -0.00418267 -3.05095e-5 -0.00027401 -0.000360063 0.00427667 0.00644766]
Iteration: 1
Covariance:
[0.0142753 -0.00763675 3.00509e-5 -0.00391852 -0.00218659 0.00587659 0.00507786; -0.00763675 0.00474602 -4.64358e-7 0.00171408 0.00103258 -0.00380993 -0.00418267; 3.00509e-5 -4.64358e-7 2.08123e-5 -5.51925e-5 -9.40214e-5 0.000121068 -3.05095e-5; -0.00391852 0.00171408 -5.51925e-5 0.0215736 0.0115852 -0.0227598 -0.00027401; -0.00218659 0.00103258 -9.40214e-5 0.0115852 0.00689162 -0.0138215 -0.000360063; 0.00587659 -0.00380993 0.000121068 -0.0227598 -0.0138215 0.0324489 0.00427667; 0.00507786 -0.00418267 -3.05095e-5 -0.00027401 -0.000360063 0.00427667 0.00644766]
Loglik start: -137057.1364 
Percentage done: 10.00 % 
Acceptance rate on iteration 1 to 100 is 0.1111
Covariance:
[0.0142753 -0.00763675 3.00509e-5 -0.00391852 -0.00218659 0.00587659 0.00507786; -0.00763675 0.00474602 -4.64358e-7 0.00171408 0.00103258 -0.00380993 -0.00418267; 3.00509e-5 -4.64358e-7 2.08123e-5 -5.51925e-5 -9.40214e-5 0.000121068 -3.05095e-5; -0.00391852 0.00171408 -5.51925e-5 0.0215736 0.0115852 -0.0227598 -0.00027401; -0.00218659 0.00103258 -9.40214e-5 0.0115852 0.00689162 -0.0138215 -0.000360063; 0.00587659 -0.00380993 0.000121068 -0.0227598 -0.0138215 0.0324489 0.00427667; 0.00507786 -0.00418267 -3.05095e-5 -0.00027401 -0.000360063 0.00427667 0.00644766]
Loglik: -136753.3422 
Loglik values on different cores:
[-1.36759e5,-1.3678e5,-1.36778e5,-136772.0,-1.36773e5,-1.36782e5,-1.36762e5,-1.36784e5,-1.36787e5,-1.36768e5]
Percentage done: 20.00 % 
Acceptance rate on iteration 101 to 200 is 0.0505
Covariance:
[0.0142753 -0.00763675 3.00509e-5 -0.00391852 -0.00218659 0.00587659 0.00507786; -0.00763675 0.00474602 -4.64358e-7 0.00171408 0.00103258 -0.00380993 -0.00418267; 3.00509e-5 -4.64358e-7 2.08123e-5 -5.51925e-5 -9.40214e-5 0.000121068 -3.05095e-5; -0.00391852 0.00171408 -5.51925e-5 0.0215736 0.0115852 -0.0227598 -0.00027401; -0.00218659 0.00103258 -9.40214e-5 0.0115852 0.00689162 -0.0138215 -0.000360063; 0.00587659 -0.00380993 0.000121068 -0.0227598 -0.0138215 0.0324489 0.00427667; 0.00507786 -0.00418267 -3.05095e-5 -0.00027401 -0.000360063 0.00427667 0.00644766]
Loglik: -136704.1621 
Loglik values on different cores:
[-136714.0,-1.36725e5,-1.3671e5,-1.36717e5,-1.36735e5,-1.36705e5,-1.36711e5,-1.36722e5,-1.36724e5,-1.36725e5]
Percentage done: 30.00 % 
Acceptance rate on iteration 201 to 300 is 0.0303
Covariance:
[0.0142753 -0.00763675 3.00509e-5 -0.00391852 -0.00218659 0.00587659 0.00507786; -0.00763675 0.00474602 -4.64358e-7 0.00171408 0.00103258 -0.00380993 -0.00418267; 3.00509e-5 -4.64358e-7 2.08123e-5 -5.51925e-5 -9.40214e-5 0.000121068 -3.05095e-5; -0.00391852 0.00171408 -5.51925e-5 0.0215736 0.0115852 -0.0227598 -0.00027401; -0.00218659 0.00103258 -9.40214e-5 0.0115852 0.00689162 -0.0138215 -0.000360063; 0.00587659 -0.00380993 0.000121068 -0.0227598 -0.0138215 0.0324489 0.00427667; 0.00507786 -0.00418267 -3.05095e-5 -0.00027401 -0.000360063 0.00427667 0.00644766]
Loglik: -136685.7932 
Loglik values on different cores:
[-1.36688e5,-1.3669e5,-1.367e5,-1.36698e5,-1.36699e5,-1.36698e5,-136690.0,-1.3669e5,-1.36687e5,-1.36694e5]
Percentage done: 40.00 % 
Acceptance rate on iteration 301 to 400 is 0.0303
Covariance:
[0.0142753 -0.00763675 3.00509e-5 -0.00391852 -0.00218659 0.00587659 0.00507786; -0.00763675 0.00474602 -4.64358e-7 0.00171408 0.00103258 -0.00380993 -0.00418267; 3.00509e-5 -4.64358e-7 2.08123e-5 -5.51925e-5 -9.40214e-5 0.000121068 -3.05095e-5; -0.00391852 0.00171408 -5.51925e-5 0.0215736 0.0115852 -0.0227598 -0.00027401; -0.00218659 0.00103258 -9.40214e-5 0.0115852 0.00689162 -0.0138215 -0.000360063; 0.00587659 -0.00380993 0.000121068 -0.0227598 -0.0138215 0.0324489 0.00427667; 0.00507786 -0.00418267 -3.05095e-5 -0.00027401 -0.000360063 0.00427667 0.00644766]
Loglik: -136667.7183 
Loglik values on different cores:
[-1.36666e5,-1.36688e5,-1.36668e5,-1.36678e5,-1.36675e5,-1.36677e5,-1.36687e5,-1.36668e5,-1.36667e5,-1.36675e5]
Percentage done: 50.00 % 
Acceptance rate on iteration 401 to 500 is 0.0606
Covariance:
[0.0142753 -0.00763675 3.00509e-5 -0.00391852 -0.00218659 0.00587659 0.00507786; -0.00763675 0.00474602 -4.64358e-7 0.00171408 0.00103258 -0.00380993 -0.00418267; 3.00509e-5 -4.64358e-7 2.08123e-5 -5.51925e-5 -9.40214e-5 0.000121068 -3.05095e-5; -0.00391852 0.00171408 -5.51925e-5 0.0215736 0.0115852 -0.0227598 -0.00027401; -0.00218659 0.00103258 -9.40214e-5 0.0115852 0.00689162 -0.0138215 -0.000360063; 0.00587659 -0.00380993 0.000121068 -0.0227598 -0.0138215 0.0324489 0.00427667; 0.00507786 -0.00418267 -3.05095e-5 -0.00027401 -0.000360063 0.00427667 0.00644766]
Loglik: -136649.7748 
Loglik values on different cores:
[-1.36661e5,-1.36657e5,-1.36656e5,-1.3666e5,-1.36658e5,-1.36681e5,-1.36663e5,-1.36667e5,-1.36668e5,-1.36658e5]
Percentage done: 60.00 % 
Acceptance rate on iteration 501 to 600 is 0.0303
Covariance:
[0.0142753 -0.00763675 3.00509e-5 -0.00391852 -0.00218659 0.00587659 0.00507786; -0.00763675 0.00474602 -4.64358e-7 0.00171408 0.00103258 -0.00380993 -0.00418267; 3.00509e-5 -4.64358e-7 2.08123e-5 -5.51925e-5 -9.40214e-5 0.000121068 -3.05095e-5; -0.00391852 0.00171408 -5.51925e-5 0.0215736 0.0115852 -0.0227598 -0.00027401; -0.00218659 0.00103258 -9.40214e-5 0.0115852 0.00689162 -0.0138215 -0.000360063; 0.00587659 -0.00380993 0.000121068 -0.0227598 -0.0138215 0.0324489 0.00427667; 0.00507786 -0.00418267 -3.05095e-5 -0.00027401 -0.000360063 0.00427667 0.00644766]
Loglik: -136623.6385 
Loglik values on different cores:
[-1.36636e5,-1.36643e5,-1.36628e5,-1.36627e5,-1.36646e5,-1.36641e5,-1.36622e5,-1.36627e5,-1.36646e5,-1.3664e5]
Percentage done: 70.00 % 
Acceptance rate on iteration 601 to 700 is 0.0303
Covariance:
[0.0142753 -0.00763675 3.00509e-5 -0.00391852 -0.00218659 0.00587659 0.00507786; -0.00763675 0.00474602 -4.64358e-7 0.00171408 0.00103258 -0.00380993 -0.00418267; 3.00509e-5 -4.64358e-7 2.08123e-5 -5.51925e-5 -9.40214e-5 0.000121068 -3.05095e-5; -0.00391852 0.00171408 -5.51925e-5 0.0215736 0.0115852 -0.0227598 -0.00027401; -0.00218659 0.00103258 -9.40214e-5 0.0115852 0.00689162 -0.0138215 -0.000360063; 0.00587659 -0.00380993 0.000121068 -0.0227598 -0.0138215 0.0324489 0.00427667; 0.00507786 -0.00418267 -3.05095e-5 -0.00027401 -0.000360063 0.00427667 0.00644766]
Loglik: -136604.8120 
Loglik values on different cores:
[-1.36622e5,-1.36621e5,-1.36616e5,-1.36618e5,-1.3663e5,-1.36625e5,-136621.0,-1.36618e5,-1.36622e5,-1.36621e5]
Percentage done: 80.00 % 
Acceptance rate on iteration 701 to 800 is 0.0404
Covariance:
[0.0142753 -0.00763675 3.00509e-5 -0.00391852 -0.00218659 0.00587659 0.00507786; -0.00763675 0.00474602 -4.64358e-7 0.00171408 0.00103258 -0.00380993 -0.00418267; 3.00509e-5 -4.64358e-7 2.08123e-5 -5.51925e-5 -9.40214e-5 0.000121068 -3.05095e-5; -0.00391852 0.00171408 -5.51925e-5 0.0215736 0.0115852 -0.0227598 -0.00027401; -0.00218659 0.00103258 -9.40214e-5 0.0115852 0.00689162 -0.0138215 -0.000360063; 0.00587659 -0.00380993 0.000121068 -0.0227598 -0.0138215 0.0324489 0.00427667; 0.00507786 -0.00418267 -3.05095e-5 -0.00027401 -0.000360063 0.00427667 0.00644766]
Loglik: -136596.2045 
Loglik values on different cores:
[-1.36618e5,-1.36609e5,-1.36605e5,-1.36624e5,-136605.0,-1.36612e5,-1.36608e5,-1.36605e5,-1.36614e5,-1.36603e5]
Percentage done: 90.00 % 
Acceptance rate on iteration 801 to 900 is 0.0505
Covariance:
[0.0142753 -0.00763675 3.00509e-5 -0.00391852 -0.00218659 0.00587659 0.00507786; -0.00763675 0.00474602 -4.64358e-7 0.00171408 0.00103258 -0.00380993 -0.00418267; 3.00509e-5 -4.64358e-7 2.08123e-5 -5.51925e-5 -9.40214e-5 0.000121068 -3.05095e-5; -0.00391852 0.00171408 -5.51925e-5 0.0215736 0.0115852 -0.0227598 -0.00027401; -0.00218659 0.00103258 -9.40214e-5 0.0115852 0.00689162 -0.0138215 -0.000360063; 0.00587659 -0.00380993 0.000121068 -0.0227598 -0.0138215 0.0324489 0.00427667; 0.00507786 -0.00418267 -3.05095e-5 -0.00027401 -0.000360063 0.00427667 0.00644766]
Loglik: -136595.0189 
Loglik values on different cores:
[-1.36614e5,-1.36607e5,-1.36612e5,-1.36596e5,-1.36596e5,-1.3661e5,-1.36592e5,-1.36612e5,-1.36597e5,-136592.0]
elapsed time: 1839.182934476 seconds
Ending DA-GP-MCMC with adaptive RW estimating 7 parameters
Algorithm: MCWM
Adaptation algorithm: noAdaptation
Prior distribution: Normal
Particle filter: parallel_bootstrap
Time pre-er:  0
Time fit GP model:  0
Time er-part:  1839
Number early-rejections: 526
Number of cases directly to ordinary MH: 162
Number of cases directly to ordinary MH accepted: 38
Number cases in in DA part: 837
Number cases in second stage: 311
Number accepted in second stage: 8
Total number of evaluations of the particle filter: 473
Acceptance rate for ordinary MH accepted: 23.4568
Acceptance rate a_1: 37.1565
Acceptance rate a_2: 2.5723
Acceptance rate a_1*a_2: 0.9558
Acceptance rate a (for entier algorithm): 4.6000
#####################################################################
Iterstion:
2
#####################################################################
Starting DA-GP-MCMC estimating 7 parameters 
MCMC algorithm: MCWM
Adaptation algorithm: noAdaptation
Prior distribution: Normal
Particle filter: parallel_bootstrap, on 10 cores
Nbr particles for particle filter: 200
Covariance - kernel_MH_direct:
[0.00991339 -0.0053033 2.08687e-5 -0.00272119 -0.00151846 0.00408097 0.00352629; -0.0053033 0.00329585 -3.22471e-7 0.00119033 0.000717069 -0.00264579 -0.00290463; 2.08687e-5 -3.22471e-7 1.4453e-5 -3.83281e-5 -6.52926e-5 8.40749e-5 -2.11871e-5; -0.00272119 0.00119033 -3.83281e-5 0.0149816 0.00804527 -0.0158054 -0.000190284; -0.00151846 0.000717069 -6.52926e-5 0.00804527 0.00478585 -0.00959829 -0.000250044; 0.00408097 -0.00264579 8.40749e-5 -0.0158054 -0.00959829 0.022534 0.00296991; 0.00352629 -0.00290463 -2.11871e-5 -0.000190284 -0.000250044 0.00296991 0.00447754]
Iteration: 1
Covariance:
[0.0142753 -0.00763675 3.00509e-5 -0.00391852 -0.00218659 0.00587659 0.00507786; -0.00763675 0.00474602 -4.64358e-7 0.00171408 0.00103258 -0.00380993 -0.00418267; 3.00509e-5 -4.64358e-7 2.08123e-5 -5.51925e-5 -9.40214e-5 0.000121068 -3.05095e-5; -0.00391852 0.00171408 -5.51925e-5 0.0215736 0.0115852 -0.0227598 -0.00027401; -0.00218659 0.00103258 -9.40214e-5 0.0115852 0.00689162 -0.0138215 -0.000360063; 0.00587659 -0.00380993 0.000121068 -0.0227598 -0.0138215 0.0324489 0.00427667; 0.00507786 -0.00418267 -3.05095e-5 -0.00027401 -0.000360063 0.00427667 0.00644766]
Iteration: 1
Covariance:
[0.0142753 -0.00763675 3.00509e-5 -0.00391852 -0.00218659 0.00587659 0.00507786; -0.00763675 0.00474602 -4.64358e-7 0.00171408 0.00103258 -0.00380993 -0.00418267; 3.00509e-5 -4.64358e-7 2.08123e-5 -5.51925e-5 -9.40214e-5 0.000121068 -3.05095e-5; -0.00391852 0.00171408 -5.51925e-5 0.0215736 0.0115852 -0.0227598 -0.00027401; -0.00218659 0.00103258 -9.40214e-5 0.0115852 0.00689162 -0.0138215 -0.000360063; 0.00587659 -0.00380993 0.000121068 -0.0227598 -0.0138215 0.0324489 0.00427667; 0.00507786 -0.00418267 -3.05095e-5 -0.00027401 -0.000360063 0.00427667 0.00644766]
Loglik start: -137076.5020 
Percentage done: 10.00 % 
Acceptance rate on iteration 1 to 100 is 0.1010
Covariance:
[0.0142753 -0.00763675 3.00509e-5 -0.00391852 -0.00218659 0.00587659 0.00507786; -0.00763675 0.00474602 -4.64358e-7 0.00171408 0.00103258 -0.00380993 -0.00418267; 3.00509e-5 -4.64358e-7 2.08123e-5 -5.51925e-5 -9.40214e-5 0.000121068 -3.05095e-5; -0.00391852 0.00171408 -5.51925e-5 0.0215736 0.0115852 -0.0227598 -0.00027401; -0.00218659 0.00103258 -9.40214e-5 0.0115852 0.00689162 -0.0138215 -0.000360063; 0.00587659 -0.00380993 0.000121068 -0.0227598 -0.0138215 0.0324489 0.00427667; 0.00507786 -0.00418267 -3.05095e-5 -0.00027401 -0.000360063 0.00427667 0.00644766]
Loglik: -136766.9143 
Loglik values on different cores:
[-1.3677e5,-1.36786e5,-136775.0,-136784.0,-136768.0,-1.36768e5,-1.36801e5,-1.36777e5,-1.36791e5,-1.36791e5]
Percentage done: 20.00 % 
Acceptance rate on iteration 101 to 200 is 0.0808
Covariance:
[0.0142753 -0.00763675 3.00509e-5 -0.00391852 -0.00218659 0.00587659 0.00507786; -0.00763675 0.00474602 -4.64358e-7 0.00171408 0.00103258 -0.00380993 -0.00418267; 3.00509e-5 -4.64358e-7 2.08123e-5 -5.51925e-5 -9.40214e-5 0.000121068 -3.05095e-5; -0.00391852 0.00171408 -5.51925e-5 0.0215736 0.0115852 -0.0227598 -0.00027401; -0.00218659 0.00103258 -9.40214e-5 0.0115852 0.00689162 -0.0138215 -0.000360063; 0.00587659 -0.00380993 0.000121068 -0.0227598 -0.0138215 0.0324489 0.00427667; 0.00507786 -0.00418267 -3.05095e-5 -0.00027401 -0.000360063 0.00427667 0.00644766]
Loglik: -136676.4876 
Loglik values on different cores:
[-136664.0,-1.36677e5,-1.3668e5,-1.36689e5,-136669.0,-1.36687e5,-1.36678e5,-1.36674e5,-1.36676e5,-1.36696e5]
Percentage done: 30.00 % 
Acceptance rate on iteration 201 to 300 is 0.0909
Covariance:
[0.0142753 -0.00763675 3.00509e-5 -0.00391852 -0.00218659 0.00587659 0.00507786; -0.00763675 0.00474602 -4.64358e-7 0.00171408 0.00103258 -0.00380993 -0.00418267; 3.00509e-5 -4.64358e-7 2.08123e-5 -5.51925e-5 -9.40214e-5 0.000121068 -3.05095e-5; -0.00391852 0.00171408 -5.51925e-5 0.0215736 0.0115852 -0.0227598 -0.00027401; -0.00218659 0.00103258 -9.40214e-5 0.0115852 0.00689162 -0.0138215 -0.000360063; 0.00587659 -0.00380993 0.000121068 -0.0227598 -0.0138215 0.0324489 0.00427667; 0.00507786 -0.00418267 -3.05095e-5 -0.00027401 -0.000360063 0.00427667 0.00644766]
Loglik: -136655.0189 
Loglik values on different cores:
[-1.3666e5,-1.36662e5,-1.36656e5,-1.36656e5,-1.36658e5,-1.36648e5,-1.36682e5,-1.36666e5,-1.36658e5,-1.36658e5]
Percentage done: 40.00 % 
Acceptance rate on iteration 301 to 400 is 0.0606
Covariance:
[0.0142753 -0.00763675 3.00509e-5 -0.00391852 -0.00218659 0.00587659 0.00507786; -0.00763675 0.00474602 -4.64358e-7 0.00171408 0.00103258 -0.00380993 -0.00418267; 3.00509e-5 -4.64358e-7 2.08123e-5 -5.51925e-5 -9.40214e-5 0.000121068 -3.05095e-5; -0.00391852 0.00171408 -5.51925e-5 0.0215736 0.0115852 -0.0227598 -0.00027401; -0.00218659 0.00103258 -9.40214e-5 0.0115852 0.00689162 -0.0138215 -0.000360063; 0.00587659 -0.00380993 0.000121068 -0.0227598 -0.0138215 0.0324489 0.00427667; 0.00507786 -0.00418267 -3.05095e-5 -0.00027401 -0.000360063 0.00427667 0.00644766]
Loglik: -136638.2982 
Loglik values on different cores:
[-1.36663e5,-1.36671e5,-1.36657e5,-1.36643e5,-1.36649e5,-1.36634e5,-1.36633e5,-1.3664e5,-1.36663e5,-1.36636e5]
Percentage done: 50.00 % 
Acceptance rate on iteration 401 to 500 is 0.0505
Covariance:
[0.0142753 -0.00763675 3.00509e-5 -0.00391852 -0.00218659 0.00587659 0.00507786; -0.00763675 0.00474602 -4.64358e-7 0.00171408 0.00103258 -0.00380993 -0.00418267; 3.00509e-5 -4.64358e-7 2.08123e-5 -5.51925e-5 -9.40214e-5 0.000121068 -3.05095e-5; -0.00391852 0.00171408 -5.51925e-5 0.0215736 0.0115852 -0.0227598 -0.00027401; -0.00218659 0.00103258 -9.40214e-5 0.0115852 0.00689162 -0.0138215 -0.000360063; 0.00587659 -0.00380993 0.000121068 -0.0227598 -0.0138215 0.0324489 0.00427667; 0.00507786 -0.00418267 -3.05095e-5 -0.00027401 -0.000360063 0.00427667 0.00644766]
Loglik: -136602.1887 
Loglik values on different cores:
[-1.36613e5,-1.36613e5,-1.36615e5,-1.36608e5,-1.36615e5,-1.36603e5,-1.36613e5,-1.36604e5,-1.36631e5,-1.36605e5]
Percentage done: 60.00 % 
Acceptance rate on iteration 501 to 600 is 0.0202
Covariance:
[0.0142753 -0.00763675 3.00509e-5 -0.00391852 -0.00218659 0.00587659 0.00507786; -0.00763675 0.00474602 -4.64358e-7 0.00171408 0.00103258 -0.00380993 -0.00418267; 3.00509e-5 -4.64358e-7 2.08123e-5 -5.51925e-5 -9.40214e-5 0.000121068 -3.05095e-5; -0.00391852 0.00171408 -5.51925e-5 0.0215736 0.0115852 -0.0227598 -0.00027401; -0.00218659 0.00103258 -9.40214e-5 0.0115852 0.00689162 -0.0138215 -0.000360063; 0.00587659 -0.00380993 0.000121068 -0.0227598 -0.0138215 0.0324489 0.00427667; 0.00507786 -0.00418267 -3.05095e-5 -0.00027401 -0.000360063 0.00427667 0.00644766]
Loglik: -136594.5665 
Loglik values on different cores:
[-1.36614e5,-1.36625e5,-1.36588e5,-1.36604e5,-1.36607e5,-1.36608e5,-1.36607e5,-1.36614e5,-1.36609e5,-1.36612e5]
Percentage done: 70.00 % 
Acceptance rate on iteration 601 to 700 is 0.0404
Covariance:
[0.0142753 -0.00763675 3.00509e-5 -0.00391852 -0.00218659 0.00587659 0.00507786; -0.00763675 0.00474602 -4.64358e-7 0.00171408 0.00103258 -0.00380993 -0.00418267; 3.00509e-5 -4.64358e-7 2.08123e-5 -5.51925e-5 -9.40214e-5 0.000121068 -3.05095e-5; -0.00391852 0.00171408 -5.51925e-5 0.0215736 0.0115852 -0.0227598 -0.00027401; -0.00218659 0.00103258 -9.40214e-5 0.0115852 0.00689162 -0.0138215 -0.000360063; 0.00587659 -0.00380993 0.000121068 -0.0227598 -0.0138215 0.0324489 0.00427667; 0.00507786 -0.00418267 -3.05095e-5 -0.00027401 -0.000360063 0.00427667 0.00644766]
Loglik: -136594.8399 
Loglik values on different cores:
[-1.36601e5,-1.36616e5,-1.36608e5,-1.36613e5,-1.36596e5,-1.36623e5,-1.36604e5,-1.36599e5,-136595.0,-1.36619e5]
Percentage done: 80.00 % 
Acceptance rate on iteration 701 to 800 is 0.0000
Covariance:
[0.0142753 -0.00763675 3.00509e-5 -0.00391852 -0.00218659 0.00587659 0.00507786; -0.00763675 0.00474602 -4.64358e-7 0.00171408 0.00103258 -0.00380993 -0.00418267; 3.00509e-5 -4.64358e-7 2.08123e-5 -5.51925e-5 -9.40214e-5 0.000121068 -3.05095e-5; -0.00391852 0.00171408 -5.51925e-5 0.0215736 0.0115852 -0.0227598 -0.00027401; -0.00218659 0.00103258 -9.40214e-5 0.0115852 0.00689162 -0.0138215 -0.000360063; 0.00587659 -0.00380993 0.000121068 -0.0227598 -0.0138215 0.0324489 0.00427667; 0.00507786 -0.00418267 -3.05095e-5 -0.00027401 -0.000360063 0.00427667 0.00644766]
Loglik: -136594.8399 
Loglik values on different cores:
[-1.36602e5,-1.3661e5,-1.36607e5,-1.36605e5,-1.36606e5,-1.366e5,-1.36601e5,-1.36615e5,-1.3659e5,-1.36611e5]
Percentage done: 90.00 % 
Acceptance rate on iteration 801 to 900 is 0.0202
Covariance:
[0.0142753 -0.00763675 3.00509e-5 -0.00391852 -0.00218659 0.00587659 0.00507786; -0.00763675 0.00474602 -4.64358e-7 0.00171408 0.00103258 -0.00380993 -0.00418267; 3.00509e-5 -4.64358e-7 2.08123e-5 -5.51925e-5 -9.40214e-5 0.000121068 -3.05095e-5; -0.00391852 0.00171408 -5.51925e-5 0.0215736 0.0115852 -0.0227598 -0.00027401; -0.00218659 0.00103258 -9.40214e-5 0.0115852 0.00689162 -0.0138215 -0.000360063; 0.00587659 -0.00380993 0.000121068 -0.0227598 -0.0138215 0.0324489 0.00427667; 0.00507786 -0.00418267 -3.05095e-5 -0.00027401 -0.000360063 0.00427667 0.00644766]
Loglik: -136600.8701 
Loglik values on different cores:
[-136596.0,-1.36611e5,-1.36611e5,-1.36605e5,-1.36612e5,-1.36607e5,-1.36596e5,-1.3661e5,-1.36612e5,-136619.0]
elapsed time: 1914.166550196 seconds
Ending DA-GP-MCMC with adaptive RW estimating 7 parameters
Algorithm: MCWM
Adaptation algorithm: noAdaptation
Prior distribution: Normal
Particle filter: parallel_bootstrap
Time pre-er:  0
Time fit GP model:  0
Time er-part:  1914
Number early-rejections: 504
Number of cases directly to ordinary MH: 153
Number of cases directly to ordinary MH accepted: 43
Number cases in in DA part: 846
Number cases in second stage: 342
Number accepted in second stage: 6
Total number of evaluations of the particle filter: 495
Acceptance rate for ordinary MH accepted: 28.1046
Acceptance rate a_1: 40.4255
Acceptance rate a_2: 1.7544
Acceptance rate a_1*a_2: 0.7092
Acceptance rate a (for entier algorithm): 4.9000
#####################################################################
Iterstion:
3
#####################################################################
Starting DA-GP-MCMC estimating 7 parameters 
MCMC algorithm: MCWM
Adaptation algorithm: noAdaptation
Prior distribution: Normal
Particle filter: parallel_bootstrap, on 10 cores
Nbr particles for particle filter: 200
Covariance - kernel_MH_direct:
[0.00991339 -0.0053033 2.08687e-5 -0.00272119 -0.00151846 0.00408097 0.00352629; -0.0053033 0.00329585 -3.22471e-7 0.00119033 0.000717069 -0.00264579 -0.00290463; 2.08687e-5 -3.22471e-7 1.4453e-5 -3.83281e-5 -6.52926e-5 8.40749e-5 -2.11871e-5; -0.00272119 0.00119033 -3.83281e-5 0.0149816 0.00804527 -0.0158054 -0.000190284; -0.00151846 0.000717069 -6.52926e-5 0.00804527 0.00478585 -0.00959829 -0.000250044; 0.00408097 -0.00264579 8.40749e-5 -0.0158054 -0.00959829 0.022534 0.00296991; 0.00352629 -0.00290463 -2.11871e-5 -0.000190284 -0.000250044 0.00296991 0.00447754]
Iteration: 1
Covariance:
[0.0142753 -0.00763675 3.00509e-5 -0.00391852 -0.00218659 0.00587659 0.00507786; -0.00763675 0.00474602 -4.64358e-7 0.00171408 0.00103258 -0.00380993 -0.00418267; 3.00509e-5 -4.64358e-7 2.08123e-5 -5.51925e-5 -9.40214e-5 0.000121068 -3.05095e-5; -0.00391852 0.00171408 -5.51925e-5 0.0215736 0.0115852 -0.0227598 -0.00027401; -0.00218659 0.00103258 -9.40214e-5 0.0115852 0.00689162 -0.0138215 -0.000360063; 0.00587659 -0.00380993 0.000121068 -0.0227598 -0.0138215 0.0324489 0.00427667; 0.00507786 -0.00418267 -3.05095e-5 -0.00027401 -0.000360063 0.00427667 0.00644766]
Iteration: 1
Covariance:
[0.0142753 -0.00763675 3.00509e-5 -0.00391852 -0.00218659 0.00587659 0.00507786; -0.00763675 0.00474602 -4.64358e-7 0.00171408 0.00103258 -0.00380993 -0.00418267; 3.00509e-5 -4.64358e-7 2.08123e-5 -5.51925e-5 -9.40214e-5 0.000121068 -3.05095e-5; -0.00391852 0.00171408 -5.51925e-5 0.0215736 0.0115852 -0.0227598 -0.00027401; -0.00218659 0.00103258 -9.40214e-5 0.0115852 0.00689162 -0.0138215 -0.000360063; 0.00587659 -0.00380993 0.000121068 -0.0227598 -0.0138215 0.0324489 0.00427667; 0.00507786 -0.00418267 -3.05095e-5 -0.00027401 -0.000360063 0.00427667 0.00644766]
Loglik start: -137067.3229 
Percentage done: 10.00 % 
Acceptance rate on iteration 1 to 100 is 0.0909
Covariance:
[0.0142753 -0.00763675 3.00509e-5 -0.00391852 -0.00218659 0.00587659 0.00507786; -0.00763675 0.00474602 -4.64358e-7 0.00171408 0.00103258 -0.00380993 -0.00418267; 3.00509e-5 -4.64358e-7 2.08123e-5 -5.51925e-5 -9.40214e-5 0.000121068 -3.05095e-5; -0.00391852 0.00171408 -5.51925e-5 0.0215736 0.0115852 -0.0227598 -0.00027401; -0.00218659 0.00103258 -9.40214e-5 0.0115852 0.00689162 -0.0138215 -0.000360063; 0.00587659 -0.00380993 0.000121068 -0.0227598 -0.0138215 0.0324489 0.00427667; 0.00507786 -0.00418267 -3.05095e-5 -0.00027401 -0.000360063 0.00427667 0.00644766]
Loglik: -136840.0842 
Loglik values on different cores:
[-1.36852e5,-1.36866e5,-1.36825e5,-1.36858e5,-1.36859e5,-136866.0,-1.36847e5,-1.36844e5,-136857.0,-1.36849e5]
Percentage done: 20.00 % 
Acceptance rate on iteration 101 to 200 is 0.0707
Covariance:
[0.0142753 -0.00763675 3.00509e-5 -0.00391852 -0.00218659 0.00587659 0.00507786; -0.00763675 0.00474602 -4.64358e-7 0.00171408 0.00103258 -0.00380993 -0.00418267; 3.00509e-5 -4.64358e-7 2.08123e-5 -5.51925e-5 -9.40214e-5 0.000121068 -3.05095e-5; -0.00391852 0.00171408 -5.51925e-5 0.0215736 0.0115852 -0.0227598 -0.00027401; -0.00218659 0.00103258 -9.40214e-5 0.0115852 0.00689162 -0.0138215 -0.000360063; 0.00587659 -0.00380993 0.000121068 -0.0227598 -0.0138215 0.0324489 0.00427667; 0.00507786 -0.00418267 -3.05095e-5 -0.00027401 -0.000360063 0.00427667 0.00644766]
Loglik: -136756.8656 
Loglik values on different cores:
[-1.36781e5,-1.36789e5,-1.3677e5,-1.36763e5,-1.36784e5,-1.3678e5,-1.36788e5,-1.36787e5,-1.36802e5,-1.36775e5]
Percentage done: 30.00 % 
Acceptance rate on iteration 201 to 300 is 0.0303
Covariance:
[0.0142753 -0.00763675 3.00509e-5 -0.00391852 -0.00218659 0.00587659 0.00507786; -0.00763675 0.00474602 -4.64358e-7 0.00171408 0.00103258 -0.00380993 -0.00418267; 3.00509e-5 -4.64358e-7 2.08123e-5 -5.51925e-5 -9.40214e-5 0.000121068 -3.05095e-5; -0.00391852 0.00171408 -5.51925e-5 0.0215736 0.0115852 -0.0227598 -0.00027401; -0.00218659 0.00103258 -9.40214e-5 0.0115852 0.00689162 -0.0138215 -0.000360063; 0.00587659 -0.00380993 0.000121068 -0.0227598 -0.0138215 0.0324489 0.00427667; 0.00507786 -0.00418267 -3.05095e-5 -0.00027401 -0.000360063 0.00427667 0.00644766]
Loglik: -136739.6863 
Loglik values on different cores:
[-1.36725e5,-1.36732e5,-1.36772e5,-1.36761e5,-1.3674e5,-1.36748e5,-1.36768e5,-1.36756e5,-1.3674e5,-1.36756e5]
Percentage done: 40.00 % 
Acceptance rate on iteration 301 to 400 is 0.1010
Covariance:
[0.0142753 -0.00763675 3.00509e-5 -0.00391852 -0.00218659 0.00587659 0.00507786; -0.00763675 0.00474602 -4.64358e-7 0.00171408 0.00103258 -0.00380993 -0.00418267; 3.00509e-5 -4.64358e-7 2.08123e-5 -5.51925e-5 -9.40214e-5 0.000121068 -3.05095e-5; -0.00391852 0.00171408 -5.51925e-5 0.0215736 0.0115852 -0.0227598 -0.00027401; -0.00218659 0.00103258 -9.40214e-5 0.0115852 0.00689162 -0.0138215 -0.000360063; 0.00587659 -0.00380993 0.000121068 -0.0227598 -0.0138215 0.0324489 0.00427667; 0.00507786 -0.00418267 -3.05095e-5 -0.00027401 -0.000360063 0.00427667 0.00644766]
Loglik: -136691.4442 
Loglik values on different cores:
[-1.36688e5,-1.36702e5,-1.36691e5,-1.36698e5,-1.367e5,-1.367e5,-1.36706e5,-1.36685e5,-1.36694e5,-1.36699e5]
Percentage done: 50.00 % 
Acceptance rate on iteration 401 to 500 is 0.0808
Covariance:
[0.0142753 -0.00763675 3.00509e-5 -0.00391852 -0.00218659 0.00587659 0.00507786; -0.00763675 0.00474602 -4.64358e-7 0.00171408 0.00103258 -0.00380993 -0.00418267; 3.00509e-5 -4.64358e-7 2.08123e-5 -5.51925e-5 -9.40214e-5 0.000121068 -3.05095e-5; -0.00391852 0.00171408 -5.51925e-5 0.0215736 0.0115852 -0.0227598 -0.00027401; -0.00218659 0.00103258 -9.40214e-5 0.0115852 0.00689162 -0.0138215 -0.000360063; 0.00587659 -0.00380993 0.000121068 -0.0227598 -0.0138215 0.0324489 0.00427667; 0.00507786 -0.00418267 -3.05095e-5 -0.00027401 -0.000360063 0.00427667 0.00644766]
Loglik: -136609.1560 
Loglik values on different cores:
[-1.36616e5,-1.36615e5,-1.36633e5,-1.36609e5,-1.3661e5,-1.36611e5,-1.36625e5,-1.36611e5,-1.36628e5,-136621.0]
Percentage done: 60.00 % 
Acceptance rate on iteration 501 to 600 is 0.0404
Covariance:
[0.0142753 -0.00763675 3.00509e-5 -0.00391852 -0.00218659 0.00587659 0.00507786; -0.00763675 0.00474602 -4.64358e-7 0.00171408 0.00103258 -0.00380993 -0.00418267; 3.00509e-5 -4.64358e-7 2.08123e-5 -5.51925e-5 -9.40214e-5 0.000121068 -3.05095e-5; -0.00391852 0.00171408 -5.51925e-5 0.0215736 0.0115852 -0.0227598 -0.00027401; -0.00218659 0.00103258 -9.40214e-5 0.0115852 0.00689162 -0.0138215 -0.000360063; 0.00587659 -0.00380993 0.000121068 -0.0227598 -0.0138215 0.0324489 0.00427667; 0.00507786 -0.00418267 -3.05095e-5 -0.00027401 -0.000360063 0.00427667 0.00644766]
Loglik: -136584.2367 
Loglik values on different cores:
[-1.36605e5,-1.36606e5,-1.36613e5,-1.36614e5,-1.36609e5,-1.36604e5,-1.3661e5,-1.3661e5,-1.36613e5,-1.3661e5]
Percentage done: 70.00 % 
Acceptance rate on iteration 601 to 700 is 0.0202
Covariance:
[0.0142753 -0.00763675 3.00509e-5 -0.00391852 -0.00218659 0.00587659 0.00507786; -0.00763675 0.00474602 -4.64358e-7 0.00171408 0.00103258 -0.00380993 -0.00418267; 3.00509e-5 -4.64358e-7 2.08123e-5 -5.51925e-5 -9.40214e-5 0.000121068 -3.05095e-5; -0.00391852 0.00171408 -5.51925e-5 0.0215736 0.0115852 -0.0227598 -0.00027401; -0.00218659 0.00103258 -9.40214e-5 0.0115852 0.00689162 -0.0138215 -0.000360063; 0.00587659 -0.00380993 0.000121068 -0.0227598 -0.0138215 0.0324489 0.00427667; 0.00507786 -0.00418267 -3.05095e-5 -0.00027401 -0.000360063 0.00427667 0.00644766]
Loglik: -136603.3246 
Loglik values on different cores:
[-1.36622e5,-1.36609e5,-1.36618e5,-1.36609e5,-1.36609e5,-1.36611e5,-1.36605e5,-1.36613e5,-1.366e5,-136623.0]
Percentage done: 80.00 % 
Acceptance rate on iteration 701 to 800 is 0.0404
Covariance:
[0.0142753 -0.00763675 3.00509e-5 -0.00391852 -0.00218659 0.00587659 0.00507786; -0.00763675 0.00474602 -4.64358e-7 0.00171408 0.00103258 -0.00380993 -0.00418267; 3.00509e-5 -4.64358e-7 2.08123e-5 -5.51925e-5 -9.40214e-5 0.000121068 -3.05095e-5; -0.00391852 0.00171408 -5.51925e-5 0.0215736 0.0115852 -0.0227598 -0.00027401; -0.00218659 0.00103258 -9.40214e-5 0.0115852 0.00689162 -0.0138215 -0.000360063; 0.00587659 -0.00380993 0.000121068 -0.0227598 -0.0138215 0.0324489 0.00427667; 0.00507786 -0.00418267 -3.05095e-5 -0.00027401 -0.000360063 0.00427667 0.00644766]
Loglik: -136610.6343 
Loglik values on different cores:
[-1.36603e5,-1.36605e5,-1.36629e5,-1.36616e5,-1.36622e5,-1.36605e5,-1.36636e5,-1.36611e5,-1.36619e5,-1.36618e5]
Percentage done: 90.00 % 
Acceptance rate on iteration 801 to 900 is 0.0808
Covariance:
[0.0142753 -0.00763675 3.00509e-5 -0.00391852 -0.00218659 0.00587659 0.00507786; -0.00763675 0.00474602 -4.64358e-7 0.00171408 0.00103258 -0.00380993 -0.00418267; 3.00509e-5 -4.64358e-7 2.08123e-5 -5.51925e-5 -9.40214e-5 0.000121068 -3.05095e-5; -0.00391852 0.00171408 -5.51925e-5 0.0215736 0.0115852 -0.0227598 -0.00027401; -0.00218659 0.00103258 -9.40214e-5 0.0115852 0.00689162 -0.0138215 -0.000360063; 0.00587659 -0.00380993 0.000121068 -0.0227598 -0.0138215 0.0324489 0.00427667; 0.00507786 -0.00418267 -3.05095e-5 -0.00027401 -0.000360063 0.00427667 0.00644766]
Loglik: -136587.6604 
Loglik values on different cores:
[-1.36611e5,-1.36599e5,-1.36591e5,-1.36601e5,-1.36598e5,-1.36602e5,-1.366e5,-1.36603e5,-1.36598e5,-1.36574e5]
elapsed time: 1857.469087319 seconds
Ending DA-GP-MCMC with adaptive RW estimating 7 parameters
Algorithm: MCWM
Adaptation algorithm: noAdaptation
Prior distribution: Normal
Particle filter: parallel_bootstrap
Time pre-er:  0
Time fit GP model:  0
Time er-part:  1857
Number early-rejections: 520
Number of cases directly to ordinary MH: 149
Number of cases directly to ordinary MH accepted: 47
Number cases in in DA part: 850
Number cases in second stage: 330
Number accepted in second stage: 12
Total number of evaluations of the particle filter: 479
Acceptance rate for ordinary MH accepted: 31.5436
Acceptance rate a_1: 38.8235
Acceptance rate a_2: 3.6364
Acceptance rate a_1*a_2: 1.4118
Acceptance rate a (for entier algorithm): 5.9000
#####################################################################
Iterstion:
4
#####################################################################
Starting DA-GP-MCMC estimating 7 parameters 
MCMC algorithm: MCWM
Adaptation algorithm: noAdaptation
Prior distribution: Normal
Particle filter: parallel_bootstrap, on 10 cores
Nbr particles for particle filter: 200
Covariance - kernel_MH_direct:
[0.00991339 -0.0053033 2.08687e-5 -0.00272119 -0.00151846 0.00408097 0.00352629; -0.0053033 0.00329585 -3.22471e-7 0.00119033 0.000717069 -0.00264579 -0.00290463; 2.08687e-5 -3.22471e-7 1.4453e-5 -3.83281e-5 -6.52926e-5 8.40749e-5 -2.11871e-5; -0.00272119 0.00119033 -3.83281e-5 0.0149816 0.00804527 -0.0158054 -0.000190284; -0.00151846 0.000717069 -6.52926e-5 0.00804527 0.00478585 -0.00959829 -0.000250044; 0.00408097 -0.00264579 8.40749e-5 -0.0158054 -0.00959829 0.022534 0.00296991; 0.00352629 -0.00290463 -2.11871e-5 -0.000190284 -0.000250044 0.00296991 0.00447754]
Iteration: 1
Covariance:
[0.0142753 -0.00763675 3.00509e-5 -0.00391852 -0.00218659 0.00587659 0.00507786; -0.00763675 0.00474602 -4.64358e-7 0.00171408 0.00103258 -0.00380993 -0.00418267; 3.00509e-5 -4.64358e-7 2.08123e-5 -5.51925e-5 -9.40214e-5 0.000121068 -3.05095e-5; -0.00391852 0.00171408 -5.51925e-5 0.0215736 0.0115852 -0.0227598 -0.00027401; -0.00218659 0.00103258 -9.40214e-5 0.0115852 0.00689162 -0.0138215 -0.000360063; 0.00587659 -0.00380993 0.000121068 -0.0227598 -0.0138215 0.0324489 0.00427667; 0.00507786 -0.00418267 -3.05095e-5 -0.00027401 -0.000360063 0.00427667 0.00644766]
Iteration: 1
Covariance:
[0.0142753 -0.00763675 3.00509e-5 -0.00391852 -0.00218659 0.00587659 0.00507786; -0.00763675 0.00474602 -4.64358e-7 0.00171408 0.00103258 -0.00380993 -0.00418267; 3.00509e-5 -4.64358e-7 2.08123e-5 -5.51925e-5 -9.40214e-5 0.000121068 -3.05095e-5; -0.00391852 0.00171408 -5.51925e-5 0.0215736 0.0115852 -0.0227598 -0.00027401; -0.00218659 0.00103258 -9.40214e-5 0.0115852 0.00689162 -0.0138215 -0.000360063; 0.00587659 -0.00380993 0.000121068 -0.0227598 -0.0138215 0.0324489 0.00427667; 0.00507786 -0.00418267 -3.05095e-5 -0.00027401 -0.000360063 0.00427667 0.00644766]
Loglik start: -137060.9327 
Percentage done: 10.00 % 
Acceptance rate on iteration 1 to 100 is 0.0606
Covariance:
[0.0142753 -0.00763675 3.00509e-5 -0.00391852 -0.00218659 0.00587659 0.00507786; -0.00763675 0.00474602 -4.64358e-7 0.00171408 0.00103258 -0.00380993 -0.00418267; 3.00509e-5 -4.64358e-7 2.08123e-5 -5.51925e-5 -9.40214e-5 0.000121068 -3.05095e-5; -0.00391852 0.00171408 -5.51925e-5 0.0215736 0.0115852 -0.0227598 -0.00027401; -0.00218659 0.00103258 -9.40214e-5 0.0115852 0.00689162 -0.0138215 -0.000360063; 0.00587659 -0.00380993 0.000121068 -0.0227598 -0.0138215 0.0324489 0.00427667; 0.00507786 -0.00418267 -3.05095e-5 -0.00027401 -0.000360063 0.00427667 0.00644766]
Loglik: -136790.9016 
Loglik values on different cores:
[-1.36815e5,-1.36827e5,-1.36837e5,-1.36826e5,-1.36826e5,-1.3681e5,-1.3682e5,-1.36818e5,-1.36808e5,-136835.0]
Percentage done: 20.00 % 
Acceptance rate on iteration 101 to 200 is 0.0202
Covariance:
[0.0142753 -0.00763675 3.00509e-5 -0.00391852 -0.00218659 0.00587659 0.00507786; -0.00763675 0.00474602 -4.64358e-7 0.00171408 0.00103258 -0.00380993 -0.00418267; 3.00509e-5 -4.64358e-7 2.08123e-5 -5.51925e-5 -9.40214e-5 0.000121068 -3.05095e-5; -0.00391852 0.00171408 -5.51925e-5 0.0215736 0.0115852 -0.0227598 -0.00027401; -0.00218659 0.00103258 -9.40214e-5 0.0115852 0.00689162 -0.0138215 -0.000360063; 0.00587659 -0.00380993 0.000121068 -0.0227598 -0.0138215 0.0324489 0.00427667; 0.00507786 -0.00418267 -3.05095e-5 -0.00027401 -0.000360063 0.00427667 0.00644766]
Loglik: -136797.6774 
Loglik values on different cores:
[-1.36806e5,-1.36804e5,-1.36801e5,-1.36819e5,-1.36813e5,-136802.0,-1.36795e5,-1.36802e5,-1.36795e5,-1.36801e5]
Percentage done: 30.00 % 
Acceptance rate on iteration 201 to 300 is 0.0404
Covariance:
[0.0142753 -0.00763675 3.00509e-5 -0.00391852 -0.00218659 0.00587659 0.00507786; -0.00763675 0.00474602 -4.64358e-7 0.00171408 0.00103258 -0.00380993 -0.00418267; 3.00509e-5 -4.64358e-7 2.08123e-5 -5.51925e-5 -9.40214e-5 0.000121068 -3.05095e-5; -0.00391852 0.00171408 -5.51925e-5 0.0215736 0.0115852 -0.0227598 -0.00027401; -0.00218659 0.00103258 -9.40214e-5 0.0115852 0.00689162 -0.0138215 -0.000360063; 0.00587659 -0.00380993 0.000121068 -0.0227598 -0.0138215 0.0324489 0.00427667; 0.00507786 -0.00418267 -3.05095e-5 -0.00027401 -0.000360063 0.00427667 0.00644766]
Loglik: -136772.0811 
Loglik values on different cores:
[-1.36776e5,-1.36787e5,-1.3677e5,-1.36777e5,-1.36782e5,-1.36784e5,-1.36775e5,-1.36797e5,-1.36784e5,-1.36793e5]
Percentage done: 40.00 % 
Acceptance rate on iteration 301 to 400 is 0.0505
Covariance:
[0.0142753 -0.00763675 3.00509e-5 -0.00391852 -0.00218659 0.00587659 0.00507786; -0.00763675 0.00474602 -4.64358e-7 0.00171408 0.00103258 -0.00380993 -0.00418267; 3.00509e-5 -4.64358e-7 2.08123e-5 -5.51925e-5 -9.40214e-5 0.000121068 -3.05095e-5; -0.00391852 0.00171408 -5.51925e-5 0.0215736 0.0115852 -0.0227598 -0.00027401; -0.00218659 0.00103258 -9.40214e-5 0.0115852 0.00689162 -0.0138215 -0.000360063; 0.00587659 -0.00380993 0.000121068 -0.0227598 -0.0138215 0.0324489 0.00427667; 0.00507786 -0.00418267 -3.05095e-5 -0.00027401 -0.000360063 0.00427667 0.00644766]
Loglik: -136745.3291 
Loglik values on different cores:
[-1.36752e5,-1.36756e5,-136749.0,-1.36754e5,-1.36753e5,-1.36773e5,-136760.0,-1.36747e5,-1.36746e5,-1.36744e5]
Percentage done: 50.00 % 
Acceptance rate on iteration 401 to 500 is 0.0606
Covariance:
[0.0142753 -0.00763675 3.00509e-5 -0.00391852 -0.00218659 0.00587659 0.00507786; -0.00763675 0.00474602 -4.64358e-7 0.00171408 0.00103258 -0.00380993 -0.00418267; 3.00509e-5 -4.64358e-7 2.08123e-5 -5.51925e-5 -9.40214e-5 0.000121068 -3.05095e-5; -0.00391852 0.00171408 -5.51925e-5 0.0215736 0.0115852 -0.0227598 -0.00027401; -0.00218659 0.00103258 -9.40214e-5 0.0115852 0.00689162 -0.0138215 -0.000360063; 0.00587659 -0.00380993 0.000121068 -0.0227598 -0.0138215 0.0324489 0.00427667; 0.00507786 -0.00418267 -3.05095e-5 -0.00027401 -0.000360063 0.00427667 0.00644766]
Loglik: -136700.6657 
Loglik values on different cores:
[-1.3669e5,-1.36715e5,-1.36716e5,-1.36692e5,-1.36711e5,-1.36712e5,-1.36709e5,-1.36729e5,-136703.0,-1.36722e5]
Percentage done: 60.00 % 
Acceptance rate on iteration 501 to 600 is 0.0404
Covariance:
[0.0142753 -0.00763675 3.00509e-5 -0.00391852 -0.00218659 0.00587659 0.00507786; -0.00763675 0.00474602 -4.64358e-7 0.00171408 0.00103258 -0.00380993 -0.00418267; 3.00509e-5 -4.64358e-7 2.08123e-5 -5.51925e-5 -9.40214e-5 0.000121068 -3.05095e-5; -0.00391852 0.00171408 -5.51925e-5 0.0215736 0.0115852 -0.0227598 -0.00027401; -0.00218659 0.00103258 -9.40214e-5 0.0115852 0.00689162 -0.0138215 -0.000360063; 0.00587659 -0.00380993 0.000121068 -0.0227598 -0.0138215 0.0324489 0.00427667; 0.00507786 -0.00418267 -3.05095e-5 -0.00027401 -0.000360063 0.00427667 0.00644766]
Loglik: -136659.6840 
Loglik values on different cores:
[-1.3668e5,-1.36673e5,-1.3667e5,-1.36672e5,-1.36653e5,-1.36665e5,-1.36653e5,-1.36677e5,-1.3668e5,-1.36679e5]
Percentage done: 70.00 % 
Acceptance rate on iteration 601 to 700 is 0.0404
Covariance:
[0.0142753 -0.00763675 3.00509e-5 -0.00391852 -0.00218659 0.00587659 0.00507786; -0.00763675 0.00474602 -4.64358e-7 0.00171408 0.00103258 -0.00380993 -0.00418267; 3.00509e-5 -4.64358e-7 2.08123e-5 -5.51925e-5 -9.40214e-5 0.000121068 -3.05095e-5; -0.00391852 0.00171408 -5.51925e-5 0.0215736 0.0115852 -0.0227598 -0.00027401; -0.00218659 0.00103258 -9.40214e-5 0.0115852 0.00689162 -0.0138215 -0.000360063; 0.00587659 -0.00380993 0.000121068 -0.0227598 -0.0138215 0.0324489 0.00427667; 0.00507786 -0.00418267 -3.05095e-5 -0.00027401 -0.000360063 0.00427667 0.00644766]
Loglik: -136655.9970 
Loglik values on different cores:
[-1.36664e5,-1.36664e5,-1.36658e5,-1.36666e5,-1.36679e5,-1.3667e5,-1.36671e5,-1.3667e5,-1.36665e5,-1.36668e5]
Percentage done: 80.00 % 
Acceptance rate on iteration 701 to 800 is 0.0303
Covariance:
