Mean:
[-1.19474; -0.115413; 3.34929; 1.41993; 0.423864; 0.524684; 0.647563]
Std:
[0.154594; 0.0915249; 0.00561732; 0.200285; 0.11075; 0.23941; 0.110742]
[-1.05702 -0.954911 -0.966449 -0.925236 -0.926215 -1.2054 -1.11233 -1.13475 -1.09365 -1.203; -0.254592 -0.289722 -0.241129 -0.28801 -0.285948 -0.168635 -0.167598 -0.124351 -0.181036 -0.0887189; 3.35337 3.34876 3.35298 3.35389 3.35726 3.35049 3.34377 3.34396 3.34769 3.34831; 1.76978 1.69278 1.65428 1.50996 1.40042 1.67623 1.8717 2.05664 1.84133 1.66576; 0.63292 0.547622 0.531843 0.46163 0.36411 0.550366 0.660388 0.73099 0.620384 0.564654; 0.267598 0.508042 0.39971 0.553505 0.776789 0.449141 0.116444 -0.0279099 0.235111 0.291064; 0.825946 0.915464 0.774959 0.802593 0.826623 0.808955 0.756642 0.719464 0.815954 0.638883; -1.36642e5 -1.36662e5 -1.36601e5 -136603.0 -1.3662e5 -1.36616e5 -1.36591e5 -1.36626e5 -1.36615e5 -1.36598e5]Starting ml estimationLength of training data: 4750Start values for optimization:
[-1.9371e6; -6071.27; -14504.4; 1.07336e6; -42554.2; 1.23453e5; 18314.6; -7623.19; -2285.73; -11995.3; -1.60297e5; -1381.66; -9327.45; -753.471; -2011.28; -9894.9; 408.802; 65.8286; -469.316; -177.887; -2630.14; 1390.63; 50.4832; 170.402; 45.9892; -7564.59; 13117.1; -36908.0; -5168.58; 1443.18; 5750.26; 399.937; -18.9679; -3809.33; 2118.72; 972.47; 2.68778; 2.34121; -1.90277; -2.43284; -5.21391; -1.63139; -2.22109; -1.45557; -2.24542]Iter     Function value   Gradient norm 
     0     2.731682e+04     5.498701e+06
     1     2.716772e+04     1.750788e+06
     2     2.716775e+04     3.931960e+03
Estimated parameters of the GP model:
Estimated Β:s:
[-1.9371e6,-6071.27,-14504.4,1.07336e6,-42554.2,1.23453e5,18314.6,-7623.19,-2285.73,-11995.3,-1.60297e5,-1381.66,-9327.45,-753.471,-2011.28,-9894.9,408.802,65.8286,-469.316,-177.887,-2630.14,1390.63,50.4832,170.402,45.9892,-7564.59,13117.1,-36908.0,-5168.58,1443.18,5750.26,399.937,-18.9679,-3809.33,2118.72,972.47]
Estimated log Φ:s:
[2.68773,2.33293,-1.88753,-2.41673,-4.61167,-1.62213,-2.20718,-1.44778,-2.22264]
elapsed time: 933.450169108 seconds
Iterstion:
1
#####################################################################
Starting DA-GP-MCMC estimating 7 parameters 
MCMC algorithm: MCWM
Adaptation algorithm: noAdaptation
Prior distribution: Normal
Particle filter: parallel_bootstrap, on 4 cores
Nbr particles for particle filter: 200
Covariance - kernel_MH_direct:
[0.0161117 -0.00863341 2.66693e-5 -0.00506119 -0.00289389 0.00813033 0.00637247; -0.00863341 0.00546783 3.5914e-6 0.00241083 0.00139394 -0.00525582 -0.00541592; 2.66693e-5 3.5914e-6 1.82367e-5 -3.97142e-5 -7.43151e-5 6.58272e-5 -5.00135e-6; -0.00506119 0.00241083 -3.97142e-5 0.029185 0.0146502 -0.0294034 -0.00190708; -0.00289389 0.00139394 -7.43151e-5 0.0146502 0.00805734 -0.0163729 -0.00113595; 0.00813033 -0.00525582 6.58272e-5 -0.0294034 -0.0163729 0.0394531 0.00700566; 0.00637247 -0.00541592 -5.00135e-6 -0.00190708 -0.00113595 0.00700566 0.00883558]
Iteration: 1
Covariance:
[0.0232008 -0.0124321 3.84038e-5 -0.00728811 -0.0041672 0.0117077 0.00917636; -0.0124321 0.00787367 5.17161e-6 0.0034716 0.00200727 -0.00756839 -0.00779892; 3.84038e-5 5.17161e-6 2.62608e-5 -5.71884e-5 -0.000107014 9.47912e-5 -7.20195e-6; -0.00728811 0.0034716 -5.71884e-5 0.0420264 0.0210962 -0.0423408 -0.0027462; -0.0041672 0.00200727 -0.000107014 0.0210962 0.0116026 -0.023577 -0.00163577; 0.0117077 -0.00756839 9.47912e-5 -0.0423408 -0.023577 0.0568125 0.0100881; 0.00917636 -0.00779892 -7.20195e-6 -0.0027462 -0.00163577 0.0100881 0.0127232]
Iteration: 1
Covariance:
[0.0232008 -0.0124321 3.84038e-5 -0.00728811 -0.0041672 0.0117077 0.00917636; -0.0124321 0.00787367 5.17161e-6 0.0034716 0.00200727 -0.00756839 -0.00779892; 3.84038e-5 5.17161e-6 2.62608e-5 -5.71884e-5 -0.000107014 9.47912e-5 -7.20195e-6; -0.00728811 0.0034716 -5.71884e-5 0.0420264 0.0210962 -0.0423408 -0.0027462; -0.0041672 0.00200727 -0.000107014 0.0210962 0.0116026 -0.023577 -0.00163577; 0.0117077 -0.00756839 9.47912e-5 -0.0423408 -0.023577 0.0568125 0.0100881; 0.00917636 -0.00779892 -7.20195e-6 -0.0027462 -0.00163577 0.0100881 0.0127232]
Loglik start: -136583.6007 
Percentage done: 10.00 % 
Acceptance rate on iteration 1 to 100 is 0.0404
Covariance:
[0.0232008 -0.0124321 3.84038e-5 -0.00728811 -0.0041672 0.0117077 0.00917636; -0.0124321 0.00787367 5.17161e-6 0.0034716 0.00200727 -0.00756839 -0.00779892; 3.84038e-5 5.17161e-6 2.62608e-5 -5.71884e-5 -0.000107014 9.47912e-5 -7.20195e-6; -0.00728811 0.0034716 -5.71884e-5 0.0420264 0.0210962 -0.0423408 -0.0027462; -0.0041672 0.00200727 -0.000107014 0.0210962 0.0116026 -0.023577 -0.00163577; 0.0117077 -0.00756839 9.47912e-5 -0.0423408 -0.023577 0.0568125 0.0100881; 0.00917636 -0.00779892 -7.20195e-6 -0.0027462 -0.00163577 0.0100881 0.0127232]
Loglik: -136585.1056 
Loglik values on different cores:
[-1.36596e5,-1.36598e5,-1.36591e5,-1.36591e5]
Percentage done: 20.00 % 
Acceptance rate on iteration 101 to 200 is 0.0404
Covariance:
[0.0232008 -0.0124321 3.84038e-5 -0.00728811 -0.0041672 0.0117077 0.00917636; -0.0124321 0.00787367 5.17161e-6 0.0034716 0.00200727 -0.00756839 -0.00779892; 3.84038e-5 5.17161e-6 2.62608e-5 -5.71884e-5 -0.000107014 9.47912e-5 -7.20195e-6; -0.00728811 0.0034716 -5.71884e-5 0.0420264 0.0210962 -0.0423408 -0.0027462; -0.0041672 0.00200727 -0.000107014 0.0210962 0.0116026 -0.023577 -0.00163577; 0.0117077 -0.00756839 9.47912e-5 -0.0423408 -0.023577 0.0568125 0.0100881; 0.00917636 -0.00779892 -7.20195e-6 -0.0027462 -0.00163577 0.0100881 0.0127232]
Loglik: -136589.2225 
Loglik values on different cores:
[-1.3658e5,-1.366e5,-1.36606e5,-1.36601e5]
Percentage done: 30.00 % 
Acceptance rate on iteration 201 to 300 is 0.0202
Covariance:
[0.0232008 -0.0124321 3.84038e-5 -0.00728811 -0.0041672 0.0117077 0.00917636; -0.0124321 0.00787367 5.17161e-6 0.0034716 0.00200727 -0.00756839 -0.00779892; 3.84038e-5 5.17161e-6 2.62608e-5 -5.71884e-5 -0.000107014 9.47912e-5 -7.20195e-6; -0.00728811 0.0034716 -5.71884e-5 0.0420264 0.0210962 -0.0423408 -0.0027462; -0.0041672 0.00200727 -0.000107014 0.0210962 0.0116026 -0.023577 -0.00163577; 0.0117077 -0.00756839 9.47912e-5 -0.0423408 -0.023577 0.0568125 0.0100881; 0.00917636 -0.00779892 -7.20195e-6 -0.0027462 -0.00163577 0.0100881 0.0127232]
Loglik: -136584.3075 
Loglik values on different cores:
[-1.36608e5,-1.36605e5,-136599.0,-1.36594e5]
Percentage done: 40.00 % 
Acceptance rate on iteration 301 to 400 is 0.0303
Covariance:
[0.0232008 -0.0124321 3.84038e-5 -0.00728811 -0.0041672 0.0117077 0.00917636; -0.0124321 0.00787367 5.17161e-6 0.0034716 0.00200727 -0.00756839 -0.00779892; 3.84038e-5 5.17161e-6 2.62608e-5 -5.71884e-5 -0.000107014 9.47912e-5 -7.20195e-6; -0.00728811 0.0034716 -5.71884e-5 0.0420264 0.0210962 -0.0423408 -0.0027462; -0.0041672 0.00200727 -0.000107014 0.0210962 0.0116026 -0.023577 -0.00163577; 0.0117077 -0.00756839 9.47912e-5 -0.0423408 -0.023577 0.0568125 0.0100881; 0.00917636 -0.00779892 -7.20195e-6 -0.0027462 -0.00163577 0.0100881 0.0127232]
Loglik: -136578.6891 
Loglik values on different cores:
[-1.36601e5,-1.36588e5,-1.36606e5,-1.36593e5]
Percentage done: 50.00 % 
Acceptance rate on iteration 401 to 500 is 0.0404
Covariance:
[0.0232008 -0.0124321 3.84038e-5 -0.00728811 -0.0041672 0.0117077 0.00917636; -0.0124321 0.00787367 5.17161e-6 0.0034716 0.00200727 -0.00756839 -0.00779892; 3.84038e-5 5.17161e-6 2.62608e-5 -5.71884e-5 -0.000107014 9.47912e-5 -7.20195e-6; -0.00728811 0.0034716 -5.71884e-5 0.0420264 0.0210962 -0.0423408 -0.0027462; -0.0041672 0.00200727 -0.000107014 0.0210962 0.0116026 -0.023577 -0.00163577; 0.0117077 -0.00756839 9.47912e-5 -0.0423408 -0.023577 0.0568125 0.0100881; 0.00917636 -0.00779892 -7.20195e-6 -0.0027462 -0.00163577 0.0100881 0.0127232]
Loglik: -136591.0315 
Loglik values on different cores:
[-1.36601e5,-1.36618e5,-1.3661e5,-1.36596e5]
Percentage done: 60.00 % 
Acceptance rate on iteration 501 to 600 is 0.0505
Covariance:
[0.0232008 -0.0124321 3.84038e-5 -0.00728811 -0.0041672 0.0117077 0.00917636; -0.0124321 0.00787367 5.17161e-6 0.0034716 0.00200727 -0.00756839 -0.00779892; 3.84038e-5 5.17161e-6 2.62608e-5 -5.71884e-5 -0.000107014 9.47912e-5 -7.20195e-6; -0.00728811 0.0034716 -5.71884e-5 0.0420264 0.0210962 -0.0423408 -0.0027462; -0.0041672 0.00200727 -0.000107014 0.0210962 0.0116026 -0.023577 -0.00163577; 0.0117077 -0.00756839 9.47912e-5 -0.0423408 -0.023577 0.0568125 0.0100881; 0.00917636 -0.00779892 -7.20195e-6 -0.0027462 -0.00163577 0.0100881 0.0127232]
Loglik: -136586.2372 
Loglik values on different cores:
[-1.36585e5,-1.36586e5,-1.3659e5,-1.36562e5]
Percentage done: 70.00 % 
Acceptance rate on iteration 601 to 700 is 0.0404
Covariance:
[0.0232008 -0.0124321 3.84038e-5 -0.00728811 -0.0041672 0.0117077 0.00917636; -0.0124321 0.00787367 5.17161e-6 0.0034716 0.00200727 -0.00756839 -0.00779892; 3.84038e-5 5.17161e-6 2.62608e-5 -5.71884e-5 -0.000107014 9.47912e-5 -7.20195e-6; -0.00728811 0.0034716 -5.71884e-5 0.0420264 0.0210962 -0.0423408 -0.0027462; -0.0041672 0.00200727 -0.000107014 0.0210962 0.0116026 -0.023577 -0.00163577; 0.0117077 -0.00756839 9.47912e-5 -0.0423408 -0.023577 0.0568125 0.0100881; 0.00917636 -0.00779892 -7.20195e-6 -0.0027462 -0.00163577 0.0100881 0.0127232]
Loglik: -136576.7885 
Loglik values on different cores:
[-1.36589e5,-1.36573e5,-136577.0,-1.36593e5]
Percentage done: 80.00 % 
Acceptance rate on iteration 701 to 800 is 0.0202
Covariance:
[0.0232008 -0.0124321 3.84038e-5 -0.00728811 -0.0041672 0.0117077 0.00917636; -0.0124321 0.00787367 5.17161e-6 0.0034716 0.00200727 -0.00756839 -0.00779892; 3.84038e-5 5.17161e-6 2.62608e-5 -5.71884e-5 -0.000107014 9.47912e-5 -7.20195e-6; -0.00728811 0.0034716 -5.71884e-5 0.0420264 0.0210962 -0.0423408 -0.0027462; -0.0041672 0.00200727 -0.000107014 0.0210962 0.0116026 -0.023577 -0.00163577; 0.0117077 -0.00756839 9.47912e-5 -0.0423408 -0.023577 0.0568125 0.0100881; 0.00917636 -0.00779892 -7.20195e-6 -0.0027462 -0.00163577 0.0100881 0.0127232]
Loglik: -136595.6536 
Loglik values on different cores:
[-136591.0,-1.36601e5,-1.36607e5,-1.36614e5]
Percentage done: 90.00 % 
Acceptance rate on iteration 801 to 900 is 0.0808
Covariance:
[0.0232008 -0.0124321 3.84038e-5 -0.00728811 -0.0041672 0.0117077 0.00917636; -0.0124321 0.00787367 5.17161e-6 0.0034716 0.00200727 -0.00756839 -0.00779892; 3.84038e-5 5.17161e-6 2.62608e-5 -5.71884e-5 -0.000107014 9.47912e-5 -7.20195e-6; -0.00728811 0.0034716 -5.71884e-5 0.0420264 0.0210962 -0.0423408 -0.0027462; -0.0041672 0.00200727 -0.000107014 0.0210962 0.0116026 -0.023577 -0.00163577; 0.0117077 -0.00756839 9.47912e-5 -0.0423408 -0.023577 0.0568125 0.0100881; 0.00917636 -0.00779892 -7.20195e-6 -0.0027462 -0.00163577 0.0100881 0.0127232]
Loglik: -136590.5928 
Loglik values on different cores:
[-1.36592e5,-136598.0,-1.3661e5,-1.36601e5]
elapsed time: 1231.553104802 seconds
Ending DA-GP-MCMC with adaptive RW estimating 7 parameters
Algorithm: MCWM
Adaptation algorithm: noAdaptation
Prior distribution: Normal
Particle filter: parallel_bootstrap
Time pre-er:  0
Time fit GP model:  0
Time er-part:  1232
Number early-rejections: 680
Number of cases directly to ordinary MH: 163
Number of cases directly to ordinary MH accepted: 24
Number cases in in DA part: 836
Number cases in second stage: 156
Number accepted in second stage: 16
Total number of evaluations of the particle filter: 319
Acceptance rate for ordinary MH accepted: 14.7239
Acceptance rate a_1: 18.6603
Acceptance rate a_2: 10.2564
Acceptance rate a_1*a_2: 1.9139
Acceptance rate a (for entier algorithm): 4.0000
#####################################################################
Iterstion:
2
#####################################################################
Starting DA-GP-MCMC estimating 7 parameters 
MCMC algorithm: MCWM
Adaptation algorithm: noAdaptation
Prior distribution: Normal
Particle filter: parallel_bootstrap, on 4 cores
Nbr particles for particle filter: 200
Covariance - kernel_MH_direct:
[0.0161117 -0.00863341 2.66693e-5 -0.00506119 -0.00289389 0.00813033 0.00637247; -0.00863341 0.00546783 3.5914e-6 0.00241083 0.00139394 -0.00525582 -0.00541592; 2.66693e-5 3.5914e-6 1.82367e-5 -3.97142e-5 -7.43151e-5 6.58272e-5 -5.00135e-6; -0.00506119 0.00241083 -3.97142e-5 0.029185 0.0146502 -0.0294034 -0.00190708; -0.00289389 0.00139394 -7.43151e-5 0.0146502 0.00805734 -0.0163729 -0.00113595; 0.00813033 -0.00525582 6.58272e-5 -0.0294034 -0.0163729 0.0394531 0.00700566; 0.00637247 -0.00541592 -5.00135e-6 -0.00190708 -0.00113595 0.00700566 0.00883558]
Iteration: 1
Covariance:
[0.0232008 -0.0124321 3.84038e-5 -0.00728811 -0.0041672 0.0117077 0.00917636; -0.0124321 0.00787367 5.17161e-6 0.0034716 0.00200727 -0.00756839 -0.00779892; 3.84038e-5 5.17161e-6 2.62608e-5 -5.71884e-5 -0.000107014 9.47912e-5 -7.20195e-6; -0.00728811 0.0034716 -5.71884e-5 0.0420264 0.0210962 -0.0423408 -0.0027462; -0.0041672 0.00200727 -0.000107014 0.0210962 0.0116026 -0.023577 -0.00163577; 0.0117077 -0.00756839 9.47912e-5 -0.0423408 -0.023577 0.0568125 0.0100881; 0.00917636 -0.00779892 -7.20195e-6 -0.0027462 -0.00163577 0.0100881 0.0127232]
Iteration: 1
Covariance:
[0.0232008 -0.0124321 3.84038e-5 -0.00728811 -0.0041672 0.0117077 0.00917636; -0.0124321 0.00787367 5.17161e-6 0.0034716 0.00200727 -0.00756839 -0.00779892; 3.84038e-5 5.17161e-6 2.62608e-5 -5.71884e-5 -0.000107014 9.47912e-5 -7.20195e-6; -0.00728811 0.0034716 -5.71884e-5 0.0420264 0.0210962 -0.0423408 -0.0027462; -0.0041672 0.00200727 -0.000107014 0.0210962 0.0116026 -0.023577 -0.00163577; 0.0117077 -0.00756839 9.47912e-5 -0.0423408 -0.023577 0.0568125 0.0100881; 0.00917636 -0.00779892 -7.20195e-6 -0.0027462 -0.00163577 0.0100881 0.0127232]
Loglik start: -136578.5450 
Percentage done: 10.00 % 
Acceptance rate on iteration 1 to 100 is 0.0000
Covariance:
[0.0232008 -0.0124321 3.84038e-5 -0.00728811 -0.0041672 0.0117077 0.00917636; -0.0124321 0.00787367 5.17161e-6 0.0034716 0.00200727 -0.00756839 -0.00779892; 3.84038e-5 5.17161e-6 2.62608e-5 -5.71884e-5 -0.000107014 9.47912e-5 -7.20195e-6; -0.00728811 0.0034716 -5.71884e-5 0.0420264 0.0210962 -0.0423408 -0.0027462; -0.0041672 0.00200727 -0.000107014 0.0210962 0.0116026 -0.023577 -0.00163577; 0.0117077 -0.00756839 9.47912e-5 -0.0423408 -0.023577 0.0568125 0.0100881; 0.00917636 -0.00779892 -7.20195e-6 -0.0027462 -0.00163577 0.0100881 0.0127232]
Loglik: -136578.5450 
Loglik values on different cores:
[-1.36585e5,-136587.0,-1.36569e5,-1.36594e5]
Percentage done: 20.00 % 
Acceptance rate on iteration 101 to 200 is 0.0909
Covariance:
[0.0232008 -0.0124321 3.84038e-5 -0.00728811 -0.0041672 0.0117077 0.00917636; -0.0124321 0.00787367 5.17161e-6 0.0034716 0.00200727 -0.00756839 -0.00779892; 3.84038e-5 5.17161e-6 2.62608e-5 -5.71884e-5 -0.000107014 9.47912e-5 -7.20195e-6; -0.00728811 0.0034716 -5.71884e-5 0.0420264 0.0210962 -0.0423408 -0.0027462; -0.0041672 0.00200727 -0.000107014 0.0210962 0.0116026 -0.023577 -0.00163577; 0.0117077 -0.00756839 9.47912e-5 -0.0423408 -0.023577 0.0568125 0.0100881; 0.00917636 -0.00779892 -7.20195e-6 -0.0027462 -0.00163577 0.0100881 0.0127232]
Loglik: -136589.6770 
Loglik values on different cores:
[-1.36581e5,-1.366e5,-1.3658e5,-136606.0]
Percentage done: 30.00 % 
Acceptance rate on iteration 201 to 300 is 0.0303
Covariance:
[0.0232008 -0.0124321 3.84038e-5 -0.00728811 -0.0041672 0.0117077 0.00917636; -0.0124321 0.00787367 5.17161e-6 0.0034716 0.00200727 -0.00756839 -0.00779892; 3.84038e-5 5.17161e-6 2.62608e-5 -5.71884e-5 -0.000107014 9.47912e-5 -7.20195e-6; -0.00728811 0.0034716 -5.71884e-5 0.0420264 0.0210962 -0.0423408 -0.0027462; -0.0041672 0.00200727 -0.000107014 0.0210962 0.0116026 -0.023577 -0.00163577; 0.0117077 -0.00756839 9.47912e-5 -0.0423408 -0.023577 0.0568125 0.0100881; 0.00917636 -0.00779892 -7.20195e-6 -0.0027462 -0.00163577 0.0100881 0.0127232]
Loglik: -136588.8051 
Loglik values on different cores:
[-1.36595e5,-1.36605e5,-136603.0,-1.36598e5]
Percentage done: 40.00 % 
Acceptance rate on iteration 301 to 400 is 0.0404
Covariance:
[0.0232008 -0.0124321 3.84038e-5 -0.00728811 -0.0041672 0.0117077 0.00917636; -0.0124321 0.00787367 5.17161e-6 0.0034716 0.00200727 -0.00756839 -0.00779892; 3.84038e-5 5.17161e-6 2.62608e-5 -5.71884e-5 -0.000107014 9.47912e-5 -7.20195e-6; -0.00728811 0.0034716 -5.71884e-5 0.0420264 0.0210962 -0.0423408 -0.0027462; -0.0041672 0.00200727 -0.000107014 0.0210962 0.0116026 -0.023577 -0.00163577; 0.0117077 -0.00756839 9.47912e-5 -0.0423408 -0.023577 0.0568125 0.0100881; 0.00917636 -0.00779892 -7.20195e-6 -0.0027462 -0.00163577 0.0100881 0.0127232]
Loglik: -136597.5099 
Loglik values on different cores:
[-1.36618e5,-1.36625e5,-1.36608e5,-1.36631e5]
Percentage done: 50.00 % 
Acceptance rate on iteration 401 to 500 is 0.1111
Covariance:
[0.0232008 -0.0124321 3.84038e-5 -0.00728811 -0.0041672 0.0117077 0.00917636; -0.0124321 0.00787367 5.17161e-6 0.0034716 0.00200727 -0.00756839 -0.00779892; 3.84038e-5 5.17161e-6 2.62608e-5 -5.71884e-5 -0.000107014 9.47912e-5 -7.20195e-6; -0.00728811 0.0034716 -5.71884e-5 0.0420264 0.0210962 -0.0423408 -0.0027462; -0.0041672 0.00200727 -0.000107014 0.0210962 0.0116026 -0.023577 -0.00163577; 0.0117077 -0.00756839 9.47912e-5 -0.0423408 -0.023577 0.0568125 0.0100881; 0.00917636 -0.00779892 -7.20195e-6 -0.0027462 -0.00163577 0.0100881 0.0127232]
Loglik: -136599.2852 
Loglik values on different cores:
[-1.36623e5,-1.36608e5,-1.36637e5,-1.36612e5]
Percentage done: 60.00 % 
Acceptance rate on iteration 501 to 600 is 0.0505
Covariance:
[0.0232008 -0.0124321 3.84038e-5 -0.00728811 -0.0041672 0.0117077 0.00917636; -0.0124321 0.00787367 5.17161e-6 0.0034716 0.00200727 -0.00756839 -0.00779892; 3.84038e-5 5.17161e-6 2.62608e-5 -5.71884e-5 -0.000107014 9.47912e-5 -7.20195e-6; -0.00728811 0.0034716 -5.71884e-5 0.0420264 0.0210962 -0.0423408 -0.0027462; -0.0041672 0.00200727 -0.000107014 0.0210962 0.0116026 -0.023577 -0.00163577; 0.0117077 -0.00756839 9.47912e-5 -0.0423408 -0.023577 0.0568125 0.0100881; 0.00917636 -0.00779892 -7.20195e-6 -0.0027462 -0.00163577 0.0100881 0.0127232]
Loglik: -136622.7015 
Loglik values on different cores:
[-1.36631e5,-1.36625e5,-1.36632e5,-136628.0]
Percentage done: 70.00 % 
Acceptance rate on iteration 601 to 700 is 0.0505
Covariance:
[0.0232008 -0.0124321 3.84038e-5 -0.00728811 -0.0041672 0.0117077 0.00917636; -0.0124321 0.00787367 5.17161e-6 0.0034716 0.00200727 -0.00756839 -0.00779892; 3.84038e-5 5.17161e-6 2.62608e-5 -5.71884e-5 -0.000107014 9.47912e-5 -7.20195e-6; -0.00728811 0.0034716 -5.71884e-5 0.0420264 0.0210962 -0.0423408 -0.0027462; -0.0041672 0.00200727 -0.000107014 0.0210962 0.0116026 -0.023577 -0.00163577; 0.0117077 -0.00756839 9.47912e-5 -0.0423408 -0.023577 0.0568125 0.0100881; 0.00917636 -0.00779892 -7.20195e-6 -0.0027462 -0.00163577 0.0100881 0.0127232]
Loglik: -136591.7219 
Loglik values on different cores:
[-1.36605e5,-1.36592e5,-1.36612e5,-1.366e5]
Percentage done: 80.00 % 
Acceptance rate on iteration 701 to 800 is 0.0202
Covariance:
[0.0232008 -0.0124321 3.84038e-5 -0.00728811 -0.0041672 0.0117077 0.00917636; -0.0124321 0.00787367 5.17161e-6 0.0034716 0.00200727 -0.00756839 -0.00779892; 3.84038e-5 5.17161e-6 2.62608e-5 -5.71884e-5 -0.000107014 9.47912e-5 -7.20195e-6; -0.00728811 0.0034716 -5.71884e-5 0.0420264 0.0210962 -0.0423408 -0.0027462; -0.0041672 0.00200727 -0.000107014 0.0210962 0.0116026 -0.023577 -0.00163577; 0.0117077 -0.00756839 9.47912e-5 -0.0423408 -0.023577 0.0568125 0.0100881; 0.00917636 -0.00779892 -7.20195e-6 -0.0027462 -0.00163577 0.0100881 0.0127232]
Loglik: -136588.7081 
Loglik values on different cores:
[-136602.0,-1.36605e5,-1.36608e5,-1.36598e5]
Percentage done: 90.00 % 
Acceptance rate on iteration 801 to 900 is 0.0101
Covariance:
[0.0232008 -0.0124321 3.84038e-5 -0.00728811 -0.0041672 0.0117077 0.00917636; -0.0124321 0.00787367 5.17161e-6 0.0034716 0.00200727 -0.00756839 -0.00779892; 3.84038e-5 5.17161e-6 2.62608e-5 -5.71884e-5 -0.000107014 9.47912e-5 -7.20195e-6; -0.00728811 0.0034716 -5.71884e-5 0.0420264 0.0210962 -0.0423408 -0.0027462; -0.0041672 0.00200727 -0.000107014 0.0210962 0.0116026 -0.023577 -0.00163577; 0.0117077 -0.00756839 9.47912e-5 -0.0423408 -0.023577 0.0568125 0.0100881; 0.00917636 -0.00779892 -7.20195e-6 -0.0027462 -0.00163577 0.0100881 0.0127232]
Loglik: -136593.4302 
Loglik values on different cores:
[-1.36613e5,-1.36609e5,-1.36611e5,-1.36605e5]
elapsed time: 1296.288512279 seconds
Ending DA-GP-MCMC with adaptive RW estimating 7 parameters
Algorithm: MCWM
Adaptation algorithm: noAdaptation
Prior distribution: Normal
Particle filter: parallel_bootstrap
Time pre-er:  0
Time fit GP model:  0
Time er-part:  1296
Number early-rejections: 662
Number of cases directly to ordinary MH: 157
Number of cases directly to ordinary MH accepted: 26
Number cases in in DA part: 842
Number cases in second stage: 180
Number accepted in second stage: 15
Total number of evaluations of the particle filter: 337
Acceptance rate for ordinary MH accepted: 16.5605
Acceptance rate a_1: 21.3777
Acceptance rate a_2: 8.3333
Acceptance rate a_1*a_2: 1.7815
Acceptance rate a (for entier algorithm): 4.1000
#####################################################################
Iterstion:
3
#####################################################################
Starting DA-GP-MCMC estimating 7 parameters 
MCMC algorithm: MCWM
Adaptation algorithm: noAdaptation
Prior distribution: Normal
Particle filter: parallel_bootstrap, on 4 cores
Nbr particles for particle filter: 200
Covariance - kernel_MH_direct:
[0.0161117 -0.00863341 2.66693e-5 -0.00506119 -0.00289389 0.00813033 0.00637247; -0.00863341 0.00546783 3.5914e-6 0.00241083 0.00139394 -0.00525582 -0.00541592; 2.66693e-5 3.5914e-6 1.82367e-5 -3.97142e-5 -7.43151e-5 6.58272e-5 -5.00135e-6; -0.00506119 0.00241083 -3.97142e-5 0.029185 0.0146502 -0.0294034 -0.00190708; -0.00289389 0.00139394 -7.43151e-5 0.0146502 0.00805734 -0.0163729 -0.00113595; 0.00813033 -0.00525582 6.58272e-5 -0.0294034 -0.0163729 0.0394531 0.00700566; 0.00637247 -0.00541592 -5.00135e-6 -0.00190708 -0.00113595 0.00700566 0.00883558]
Iteration: 1
Covariance:
[0.0232008 -0.0124321 3.84038e-5 -0.00728811 -0.0041672 0.0117077 0.00917636; -0.0124321 0.00787367 5.17161e-6 0.0034716 0.00200727 -0.00756839 -0.00779892; 3.84038e-5 5.17161e-6 2.62608e-5 -5.71884e-5 -0.000107014 9.47912e-5 -7.20195e-6; -0.00728811 0.0034716 -5.71884e-5 0.0420264 0.0210962 -0.0423408 -0.0027462; -0.0041672 0.00200727 -0.000107014 0.0210962 0.0116026 -0.023577 -0.00163577; 0.0117077 -0.00756839 9.47912e-5 -0.0423408 -0.023577 0.0568125 0.0100881; 0.00917636 -0.00779892 -7.20195e-6 -0.0027462 -0.00163577 0.0100881 0.0127232]
Iteration: 1
Covariance:
[0.0232008 -0.0124321 3.84038e-5 -0.00728811 -0.0041672 0.0117077 0.00917636; -0.0124321 0.00787367 5.17161e-6 0.0034716 0.00200727 -0.00756839 -0.00779892; 3.84038e-5 5.17161e-6 2.62608e-5 -5.71884e-5 -0.000107014 9.47912e-5 -7.20195e-6; -0.00728811 0.0034716 -5.71884e-5 0.0420264 0.0210962 -0.0423408 -0.0027462; -0.0041672 0.00200727 -0.000107014 0.0210962 0.0116026 -0.023577 -0.00163577; 0.0117077 -0.00756839 9.47912e-5 -0.0423408 -0.023577 0.0568125 0.0100881; 0.00917636 -0.00779892 -7.20195e-6 -0.0027462 -0.00163577 0.0100881 0.0127232]
Loglik start: -136573.8947 
Percentage done: 10.00 % 
Acceptance rate on iteration 1 to 100 is 0.0000
Covariance:
[0.0232008 -0.0124321 3.84038e-5 -0.00728811 -0.0041672 0.0117077 0.00917636; -0.0124321 0.00787367 5.17161e-6 0.0034716 0.00200727 -0.00756839 -0.00779892; 3.84038e-5 5.17161e-6 2.62608e-5 -5.71884e-5 -0.000107014 9.47912e-5 -7.20195e-6; -0.00728811 0.0034716 -5.71884e-5 0.0420264 0.0210962 -0.0423408 -0.0027462; -0.0041672 0.00200727 -0.000107014 0.0210962 0.0116026 -0.023577 -0.00163577; 0.0117077 -0.00756839 9.47912e-5 -0.0423408 -0.023577 0.0568125 0.0100881; 0.00917636 -0.00779892 -7.20195e-6 -0.0027462 -0.00163577 0.0100881 0.0127232]
Loglik: -136573.8947 
Loglik values on different cores:
[-1.36602e5,-1.36588e5,-136581.0,-1.36584e5]
Percentage done: 20.00 % 
Acceptance rate on iteration 101 to 200 is 0.0303
Covariance:
[0.0232008 -0.0124321 3.84038e-5 -0.00728811 -0.0041672 0.0117077 0.00917636; -0.0124321 0.00787367 5.17161e-6 0.0034716 0.00200727 -0.00756839 -0.00779892; 3.84038e-5 5.17161e-6 2.62608e-5 -5.71884e-5 -0.000107014 9.47912e-5 -7.20195e-6; -0.00728811 0.0034716 -5.71884e-5 0.0420264 0.0210962 -0.0423408 -0.0027462; -0.0041672 0.00200727 -0.000107014 0.0210962 0.0116026 -0.023577 -0.00163577; 0.0117077 -0.00756839 9.47912e-5 -0.0423408 -0.023577 0.0568125 0.0100881; 0.00917636 -0.00779892 -7.20195e-6 -0.0027462 -0.00163577 0.0100881 0.0127232]
Loglik: -136599.4982 
Loglik values on different cores:
[-1.36618e5,-1.366e5,-1.36592e5,-136604.0]
Percentage done: 30.00 % 
Acceptance rate on iteration 201 to 300 is 0.0303
Covariance:
[0.0232008 -0.0124321 3.84038e-5 -0.00728811 -0.0041672 0.0117077 0.00917636; -0.0124321 0.00787367 5.17161e-6 0.0034716 0.00200727 -0.00756839 -0.00779892; 3.84038e-5 5.17161e-6 2.62608e-5 -5.71884e-5 -0.000107014 9.47912e-5 -7.20195e-6; -0.00728811 0.0034716 -5.71884e-5 0.0420264 0.0210962 -0.0423408 -0.0027462; -0.0041672 0.00200727 -0.000107014 0.0210962 0.0116026 -0.023577 -0.00163577; 0.0117077 -0.00756839 9.47912e-5 -0.0423408 -0.023577 0.0568125 0.0100881; 0.00917636 -0.00779892 -7.20195e-6 -0.0027462 -0.00163577 0.0100881 0.0127232]
Loglik: -136590.4688 
Loglik values on different cores:
[-1.36596e5,-1.36595e5,-1.3661e5,-136600.0]
Percentage done: 40.00 % 
Acceptance rate on iteration 301 to 400 is 0.0707
Covariance:
[0.0232008 -0.0124321 3.84038e-5 -0.00728811 -0.0041672 0.0117077 0.00917636; -0.0124321 0.00787367 5.17161e-6 0.0034716 0.00200727 -0.00756839 -0.00779892; 3.84038e-5 5.17161e-6 2.62608e-5 -5.71884e-5 -0.000107014 9.47912e-5 -7.20195e-6; -0.00728811 0.0034716 -5.71884e-5 0.0420264 0.0210962 -0.0423408 -0.0027462; -0.0041672 0.00200727 -0.000107014 0.0210962 0.0116026 -0.023577 -0.00163577; 0.0117077 -0.00756839 9.47912e-5 -0.0423408 -0.023577 0.0568125 0.0100881; 0.00917636 -0.00779892 -7.20195e-6 -0.0027462 -0.00163577 0.0100881 0.0127232]
Loglik: -136584.7864 
Loglik values on different cores:
[-1.3659e5,-1.36611e5,-1.36578e5,-1.36609e5]
Percentage done: 50.00 % 
Acceptance rate on iteration 401 to 500 is 0.0707
Covariance:
[0.0232008 -0.0124321 3.84038e-5 -0.00728811 -0.0041672 0.0117077 0.00917636; -0.0124321 0.00787367 5.17161e-6 0.0034716 0.00200727 -0.00756839 -0.00779892; 3.84038e-5 5.17161e-6 2.62608e-5 -5.71884e-5 -0.000107014 9.47912e-5 -7.20195e-6; -0.00728811 0.0034716 -5.71884e-5 0.0420264 0.0210962 -0.0423408 -0.0027462; -0.0041672 0.00200727 -0.000107014 0.0210962 0.0116026 -0.023577 -0.00163577; 0.0117077 -0.00756839 9.47912e-5 -0.0423408 -0.023577 0.0568125 0.0100881; 0.00917636 -0.00779892 -7.20195e-6 -0.0027462 -0.00163577 0.0100881 0.0127232]
Loglik: -136566.0114 
Loglik values on different cores:
[-1.36594e5,-1.36607e5,-1.36588e5,-136583.0]
Percentage done: 60.00 % 
Acceptance rate on iteration 501 to 600 is 0.0202
Covariance:
[0.0232008 -0.0124321 3.84038e-5 -0.00728811 -0.0041672 0.0117077 0.00917636; -0.0124321 0.00787367 5.17161e-6 0.0034716 0.00200727 -0.00756839 -0.00779892; 3.84038e-5 5.17161e-6 2.62608e-5 -5.71884e-5 -0.000107014 9.47912e-5 -7.20195e-6; -0.00728811 0.0034716 -5.71884e-5 0.0420264 0.0210962 -0.0423408 -0.0027462; -0.0041672 0.00200727 -0.000107014 0.0210962 0.0116026 -0.023577 -0.00163577; 0.0117077 -0.00756839 9.47912e-5 -0.0423408 -0.023577 0.0568125 0.0100881; 0.00917636 -0.00779892 -7.20195e-6 -0.0027462 -0.00163577 0.0100881 0.0127232]
Loglik: -136584.3045 
Loglik values on different cores:
[-1.36589e5,-1.36586e5,-1.36599e5,-1.36585e5]
Percentage done: 70.00 % 
Acceptance rate on iteration 601 to 700 is 0.0202
Covariance:
[0.0232008 -0.0124321 3.84038e-5 -0.00728811 -0.0041672 0.0117077 0.00917636; -0.0124321 0.00787367 5.17161e-6 0.0034716 0.00200727 -0.00756839 -0.00779892; 3.84038e-5 5.17161e-6 2.62608e-5 -5.71884e-5 -0.000107014 9.47912e-5 -7.20195e-6; -0.00728811 0.0034716 -5.71884e-5 0.0420264 0.0210962 -0.0423408 -0.0027462; -0.0041672 0.00200727 -0.000107014 0.0210962 0.0116026 -0.023577 -0.00163577; 0.0117077 -0.00756839 9.47912e-5 -0.0423408 -0.023577 0.0568125 0.0100881; 0.00917636 -0.00779892 -7.20195e-6 -0.0027462 -0.00163577 0.0100881 0.0127232]
Loglik: -136577.4065 
Loglik values on different cores:
[-1.36593e5,-1.36608e5,-1.366e5,-1.36591e5]
Percentage done: 80.00 % 
Acceptance rate on iteration 701 to 800 is 0.0000
Covariance:
[0.0232008 -0.0124321 3.84038e-5 -0.00728811 -0.0041672 0.0117077 0.00917636; -0.0124321 0.00787367 5.17161e-6 0.0034716 0.00200727 -0.00756839 -0.00779892; 3.84038e-5 5.17161e-6 2.62608e-5 -5.71884e-5 -0.000107014 9.47912e-5 -7.20195e-6; -0.00728811 0.0034716 -5.71884e-5 0.0420264 0.0210962 -0.0423408 -0.0027462; -0.0041672 0.00200727 -0.000107014 0.0210962 0.0116026 -0.023577 -0.00163577; 0.0117077 -0.00756839 9.47912e-5 -0.0423408 -0.023577 0.0568125 0.0100881; 0.00917636 -0.00779892 -7.20195e-6 -0.0027462 -0.00163577 0.0100881 0.0127232]
Loglik: -136577.4065 
Loglik values on different cores:
[-1.36595e5,-1.36591e5,-1.36612e5,-1.36598e5]
Percentage done: 90.00 % 
Acceptance rate on iteration 801 to 900 is 0.0707
Covariance:
[0.0232008 -0.0124321 3.84038e-5 -0.00728811 -0.0041672 0.0117077 0.00917636; -0.0124321 0.00787367 5.17161e-6 0.0034716 0.00200727 -0.00756839 -0.00779892; 3.84038e-5 5.17161e-6 2.62608e-5 -5.71884e-5 -0.000107014 9.47912e-5 -7.20195e-6; -0.00728811 0.0034716 -5.71884e-5 0.0420264 0.0210962 -0.0423408 -0.0027462; -0.0041672 0.00200727 -0.000107014 0.0210962 0.0116026 -0.023577 -0.00163577; 0.0117077 -0.00756839 9.47912e-5 -0.0423408 -0.023577 0.0568125 0.0100881; 0.00917636 -0.00779892 -7.20195e-6 -0.0027462 -0.00163577 0.0100881 0.0127232]
Loglik: -136590.7993 
Loglik values on different cores:
[-1.36598e5,-1.36613e5,-1.36601e5,-136604.0]
elapsed time: 1223.065048687 seconds
Ending DA-GP-MCMC with adaptive RW estimating 7 parameters
Algorithm: MCWM
Adaptation algorithm: noAdaptation
Prior distribution: Normal
Particle filter: parallel_bootstrap
Time pre-er:  0
Time fit GP model:  0
Time er-part:  1223
Number early-rejections: 682
Number of cases directly to ordinary MH: 152
Number of cases directly to ordinary MH accepted: 20
Number cases in in DA part: 847
Number cases in second stage: 165
Number accepted in second stage: 15
Total number of evaluations of the particle filter: 317
Acceptance rate for ordinary MH accepted: 13.1579
Acceptance rate a_1: 19.4805
Acceptance rate a_2: 9.0909
Acceptance rate a_1*a_2: 1.7710
Acceptance rate a (for entier algorithm): 3.5000
#####################################################################
Iterstion:
4
#####################################################################
Starting DA-GP-MCMC estimating 7 parameters 
MCMC algorithm: MCWM
Adaptation algorithm: noAdaptation
Prior distribution: Normal
Particle filter: parallel_bootstrap, on 4 cores
Nbr particles for particle filter: 200
Covariance - kernel_MH_direct:
[0.0161117 -0.00863341 2.66693e-5 -0.00506119 -0.00289389 0.00813033 0.00637247; -0.00863341 0.00546783 3.5914e-6 0.00241083 0.00139394 -0.00525582 -0.00541592; 2.66693e-5 3.5914e-6 1.82367e-5 -3.97142e-5 -7.43151e-5 6.58272e-5 -5.00135e-6; -0.00506119 0.00241083 -3.97142e-5 0.029185 0.0146502 -0.0294034 -0.00190708; -0.00289389 0.00139394 -7.43151e-5 0.0146502 0.00805734 -0.0163729 -0.00113595; 0.00813033 -0.00525582 6.58272e-5 -0.0294034 -0.0163729 0.0394531 0.00700566; 0.00637247 -0.00541592 -5.00135e-6 -0.00190708 -0.00113595 0.00700566 0.00883558]
Iteration: 1
Covariance:
[0.0232008 -0.0124321 3.84038e-5 -0.00728811 -0.0041672 0.0117077 0.00917636; -0.0124321 0.00787367 5.17161e-6 0.0034716 0.00200727 -0.00756839 -0.00779892; 3.84038e-5 5.17161e-6 2.62608e-5 -5.71884e-5 -0.000107014 9.47912e-5 -7.20195e-6; -0.00728811 0.0034716 -5.71884e-5 0.0420264 0.0210962 -0.0423408 -0.0027462; -0.0041672 0.00200727 -0.000107014 0.0210962 0.0116026 -0.023577 -0.00163577; 0.0117077 -0.00756839 9.47912e-5 -0.0423408 -0.023577 0.0568125 0.0100881; 0.00917636 -0.00779892 -7.20195e-6 -0.0027462 -0.00163577 0.0100881 0.0127232]
Iteration: 1
Covariance:
[0.0232008 -0.0124321 3.84038e-5 -0.00728811 -0.0041672 0.0117077 0.00917636; -0.0124321 0.00787367 5.17161e-6 0.0034716 0.00200727 -0.00756839 -0.00779892; 3.84038e-5 5.17161e-6 2.62608e-5 -5.71884e-5 -0.000107014 9.47912e-5 -7.20195e-6; -0.00728811 0.0034716 -5.71884e-5 0.0420264 0.0210962 -0.0423408 -0.0027462; -0.0041672 0.00200727 -0.000107014 0.0210962 0.0116026 -0.023577 -0.00163577; 0.0117077 -0.00756839 9.47912e-5 -0.0423408 -0.023577 0.0568125 0.0100881; 0.00917636 -0.00779892 -7.20195e-6 -0.0027462 -0.00163577 0.0100881 0.0127232]
Loglik start: -136584.4216 
Percentage done: 10.00 % 
Acceptance rate on iteration 1 to 100 is 0.0202
Covariance:
[0.0232008 -0.0124321 3.84038e-5 -0.00728811 -0.0041672 0.0117077 0.00917636; -0.0124321 0.00787367 5.17161e-6 0.0034716 0.00200727 -0.00756839 -0.00779892; 3.84038e-5 5.17161e-6 2.62608e-5 -5.71884e-5 -0.000107014 9.47912e-5 -7.20195e-6; -0.00728811 0.0034716 -5.71884e-5 0.0420264 0.0210962 -0.0423408 -0.0027462; -0.0041672 0.00200727 -0.000107014 0.0210962 0.0116026 -0.023577 -0.00163577; 0.0117077 -0.00756839 9.47912e-5 -0.0423408 -0.023577 0.0568125 0.0100881; 0.00917636 -0.00779892 -7.20195e-6 -0.0027462 -0.00163577 0.0100881 0.0127232]
Loglik: -136575.7454 
Loglik values on different cores:
[-136570.0,-1.36592e5,-1.36585e5,-1.3659e5]
Percentage done: 20.00 % 
Acceptance rate on iteration 101 to 200 is 0.0303
Covariance:
[0.0232008 -0.0124321 3.84038e-5 -0.00728811 -0.0041672 0.0117077 0.00917636; -0.0124321 0.00787367 5.17161e-6 0.0034716 0.00200727 -0.00756839 -0.00779892; 3.84038e-5 5.17161e-6 2.62608e-5 -5.71884e-5 -0.000107014 9.47912e-5 -7.20195e-6; -0.00728811 0.0034716 -5.71884e-5 0.0420264 0.0210962 -0.0423408 -0.0027462; -0.0041672 0.00200727 -0.000107014 0.0210962 0.0116026 -0.023577 -0.00163577; 0.0117077 -0.00756839 9.47912e-5 -0.0423408 -0.023577 0.0568125 0.0100881; 0.00917636 -0.00779892 -7.20195e-6 -0.0027462 -0.00163577 0.0100881 0.0127232]
Loglik: -136583.8143 
Loglik values on different cores:
[-1.36597e5,-1.36579e5,-1.36597e5,-1.36605e5]
Percentage done: 30.00 % 
Acceptance rate on iteration 201 to 300 is 0.0404
Covariance:
[0.0232008 -0.0124321 3.84038e-5 -0.00728811 -0.0041672 0.0117077 0.00917636; -0.0124321 0.00787367 5.17161e-6 0.0034716 0.00200727 -0.00756839 -0.00779892; 3.84038e-5 5.17161e-6 2.62608e-5 -5.71884e-5 -0.000107014 9.47912e-5 -7.20195e-6; -0.00728811 0.0034716 -5.71884e-5 0.0420264 0.0210962 -0.0423408 -0.0027462; -0.0041672 0.00200727 -0.000107014 0.0210962 0.0116026 -0.023577 -0.00163577; 0.0117077 -0.00756839 9.47912e-5 -0.0423408 -0.023577 0.0568125 0.0100881; 0.00917636 -0.00779892 -7.20195e-6 -0.0027462 -0.00163577 0.0100881 0.0127232]
Loglik: -136609.5155 
Loglik values on different cores:
[-1.36623e5,-1.36629e5,-1.36614e5,-1.36605e5]
Percentage done: 40.00 % 
Acceptance rate on iteration 301 to 400 is 0.0404
Covariance:
[0.0232008 -0.0124321 3.84038e-5 -0.00728811 -0.0041672 0.0117077 0.00917636; -0.0124321 0.00787367 5.17161e-6 0.0034716 0.00200727 -0.00756839 -0.00779892; 3.84038e-5 5.17161e-6 2.62608e-5 -5.71884e-5 -0.000107014 9.47912e-5 -7.20195e-6; -0.00728811 0.0034716 -5.71884e-5 0.0420264 0.0210962 -0.0423408 -0.0027462; -0.0041672 0.00200727 -0.000107014 0.0210962 0.0116026 -0.023577 -0.00163577; 0.0117077 -0.00756839 9.47912e-5 -0.0423408 -0.023577 0.0568125 0.0100881; 0.00917636 -0.00779892 -7.20195e-6 -0.0027462 -0.00163577 0.0100881 0.0127232]
Loglik: -136612.4722 
Loglik values on different cores:
[-1.36628e5,-1.36629e5,-1.36641e5,-1.36631e5]
Percentage done: 50.00 % 
Acceptance rate on iteration 401 to 500 is 0.0707
Covariance:
[0.0232008 -0.0124321 3.84038e-5 -0.00728811 -0.0041672 0.0117077 0.00917636; -0.0124321 0.00787367 5.17161e-6 0.0034716 0.00200727 -0.00756839 -0.00779892; 3.84038e-5 5.17161e-6 2.62608e-5 -5.71884e-5 -0.000107014 9.47912e-5 -7.20195e-6; -0.00728811 0.0034716 -5.71884e-5 0.0420264 0.0210962 -0.0423408 -0.0027462; -0.0041672 0.00200727 -0.000107014 0.0210962 0.0116026 -0.023577 -0.00163577; 0.0117077 -0.00756839 9.47912e-5 -0.0423408 -0.023577 0.0568125 0.0100881; 0.00917636 -0.00779892 -7.20195e-6 -0.0027462 -0.00163577 0.0100881 0.0127232]
Loglik: -136611.1747 
Loglik values on different cores:
[-1.36624e5,-1.36619e5,-1.36621e5,-1.3663e5]
Percentage done: 60.00 % 
Acceptance rate on iteration 501 to 600 is 0.0000
Covariance:
[0.0232008 -0.0124321 3.84038e-5 -0.00728811 -0.0041672 0.0117077 0.00917636; -0.0124321 0.00787367 5.17161e-6 0.0034716 0.00200727 -0.00756839 -0.00779892; 3.84038e-5 5.17161e-6 2.62608e-5 -5.71884e-5 -0.000107014 9.47912e-5 -7.20195e-6; -0.00728811 0.0034716 -5.71884e-5 0.0420264 0.0210962 -0.0423408 -0.0027462; -0.0041672 0.00200727 -0.000107014 0.0210962 0.0116026 -0.023577 -0.00163577; 0.0117077 -0.00756839 9.47912e-5 -0.0423408 -0.023577 0.0568125 0.0100881; 0.00917636 -0.00779892 -7.20195e-6 -0.0027462 -0.00163577 0.0100881 0.0127232]
Loglik: -136611.1747 
Loglik values on different cores:
[-1.36625e5,-1.36605e5,-1.36619e5,-1.36621e5]
Percentage done: 70.00 % 
Acceptance rate on iteration 601 to 700 is 0.0606
Covariance:
[0.0232008 -0.0124321 3.84038e-5 -0.00728811 -0.0041672 0.0117077 0.00917636; -0.0124321 0.00787367 5.17161e-6 0.0034716 0.00200727 -0.00756839 -0.00779892; 3.84038e-5 5.17161e-6 2.62608e-5 -5.71884e-5 -0.000107014 9.47912e-5 -7.20195e-6; -0.00728811 0.0034716 -5.71884e-5 0.0420264 0.0210962 -0.0423408 -0.0027462; -0.0041672 0.00200727 -0.000107014 0.0210962 0.0116026 -0.023577 -0.00163577; 0.0117077 -0.00756839 9.47912e-5 -0.0423408 -0.023577 0.0568125 0.0100881; 0.00917636 -0.00779892 -7.20195e-6 -0.0027462 -0.00163577 0.0100881 0.0127232]
Loglik: -136581.6678 
Loglik values on different cores:
[-1.36582e5,-1.36593e5,-1.36591e5,-1.36596e5]
Percentage done: 80.00 % 
Acceptance rate on iteration 701 to 800 is 0.0202
Covariance:
[0.0232008 -0.0124321 3.84038e-5 -0.00728811 -0.0041672 0.0117077 0.00917636; -0.0124321 0.00787367 5.17161e-6 0.0034716 0.00200727 -0.00756839 -0.00779892; 3.84038e-5 5.17161e-6 2.62608e-5 -5.71884e-5 -0.000107014 9.47912e-5 -7.20195e-6; -0.00728811 0.0034716 -5.71884e-5 0.0420264 0.0210962 -0.0423408 -0.0027462; -0.0041672 0.00200727 -0.000107014 0.0210962 0.0116026 -0.023577 -0.00163577; 0.0117077 -0.00756839 9.47912e-5 -0.0423408 -0.023577 0.0568125 0.0100881; 0.00917636 -0.00779892 -7.20195e-6 -0.0027462 -0.00163577 0.0100881 0.0127232]
Loglik: -136594.5942 
Loglik values on different cores:
[-1.36608e5,-1.36608e5,-1.36597e5,-136597.0]
Percentage done: 90.00 % 
Acceptance rate on iteration 801 to 900 is 0.0303
Covariance:
[0.0232008 -0.0124321 3.84038e-5 -0.00728811 -0.0041672 0.0117077 0.00917636; -0.0124321 0.00787367 5.17161e-6 0.0034716 0.00200727 -0.00756839 -0.00779892; 3.84038e-5 5.17161e-6 2.62608e-5 -5.71884e-5 -0.000107014 9.47912e-5 -7.20195e-6; -0.00728811 0.0034716 -5.71884e-5 0.0420264 0.0210962 -0.0423408 -0.0027462; -0.0041672 0.00200727 -0.000107014 0.0210962 0.0116026 -0.023577 -0.00163577; 0.0117077 -0.00756839 9.47912e-5 -0.0423408 -0.023577 0.0568125 0.0100881; 0.00917636 -0.00779892 -7.20195e-6 -0.0027462 -0.00163577 0.0100881 0.0127232]
Loglik: -136595.1001 
Loglik values on different cores:
[-1.36613e5,-1.36596e5,-1.36599e5,-1.36621e5]
elapsed time: 1302.255533471 seconds
Ending DA-GP-MCMC with adaptive RW estimating 7 parameters
Algorithm: MCWM
Adaptation algorithm: noAdaptation
Prior distribution: Normal
Particle filter: parallel_bootstrap
Time pre-er:  0
Time fit GP model:  0
Time er-part:  1302
Number early-rejections: 661
Number of cases directly to ordinary MH: 153
Number of cases directly to ordinary MH accepted: 25
Number cases in in DA part: 846
Number cases in second stage: 185
Number accepted in second stage: 10
Total number of evaluations of the particle filter: 338
Acceptance rate for ordinary MH accepted: 16.3399
Acceptance rate a_1: 21.8676
Acceptance rate a_2: 5.4054
Acceptance rate a_1*a_2: 1.1820
