test
Mean:
[0.695615; 0.525848; 3.09516; 3.34863; 0.453685; -0.0726752; 0.683274]
Std:
[0.234372; 0.0540832; 0.00755037; 0.307258; 0.0752692; 0.115035; 0.0804161]
[0.459441 0.432602 0.343765 0.468031 0.39005 0.606533 0.577549 0.538243 0.822739 0.70324; 0.589967 0.61819 0.599352 0.591267 0.621067 0.596964 0.576401 0.56461 0.5194 0.564981; 3.10075 3.09378 3.09906 3.10054 3.10468 3.09323 3.0989 3.09828 3.10452 3.09489; 3.36856 3.18367 3.4897 2.88806 3.00637 3.13643 3.21133 3.25767 3.31038 3.13636; 0.457604 0.414646 0.487325 0.339392 0.368913 0.400881 0.416545 0.425628 0.445081 0.39475; -0.0825931 -0.0226523 -0.123899 0.0689092 -0.0298428 0.020279 0.00219501 0.0219096 0.00252965 0.0577586; 0.659054 0.663305 0.640154 0.672582 0.536439 0.689309 0.660416 0.741187 0.783215 0.735303; -1.68806e5 -1.68824e5 -1.68812e5 -1.68808e5 -1.68806e5 -1.68806e5 -1.68805e5 -1.68814e5 -1.68821e5 -1.68825e5]Starting ml estimationLength of training data: 4900Start values for optimization:
[-2.22467e6; 231.889; 25678.3; 1.2181e6; 2.05469e5; -8.16499e5; 515.377; 13788.6; -337.842; -11736.5; -1.85236e5; -21579.8; -3.75316e5; -6588.72; -5442.08; -2406.45; 315.225; 531.102; -3023.8; -570.494; 157.004; -1629.6; -642.755; 850.512; -814.6; -7093.59; -45041.2; 1.78708e5; 186.369; -1195.06; 176416.0; 1164.16; -1997.25; -22805.3; 18172.1; 7495.99; 3.7718; 3.42523; -1.46115; -2.93008; -4.89394; -1.21242; -2.61887; -2.18396; -2.53177]Iter     Function value   Gradient norm 
     0     3.873289e+04     2.656767e+07
     1     3.858222e+04     8.297747e+06
     2     3.826795e+04     1.523145e+05
     3     3.826799e+04     1.518798e+05
Estimated parameters of the GP model:
Estimated Β:s:
[-2.22467e6,231.889,25678.3,1.2181e6,2.05469e5,-8.16499e5,515.377,13788.6,-337.842,-11736.5,-1.85236e5,-21579.8,-3.75316e5,-6588.72,-5442.08,-2406.45,315.225,531.102,-3023.8,-570.494,157.004,-1629.6,-642.755,850.512,-814.6,-7093.59,-45041.2,1.78708e5,186.369,-1195.06,176416.0,1164.16,-1997.25,-22805.3,18172.1,7495.99]
Estimated log Φ:s:
[3.77153,3.03969,-0.499989,1.09071,9.47593,-1.032,-1.5505,-0.658445,0.431781]
elapsed time: 922.449848821 seconds
#####################################################################
Starting DA-GP-MCMC estimating 7 parameters 
MCMC algorithm: MCWM
Adaptation algorithm: noAdaptation
Prior distribution: Normal
Particle filter: parallel_bootstrap, on 4 cores
Nbr particles for particle filter: 250
Covariance - kernel_MH_direct:
[0.0265841 -0.00441236 -0.000183337 -0.00175469 -0.000604398 0.00310227 0.00451215; -0.00441236 0.00141303 3.33617e-5 9.48821e-5 4.9862e-5 -0.000930383 -0.00155326; -0.000183337 3.33617e-5 3.87979e-5 -0.000217373 -4.30962e-5 5.0635e-5 -1.65182e-5; -0.00175469 9.48821e-5 -0.000217373 0.0476655 0.011561 -0.0161233 -5.39932e-6; -0.000604398 4.9862e-5 -4.30962e-5 0.011561 0.00282251 -0.00395632 -3.40637e-5; 0.00310227 -0.000930383 5.0635e-5 -0.0161233 -0.00395632 0.00756078 0.00186535; 0.00451215 -0.00155326 -1.65182e-5 -5.39932e-6 -3.40637e-5 0.00186535 0.00311308]
Iteration: 1
Covariance:
[0.0382811 -0.00635379 -0.000264006 -0.00252675 -0.000870333 0.00446726 0.00649749; -0.00635379 0.00203476 4.80408e-5 0.00013663 7.18012e-5 -0.00133975 -0.00223669; -0.000264006 4.80408e-5 5.5869e-5 -0.000313017 -6.20586e-5 7.29144e-5 -2.37862e-5; -0.00252675 0.00013663 -0.000313017 0.0686384 0.0166478 -0.0232175 -7.77501e-6; -0.000870333 7.18012e-5 -6.20586e-5 0.0166478 0.00406441 -0.0056971 -4.90517e-5; 0.00446726 -0.00133975 7.29144e-5 -0.0232175 -0.0056971 0.0108875 0.00268611; 0.00649749 -0.00223669 -2.37862e-5 -7.77501e-6 -4.90517e-5 0.00268611 0.00448283]
Iteration: 1
Covariance:
[0.0382811 -0.00635379 -0.000264006 -0.00252675 -0.000870333 0.00446726 0.00649749; -0.00635379 0.00203476 4.80408e-5 0.00013663 7.18012e-5 -0.00133975 -0.00223669; -0.000264006 4.80408e-5 5.5869e-5 -0.000313017 -6.20586e-5 7.29144e-5 -2.37862e-5; -0.00252675 0.00013663 -0.000313017 0.0686384 0.0166478 -0.0232175 -7.77501e-6; -0.000870333 7.18012e-5 -6.20586e-5 0.0166478 0.00406441 -0.0056971 -4.90517e-5; 0.00446726 -0.00133975 7.29144e-5 -0.0232175 -0.0056971 0.0108875 0.00268611; 0.00649749 -0.00223669 -2.37862e-5 -7.77501e-6 -4.90517e-5 0.00268611 0.00448283]
Loglik start: -168747.7744 
elapsed time: 93.183549198 seconds
Ending DA-GP-MCMC with adaptive RW estimating 7 parameters
Algorithm: MCWM
Adaptation algorithm: noAdaptation
Prior distribution: Normal
Particle filter: parallel_bootstrap
Time pre-er:  0
Time fit GP model:  0
Time er-part:  93
Number early-rejections: 30
Number of cases directly to ordinary MH: 9
Number of cases directly to ordinary MH accepted: 1
Number cases in in DA part: 40
Number cases in second stage: 10
Number accepted in second stage: 1
Total number of evaluations of the particle filter: 19
Acceptance rate for ordinary MH accepted: 11.1111
Acceptance rate a_1: 25.0000
Acceptance rate a_2: 10.0000
Acceptance rate a_1*a_2: 2.5000
Acceptance rate a (for entier algorithm): 4.0000
#####################################################################
Est prob:
[0.229294,0.925866,0.770706,0.0741342]
#####################################################################
Starting ADA-GP-MCMC with adaptive RW estimating 7 parameters
MCMC algorithm: MCWM
Adaptation algorithm: noAdaptation
Select case model: BiasedCoin
Prior distribution: Normal
Particle filter: parallel_bootstrap, on 4 cores
Nbr particles for particle filter: 250
Covariance - kernel_MH_direct:
[0.0382811 -0.00635379 -0.000264006 -0.00252675 -0.000870333 0.00446726 0.00649749; -0.00635379 0.00203476 4.80408e-5 0.00013663 7.18012e-5 -0.00133975 -0.00223669; -0.000264006 4.80408e-5 5.5869e-5 -0.000313017 -6.20586e-5 7.29144e-5 -2.37862e-5; -0.00252675 0.00013663 -0.000313017 0.0686384 0.0166478 -0.0232175 -7.77501e-6; -0.000870333 7.18012e-5 -6.20586e-5 0.0166478 0.00406441 -0.0056971 -4.90517e-5; 0.00446726 -0.00133975 7.29144e-5 -0.0232175 -0.0056971 0.0108875 0.00268611; 0.00649749 -0.00223669 -2.37862e-5 -7.77501e-6 -4.90517e-5 0.00268611 0.00448283]
Iteration: 1
Covariance:
[0.0265841 -0.00441236 -0.000183337 -0.00175469 -0.000604398 0.00310227 0.00451215; -0.00441236 0.00141303 3.33617e-5 9.48821e-5 4.9862e-5 -0.000930383 -0.00155326; -0.000183337 3.33617e-5 3.87979e-5 -0.000217373 -4.30962e-5 5.0635e-5 -1.65182e-5; -0.00175469 9.48821e-5 -0.000217373 0.0476655 0.011561 -0.0161233 -5.39932e-6; -0.000604398 4.9862e-5 -4.30962e-5 0.011561 0.00282251 -0.00395632 -3.40637e-5; 0.00310227 -0.000930383 5.0635e-5 -0.0161233 -0.00395632 0.00756078 0.00186535; 0.00451215 -0.00155326 -1.65182e-5 -5.39932e-6 -3.40637e-5 0.00186535 0.00311308]
Iteration: 1
Covariance:
[0.0265841 -0.00441236 -0.000183337 -0.00175469 -0.000604398 0.00310227 0.00451215; -0.00441236 0.00141303 3.33617e-5 9.48821e-5 4.9862e-5 -0.000930383 -0.00155326; -0.000183337 3.33617e-5 3.87979e-5 -0.000217373 -4.30962e-5 5.0635e-5 -1.65182e-5; -0.00175469 9.48821e-5 -0.000217373 0.0476655 0.011561 -0.0161233 -5.39932e-6; -0.000604398 4.9862e-5 -4.30962e-5 0.011561 0.00282251 -0.00395632 -3.40637e-5; 0.00310227 -0.000930383 5.0635e-5 -0.0161233 -0.00395632 0.00756078 0.00186535; 0.00451215 -0.00155326 -1.65182e-5 -5.39932e-6 -3.40637e-5 0.00186535 0.00311308]
Loglik: -168736.4615 
elapsed time: 76.979293279 seconds
Ending ADA-GP-MCMC with adaptive RW estimating 7 parameters
Algorithm: MCWM
Adaptation algorithm: noAdaptation
Prior distribution: Normal
Particel filter: parallel_bootstrap
Time consumption:Time pre-er:  0
Time fit GP model:  0
Time er-part:  77
Number early-rejections: 26
Number of cases directly to ordinary MH: 11
Number split acceptance region early-accept: 0
Number split acceptance region early-reject: 7
Number cases in DA part: 38
Number cases in second stage: 12
Number accepted in second stage: 1
Total number of evaluations of the particle filter: 16
Acceptance rate for ordinary MH accepted: 18.1818
Acceptance rate a_1: 31.5789
Acceptance rate a_2: 8.3333
Acceptance rate a_1*a_2: 2.6316
Acceptance rate a (for entier algorithm): 20.0000
Number case 1 or 3: 11
Number case 2 or 4: 1
Number case 1: 4, 0.3636 % of all cases
Number case 2: 1, 1.0000 % of all cases
Number case 3: 7, 0.6364 % of all cases
Number case 4: 0, 0.0000 % of all cases
Number pf runs in case 1: 4, prob pf given case 1 100.0000 %
Number pf runs in case 2: 1, prob pf given case 2 100.0000 %
Number pf runs in case 3: 0, prob pf given case 3 0.0000 %
Number pf runs in case 4: 0, prob pf given case 4 NaN %
#####################################################################
