Mean:
[-1.19057; -0.118965; 3.34955; 1.41077; 0.419424; 0.545089; 0.658982]
Std:
[0.143103; 0.0841138; 0.00548768; 0.151472; 0.0881552; 0.208332; 0.103276]
[-1.05744 -0.950131 -1.04544 -0.902135 -1.05268 -1.01731 -1.09606 -1.10979 -1.07567 -1.08898; -0.16953 -0.265326 -0.213928 -0.301267 -0.200168 -0.209291 -0.17979 -0.161172 -0.174307 -0.187082; 3.34531 3.34258 3.34932 3.3475 3.35011 3.35349 3.35534 3.3521 3.34969 3.34971; 1.27685 1.29363 1.28853 1.28905 1.28869 1.27158 1.31486 1.28862 1.22858 1.2919; 0.316009 0.348615 0.34588 0.354958 0.331684 0.315259 0.32471 0.312943 0.274604 0.320044; 0.856713 0.899455 0.83163 0.818078 0.873472 0.964903 0.882006 0.86976 0.962142 0.865261; 0.645441 0.770812 0.745249 0.851295 0.743847 0.760341 0.731724 0.69301 0.706453 0.73966; -1.36601e5 -1.36633e5 -136591.0 -1.3661e5 -1.36599e5 -1.36619e5 -1.36604e5 -1.36587e5 -1.36606e5 -1.36587e5]Iterstion:
1
#####################################################################
Starting DA-GP-MCMC estimating 7 parameters 
MCMC algorithm: MCWM
Adaptation algorithm: noAdaptation
Prior distribution: Normal
Particle filter: parallel_bootstrap, on 10 cores
Nbr particles for particle filter: 200
Covariance - kernel_MH_direct:
[0.00991339 -0.0053033 2.08687e-5 -0.00272119 -0.00151846 0.00408097 0.00352629; -0.0053033 0.00329585 -3.22471e-7 0.00119033 0.000717069 -0.00264579 -0.00290463; 2.08687e-5 -3.22471e-7 1.4453e-5 -3.83281e-5 -6.52926e-5 8.40749e-5 -2.11871e-5; -0.00272119 0.00119033 -3.83281e-5 0.0149816 0.00804527 -0.0158054 -0.000190284; -0.00151846 0.000717069 -6.52926e-5 0.00804527 0.00478585 -0.00959829 -0.000250044; 0.00408097 -0.00264579 8.40749e-5 -0.0158054 -0.00959829 0.022534 0.00296991; 0.00352629 -0.00290463 -2.11871e-5 -0.000190284 -0.000250044 0.00296991 0.00447754]
Iteration: 1
Covariance:
[0.0142753 -0.00763675 3.00509e-5 -0.00391852 -0.00218659 0.00587659 0.00507786; -0.00763675 0.00474602 -4.64358e-7 0.00171408 0.00103258 -0.00380993 -0.00418267; 3.00509e-5 -4.64358e-7 2.08123e-5 -5.51925e-5 -9.40214e-5 0.000121068 -3.05095e-5; -0.00391852 0.00171408 -5.51925e-5 0.0215736 0.0115852 -0.0227598 -0.00027401; -0.00218659 0.00103258 -9.40214e-5 0.0115852 0.00689162 -0.0138215 -0.000360063; 0.00587659 -0.00380993 0.000121068 -0.0227598 -0.0138215 0.0324489 0.00427667; 0.00507786 -0.00418267 -3.05095e-5 -0.00027401 -0.000360063 0.00427667 0.00644766]
Iteration: 1
Covariance:
[0.0142753 -0.00763675 3.00509e-5 -0.00391852 -0.00218659 0.00587659 0.00507786; -0.00763675 0.00474602 -4.64358e-7 0.00171408 0.00103258 -0.00380993 -0.00418267; 3.00509e-5 -4.64358e-7 2.08123e-5 -5.51925e-5 -9.40214e-5 0.000121068 -3.05095e-5; -0.00391852 0.00171408 -5.51925e-5 0.0215736 0.0115852 -0.0227598 -0.00027401; -0.00218659 0.00103258 -9.40214e-5 0.0115852 0.00689162 -0.0138215 -0.000360063; 0.00587659 -0.00380993 0.000121068 -0.0227598 -0.0138215 0.0324489 0.00427667; 0.00507786 -0.00418267 -3.05095e-5 -0.00027401 -0.000360063 0.00427667 0.00644766]
Loglik start: -137059.7668 
Percentage done: 10.00 % 
Acceptance rate on iteration 1 to 100 is 0.0707
Covariance:
[0.0142753 -0.00763675 3.00509e-5 -0.00391852 -0.00218659 0.00587659 0.00507786; -0.00763675 0.00474602 -4.64358e-7 0.00171408 0.00103258 -0.00380993 -0.00418267; 3.00509e-5 -4.64358e-7 2.08123e-5 -5.51925e-5 -9.40214e-5 0.000121068 -3.05095e-5; -0.00391852 0.00171408 -5.51925e-5 0.0215736 0.0115852 -0.0227598 -0.00027401; -0.00218659 0.00103258 -9.40214e-5 0.0115852 0.00689162 -0.0138215 -0.000360063; 0.00587659 -0.00380993 0.000121068 -0.0227598 -0.0138215 0.0324489 0.00427667; 0.00507786 -0.00418267 -3.05095e-5 -0.00027401 -0.000360063 0.00427667 0.00644766]
Loglik: -136806.2275 
Loglik values on different cores:
[-1.36826e5,-1.36824e5,-1.36827e5,-1.36818e5,-1.36809e5,-1.36836e5,-1.36827e5,-1.36823e5,-1.36813e5,-1.36845e5]
Percentage done: 20.00 % 
Acceptance rate on iteration 101 to 200 is 0.0707
Covariance:
[0.0142753 -0.00763675 3.00509e-5 -0.00391852 -0.00218659 0.00587659 0.00507786; -0.00763675 0.00474602 -4.64358e-7 0.00171408 0.00103258 -0.00380993 -0.00418267; 3.00509e-5 -4.64358e-7 2.08123e-5 -5.51925e-5 -9.40214e-5 0.000121068 -3.05095e-5; -0.00391852 0.00171408 -5.51925e-5 0.0215736 0.0115852 -0.0227598 -0.00027401; -0.00218659 0.00103258 -9.40214e-5 0.0115852 0.00689162 -0.0138215 -0.000360063; 0.00587659 -0.00380993 0.000121068 -0.0227598 -0.0138215 0.0324489 0.00427667; 0.00507786 -0.00418267 -3.05095e-5 -0.00027401 -0.000360063 0.00427667 0.00644766]
Loglik: -136728.2457 
Loglik values on different cores:
[-1.36748e5,-1.36727e5,-1.36724e5,-1.36736e5,-1.36748e5,-1.36719e5,-1.36726e5,-136740.0,-1.36741e5,-1.36725e5]
Percentage done: 30.00 % 
Acceptance rate on iteration 201 to 300 is 0.0404
Covariance:
[0.0142753 -0.00763675 3.00509e-5 -0.00391852 -0.00218659 0.00587659 0.00507786; -0.00763675 0.00474602 -4.64358e-7 0.00171408 0.00103258 -0.00380993 -0.00418267; 3.00509e-5 -4.64358e-7 2.08123e-5 -5.51925e-5 -9.40214e-5 0.000121068 -3.05095e-5; -0.00391852 0.00171408 -5.51925e-5 0.0215736 0.0115852 -0.0227598 -0.00027401; -0.00218659 0.00103258 -9.40214e-5 0.0115852 0.00689162 -0.0138215 -0.000360063; 0.00587659 -0.00380993 0.000121068 -0.0227598 -0.0138215 0.0324489 0.00427667; 0.00507786 -0.00418267 -3.05095e-5 -0.00027401 -0.000360063 0.00427667 0.00644766]
Loglik: -136676.9430 
Loglik values on different cores:
[-1.3668e5,-1.36694e5,-1.36688e5,-1.36693e5,-136703.0,-1.36686e5,-1.36681e5,-1.36696e5,-1.36691e5,-136685.0]
Percentage done: 40.00 % 
Acceptance rate on iteration 301 to 400 is 0.0505
Covariance:
[0.0142753 -0.00763675 3.00509e-5 -0.00391852 -0.00218659 0.00587659 0.00507786; -0.00763675 0.00474602 -4.64358e-7 0.00171408 0.00103258 -0.00380993 -0.00418267; 3.00509e-5 -4.64358e-7 2.08123e-5 -5.51925e-5 -9.40214e-5 0.000121068 -3.05095e-5; -0.00391852 0.00171408 -5.51925e-5 0.0215736 0.0115852 -0.0227598 -0.00027401; -0.00218659 0.00103258 -9.40214e-5 0.0115852 0.00689162 -0.0138215 -0.000360063; 0.00587659 -0.00380993 0.000121068 -0.0227598 -0.0138215 0.0324489 0.00427667; 0.00507786 -0.00418267 -3.05095e-5 -0.00027401 -0.000360063 0.00427667 0.00644766]
Loglik: -136662.2078 
Loglik values on different cores:
[-1.36667e5,-1.36664e5,-1.36678e5,-1.36679e5,-1.36683e5,-1.36674e5,-1.36682e5,-1.36652e5,-1.36676e5,-1.36664e5]
Percentage done: 50.00 % 
Acceptance rate on iteration 401 to 500 is 0.1111
Covariance:
[0.0142753 -0.00763675 3.00509e-5 -0.00391852 -0.00218659 0.00587659 0.00507786; -0.00763675 0.00474602 -4.64358e-7 0.00171408 0.00103258 -0.00380993 -0.00418267; 3.00509e-5 -4.64358e-7 2.08123e-5 -5.51925e-5 -9.40214e-5 0.000121068 -3.05095e-5; -0.00391852 0.00171408 -5.51925e-5 0.0215736 0.0115852 -0.0227598 -0.00027401; -0.00218659 0.00103258 -9.40214e-5 0.0115852 0.00689162 -0.0138215 -0.000360063; 0.00587659 -0.00380993 0.000121068 -0.0227598 -0.0138215 0.0324489 0.00427667; 0.00507786 -0.00418267 -3.05095e-5 -0.00027401 -0.000360063 0.00427667 0.00644766]
Loglik: -136609.3414 
Loglik values on different cores:
[-1.36623e5,-1.36622e5,-1.36621e5,-1.3662e5,-1.36629e5,-1.36612e5,-136616.0,-1.3662e5,-1.36628e5,-136614.0]
Percentage done: 60.00 % 
Acceptance rate on iteration 501 to 600 is 0.0505
Covariance:
[0.0142753 -0.00763675 3.00509e-5 -0.00391852 -0.00218659 0.00587659 0.00507786; -0.00763675 0.00474602 -4.64358e-7 0.00171408 0.00103258 -0.00380993 -0.00418267; 3.00509e-5 -4.64358e-7 2.08123e-5 -5.51925e-5 -9.40214e-5 0.000121068 -3.05095e-5; -0.00391852 0.00171408 -5.51925e-5 0.0215736 0.0115852 -0.0227598 -0.00027401; -0.00218659 0.00103258 -9.40214e-5 0.0115852 0.00689162 -0.0138215 -0.000360063; 0.00587659 -0.00380993 0.000121068 -0.0227598 -0.0138215 0.0324489 0.00427667; 0.00507786 -0.00418267 -3.05095e-5 -0.00027401 -0.000360063 0.00427667 0.00644766]
Loglik: -136601.3009 
Loglik values on different cores:
[-1.36614e5,-1.36613e5,-1.36597e5,-1.36613e5,-1.36623e5,-1.36604e5,-1.36625e5,-1.36614e5,-1.3662e5,-1.36607e5]
Percentage done: 70.00 % 
Acceptance rate on iteration 601 to 700 is 0.0303
Covariance:
[0.0142753 -0.00763675 3.00509e-5 -0.00391852 -0.00218659 0.00587659 0.00507786; -0.00763675 0.00474602 -4.64358e-7 0.00171408 0.00103258 -0.00380993 -0.00418267; 3.00509e-5 -4.64358e-7 2.08123e-5 -5.51925e-5 -9.40214e-5 0.000121068 -3.05095e-5; -0.00391852 0.00171408 -5.51925e-5 0.0215736 0.0115852 -0.0227598 -0.00027401; -0.00218659 0.00103258 -9.40214e-5 0.0115852 0.00689162 -0.0138215 -0.000360063; 0.00587659 -0.00380993 0.000121068 -0.0227598 -0.0138215 0.0324489 0.00427667; 0.00507786 -0.00418267 -3.05095e-5 -0.00027401 -0.000360063 0.00427667 0.00644766]
Loglik: -136590.1149 
Loglik values on different cores:
[-1.36608e5,-1.36623e5,-1.36603e5,-1.36594e5,-1.36599e5,-1.3659e5,-1.36612e5,-1.36594e5,-1.36612e5,-1.366e5]
Percentage done: 80.00 % 
Acceptance rate on iteration 701 to 800 is 0.0707
Covariance:
[0.0142753 -0.00763675 3.00509e-5 -0.00391852 -0.00218659 0.00587659 0.00507786; -0.00763675 0.00474602 -4.64358e-7 0.00171408 0.00103258 -0.00380993 -0.00418267; 3.00509e-5 -4.64358e-7 2.08123e-5 -5.51925e-5 -9.40214e-5 0.000121068 -3.05095e-5; -0.00391852 0.00171408 -5.51925e-5 0.0215736 0.0115852 -0.0227598 -0.00027401; -0.00218659 0.00103258 -9.40214e-5 0.0115852 0.00689162 -0.0138215 -0.000360063; 0.00587659 -0.00380993 0.000121068 -0.0227598 -0.0138215 0.0324489 0.00427667; 0.00507786 -0.00418267 -3.05095e-5 -0.00027401 -0.000360063 0.00427667 0.00644766]
Loglik: -136618.6784 
Loglik values on different cores:
[-1.36629e5,-1.36639e5,-1.36633e5,-1.36629e5,-1.36635e5,-1.36613e5,-1.36626e5,-1.36619e5,-1.36627e5,-1.36634e5]
Percentage done: 90.00 % 
Acceptance rate on iteration 801 to 900 is 0.0303
Covariance:
[0.0142753 -0.00763675 3.00509e-5 -0.00391852 -0.00218659 0.00587659 0.00507786; -0.00763675 0.00474602 -4.64358e-7 0.00171408 0.00103258 -0.00380993 -0.00418267; 3.00509e-5 -4.64358e-7 2.08123e-5 -5.51925e-5 -9.40214e-5 0.000121068 -3.05095e-5; -0.00391852 0.00171408 -5.51925e-5 0.0215736 0.0115852 -0.0227598 -0.00027401; -0.00218659 0.00103258 -9.40214e-5 0.0115852 0.00689162 -0.0138215 -0.000360063; 0.00587659 -0.00380993 0.000121068 -0.0227598 -0.0138215 0.0324489 0.00427667; 0.00507786 -0.00418267 -3.05095e-5 -0.00027401 -0.000360063 0.00427667 0.00644766]
Loglik: -136601.4069 
Loglik values on different cores:
[-1.36604e5,-1.3662e5,-136627.0,-1.36605e5,-1.36606e5,-1.36622e5,-1.36599e5,-136614.0,-1.3662e5,-1.36613e5]
elapsed time: 1885.507761527 seconds
Ending DA-GP-MCMC with adaptive RW estimating 7 parameters
Algorithm: MCWM
Adaptation algorithm: noAdaptation
Prior distribution: Normal
Particle filter: parallel_bootstrap
Time pre-er:  0
Time fit GP model:  0
Time er-part:  1886
Number early-rejections: 513
Number of cases directly to ordinary MH: 145
Number of cases directly to ordinary MH accepted: 42
Number cases in in DA part: 854
Number cases in second stage: 341
Number accepted in second stage: 11
Total number of evaluations of the particle filter: 486
Acceptance rate for ordinary MH accepted: 28.9655
Acceptance rate a_1: 39.9297
Acceptance rate a_2: 3.2258
Acceptance rate a_1*a_2: 1.2881
Acceptance rate a (for entier algorithm): 5.3000
#####################################################################
Iterstion:
2
#####################################################################
Starting DA-GP-MCMC estimating 7 parameters 
MCMC algorithm: MCWM
Adaptation algorithm: noAdaptation
Prior distribution: Normal
Particle filter: parallel_bootstrap, on 10 cores
Nbr particles for particle filter: 200
Covariance - kernel_MH_direct:
[0.00991339 -0.0053033 2.08687e-5 -0.00272119 -0.00151846 0.00408097 0.00352629; -0.0053033 0.00329585 -3.22471e-7 0.00119033 0.000717069 -0.00264579 -0.00290463; 2.08687e-5 -3.22471e-7 1.4453e-5 -3.83281e-5 -6.52926e-5 8.40749e-5 -2.11871e-5; -0.00272119 0.00119033 -3.83281e-5 0.0149816 0.00804527 -0.0158054 -0.000190284; -0.00151846 0.000717069 -6.52926e-5 0.00804527 0.00478585 -0.00959829 -0.000250044; 0.00408097 -0.00264579 8.40749e-5 -0.0158054 -0.00959829 0.022534 0.00296991; 0.00352629 -0.00290463 -2.11871e-5 -0.000190284 -0.000250044 0.00296991 0.00447754]
Iteration: 1
Covariance:
[0.0142753 -0.00763675 3.00509e-5 -0.00391852 -0.00218659 0.00587659 0.00507786; -0.00763675 0.00474602 -4.64358e-7 0.00171408 0.00103258 -0.00380993 -0.00418267; 3.00509e-5 -4.64358e-7 2.08123e-5 -5.51925e-5 -9.40214e-5 0.000121068 -3.05095e-5; -0.00391852 0.00171408 -5.51925e-5 0.0215736 0.0115852 -0.0227598 -0.00027401; -0.00218659 0.00103258 -9.40214e-5 0.0115852 0.00689162 -0.0138215 -0.000360063; 0.00587659 -0.00380993 0.000121068 -0.0227598 -0.0138215 0.0324489 0.00427667; 0.00507786 -0.00418267 -3.05095e-5 -0.00027401 -0.000360063 0.00427667 0.00644766]
Iteration: 1
Covariance:
[0.0142753 -0.00763675 3.00509e-5 -0.00391852 -0.00218659 0.00587659 0.00507786; -0.00763675 0.00474602 -4.64358e-7 0.00171408 0.00103258 -0.00380993 -0.00418267; 3.00509e-5 -4.64358e-7 2.08123e-5 -5.51925e-5 -9.40214e-5 0.000121068 -3.05095e-5; -0.00391852 0.00171408 -5.51925e-5 0.0215736 0.0115852 -0.0227598 -0.00027401; -0.00218659 0.00103258 -9.40214e-5 0.0115852 0.00689162 -0.0138215 -0.000360063; 0.00587659 -0.00380993 0.000121068 -0.0227598 -0.0138215 0.0324489 0.00427667; 0.00507786 -0.00418267 -3.05095e-5 -0.00027401 -0.000360063 0.00427667 0.00644766]
Loglik start: -137053.8778 
Percentage done: 10.00 % 
Acceptance rate on iteration 1 to 100 is 0.0808
Covariance:
[0.0142753 -0.00763675 3.00509e-5 -0.00391852 -0.00218659 0.00587659 0.00507786; -0.00763675 0.00474602 -4.64358e-7 0.00171408 0.00103258 -0.00380993 -0.00418267; 3.00509e-5 -4.64358e-7 2.08123e-5 -5.51925e-5 -9.40214e-5 0.000121068 -3.05095e-5; -0.00391852 0.00171408 -5.51925e-5 0.0215736 0.0115852 -0.0227598 -0.00027401; -0.00218659 0.00103258 -9.40214e-5 0.0115852 0.00689162 -0.0138215 -0.000360063; 0.00587659 -0.00380993 0.000121068 -0.0227598 -0.0138215 0.0324489 0.00427667; 0.00507786 -0.00418267 -3.05095e-5 -0.00027401 -0.000360063 0.00427667 0.00644766]
Loglik: -136870.1950 
Loglik values on different cores:
[-1.3687e5,-136890.0,-1.36887e5,-1.36893e5,-1.36872e5,-1.36875e5,-1.36874e5,-1.36892e5,-1.36862e5,-1.36894e5]
Percentage done: 20.00 % 
Acceptance rate on iteration 101 to 200 is 0.0606
Covariance:
[0.0142753 -0.00763675 3.00509e-5 -0.00391852 -0.00218659 0.00587659 0.00507786; -0.00763675 0.00474602 -4.64358e-7 0.00171408 0.00103258 -0.00380993 -0.00418267; 3.00509e-5 -4.64358e-7 2.08123e-5 -5.51925e-5 -9.40214e-5 0.000121068 -3.05095e-5; -0.00391852 0.00171408 -5.51925e-5 0.0215736 0.0115852 -0.0227598 -0.00027401; -0.00218659 0.00103258 -9.40214e-5 0.0115852 0.00689162 -0.0138215 -0.000360063; 0.00587659 -0.00380993 0.000121068 -0.0227598 -0.0138215 0.0324489 0.00427667; 0.00507786 -0.00418267 -3.05095e-5 -0.00027401 -0.000360063 0.00427667 0.00644766]
Loglik: -136772.4020 
Loglik values on different cores:
[-1.36797e5,-1.36796e5,-1.36792e5,-1.36799e5,-136800.0,-1.36795e5,-1.36799e5,-1.36778e5,-1.36792e5,-1.3679e5]
Percentage done: 30.00 % 
Acceptance rate on iteration 201 to 300 is 0.0404
Covariance:
[0.0142753 -0.00763675 3.00509e-5 -0.00391852 -0.00218659 0.00587659 0.00507786; -0.00763675 0.00474602 -4.64358e-7 0.00171408 0.00103258 -0.00380993 -0.00418267; 3.00509e-5 -4.64358e-7 2.08123e-5 -5.51925e-5 -9.40214e-5 0.000121068 -3.05095e-5; -0.00391852 0.00171408 -5.51925e-5 0.0215736 0.0115852 -0.0227598 -0.00027401; -0.00218659 0.00103258 -9.40214e-5 0.0115852 0.00689162 -0.0138215 -0.000360063; 0.00587659 -0.00380993 0.000121068 -0.0227598 -0.0138215 0.0324489 0.00427667; 0.00507786 -0.00418267 -3.05095e-5 -0.00027401 -0.000360063 0.00427667 0.00644766]
Loglik: -136700.3320 
Loglik values on different cores:
[-1.36718e5,-1.36739e5,-1.36727e5,-1.36713e5,-1.36726e5,-136722.0,-1.36715e5,-1.36731e5,-1.36725e5,-1.36716e5]
Percentage done: 40.00 % 
Acceptance rate on iteration 301 to 400 is 0.0505
Covariance:
[0.0142753 -0.00763675 3.00509e-5 -0.00391852 -0.00218659 0.00587659 0.00507786; -0.00763675 0.00474602 -4.64358e-7 0.00171408 0.00103258 -0.00380993 -0.00418267; 3.00509e-5 -4.64358e-7 2.08123e-5 -5.51925e-5 -9.40214e-5 0.000121068 -3.05095e-5; -0.00391852 0.00171408 -5.51925e-5 0.0215736 0.0115852 -0.0227598 -0.00027401; -0.00218659 0.00103258 -9.40214e-5 0.0115852 0.00689162 -0.0138215 -0.000360063; 0.00587659 -0.00380993 0.000121068 -0.0227598 -0.0138215 0.0324489 0.00427667; 0.00507786 -0.00418267 -3.05095e-5 -0.00027401 -0.000360063 0.00427667 0.00644766]
Loglik: -136690.2364 
Loglik values on different cores:
[-1.36702e5,-1.36683e5,-1.36693e5,-1.36689e5,-1.36695e5,-1.36705e5,-1.36684e5,-1.36706e5,-1.36715e5,-1.36696e5]
Percentage done: 50.00 % 
Acceptance rate on iteration 401 to 500 is 0.0303
Covariance:
[0.0142753 -0.00763675 3.00509e-5 -0.00391852 -0.00218659 0.00587659 0.00507786; -0.00763675 0.00474602 -4.64358e-7 0.00171408 0.00103258 -0.00380993 -0.00418267; 3.00509e-5 -4.64358e-7 2.08123e-5 -5.51925e-5 -9.40214e-5 0.000121068 -3.05095e-5; -0.00391852 0.00171408 -5.51925e-5 0.0215736 0.0115852 -0.0227598 -0.00027401; -0.00218659 0.00103258 -9.40214e-5 0.0115852 0.00689162 -0.0138215 -0.000360063; 0.00587659 -0.00380993 0.000121068 -0.0227598 -0.0138215 0.0324489 0.00427667; 0.00507786 -0.00418267 -3.05095e-5 -0.00027401 -0.000360063 0.00427667 0.00644766]
Loglik: -136654.9615 
Loglik values on different cores:
[-1.36685e5,-1.36688e5,-1.36675e5,-1.36676e5,-1.36679e5,-1.36672e5,-136678.0,-1.36686e5,-1.36661e5,-1.36682e5]
Percentage done: 60.00 % 
Acceptance rate on iteration 501 to 600 is 0.0606
Covariance:
[0.0142753 -0.00763675 3.00509e-5 -0.00391852 -0.00218659 0.00587659 0.00507786; -0.00763675 0.00474602 -4.64358e-7 0.00171408 0.00103258 -0.00380993 -0.00418267; 3.00509e-5 -4.64358e-7 2.08123e-5 -5.51925e-5 -9.40214e-5 0.000121068 -3.05095e-5; -0.00391852 0.00171408 -5.51925e-5 0.0215736 0.0115852 -0.0227598 -0.00027401; -0.00218659 0.00103258 -9.40214e-5 0.0115852 0.00689162 -0.0138215 -0.000360063; 0.00587659 -0.00380993 0.000121068 -0.0227598 -0.0138215 0.0324489 0.00427667; 0.00507786 -0.00418267 -3.05095e-5 -0.00027401 -0.000360063 0.00427667 0.00644766]
Loglik: -136638.6449 
Loglik values on different cores:
[-1.36645e5,-1.36653e5,-1.36638e5,-1.36655e5,-1.36656e5,-1.3665e5,-1.36652e5,-1.36641e5,-1.36655e5,-1.36642e5]
Percentage done: 70.00 % 
Acceptance rate on iteration 601 to 700 is 0.0404
Covariance:
[0.0142753 -0.00763675 3.00509e-5 -0.00391852 -0.00218659 0.00587659 0.00507786; -0.00763675 0.00474602 -4.64358e-7 0.00171408 0.00103258 -0.00380993 -0.00418267; 3.00509e-5 -4.64358e-7 2.08123e-5 -5.51925e-5 -9.40214e-5 0.000121068 -3.05095e-5; -0.00391852 0.00171408 -5.51925e-5 0.0215736 0.0115852 -0.0227598 -0.00027401; -0.00218659 0.00103258 -9.40214e-5 0.0115852 0.00689162 -0.0138215 -0.000360063; 0.00587659 -0.00380993 0.000121068 -0.0227598 -0.0138215 0.0324489 0.00427667; 0.00507786 -0.00418267 -3.05095e-5 -0.00027401 -0.000360063 0.00427667 0.00644766]
Loglik: -136629.6101 
Loglik values on different cores:
[-1.36642e5,-1.36646e5,-1.36656e5,-1.36646e5,-136644.0,-1.36648e5,-1.36635e5,-1.36647e5,-1.3663e5,-1.36641e5]
Percentage done: 80.00 % 
Acceptance rate on iteration 701 to 800 is 0.0909
Covariance:
[0.0142753 -0.00763675 3.00509e-5 -0.00391852 -0.00218659 0.00587659 0.00507786; -0.00763675 0.00474602 -4.64358e-7 0.00171408 0.00103258 -0.00380993 -0.00418267; 3.00509e-5 -4.64358e-7 2.08123e-5 -5.51925e-5 -9.40214e-5 0.000121068 -3.05095e-5; -0.00391852 0.00171408 -5.51925e-5 0.0215736 0.0115852 -0.0227598 -0.00027401; -0.00218659 0.00103258 -9.40214e-5 0.0115852 0.00689162 -0.0138215 -0.000360063; 0.00587659 -0.00380993 0.000121068 -0.0227598 -0.0138215 0.0324489 0.00427667; 0.00507786 -0.00418267 -3.05095e-5 -0.00027401 -0.000360063 0.00427667 0.00644766]
Loglik: -136608.2859 
Loglik values on different cores:
[-1.3663e5,-1.36614e5,-1.36625e5,-1.3662e5,-1.36611e5,-1.36623e5,-1.36636e5,-1.36614e5,-136601.0,-1.36618e5]
Percentage done: 90.00 % 
Acceptance rate on iteration 801 to 900 is 0.0303
Covariance:
[0.0142753 -0.00763675 3.00509e-5 -0.00391852 -0.00218659 0.00587659 0.00507786; -0.00763675 0.00474602 -4.64358e-7 0.00171408 0.00103258 -0.00380993 -0.00418267; 3.00509e-5 -4.64358e-7 2.08123e-5 -5.51925e-5 -9.40214e-5 0.000121068 -3.05095e-5; -0.00391852 0.00171408 -5.51925e-5 0.0215736 0.0115852 -0.0227598 -0.00027401; -0.00218659 0.00103258 -9.40214e-5 0.0115852 0.00689162 -0.0138215 -0.000360063; 0.00587659 -0.00380993 0.000121068 -0.0227598 -0.0138215 0.0324489 0.00427667; 0.00507786 -0.00418267 -3.05095e-5 -0.00027401 -0.000360063 0.00427667 0.00644766]
Loglik: -136582.8935 
Loglik values on different cores:
[-1.366e5,-1.36604e5,-1.36619e5,-1.36599e5,-1.36597e5,-1.36614e5,-1.36613e5,-1.36613e5,-1.36604e5,-1.36617e5]
elapsed time: 1753.750677615 seconds
Ending DA-GP-MCMC with adaptive RW estimating 7 parameters
Algorithm: MCWM
Adaptation algorithm: noAdaptation
Prior distribution: Normal
Particle filter: parallel_bootstrap
Time pre-er:  0
Time fit GP model:  0
Time er-part:  1754
Number early-rejections: 546
Number of cases directly to ordinary MH: 160
Number of cases directly to ordinary MH accepted: 41
Number cases in in DA part: 839
Number cases in second stage: 293
Number accepted in second stage: 10
Total number of evaluations of the particle filter: 453
Acceptance rate for ordinary MH accepted: 25.6250
Acceptance rate a_1: 34.9225
Acceptance rate a_2: 3.4130
Acceptance rate a_1*a_2: 1.1919
Acceptance rate a (for entier algorithm): 5.1000
#####################################################################
Iterstion:
3
#####################################################################
Starting DA-GP-MCMC estimating 7 parameters 
MCMC algorithm: MCWM
Adaptation algorithm: noAdaptation
Prior distribution: Normal
Particle filter: parallel_bootstrap, on 10 cores
Nbr particles for particle filter: 200
Covariance - kernel_MH_direct:
[0.00991339 -0.0053033 2.08687e-5 -0.00272119 -0.00151846 0.00408097 0.00352629; -0.0053033 0.00329585 -3.22471e-7 0.00119033 0.000717069 -0.00264579 -0.00290463; 2.08687e-5 -3.22471e-7 1.4453e-5 -3.83281e-5 -6.52926e-5 8.40749e-5 -2.11871e-5; -0.00272119 0.00119033 -3.83281e-5 0.0149816 0.00804527 -0.0158054 -0.000190284; -0.00151846 0.000717069 -6.52926e-5 0.00804527 0.00478585 -0.00959829 -0.000250044; 0.00408097 -0.00264579 8.40749e-5 -0.0158054 -0.00959829 0.022534 0.00296991; 0.00352629 -0.00290463 -2.11871e-5 -0.000190284 -0.000250044 0.00296991 0.00447754]
Iteration: 1
Covariance:
[0.0142753 -0.00763675 3.00509e-5 -0.00391852 -0.00218659 0.00587659 0.00507786; -0.00763675 0.00474602 -4.64358e-7 0.00171408 0.00103258 -0.00380993 -0.00418267; 3.00509e-5 -4.64358e-7 2.08123e-5 -5.51925e-5 -9.40214e-5 0.000121068 -3.05095e-5; -0.00391852 0.00171408 -5.51925e-5 0.0215736 0.0115852 -0.0227598 -0.00027401; -0.00218659 0.00103258 -9.40214e-5 0.0115852 0.00689162 -0.0138215 -0.000360063; 0.00587659 -0.00380993 0.000121068 -0.0227598 -0.0138215 0.0324489 0.00427667; 0.00507786 -0.00418267 -3.05095e-5 -0.00027401 -0.000360063 0.00427667 0.00644766]
Iteration: 1
Covariance:
[0.0142753 -0.00763675 3.00509e-5 -0.00391852 -0.00218659 0.00587659 0.00507786; -0.00763675 0.00474602 -4.64358e-7 0.00171408 0.00103258 -0.00380993 -0.00418267; 3.00509e-5 -4.64358e-7 2.08123e-5 -5.51925e-5 -9.40214e-5 0.000121068 -3.05095e-5; -0.00391852 0.00171408 -5.51925e-5 0.0215736 0.0115852 -0.0227598 -0.00027401; -0.00218659 0.00103258 -9.40214e-5 0.0115852 0.00689162 -0.0138215 -0.000360063; 0.00587659 -0.00380993 0.000121068 -0.0227598 -0.0138215 0.0324489 0.00427667; 0.00507786 -0.00418267 -3.05095e-5 -0.00027401 -0.000360063 0.00427667 0.00644766]
Loglik start: -137064.7652 
Percentage done: 10.00 % 
Acceptance rate on iteration 1 to 100 is 0.0808
Covariance:
[0.0142753 -0.00763675 3.00509e-5 -0.00391852 -0.00218659 0.00587659 0.00507786; -0.00763675 0.00474602 -4.64358e-7 0.00171408 0.00103258 -0.00380993 -0.00418267; 3.00509e-5 -4.64358e-7 2.08123e-5 -5.51925e-5 -9.40214e-5 0.000121068 -3.05095e-5; -0.00391852 0.00171408 -5.51925e-5 0.0215736 0.0115852 -0.0227598 -0.00027401; -0.00218659 0.00103258 -9.40214e-5 0.0115852 0.00689162 -0.0138215 -0.000360063; 0.00587659 -0.00380993 0.000121068 -0.0227598 -0.0138215 0.0324489 0.00427667; 0.00507786 -0.00418267 -3.05095e-5 -0.00027401 -0.000360063 0.00427667 0.00644766]
Loglik: -136816.8473 
Loglik values on different cores:
[-136829.0,-1.36848e5,-1.36829e5,-1.3682e5,-1.3683e5,-1.36846e5,-1.36824e5,-1.36828e5,-1.36826e5,-1.36836e5]
Percentage done: 20.00 % 
Acceptance rate on iteration 101 to 200 is 0.0707
Covariance:
[0.0142753 -0.00763675 3.00509e-5 -0.00391852 -0.00218659 0.00587659 0.00507786; -0.00763675 0.00474602 -4.64358e-7 0.00171408 0.00103258 -0.00380993 -0.00418267; 3.00509e-5 -4.64358e-7 2.08123e-5 -5.51925e-5 -9.40214e-5 0.000121068 -3.05095e-5; -0.00391852 0.00171408 -5.51925e-5 0.0215736 0.0115852 -0.0227598 -0.00027401; -0.00218659 0.00103258 -9.40214e-5 0.0115852 0.00689162 -0.0138215 -0.000360063; 0.00587659 -0.00380993 0.000121068 -0.0227598 -0.0138215 0.0324489 0.00427667; 0.00507786 -0.00418267 -3.05095e-5 -0.00027401 -0.000360063 0.00427667 0.00644766]
Loglik: -136754.6846 
Loglik values on different cores:
[-1.36766e5,-1.36776e5,-1.36788e5,-1.36786e5,-1.36775e5,-1.36783e5,-1.3676e5,-1.36788e5,-1.36779e5,-136782.0]
Percentage done: 30.00 % 
Acceptance rate on iteration 201 to 300 is 0.0202
Covariance:
[0.0142753 -0.00763675 3.00509e-5 -0.00391852 -0.00218659 0.00587659 0.00507786; -0.00763675 0.00474602 -4.64358e-7 0.00171408 0.00103258 -0.00380993 -0.00418267; 3.00509e-5 -4.64358e-7 2.08123e-5 -5.51925e-5 -9.40214e-5 0.000121068 -3.05095e-5; -0.00391852 0.00171408 -5.51925e-5 0.0215736 0.0115852 -0.0227598 -0.00027401; -0.00218659 0.00103258 -9.40214e-5 0.0115852 0.00689162 -0.0138215 -0.000360063; 0.00587659 -0.00380993 0.000121068 -0.0227598 -0.0138215 0.0324489 0.00427667; 0.00507786 -0.00418267 -3.05095e-5 -0.00027401 -0.000360063 0.00427667 0.00644766]
Loglik: -136746.3690 
Loglik values on different cores:
[-1.36767e5,-1.36765e5,-1.36769e5,-1.36772e5,-1.36754e5,-1.36767e5,-1.36766e5,-1.36764e5,-1.36749e5,-1.36762e5]
Percentage done: 40.00 % 
Acceptance rate on iteration 301 to 400 is 0.0707
Covariance:
[0.0142753 -0.00763675 3.00509e-5 -0.00391852 -0.00218659 0.00587659 0.00507786; -0.00763675 0.00474602 -4.64358e-7 0.00171408 0.00103258 -0.00380993 -0.00418267; 3.00509e-5 -4.64358e-7 2.08123e-5 -5.51925e-5 -9.40214e-5 0.000121068 -3.05095e-5; -0.00391852 0.00171408 -5.51925e-5 0.0215736 0.0115852 -0.0227598 -0.00027401; -0.00218659 0.00103258 -9.40214e-5 0.0115852 0.00689162 -0.0138215 -0.000360063; 0.00587659 -0.00380993 0.000121068 -0.0227598 -0.0138215 0.0324489 0.00427667; 0.00507786 -0.00418267 -3.05095e-5 -0.00027401 -0.000360063 0.00427667 0.00644766]
Loglik: -136689.4078 
Loglik values on different cores:
[-1.36695e5,-1.36706e5,-1.36701e5,-1.36702e5,-1.36712e5,-1.3671e5,-1.36695e5,-1.36707e5,-1.36688e5,-1.36679e5]
Percentage done: 50.00 % 
Acceptance rate on iteration 401 to 500 is 0.0202
Covariance:
[0.0142753 -0.00763675 3.00509e-5 -0.00391852 -0.00218659 0.00587659 0.00507786; -0.00763675 0.00474602 -4.64358e-7 0.00171408 0.00103258 -0.00380993 -0.00418267; 3.00509e-5 -4.64358e-7 2.08123e-5 -5.51925e-5 -9.40214e-5 0.000121068 -3.05095e-5; -0.00391852 0.00171408 -5.51925e-5 0.0215736 0.0115852 -0.0227598 -0.00027401; -0.00218659 0.00103258 -9.40214e-5 0.0115852 0.00689162 -0.0138215 -0.000360063; 0.00587659 -0.00380993 0.000121068 -0.0227598 -0.0138215 0.0324489 0.00427667; 0.00507786 -0.00418267 -3.05095e-5 -0.00027401 -0.000360063 0.00427667 0.00644766]
Loglik: -136657.6850 
Loglik values on different cores:
[-1.36669e5,-1.36649e5,-1.36674e5,-1.36659e5,-1.36678e5,-1.36661e5,-1.36657e5,-1.36673e5,-1.36674e5,-1.36677e5]
Percentage done: 60.00 % 
Acceptance rate on iteration 501 to 600 is 0.0404
Covariance:
[0.0142753 -0.00763675 3.00509e-5 -0.00391852 -0.00218659 0.00587659 0.00507786; -0.00763675 0.00474602 -4.64358e-7 0.00171408 0.00103258 -0.00380993 -0.00418267; 3.00509e-5 -4.64358e-7 2.08123e-5 -5.51925e-5 -9.40214e-5 0.000121068 -3.05095e-5; -0.00391852 0.00171408 -5.51925e-5 0.0215736 0.0115852 -0.0227598 -0.00027401; -0.00218659 0.00103258 -9.40214e-5 0.0115852 0.00689162 -0.0138215 -0.000360063; 0.00587659 -0.00380993 0.000121068 -0.0227598 -0.0138215 0.0324489 0.00427667; 0.00507786 -0.00418267 -3.05095e-5 -0.00027401 -0.000360063 0.00427667 0.00644766]
Loglik: -136616.2343 
Loglik values on different cores:
[-1.36621e5,-1.36621e5,-1.36642e5,-136616.0,-1.36633e5,-1.36633e5,-1.36632e5,-1.36624e5,-1.36619e5,-136634.0]
Percentage done: 70.00 % 
Acceptance rate on iteration 601 to 700 is 0.0404
Covariance:
[0.0142753 -0.00763675 3.00509e-5 -0.00391852 -0.00218659 0.00587659 0.00507786; -0.00763675 0.00474602 -4.64358e-7 0.00171408 0.00103258 -0.00380993 -0.00418267; 3.00509e-5 -4.64358e-7 2.08123e-5 -5.51925e-5 -9.40214e-5 0.000121068 -3.05095e-5; -0.00391852 0.00171408 -5.51925e-5 0.0215736 0.0115852 -0.0227598 -0.00027401; -0.00218659 0.00103258 -9.40214e-5 0.0115852 0.00689162 -0.0138215 -0.000360063; 0.00587659 -0.00380993 0.000121068 -0.0227598 -0.0138215 0.0324489 0.00427667; 0.00507786 -0.00418267 -3.05095e-5 -0.00027401 -0.000360063 0.00427667 0.00644766]
Loglik: -136586.7611 
Loglik values on different cores:
[-1.36599e5,-1.36614e5,-1.36612e5,-1.36605e5,-1.36604e5,-136603.0,-1.36588e5,-1.36586e5,-1.3661e5,-1.36596e5]
Percentage done: 80.00 % 
Acceptance rate on iteration 701 to 800 is 0.0404
Covariance:
[0.0142753 -0.00763675 3.00509e-5 -0.00391852 -0.00218659 0.00587659 0.00507786; -0.00763675 0.00474602 -4.64358e-7 0.00171408 0.00103258 -0.00380993 -0.00418267; 3.00509e-5 -4.64358e-7 2.08123e-5 -5.51925e-5 -9.40214e-5 0.000121068 -3.05095e-5; -0.00391852 0.00171408 -5.51925e-5 0.0215736 0.0115852 -0.0227598 -0.00027401; -0.00218659 0.00103258 -9.40214e-5 0.0115852 0.00689162 -0.0138215 -0.000360063; 0.00587659 -0.00380993 0.000121068 -0.0227598 -0.0138215 0.0324489 0.00427667; 0.00507786 -0.00418267 -3.05095e-5 -0.00027401 -0.000360063 0.00427667 0.00644766]
Loglik: -136601.1810 
Loglik values on different cores:
[-1.36601e5,-1.36614e5,-1.36595e5,-1.36609e5,-1.36605e5,-1.36613e5,-136601.0,-1.36601e5,-1.36609e5,-1.36612e5]
Percentage done: 90.00 % 
Acceptance rate on iteration 801 to 900 is 0.0606
Covariance:
[0.0142753 -0.00763675 3.00509e-5 -0.00391852 -0.00218659 0.00587659 0.00507786; -0.00763675 0.00474602 -4.64358e-7 0.00171408 0.00103258 -0.00380993 -0.00418267; 3.00509e-5 -4.64358e-7 2.08123e-5 -5.51925e-5 -9.40214e-5 0.000121068 -3.05095e-5; -0.00391852 0.00171408 -5.51925e-5 0.0215736 0.0115852 -0.0227598 -0.00027401; -0.00218659 0.00103258 -9.40214e-5 0.0115852 0.00689162 -0.0138215 -0.000360063; 0.00587659 -0.00380993 0.000121068 -0.0227598 -0.0138215 0.0324489 0.00427667; 0.00507786 -0.00418267 -3.05095e-5 -0.00027401 -0.000360063 0.00427667 0.00644766]
Loglik: -136584.4864 
Loglik values on different cores:
[-1.36607e5,-136614.0,-1.36587e5,-1.36594e5,-1.36608e5,-1.36613e5,-1.36589e5,-1.36598e5,-1.36603e5,-1.36608e5]
elapsed time: 1746.188059879 seconds
Ending DA-GP-MCMC with adaptive RW estimating 7 parameters
Algorithm: MCWM
Adaptation algorithm: noAdaptation
Prior distribution: Normal
Particle filter: parallel_bootstrap
Time pre-er:  0
Time fit GP model:  0
Time er-part:  1746
Number early-rejections: 549
Number of cases directly to ordinary MH: 147
Number of cases directly to ordinary MH accepted: 35
Number cases in in DA part: 852
Number cases in second stage: 303
Number accepted in second stage: 12
Total number of evaluations of the particle filter: 450
Acceptance rate for ordinary MH accepted: 23.8095
Acceptance rate a_1: 35.5634
Acceptance rate a_2: 3.9604
Acceptance rate a_1*a_2: 1.4085
Acceptance rate a (for entier algorithm): 4.7000
#####################################################################
Iterstion:
4
#####################################################################
Starting DA-GP-MCMC estimating 7 parameters 
MCMC algorithm: MCWM
Adaptation algorithm: noAdaptation
Prior distribution: Normal
Particle filter: parallel_bootstrap, on 10 cores
Nbr particles for particle filter: 200
Covariance - kernel_MH_direct:
[0.00991339 -0.0053033 2.08687e-5 -0.00272119 -0.00151846 0.00408097 0.00352629; -0.0053033 0.00329585 -3.22471e-7 0.00119033 0.000717069 -0.00264579 -0.00290463; 2.08687e-5 -3.22471e-7 1.4453e-5 -3.83281e-5 -6.52926e-5 8.40749e-5 -2.11871e-5; -0.00272119 0.00119033 -3.83281e-5 0.0149816 0.00804527 -0.0158054 -0.000190284; -0.00151846 0.000717069 -6.52926e-5 0.00804527 0.00478585 -0.00959829 -0.000250044; 0.00408097 -0.00264579 8.40749e-5 -0.0158054 -0.00959829 0.022534 0.00296991; 0.00352629 -0.00290463 -2.11871e-5 -0.000190284 -0.000250044 0.00296991 0.00447754]
Iteration: 1
Covariance:
[0.0142753 -0.00763675 3.00509e-5 -0.00391852 -0.00218659 0.00587659 0.00507786; -0.00763675 0.00474602 -4.64358e-7 0.00171408 0.00103258 -0.00380993 -0.00418267; 3.00509e-5 -4.64358e-7 2.08123e-5 -5.51925e-5 -9.40214e-5 0.000121068 -3.05095e-5; -0.00391852 0.00171408 -5.51925e-5 0.0215736 0.0115852 -0.0227598 -0.00027401; -0.00218659 0.00103258 -9.40214e-5 0.0115852 0.00689162 -0.0138215 -0.000360063; 0.00587659 -0.00380993 0.000121068 -0.0227598 -0.0138215 0.0324489 0.00427667; 0.00507786 -0.00418267 -3.05095e-5 -0.00027401 -0.000360063 0.00427667 0.00644766]
Iteration: 1
Covariance:
[0.0142753 -0.00763675 3.00509e-5 -0.00391852 -0.00218659 0.00587659 0.00507786; -0.00763675 0.00474602 -4.64358e-7 0.00171408 0.00103258 -0.00380993 -0.00418267; 3.00509e-5 -4.64358e-7 2.08123e-5 -5.51925e-5 -9.40214e-5 0.000121068 -3.05095e-5; -0.00391852 0.00171408 -5.51925e-5 0.0215736 0.0115852 -0.0227598 -0.00027401; -0.00218659 0.00103258 -9.40214e-5 0.0115852 0.00689162 -0.0138215 -0.000360063; 0.00587659 -0.00380993 0.000121068 -0.0227598 -0.0138215 0.0324489 0.00427667; 0.00507786 -0.00418267 -3.05095e-5 -0.00027401 -0.000360063 0.00427667 0.00644766]
Loglik start: -137063.3420 
Percentage done: 10.00 % 
Acceptance rate on iteration 1 to 100 is 0.0909
Covariance:
[0.0142753 -0.00763675 3.00509e-5 -0.00391852 -0.00218659 0.00587659 0.00507786; -0.00763675 0.00474602 -4.64358e-7 0.00171408 0.00103258 -0.00380993 -0.00418267; 3.00509e-5 -4.64358e-7 2.08123e-5 -5.51925e-5 -9.40214e-5 0.000121068 -3.05095e-5; -0.00391852 0.00171408 -5.51925e-5 0.0215736 0.0115852 -0.0227598 -0.00027401; -0.00218659 0.00103258 -9.40214e-5 0.0115852 0.00689162 -0.0138215 -0.000360063; 0.00587659 -0.00380993 0.000121068 -0.0227598 -0.0138215 0.0324489 0.00427667; 0.00507786 -0.00418267 -3.05095e-5 -0.00027401 -0.000360063 0.00427667 0.00644766]
Loglik: -136736.7115 
Loglik values on different cores:
[-1.36742e5,-1.36767e5,-1.36748e5,-1.36763e5,-1.36751e5,-1.36766e5,-1.3676e5,-136749.0,-1.36759e5,-1.36748e5]
Percentage done: 20.00 % 
Acceptance rate on iteration 101 to 200 is 0.0909
Covariance:
[0.0142753 -0.00763675 3.00509e-5 -0.00391852 -0.00218659 0.00587659 0.00507786; -0.00763675 0.00474602 -4.64358e-7 0.00171408 0.00103258 -0.00380993 -0.00418267; 3.00509e-5 -4.64358e-7 2.08123e-5 -5.51925e-5 -9.40214e-5 0.000121068 -3.05095e-5; -0.00391852 0.00171408 -5.51925e-5 0.0215736 0.0115852 -0.0227598 -0.00027401; -0.00218659 0.00103258 -9.40214e-5 0.0115852 0.00689162 -0.0138215 -0.000360063; 0.00587659 -0.00380993 0.000121068 -0.0227598 -0.0138215 0.0324489 0.00427667; 0.00507786 -0.00418267 -3.05095e-5 -0.00027401 -0.000360063 0.00427667 0.00644766]
Loglik: -136752.6933 
Loglik values on different cores:
[-1.36772e5,-136748.0,-1.36766e5,-1.36748e5,-1.36764e5,-1.3676e5,-1.36762e5,-1.3676e5,-1.36759e5,-1.36767e5]
Percentage done: 30.00 % 
Acceptance rate on iteration 201 to 300 is 0.0303
Covariance:
[0.0142753 -0.00763675 3.00509e-5 -0.00391852 -0.00218659 0.00587659 0.00507786; -0.00763675 0.00474602 -4.64358e-7 0.00171408 0.00103258 -0.00380993 -0.00418267; 3.00509e-5 -4.64358e-7 2.08123e-5 -5.51925e-5 -9.40214e-5 0.000121068 -3.05095e-5; -0.00391852 0.00171408 -5.51925e-5 0.0215736 0.0115852 -0.0227598 -0.00027401; -0.00218659 0.00103258 -9.40214e-5 0.0115852 0.00689162 -0.0138215 -0.000360063; 0.00587659 -0.00380993 0.000121068 -0.0227598 -0.0138215 0.0324489 0.00427667; 0.00507786 -0.00418267 -3.05095e-5 -0.00027401 -0.000360063 0.00427667 0.00644766]
Loglik: -136700.4243 
Loglik values on different cores:
[-1.36706e5,-1.36704e5,-1.36697e5,-1.36713e5,-1.36721e5,-1.36717e5,-1.36711e5,-1.36706e5,-1.36731e5,-1.36705e5]
Percentage done: 40.00 % 
Acceptance rate on iteration 301 to 400 is 0.0505
Covariance:
[0.0142753 -0.00763675 3.00509e-5 -0.00391852 -0.00218659 0.00587659 0.00507786; -0.00763675 0.00474602 -4.64358e-7 0.00171408 0.00103258 -0.00380993 -0.00418267; 3.00509e-5 -4.64358e-7 2.08123e-5 -5.51925e-5 -9.40214e-5 0.000121068 -3.05095e-5; -0.00391852 0.00171408 -5.51925e-5 0.0215736 0.0115852 -0.0227598 -0.00027401; -0.00218659 0.00103258 -9.40214e-5 0.0115852 0.00689162 -0.0138215 -0.000360063; 0.00587659 -0.00380993 0.000121068 -0.0227598 -0.0138215 0.0324489 0.00427667; 0.00507786 -0.00418267 -3.05095e-5 -0.00027401 -0.000360063 0.00427667 0.00644766]
Loglik: -136651.6166 
Loglik values on different cores:
[-1.3668e5,-1.3668e5,-1.36685e5,-136672.0,-1.36674e5,-1.36684e5,-1.36679e5,-1.36672e5,-1.36682e5,-136680.0]
Percentage done: 50.00 % 
Acceptance rate on iteration 401 to 500 is 0.0606
Covariance:
[0.0142753 -0.00763675 3.00509e-5 -0.00391852 -0.00218659 0.00587659 0.00507786; -0.00763675 0.00474602 -4.64358e-7 0.00171408 0.00103258 -0.00380993 -0.00418267; 3.00509e-5 -4.64358e-7 2.08123e-5 -5.51925e-5 -9.40214e-5 0.000121068 -3.05095e-5; -0.00391852 0.00171408 -5.51925e-5 0.0215736 0.0115852 -0.0227598 -0.00027401; -0.00218659 0.00103258 -9.40214e-5 0.0115852 0.00689162 -0.0138215 -0.000360063; 0.00587659 -0.00380993 0.000121068 -0.0227598 -0.0138215 0.0324489 0.00427667; 0.00507786 -0.00418267 -3.05095e-5 -0.00027401 -0.000360063 0.00427667 0.00644766]
Loglik: -136619.2242 
Loglik values on different cores:
[-1.36634e5,-1.36637e5,-1.36629e5,-1.36636e5,-1.36633e5,-136639.0,-1.36614e5,-1.36633e5,-1.36631e5,-1.36632e5]
Percentage done: 60.00 % 
Acceptance rate on iteration 501 to 600 is 0.0303
Covariance:
[0.0142753 -0.00763675 3.00509e-5 -0.00391852 -0.00218659 0.00587659 0.00507786; -0.00763675 0.00474602 -4.64358e-7 0.00171408 0.00103258 -0.00380993 -0.00418267; 3.00509e-5 -4.64358e-7 2.08123e-5 -5.51925e-5 -9.40214e-5 0.000121068 -3.05095e-5; -0.00391852 0.00171408 -5.51925e-5 0.0215736 0.0115852 -0.0227598 -0.00027401; -0.00218659 0.00103258 -9.40214e-5 0.0115852 0.00689162 -0.0138215 -0.000360063; 0.00587659 -0.00380993 0.000121068 -0.0227598 -0.0138215 0.0324489 0.00427667; 0.00507786 -0.00418267 -3.05095e-5 -0.00027401 -0.000360063 0.00427667 0.00644766]
Loglik: -136620.0243 
Loglik values on different cores:
[-1.36635e5,-1.3664e5,-1.36622e5,-1.36626e5,-136641.0,-1.36641e5,-1.36639e5,-1.36646e5,-1.36641e5,-1.36643e5]
Percentage done: 70.00 % 
Acceptance rate on iteration 601 to 700 is 0.0404
Covariance:
[0.0142753 -0.00763675 3.00509e-5 -0.00391852 -0.00218659 0.00587659 0.00507786; -0.00763675 0.00474602 -4.64358e-7 0.00171408 0.00103258 -0.00380993 -0.00418267; 3.00509e-5 -4.64358e-7 2.08123e-5 -5.51925e-5 -9.40214e-5 0.000121068 -3.05095e-5; -0.00391852 0.00171408 -5.51925e-5 0.0215736 0.0115852 -0.0227598 -0.00027401; -0.00218659 0.00103258 -9.40214e-5 0.0115852 0.00689162 -0.0138215 -0.000360063; 0.00587659 -0.00380993 0.000121068 -0.0227598 -0.0138215 0.0324489 0.00427667; 0.00507786 -0.00418267 -3.05095e-5 -0.00027401 -0.000360063 0.00427667 0.00644766]
Loglik: -136599.9797 
Loglik values on different cores:
[-1.36615e5,-136614.0,-1.36611e5,-1.3661e5,-136641.0,-1.36621e5,-1.36609e5,-1.36609e5,-1.36606e5,-1.36614e5]
Percentage done: 80.00 % 
Acceptance rate on iteration 701 to 800 is 0.0101
Covariance:
