test
Mean:
[0.73553; 0.528004; 3.09478; 3.37221; 0.4599; -0.0934874; 0.677957]
Std:
[0.25212; 0.046826; 0.00796601; 0.272535; 0.0662614; 0.105267; 0.0749804]
[0.828503 0.572387 0.438231 0.584613 0.59361 0.604875 0.642232 0.689036 0.472046 0.348844; 0.513859 0.549784 0.552077 0.537688 0.563616 0.521447 0.538732 0.523034 0.571247 0.572327; 3.10641 3.10312 3.10389 3.10535 3.1052 3.10377 3.10071 3.10918 3.09848 3.10257; 3.55641 3.40206 3.25468 3.16646 3.07132 3.61673 3.31522 3.35653 2.96727 2.98849; 0.511542 0.476123 0.436954 0.412722 0.387549 0.526511 0.454302 0.457166 0.366762 0.368999; -0.0603538 -0.0609381 -0.0368956 -0.0276338 0.033234 -0.101714 -0.0376862 -0.0268545 0.0516209 0.0800523; 0.79055 0.731002 0.705909 0.671607 0.689273 0.787183 0.69484 0.762687 0.668035 0.7084; -1.68848e5 -1.68795e5 -1.68798e5 -1.68791e5 -1.68782e5 -168795.0 -1.68796e5 -1.68784e5 -1.68777e5 -1.68854e5]Starting ml estimationLength of training data: 4950Start values for optimization:
[-2.37808e6; -126.477; 22077.2; 1.31665e6; 2.19341e5; -9.05429e5; -3837.87; 10721.7; -242.784; -12128.5; -2.0036e5; -19706.2; -3.52022e5; -5861.14; -5423.75; -2061.15; 583.634; 6.28708; -563.169; -155.89; -3.62429; -227.026; -637.197; 901.778; 169.512; -7836.69; -51931.5; 2.15948e5; 1485.06; -718.374; 1.63351e5; 601.175; -441.642; -18626.0; 11168.2; 6912.42; 3.77017; 3.42359; -1.38332; -3.06713; -4.83693; -1.31528; -2.72977; -2.26441; -2.59695]Iter     Function value   Gradient norm 
     0     3.906878e+04     2.716418e+07
     1     3.890003e+04     8.368637e+06
     2     3.859286e+04     1.545924e+05
     3     3.859290e+04     6.960827e+04
Estimated parameters of the GP model:
Estimated Β:s:
[-2.37808e6,-126.477,22077.2,1.31665e6,2.19341e5,-9.05429e5,-3837.87,10721.7,-242.784,-12128.5,-2.0036e5,-19706.2,-3.52022e5,-5861.14,-5423.75,-2061.15,583.634,6.28708,-563.169,-155.89,-3.62428,-227.026,-637.197,901.778,169.512,-7836.69,-51931.5,2.15948e5,1485.06,-718.374,1.63351e5,601.175,-441.642,-18626.0,11168.2,6912.42]
Estimated log Φ:s:
[3.76989,3.03196,-0.583835,1.87147,9.58051,-0.993293,-1.16993,-0.479729,0.636245]
elapsed time: 988.936250453 seconds
Iterstion:
1
#####################################################################
Starting DA-GP-MCMC estimating 7 parameters 
MCMC algorithm: MCWM
Adaptation algorithm: noAdaptation
Prior distribution: Normal
Particle filter: parallel_bootstrap, on 4 cores
Nbr particles for particle filter: 250
Covariance - kernel_MH_direct:
[0.0342394 -0.00425196 -1.98636e-5 -0.00294421 -0.000796038 0.00221946 0.00466236; -0.00425196 0.00130272 -8.54796e-6 -0.000124312 -2.63369e-5 -0.000606462 -0.0015247; -1.98636e-5 -8.54796e-6 3.43804e-5 -0.000159623 -2.97798e-5 2.72371e-5 9.48485e-6; -0.00294421 -0.000124312 -0.000159623 0.050633 0.0122682 -0.0180828 -0.0014039; -0.000796038 -2.63369e-5 -2.97798e-5 0.0122682 0.00298775 -0.00440038 -0.000340457; 0.00221946 -0.000606462 2.72371e-5 -0.0180828 -0.00440038 0.00814559 0.00215464; 0.00466236 -0.0015247 9.48485e-6 -0.0014039 -0.000340457 0.00215464 0.00354173]
Iteration: 1
Covariance:
[0.0493047 -0.00612283 -2.86036e-5 -0.00423966 -0.00114629 0.00319602 0.00671379; -0.00612283 0.00187592 -1.23091e-5 -0.000179009 -3.79251e-5 -0.000873305 -0.00219557; -2.86036e-5 -1.23091e-5 4.95078e-5 -0.000229858 -4.28828e-5 3.92214e-5 1.36582e-5; -0.00423966 -0.000179009 -0.000229858 0.0729116 0.0176662 -0.0260393 -0.00202162; -0.00114629 -3.79251e-5 -4.28828e-5 0.0176662 0.00430236 -0.00633655 -0.000490258; 0.00319602 -0.000873305 3.92214e-5 -0.0260393 -0.00633655 0.0117297 0.00310268; 0.00671379 -0.00219557 1.36582e-5 -0.00202162 -0.000490258 0.00310268 0.00510008]
Iteration: 1
Covariance:
[0.0493047 -0.00612283 -2.86036e-5 -0.00423966 -0.00114629 0.00319602 0.00671379; -0.00612283 0.00187592 -1.23091e-5 -0.000179009 -3.79251e-5 -0.000873305 -0.00219557; -2.86036e-5 -1.23091e-5 4.95078e-5 -0.000229858 -4.28828e-5 3.92214e-5 1.36582e-5; -0.00423966 -0.000179009 -0.000229858 0.0729116 0.0176662 -0.0260393 -0.00202162; -0.00114629 -3.79251e-5 -4.28828e-5 0.0176662 0.00430236 -0.00633655 -0.000490258; 0.00319602 -0.000873305 3.92214e-5 -0.0260393 -0.00633655 0.0117297 0.00310268; 0.00671379 -0.00219557 1.36582e-5 -0.00202162 -0.000490258 0.00310268 0.00510008]
Loglik start: -168768.1527 
elapsed time: 1164.364267272 seconds
Ending DA-GP-MCMC with adaptive RW estimating 7 parameters
Algorithm: MCWM
Adaptation algorithm: noAdaptation
Prior distribution: Normal
Particle filter: parallel_bootstrap
Time pre-er:  0
Time fit GP model:  0
Time er-part:  1164
Number early-rejections: 684
Number of cases directly to ordinary MH: 159
Number of cases directly to ordinary MH accepted: 21
Number cases in in DA part: 840
Number cases in second stage: 156
Number accepted in second stage: 18
Total number of evaluations of the particle filter: 315
Acceptance rate for ordinary MH accepted: 13.2075
Acceptance rate a_1: 18.5714
Acceptance rate a_2: 11.5385
Acceptance rate a_1*a_2: 2.1429
Acceptance rate a (for entier algorithm): 3.9000
#####################################################################
Iterstion:
2
#####################################################################
Starting DA-GP-MCMC estimating 7 parameters 
MCMC algorithm: MCWM
Adaptation algorithm: noAdaptation
Prior distribution: Normal
Particle filter: parallel_bootstrap, on 4 cores
Nbr particles for particle filter: 250
Covariance - kernel_MH_direct:
[0.0342394 -0.00425196 -1.98636e-5 -0.00294421 -0.000796038 0.00221946 0.00466236; -0.00425196 0.00130272 -8.54796e-6 -0.000124312 -2.63369e-5 -0.000606462 -0.0015247; -1.98636e-5 -8.54796e-6 3.43804e-5 -0.000159623 -2.97798e-5 2.72371e-5 9.48485e-6; -0.00294421 -0.000124312 -0.000159623 0.050633 0.0122682 -0.0180828 -0.0014039; -0.000796038 -2.63369e-5 -2.97798e-5 0.0122682 0.00298775 -0.00440038 -0.000340457; 0.00221946 -0.000606462 2.72371e-5 -0.0180828 -0.00440038 0.00814559 0.00215464; 0.00466236 -0.0015247 9.48485e-6 -0.0014039 -0.000340457 0.00215464 0.00354173]
Iteration: 1
Covariance:
[0.0493047 -0.00612283 -2.86036e-5 -0.00423966 -0.00114629 0.00319602 0.00671379; -0.00612283 0.00187592 -1.23091e-5 -0.000179009 -3.79251e-5 -0.000873305 -0.00219557; -2.86036e-5 -1.23091e-5 4.95078e-5 -0.000229858 -4.28828e-5 3.92214e-5 1.36582e-5; -0.00423966 -0.000179009 -0.000229858 0.0729116 0.0176662 -0.0260393 -0.00202162; -0.00114629 -3.79251e-5 -4.28828e-5 0.0176662 0.00430236 -0.00633655 -0.000490258; 0.00319602 -0.000873305 3.92214e-5 -0.0260393 -0.00633655 0.0117297 0.00310268; 0.00671379 -0.00219557 1.36582e-5 -0.00202162 -0.000490258 0.00310268 0.00510008]
Iteration: 1
Covariance:
[0.0493047 -0.00612283 -2.86036e-5 -0.00423966 -0.00114629 0.00319602 0.00671379; -0.00612283 0.00187592 -1.23091e-5 -0.000179009 -3.79251e-5 -0.000873305 -0.00219557; -2.86036e-5 -1.23091e-5 4.95078e-5 -0.000229858 -4.28828e-5 3.92214e-5 1.36582e-5; -0.00423966 -0.000179009 -0.000229858 0.0729116 0.0176662 -0.0260393 -0.00202162; -0.00114629 -3.79251e-5 -4.28828e-5 0.0176662 0.00430236 -0.00633655 -0.000490258; 0.00319602 -0.000873305 3.92214e-5 -0.0260393 -0.00633655 0.0117297 0.00310268; 0.00671379 -0.00219557 1.36582e-5 -0.00202162 -0.000490258 0.00310268 0.00510008]
Loglik start: -168754.1667 
elapsed time: 1027.79941188 seconds
Ending DA-GP-MCMC with adaptive RW estimating 7 parameters
Algorithm: MCWM
Adaptation algorithm: noAdaptation
Prior distribution: Normal
Particle filter: parallel_bootstrap
Time pre-er:  0
Time fit GP model:  0
Time er-part:  1028
Number early-rejections: 723
Number of cases directly to ordinary MH: 134
Number of cases directly to ordinary MH accepted: 15
Number cases in in DA part: 865
Number cases in second stage: 142
Number accepted in second stage: 13
Total number of evaluations of the particle filter: 276
Acceptance rate for ordinary MH accepted: 11.1940
Acceptance rate a_1: 16.4162
Acceptance rate a_2: 9.1549
Acceptance rate a_1*a_2: 1.5029
Acceptance rate a (for entier algorithm): 2.8000
#####################################################################
Iterstion:
3
#####################################################################
Starting DA-GP-MCMC estimating 7 parameters 
MCMC algorithm: MCWM
Adaptation algorithm: noAdaptation
Prior distribution: Normal
Particle filter: parallel_bootstrap, on 4 cores
Nbr particles for particle filter: 250
Covariance - kernel_MH_direct:
[0.0342394 -0.00425196 -1.98636e-5 -0.00294421 -0.000796038 0.00221946 0.00466236; -0.00425196 0.00130272 -8.54796e-6 -0.000124312 -2.63369e-5 -0.000606462 -0.0015247; -1.98636e-5 -8.54796e-6 3.43804e-5 -0.000159623 -2.97798e-5 2.72371e-5 9.48485e-6; -0.00294421 -0.000124312 -0.000159623 0.050633 0.0122682 -0.0180828 -0.0014039; -0.000796038 -2.63369e-5 -2.97798e-5 0.0122682 0.00298775 -0.00440038 -0.000340457; 0.00221946 -0.000606462 2.72371e-5 -0.0180828 -0.00440038 0.00814559 0.00215464; 0.00466236 -0.0015247 9.48485e-6 -0.0014039 -0.000340457 0.00215464 0.00354173]
Iteration: 1
Covariance:
[0.0493047 -0.00612283 -2.86036e-5 -0.00423966 -0.00114629 0.00319602 0.00671379; -0.00612283 0.00187592 -1.23091e-5 -0.000179009 -3.79251e-5 -0.000873305 -0.00219557; -2.86036e-5 -1.23091e-5 4.95078e-5 -0.000229858 -4.28828e-5 3.92214e-5 1.36582e-5; -0.00423966 -0.000179009 -0.000229858 0.0729116 0.0176662 -0.0260393 -0.00202162; -0.00114629 -3.79251e-5 -4.28828e-5 0.0176662 0.00430236 -0.00633655 -0.000490258; 0.00319602 -0.000873305 3.92214e-5 -0.0260393 -0.00633655 0.0117297 0.00310268; 0.00671379 -0.00219557 1.36582e-5 -0.00202162 -0.000490258 0.00310268 0.00510008]
Iteration: 1
Covariance:
[0.0493047 -0.00612283 -2.86036e-5 -0.00423966 -0.00114629 0.00319602 0.00671379; -0.00612283 0.00187592 -1.23091e-5 -0.000179009 -3.79251e-5 -0.000873305 -0.00219557; -2.86036e-5 -1.23091e-5 4.95078e-5 -0.000229858 -4.28828e-5 3.92214e-5 1.36582e-5; -0.00423966 -0.000179009 -0.000229858 0.0729116 0.0176662 -0.0260393 -0.00202162; -0.00114629 -3.79251e-5 -4.28828e-5 0.0176662 0.00430236 -0.00633655 -0.000490258; 0.00319602 -0.000873305 3.92214e-5 -0.0260393 -0.00633655 0.0117297 0.00310268; 0.00671379 -0.00219557 1.36582e-5 -0.00202162 -0.000490258 0.00310268 0.00510008]
Loglik start: -168738.1049 
elapsed time: 1181.050766713 seconds
Ending DA-GP-MCMC with adaptive RW estimating 7 parameters
Algorithm: MCWM
Adaptation algorithm: noAdaptation
Prior distribution: Normal
Particle filter: parallel_bootstrap
Time pre-er:  0
Time fit GP model:  0
Time er-part:  1181
Number early-rejections: 679
Number of cases directly to ordinary MH: 156
Number of cases directly to ordinary MH accepted: 26
Number cases in in DA part: 843
Number cases in second stage: 164
Number accepted in second stage: 17
Total number of evaluations of the particle filter: 320
Acceptance rate for ordinary MH accepted: 16.6667
Acceptance rate a_1: 19.4543
Acceptance rate a_2: 10.3659
Acceptance rate a_1*a_2: 2.0166
Acceptance rate a (for entier algorithm): 4.3000
#####################################################################
Iterstion:
4
#####################################################################
Starting DA-GP-MCMC estimating 7 parameters 
MCMC algorithm: MCWM
Adaptation algorithm: noAdaptation
Prior distribution: Normal
Particle filter: parallel_bootstrap, on 4 cores
Nbr particles for particle filter: 250
Covariance - kernel_MH_direct:
[0.0342394 -0.00425196 -1.98636e-5 -0.00294421 -0.000796038 0.00221946 0.00466236; -0.00425196 0.00130272 -8.54796e-6 -0.000124312 -2.63369e-5 -0.000606462 -0.0015247; -1.98636e-5 -8.54796e-6 3.43804e-5 -0.000159623 -2.97798e-5 2.72371e-5 9.48485e-6; -0.00294421 -0.000124312 -0.000159623 0.050633 0.0122682 -0.0180828 -0.0014039; -0.000796038 -2.63369e-5 -2.97798e-5 0.0122682 0.00298775 -0.00440038 -0.000340457; 0.00221946 -0.000606462 2.72371e-5 -0.0180828 -0.00440038 0.00814559 0.00215464; 0.00466236 -0.0015247 9.48485e-6 -0.0014039 -0.000340457 0.00215464 0.00354173]
Iteration: 1
Covariance:
[0.0493047 -0.00612283 -2.86036e-5 -0.00423966 -0.00114629 0.00319602 0.00671379; -0.00612283 0.00187592 -1.23091e-5 -0.000179009 -3.79251e-5 -0.000873305 -0.00219557; -2.86036e-5 -1.23091e-5 4.95078e-5 -0.000229858 -4.28828e-5 3.92214e-5 1.36582e-5; -0.00423966 -0.000179009 -0.000229858 0.0729116 0.0176662 -0.0260393 -0.00202162; -0.00114629 -3.79251e-5 -4.28828e-5 0.0176662 0.00430236 -0.00633655 -0.000490258; 0.00319602 -0.000873305 3.92214e-5 -0.0260393 -0.00633655 0.0117297 0.00310268; 0.00671379 -0.00219557 1.36582e-5 -0.00202162 -0.000490258 0.00310268 0.00510008]
Iteration: 1
Covariance:
[0.0493047 -0.00612283 -2.86036e-5 -0.00423966 -0.00114629 0.00319602 0.00671379; -0.00612283 0.00187592 -1.23091e-5 -0.000179009 -3.79251e-5 -0.000873305 -0.00219557; -2.86036e-5 -1.23091e-5 4.95078e-5 -0.000229858 -4.28828e-5 3.92214e-5 1.36582e-5; -0.00423966 -0.000179009 -0.000229858 0.0729116 0.0176662 -0.0260393 -0.00202162; -0.00114629 -3.79251e-5 -4.28828e-5 0.0176662 0.00430236 -0.00633655 -0.000490258; 0.00319602 -0.000873305 3.92214e-5 -0.0260393 -0.00633655 0.0117297 0.00310268; 0.00671379 -0.00219557 1.36582e-5 -0.00202162 -0.000490258 0.00310268 0.00510008]
Loglik start: -168730.5335 
elapsed time: 1224.345122351 seconds
Ending DA-GP-MCMC with adaptive RW estimating 7 parameters
Algorithm: MCWM
Adaptation algorithm: noAdaptation
Prior distribution: Normal
Particle filter: parallel_bootstrap
Time pre-er:  0
Time fit GP model:  0
Time er-part:  1224
Number early-rejections: 667
Number of cases directly to ordinary MH: 157
Number of cases directly to ordinary MH accepted: 22
Number cases in in DA part: 842
Number cases in second stage: 175
Number accepted in second stage: 16
Total number of evaluations of the particle filter: 332
Acceptance rate for ordinary MH accepted: 14.0127
Acceptance rate a_1: 20.7838
Acceptance rate a_2: 9.1429
Acceptance rate a_1*a_2: 1.9002
Acceptance rate a (for entier algorithm): 3.8000
#####################################################################
Iterstion:
5
#####################################################################
Starting DA-GP-MCMC estimating 7 parameters 
MCMC algorithm: MCWM
Adaptation algorithm: noAdaptation
Prior distribution: Normal
Particle filter: parallel_bootstrap, on 4 cores
Nbr particles for particle filter: 250
Covariance - kernel_MH_direct:
[0.0342394 -0.00425196 -1.98636e-5 -0.00294421 -0.000796038 0.00221946 0.00466236; -0.00425196 0.00130272 -8.54796e-6 -0.000124312 -2.63369e-5 -0.000606462 -0.0015247; -1.98636e-5 -8.54796e-6 3.43804e-5 -0.000159623 -2.97798e-5 2.72371e-5 9.48485e-6; -0.00294421 -0.000124312 -0.000159623 0.050633 0.0122682 -0.0180828 -0.0014039; -0.000796038 -2.63369e-5 -2.97798e-5 0.0122682 0.00298775 -0.00440038 -0.000340457; 0.00221946 -0.000606462 2.72371e-5 -0.0180828 -0.00440038 0.00814559 0.00215464; 0.00466236 -0.0015247 9.48485e-6 -0.0014039 -0.000340457 0.00215464 0.00354173]
Iteration: 1
Covariance:
[0.0493047 -0.00612283 -2.86036e-5 -0.00423966 -0.00114629 0.00319602 0.00671379; -0.00612283 0.00187592 -1.23091e-5 -0.000179009 -3.79251e-5 -0.000873305 -0.00219557; -2.86036e-5 -1.23091e-5 4.95078e-5 -0.000229858 -4.28828e-5 3.92214e-5 1.36582e-5; -0.00423966 -0.000179009 -0.000229858 0.0729116 0.0176662 -0.0260393 -0.00202162; -0.00114629 -3.79251e-5 -4.28828e-5 0.0176662 0.00430236 -0.00633655 -0.000490258; 0.00319602 -0.000873305 3.92214e-5 -0.0260393 -0.00633655 0.0117297 0.00310268; 0.00671379 -0.00219557 1.36582e-5 -0.00202162 -0.000490258 0.00310268 0.00510008]
Iteration: 1
Covariance:
[0.0493047 -0.00612283 -2.86036e-5 -0.00423966 -0.00114629 0.00319602 0.00671379; -0.00612283 0.00187592 -1.23091e-5 -0.000179009 -3.79251e-5 -0.000873305 -0.00219557; -2.86036e-5 -1.23091e-5 4.95078e-5 -0.000229858 -4.28828e-5 3.92214e-5 1.36582e-5; -0.00423966 -0.000179009 -0.000229858 0.0729116 0.0176662 -0.0260393 -0.00202162; -0.00114629 -3.79251e-5 -4.28828e-5 0.0176662 0.00430236 -0.00633655 -0.000490258; 0.00319602 -0.000873305 3.92214e-5 -0.0260393 -0.00633655 0.0117297 0.00310268; 0.00671379 -0.00219557 1.36582e-5 -0.00202162 -0.000490258 0.00310268 0.00510008]
Loglik start: -168750.3146 
elapsed time: 1142.528619405 seconds
Ending DA-GP-MCMC with adaptive RW estimating 7 parameters
Algorithm: MCWM
Adaptation algorithm: noAdaptation
Prior distribution: Normal
Particle filter: parallel_bootstrap
Time pre-er:  0
Time fit GP model:  0
Time er-part:  1143
Number early-rejections: 690
Number of cases directly to ordinary MH: 153
Number of cases directly to ordinary MH accepted: 19
Number cases in in DA part: 846
Number cases in second stage: 156
Number accepted in second stage: 22
Total number of evaluations of the particle filter: 309
Acceptance rate for ordinary MH accepted: 12.4183
Acceptance rate a_1: 18.4397
Acceptance rate a_2: 14.1026
Acceptance rate a_1*a_2: 2.6005
Acceptance rate a (for entier algorithm): 4.1000
#####################################################################
Iterstion:
6
#####################################################################
Starting DA-GP-MCMC estimating 7 parameters 
MCMC algorithm: MCWM
Adaptation algorithm: noAdaptation
Prior distribution: Normal
Particle filter: parallel_bootstrap, on 4 cores
Nbr particles for particle filter: 250
Covariance - kernel_MH_direct:
[0.0342394 -0.00425196 -1.98636e-5 -0.00294421 -0.000796038 0.00221946 0.00466236; -0.00425196 0.00130272 -8.54796e-6 -0.000124312 -2.63369e-5 -0.000606462 -0.0015247; -1.98636e-5 -8.54796e-6 3.43804e-5 -0.000159623 -2.97798e-5 2.72371e-5 9.48485e-6; -0.00294421 -0.000124312 -0.000159623 0.050633 0.0122682 -0.0180828 -0.0014039; -0.000796038 -2.63369e-5 -2.97798e-5 0.0122682 0.00298775 -0.00440038 -0.000340457; 0.00221946 -0.000606462 2.72371e-5 -0.0180828 -0.00440038 0.00814559 0.00215464; 0.00466236 -0.0015247 9.48485e-6 -0.0014039 -0.000340457 0.00215464 0.00354173]
Iteration: 1
Covariance:
[0.0493047 -0.00612283 -2.86036e-5 -0.00423966 -0.00114629 0.00319602 0.00671379; -0.00612283 0.00187592 -1.23091e-5 -0.000179009 -3.79251e-5 -0.000873305 -0.00219557; -2.86036e-5 -1.23091e-5 4.95078e-5 -0.000229858 -4.28828e-5 3.92214e-5 1.36582e-5; -0.00423966 -0.000179009 -0.000229858 0.0729116 0.0176662 -0.0260393 -0.00202162; -0.00114629 -3.79251e-5 -4.28828e-5 0.0176662 0.00430236 -0.00633655 -0.000490258; 0.00319602 -0.000873305 3.92214e-5 -0.0260393 -0.00633655 0.0117297 0.00310268; 0.00671379 -0.00219557 1.36582e-5 -0.00202162 -0.000490258 0.00310268 0.00510008]
Iteration: 1
Covariance:
[0.0493047 -0.00612283 -2.86036e-5 -0.00423966 -0.00114629 0.00319602 0.00671379; -0.00612283 0.00187592 -1.23091e-5 -0.000179009 -3.79251e-5 -0.000873305 -0.00219557; -2.86036e-5 -1.23091e-5 4.95078e-5 -0.000229858 -4.28828e-5 3.92214e-5 1.36582e-5; -0.00423966 -0.000179009 -0.000229858 0.0729116 0.0176662 -0.0260393 -0.00202162; -0.00114629 -3.79251e-5 -4.28828e-5 0.0176662 0.00430236 -0.00633655 -0.000490258; 0.00319602 -0.000873305 3.92214e-5 -0.0260393 -0.00633655 0.0117297 0.00310268; 0.00671379 -0.00219557 1.36582e-5 -0.00202162 -0.000490258 0.00310268 0.00510008]
Loglik start: -168777.8336 
elapsed time: 1097.122350265 seconds
Ending DA-GP-MCMC with adaptive RW estimating 7 parameters
Algorithm: MCWM
Adaptation algorithm: noAdaptation
Prior distribution: Normal
Particle filter: parallel_bootstrap
Time pre-er:  0
Time fit GP model:  0
Time er-part:  1097
Number early-rejections: 704
Number of cases directly to ordinary MH: 131
Number of cases directly to ordinary MH accepted: 21
Number cases in in DA part: 868
Number cases in second stage: 164
Number accepted in second stage: 14
Total number of evaluations of the particle filter: 295
Acceptance rate for ordinary MH accepted: 16.0305
Acceptance rate a_1: 18.8940
Acceptance rate a_2: 8.5366
Acceptance rate a_1*a_2: 1.6129
Acceptance rate a (for entier algorithm): 3.5000
#####################################################################
Iterstion:
7
#####################################################################
Starting DA-GP-MCMC estimating 7 parameters 
MCMC algorithm: MCWM
Adaptation algorithm: noAdaptation
Prior distribution: Normal
Particle filter: parallel_bootstrap, on 4 cores
Nbr particles for particle filter: 250
Covariance - kernel_MH_direct:
[0.0342394 -0.00425196 -1.98636e-5 -0.00294421 -0.000796038 0.00221946 0.00466236; -0.00425196 0.00130272 -8.54796e-6 -0.000124312 -2.63369e-5 -0.000606462 -0.0015247; -1.98636e-5 -8.54796e-6 3.43804e-5 -0.000159623 -2.97798e-5 2.72371e-5 9.48485e-6; -0.00294421 -0.000124312 -0.000159623 0.050633 0.0122682 -0.0180828 -0.0014039; -0.000796038 -2.63369e-5 -2.97798e-5 0.0122682 0.00298775 -0.00440038 -0.000340457; 0.00221946 -0.000606462 2.72371e-5 -0.0180828 -0.00440038 0.00814559 0.00215464; 0.00466236 -0.0015247 9.48485e-6 -0.0014039 -0.000340457 0.00215464 0.00354173]
Iteration: 1
Covariance:
[0.0493047 -0.00612283 -2.86036e-5 -0.00423966 -0.00114629 0.00319602 0.00671379; -0.00612283 0.00187592 -1.23091e-5 -0.000179009 -3.79251e-5 -0.000873305 -0.00219557; -2.86036e-5 -1.23091e-5 4.95078e-5 -0.000229858 -4.28828e-5 3.92214e-5 1.36582e-5; -0.00423966 -0.000179009 -0.000229858 0.0729116 0.0176662 -0.0260393 -0.00202162; -0.00114629 -3.79251e-5 -4.28828e-5 0.0176662 0.00430236 -0.00633655 -0.000490258; 0.00319602 -0.000873305 3.92214e-5 -0.0260393 -0.00633655 0.0117297 0.00310268; 0.00671379 -0.00219557 1.36582e-5 -0.00202162 -0.000490258 0.00310268 0.00510008]
Iteration: 1
Covariance:
[0.0493047 -0.00612283 -2.86036e-5 -0.00423966 -0.00114629 0.00319602 0.00671379; -0.00612283 0.00187592 -1.23091e-5 -0.000179009 -3.79251e-5 -0.000873305 -0.00219557; -2.86036e-5 -1.23091e-5 4.95078e-5 -0.000229858 -4.28828e-5 3.92214e-5 1.36582e-5; -0.00423966 -0.000179009 -0.000229858 0.0729116 0.0176662 -0.0260393 -0.00202162; -0.00114629 -3.79251e-5 -4.28828e-5 0.0176662 0.00430236 -0.00633655 -0.000490258; 0.00319602 -0.000873305 3.92214e-5 -0.0260393 -0.00633655 0.0117297 0.00310268; 0.00671379 -0.00219557 1.36582e-5 -0.00202162 -0.000490258 0.00310268 0.00510008]
Loglik start: -168788.4317 
elapsed time: 1127.21011068 seconds
Ending DA-GP-MCMC with adaptive RW estimating 7 parameters
Algorithm: MCWM
Adaptation algorithm: noAdaptation
Prior distribution: Normal
Particle filter: parallel_bootstrap
Time pre-er:  0
Time fit GP model:  0
Time er-part:  1127
Number early-rejections: 701
Number of cases directly to ordinary MH: 146
Number of cases directly to ordinary MH accepted: 17
Number cases in in DA part: 853
Number cases in second stage: 152
Number accepted in second stage: 11
Total number of evaluations of the particle filter: 298
Acceptance rate for ordinary MH accepted: 11.6438
Acceptance rate a_1: 17.8195
Acceptance rate a_2: 7.2368
Acceptance rate a_1*a_2: 1.2896
Acceptance rate a (for entier algorithm): 2.8000
#####################################################################
Iterstion:
8
#####################################################################
Starting DA-GP-MCMC estimating 7 parameters 
MCMC algorithm: MCWM
Adaptation algorithm: noAdaptation
Prior distribution: Normal
Particle filter: parallel_bootstrap, on 4 cores
Nbr particles for particle filter: 250
Covariance - kernel_MH_direct:
[0.0342394 -0.00425196 -1.98636e-5 -0.00294421 -0.000796038 0.00221946 0.00466236; -0.00425196 0.00130272 -8.54796e-6 -0.000124312 -2.63369e-5 -0.000606462 -0.0015247; -1.98636e-5 -8.54796e-6 3.43804e-5 -0.000159623 -2.97798e-5 2.72371e-5 9.48485e-6; -0.00294421 -0.000124312 -0.000159623 0.050633 0.0122682 -0.0180828 -0.0014039; -0.000796038 -2.63369e-5 -2.97798e-5 0.0122682 0.00298775 -0.00440038 -0.000340457; 0.00221946 -0.000606462 2.72371e-5 -0.0180828 -0.00440038 0.00814559 0.00215464; 0.00466236 -0.0015247 9.48485e-6 -0.0014039 -0.000340457 0.00215464 0.00354173]
Iteration: 1
Covariance:
[0.0493047 -0.00612283 -2.86036e-5 -0.00423966 -0.00114629 0.00319602 0.00671379; -0.00612283 0.00187592 -1.23091e-5 -0.000179009 -3.79251e-5 -0.000873305 -0.00219557; -2.86036e-5 -1.23091e-5 4.95078e-5 -0.000229858 -4.28828e-5 3.92214e-5 1.36582e-5; -0.00423966 -0.000179009 -0.000229858 0.0729116 0.0176662 -0.0260393 -0.00202162; -0.00114629 -3.79251e-5 -4.28828e-5 0.0176662 0.00430236 -0.00633655 -0.000490258; 0.00319602 -0.000873305 3.92214e-5 -0.0260393 -0.00633655 0.0117297 0.00310268; 0.00671379 -0.00219557 1.36582e-5 -0.00202162 -0.000490258 0.00310268 0.00510008]
Iteration: 1
Covariance:
[0.0493047 -0.00612283 -2.86036e-5 -0.00423966 -0.00114629 0.00319602 0.00671379; -0.00612283 0.00187592 -1.23091e-5 -0.000179009 -3.79251e-5 -0.000873305 -0.00219557; -2.86036e-5 -1.23091e-5 4.95078e-5 -0.000229858 -4.28828e-5 3.92214e-5 1.36582e-5; -0.00423966 -0.000179009 -0.000229858 0.0729116 0.0176662 -0.0260393 -0.00202162; -0.00114629 -3.79251e-5 -4.28828e-5 0.0176662 0.00430236 -0.00633655 -0.000490258; 0.00319602 -0.000873305 3.92214e-5 -0.0260393 -0.00633655 0.0117297 0.00310268; 0.00671379 -0.00219557 1.36582e-5 -0.00202162 -0.000490258 0.00310268 0.00510008]
Loglik start: -168746.9948 
elapsed time: 1099.691125942 seconds
Ending DA-GP-MCMC with adaptive RW estimating 7 parameters
Algorithm: MCWM
Adaptation algorithm: noAdaptation
Prior distribution: Normal
Particle filter: parallel_bootstrap
Time pre-er:  0
Time fit GP model:  0
Time er-part:  1100
Number early-rejections: 704
Number of cases directly to ordinary MH: 157
Number of cases directly to ordinary MH accepted: 24
Number cases in in DA part: 842
Number cases in second stage: 138
Number accepted in second stage: 10
Total number of evaluations of the particle filter: 295
Acceptance rate for ordinary MH accepted: 15.2866
Acceptance rate a_1: 16.3895
Acceptance rate a_2: 7.2464
Acceptance rate a_1*a_2: 1.1876
Acceptance rate a (for entier algorithm): 3.4000
#####################################################################
Iterstion:
9
#####################################################################
Starting DA-GP-MCMC estimating 7 parameters 
MCMC algorithm: MCWM
Adaptation algorithm: noAdaptation
Prior distribution: Normal
Particle filter: parallel_bootstrap, on 4 cores
Nbr particles for particle filter: 250
Covariance - kernel_MH_direct:
[0.0342394 -0.00425196 -1.98636e-5 -0.00294421 -0.000796038 0.00221946 0.00466236; -0.00425196 0.00130272 -8.54796e-6 -0.000124312 -2.63369e-5 -0.000606462 -0.0015247; -1.98636e-5 -8.54796e-6 3.43804e-5 -0.000159623 -2.97798e-5 2.72371e-5 9.48485e-6; -0.00294421 -0.000124312 -0.000159623 0.050633 0.0122682 -0.0180828 -0.0014039; -0.000796038 -2.63369e-5 -2.97798e-5 0.0122682 0.00298775 -0.00440038 -0.000340457; 0.00221946 -0.000606462 2.72371e-5 -0.0180828 -0.00440038 0.00814559 0.00215464; 0.00466236 -0.0015247 9.48485e-6 -0.0014039 -0.000340457 0.00215464 0.00354173]
Iteration: 1
Covariance:
[0.0493047 -0.00612283 -2.86036e-5 -0.00423966 -0.00114629 0.00319602 0.00671379; -0.00612283 0.00187592 -1.23091e-5 -0.000179009 -3.79251e-5 -0.000873305 -0.00219557; -2.86036e-5 -1.23091e-5 4.95078e-5 -0.000229858 -4.28828e-5 3.92214e-5 1.36582e-5; -0.00423966 -0.000179009 -0.000229858 0.0729116 0.0176662 -0.0260393 -0.00202162; -0.00114629 -3.79251e-5 -4.28828e-5 0.0176662 0.00430236 -0.00633655 -0.000490258; 0.00319602 -0.000873305 3.92214e-5 -0.0260393 -0.00633655 0.0117297 0.00310268; 0.00671379 -0.00219557 1.36582e-5 -0.00202162 -0.000490258 0.00310268 0.00510008]
Iteration: 1
Covariance:
[0.0493047 -0.00612283 -2.86036e-5 -0.00423966 -0.00114629 0.00319602 0.00671379; -0.00612283 0.00187592 -1.23091e-5 -0.000179009 -3.79251e-5 -0.000873305 -0.00219557; -2.86036e-5 -1.23091e-5 4.95078e-5 -0.000229858 -4.28828e-5 3.92214e-5 1.36582e-5; -0.00423966 -0.000179009 -0.000229858 0.0729116 0.0176662 -0.0260393 -0.00202162; -0.00114629 -3.79251e-5 -4.28828e-5 0.0176662 0.00430236 -0.00633655 -0.000490258; 0.00319602 -0.000873305 3.92214e-5 -0.0260393 -0.00633655 0.0117297 0.00310268; 0.00671379 -0.00219557 1.36582e-5 -0.00202162 -0.000490258 0.00310268 0.00510008]
Loglik start: -168739.2728 
elapsed time: 1037.28107299 seconds
Ending DA-GP-MCMC with adaptive RW estimating 7 parameters
Algorithm: MCWM
Adaptation algorithm: noAdaptation
Prior distribution: Normal
Particle filter: parallel_bootstrap
Time pre-er:  0
Time fit GP model:  0
Time er-part:  1037
Number early-rejections: 721
Number of cases directly to ordinary MH: 126
Number of cases directly to ordinary MH accepted: 16
Number cases in in DA part: 873
Number cases in second stage: 152
Number accepted in second stage: 12
Total number of evaluations of the particle filter: 278
Acceptance rate for ordinary MH accepted: 12.6984
Acceptance rate a_1: 17.4112
Acceptance rate a_2: 7.8947
Acceptance rate a_1*a_2: 1.3746
Acceptance rate a (for entier algorithm): 2.8000
#####################################################################
Iterstion:
10
#####################################################################
Starting DA-GP-MCMC estimating 7 parameters 
MCMC algorithm: MCWM
Adaptation algorithm: noAdaptation
Prior distribution: Normal
Particle filter: parallel_bootstrap, on 4 cores
Nbr particles for particle filter: 250
Covariance - kernel_MH_direct:
[0.0342394 -0.00425196 -1.98636e-5 -0.00294421 -0.000796038 0.00221946 0.00466236; -0.00425196 0.00130272 -8.54796e-6 -0.000124312 -2.63369e-5 -0.000606462 -0.0015247; -1.98636e-5 -8.54796e-6 3.43804e-5 -0.000159623 -2.97798e-5 2.72371e-5 9.48485e-6; -0.00294421 -0.000124312 -0.000159623 0.050633 0.0122682 -0.0180828 -0.0014039; -0.000796038 -2.63369e-5 -2.97798e-5 0.0122682 0.00298775 -0.00440038 -0.000340457; 0.00221946 -0.000606462 2.72371e-5 -0.0180828 -0.00440038 0.00814559 0.00215464; 0.00466236 -0.0015247 9.48485e-6 -0.0014039 -0.000340457 0.00215464 0.00354173]
Iteration: 1
Covariance:
[0.0493047 -0.00612283 -2.86036e-5 -0.00423966 -0.00114629 0.00319602 0.00671379; -0.00612283 0.00187592 -1.23091e-5 -0.000179009 -3.79251e-5 -0.000873305 -0.00219557; -2.86036e-5 -1.23091e-5 4.95078e-5 -0.000229858 -4.28828e-5 3.92214e-5 1.36582e-5; -0.00423966 -0.000179009 -0.000229858 0.0729116 0.0176662 -0.0260393 -0.00202162; -0.00114629 -3.79251e-5 -4.28828e-5 0.0176662 0.00430236 -0.00633655 -0.000490258; 0.00319602 -0.000873305 3.92214e-5 -0.0260393 -0.00633655 0.0117297 0.00310268; 0.00671379 -0.00219557 1.36582e-5 -0.00202162 -0.000490258 0.00310268 0.00510008]
Iteration: 1
Covariance:
[0.0493047 -0.00612283 -2.86036e-5 -0.00423966 -0.00114629 0.00319602 0.00671379; -0.00612283 0.00187592 -1.23091e-5 -0.000179009 -3.79251e-5 -0.000873305 -0.00219557; -2.86036e-5 -1.23091e-5 4.95078e-5 -0.000229858 -4.28828e-5 3.92214e-5 1.36582e-5; -0.00423966 -0.000179009 -0.000229858 0.0729116 0.0176662 -0.0260393 -0.00202162; -0.00114629 -3.79251e-5 -4.28828e-5 0.0176662 0.00430236 -0.00633655 -0.000490258; 0.00319602 -0.000873305 3.92214e-5 -0.0260393 -0.00633655 0.0117297 0.00310268; 0.00671379 -0.00219557 1.36582e-5 -0.00202162 -0.000490258 0.00310268 0.00510008]
Loglik start: -168740.7329 
elapsed time: 1032.370798401 seconds
Ending DA-GP-MCMC with adaptive RW estimating 7 parameters
Algorithm: MCWM
Adaptation algorithm: noAdaptation
Prior distribution: Normal
Particle filter: parallel_bootstrap
Time pre-er:  0
Time fit GP model:  0
Time er-part:  1032
Number early-rejections: 722
Number of cases directly to ordinary MH: 150
Number of cases directly to ordinary MH accepted: 28
Number cases in in DA part: 849
Number cases in second stage: 127
Number accepted in second stage: 10
Total number of evaluations of the particle filter: 277
Acceptance rate for ordinary MH accepted: 18.6667
Acceptance rate a_1: 14.9588
Acceptance rate a_2: 7.8740
Acceptance rate a_1*a_2: 1.1779
Acceptance rate a (for entier algorithm): 3.8000
#####################################################################
Iterstion:
11
#####################################################################
Starting DA-GP-MCMC estimating 7 parameters 
MCMC algorithm: MCWM
Adaptation algorithm: noAdaptation
Prior distribution: Normal
Particle filter: parallel_bootstrap, on 4 cores
Nbr particles for particle filter: 250
Covariance - kernel_MH_direct:
[0.0342394 -0.00425196 -1.98636e-5 -0.00294421 -0.000796038 0.00221946 0.00466236; -0.00425196 0.00130272 -8.54796e-6 -0.000124312 -2.63369e-5 -0.000606462 -0.0015247; -1.98636e-5 -8.54796e-6 3.43804e-5 -0.000159623 -2.97798e-5 2.72371e-5 9.48485e-6; -0.00294421 -0.000124312 -0.000159623 0.050633 0.0122682 -0.0180828 -0.0014039; -0.000796038 -2.63369e-5 -2.97798e-5 0.0122682 0.00298775 -0.00440038 -0.000340457; 0.00221946 -0.000606462 2.72371e-5 -0.0180828 -0.00440038 0.00814559 0.00215464; 0.00466236 -0.0015247 9.48485e-6 -0.0014039 -0.000340457 0.00215464 0.00354173]
Iteration: 1
Covariance:
[0.0493047 -0.00612283 -2.86036e-5 -0.00423966 -0.00114629 0.00319602 0.00671379; -0.00612283 0.00187592 -1.23091e-5 -0.000179009 -3.79251e-5 -0.000873305 -0.00219557; -2.86036e-5 -1.23091e-5 4.95078e-5 -0.000229858 -4.28828e-5 3.92214e-5 1.36582e-5; -0.00423966 -0.000179009 -0.000229858 0.0729116 0.0176662 -0.0260393 -0.00202162; -0.00114629 -3.79251e-5 -4.28828e-5 0.0176662 0.00430236 -0.00633655 -0.000490258; 0.00319602 -0.000873305 3.92214e-5 -0.0260393 -0.00633655 0.0117297 0.00310268; 0.00671379 -0.00219557 1.36582e-5 -0.00202162 -0.000490258 0.00310268 0.00510008]
Iteration: 1
Covariance:
[0.0493047 -0.00612283 -2.86036e-5 -0.00423966 -0.00114629 0.00319602 0.00671379; -0.00612283 0.00187592 -1.23091e-5 -0.000179009 -3.79251e-5 -0.000873305 -0.00219557; -2.86036e-5 -1.23091e-5 4.95078e-5 -0.000229858 -4.28828e-5 3.92214e-5 1.36582e-5; -0.00423966 -0.000179009 -0.000229858 0.0729116 0.0176662 -0.0260393 -0.00202162; -0.00114629 -3.79251e-5 -4.28828e-5 0.0176662 0.00430236 -0.00633655 -0.000490258; 0.00319602 -0.000873305 3.92214e-5 -0.0260393 -0.00633655 0.0117297 0.00310268; 0.00671379 -0.00219557 1.36582e-5 -0.00202162 -0.000490258 0.00310268 0.00510008]
Loglik start: -168764.6674 
elapsed time: 1084.578869757 seconds
Ending DA-GP-MCMC with adaptive RW estimating 7 parameters
Algorithm: MCWM
Adaptation algorithm: noAdaptation
Prior distribution: Normal
Particle filter: parallel_bootstrap
Time pre-er:  0
Time fit GP model:  0
Time er-part:  1085
Number early-rejections: 707
Number of cases directly to ordinary MH: 158
Number of cases directly to ordinary MH accepted: 15
Number cases in in DA part: 841
Number cases in second stage: 134
Number accepted in second stage: 11
Total number of evaluations of the particle filter: 292
Acceptance rate for ordinary MH accepted: 9.4937
Acceptance rate a_1: 15.9334
Acceptance rate a_2: 8.2090
Acceptance rate a_1*a_2: 1.3080
Acceptance rate a (for entier algorithm): 2.6000
#####################################################################
Iterstion:
12
#####################################################################
Starting DA-GP-MCMC estimating 7 parameters 
MCMC algorithm: MCWM
Adaptation algorithm: noAdaptation
Prior distribution: Normal
Particle filter: parallel_bootstrap, on 4 cores
Nbr particles for particle filter: 250
Covariance - kernel_MH_direct:
[0.0342394 -0.00425196 -1.98636e-5 -0.00294421 -0.000796038 0.00221946 0.00466236; -0.00425196 0.00130272 -8.54796e-6 -0.000124312 -2.63369e-5 -0.000606462 -0.0015247; -1.98636e-5 -8.54796e-6 3.43804e-5 -0.000159623 -2.97798e-5 2.72371e-5 9.48485e-6; -0.00294421 -0.000124312 -0.000159623 0.050633 0.0122682 -0.0180828 -0.0014039; -0.000796038 -2.63369e-5 -2.97798e-5 0.0122682 0.00298775 -0.00440038 -0.000340457; 0.00221946 -0.000606462 2.72371e-5 -0.0180828 -0.00440038 0.00814559 0.00215464; 0.00466236 -0.0015247 9.48485e-6 -0.0014039 -0.000340457 0.00215464 0.00354173]
Iteration: 1
Covariance:
[0.0493047 -0.00612283 -2.86036e-5 -0.00423966 -0.00114629 0.00319602 0.00671379; -0.00612283 0.00187592 -1.23091e-5 -0.000179009 -3.79251e-5 -0.000873305 -0.00219557; -2.86036e-5 -1.23091e-5 4.95078e-5 -0.000229858 -4.28828e-5 3.92214e-5 1.36582e-5; -0.00423966 -0.000179009 -0.000229858 0.0729116 0.0176662 -0.0260393 -0.00202162; -0.00114629 -3.79251e-5 -4.28828e-5 0.0176662 0.00430236 -0.00633655 -0.000490258; 0.00319602 -0.000873305 3.92214e-5 -0.0260393 -0.00633655 0.0117297 0.00310268; 0.00671379 -0.00219557 1.36582e-5 -0.00202162 -0.000490258 0.00310268 0.00510008]
Iteration: 1
Covariance:
[0.0493047 -0.00612283 -2.86036e-5 -0.00423966 -0.00114629 0.00319602 0.00671379; -0.00612283 0.00187592 -1.23091e-5 -0.000179009 -3.79251e-5 -0.000873305 -0.00219557; -2.86036e-5 -1.23091e-5 4.95078e-5 -0.000229858 -4.28828e-5 3.92214e-5 1.36582e-5; -0.00423966 -0.000179009 -0.000229858 0.0729116 0.0176662 -0.0260393 -0.00202162; -0.00114629 -3.79251e-5 -4.28828e-5 0.0176662 0.00430236 -0.00633655 -0.000490258; 0.00319602 -0.000873305 3.92214e-5 -0.0260393 -0.00633655 0.0117297 0.00310268; 0.00671379 -0.00219557 1.36582e-5 -0.00202162 -0.000490258 0.00310268 0.00510008]
Loglik start: -168759.2814 
elapsed time: 1082.068494984 seconds
Ending DA-GP-MCMC with adaptive RW estimating 7 parameters
Algorithm: MCWM
Adaptation algorithm: noAdaptation
Prior distribution: Normal
Particle filter: parallel_bootstrap
Time pre-er:  0
Time fit GP model:  0
Time er-part:  1082
Number early-rejections: 708
Number of cases directly to ordinary MH: 139
Number of cases directly to ordinary MH accepted: 15
Number cases in in DA part: 860
Number cases in second stage: 152
Number accepted in second stage: 17
Total number of evaluations of the particle filter: 291
Acceptance rate for ordinary MH accepted: 10.7914
Acceptance rate a_1: 17.6744
Acceptance rate a_2: 11.1842
Acceptance rate a_1*a_2: 1.9767
Acceptance rate a (for entier algorithm): 3.2000
#####################################################################
Iterstion:
13
#####################################################################
Starting DA-GP-MCMC estimating 7 parameters 
MCMC algorithm: MCWM
Adaptation algorithm: noAdaptation
Prior distribution: Normal
Particle filter: parallel_bootstrap, on 4 cores
Nbr particles for particle filter: 250
Covariance - kernel_MH_direct:
[0.0342394 -0.00425196 -1.98636e-5 -0.00294421 -0.000796038 0.00221946 0.00466236; -0.00425196 0.00130272 -8.54796e-6 -0.000124312 -2.63369e-5 -0.000606462 -0.0015247; -1.98636e-5 -8.54796e-6 3.43804e-5 -0.000159623 -2.97798e-5 2.72371e-5 9.48485e-6; -0.00294421 -0.000124312 -0.000159623 0.050633 0.0122682 -0.0180828 -0.0014039; -0.000796038 -2.63369e-5 -2.97798e-5 0.0122682 0.00298775 -0.00440038 -0.000340457; 0.00221946 -0.000606462 2.72371e-5 -0.0180828 -0.00440038 0.00814559 0.00215464; 0.00466236 -0.0015247 9.48485e-6 -0.0014039 -0.000340457 0.00215464 0.00354173]
Iteration: 1
Covariance:
[0.0493047 -0.00612283 -2.86036e-5 -0.00423966 -0.00114629 0.00319602 0.00671379; -0.00612283 0.00187592 -1.23091e-5 -0.000179009 -3.79251e-5 -0.000873305 -0.00219557; -2.86036e-5 -1.23091e-5 4.95078e-5 -0.000229858 -4.28828e-5 3.92214e-5 1.36582e-5; -0.00423966 -0.000179009 -0.000229858 0.0729116 0.0176662 -0.0260393 -0.00202162; -0.00114629 -3.79251e-5 -4.28828e-5 0.0176662 0.00430236 -0.00633655 -0.000490258; 0.00319602 -0.000873305 3.92214e-5 -0.0260393 -0.00633655 0.0117297 0.00310268; 0.00671379 -0.00219557 1.36582e-5 -0.00202162 -0.000490258 0.00310268 0.00510008]
Iteration: 1
Covariance:
[0.0493047 -0.00612283 -2.86036e-5 -0.00423966 -0.00114629 0.00319602 0.00671379; -0.00612283 0.00187592 -1.23091e-5 -0.000179009 -3.79251e-5 -0.000873305 -0.00219557; -2.86036e-5 -1.23091e-5 4.95078e-5 -0.000229858 -4.28828e-5 3.92214e-5 1.36582e-5; -0.00423966 -0.000179009 -0.000229858 0.0729116 0.0176662 -0.0260393 -0.00202162; -0.00114629 -3.79251e-5 -4.28828e-5 0.0176662 0.00430236 -0.00633655 -0.000490258; 0.00319602 -0.000873305 3.92214e-5 -0.0260393 -0.00633655 0.0117297 0.00310268; 0.00671379 -0.00219557 1.36582e-5 -0.00202162 -0.000490258 0.00310268 0.00510008]
Loglik start: -168767.1011 
elapsed time: 1236.538873937 seconds
Ending DA-GP-MCMC with adaptive RW estimating 7 parameters
Algorithm: MCWM
Adaptation algorithm: noAdaptation
Prior distribution: Normal
Particle filter: parallel_bootstrap
Time pre-er:  0
Time fit GP model:  0
Time er-part:  1237
Number early-rejections: 664
