run Normal prior model
#####################################################################
Starting MCMC with adaptive RW estimating 7 parameters
Algorithm: MCWM
Adaptation algorithm: AMUpdate_gen
Prior distribution: Normal
Particel filter: parallel_bootstrap, on 10 cores
Iteration: 1
Covariance:
[0.142857 0.0 0.0 0.0 0.0 0.0 0.0; 0.0 0.142857 0.0 0.0 0.0 0.0 0.0; 0.0 0.0 0.142857 0.0 0.0 0.0 0.0; 0.0 0.0 0.0 0.142857 0.0 0.0 0.0; 0.0 0.0 0.0 0.0 0.142857 0.0 0.0; 0.0 0.0 0.0 0.0 0.0 0.142857 0.0; 0.0 0.0 0.0 0.0 0.0 0.0 0.142857]
	From worker 11:	ESS: 187.8154
	From worker 11:	Nbr resample: 24841 
	From worker 4:	ESS: 186.5486
	From worker 6:	ESS: 187.6552
	From worker 4:	Nbr resample: 24841 
	From worker 6:	Nbr resample: 24841 
	From worker 9:	ESS: 187.7747
	From worker 9:	Nbr resample: 24841 
	From worker 8:	ESS: 181.0778
	From worker 8:	Nbr resample: 24841 
	From worker 5:	ESS: 189.0556
	From worker 7:	ESS: 189.9713
	From worker 5:	Nbr resample: 24841 
	From worker 7:	Nbr resample: 24841 
	From worker 3:	ESS: 188.0284
	From worker 3:	Nbr resample: 24841 
	From worker 2:	ESS: 187.7992
	From worker 2:	Nbr resample: 24841 
	From worker 10:	ESS: 187.7943
	From worker 10:	Nbr resample: 24841 
Loglik: -160941.2150 
Percentage done: 0.50 % 
Acceptance rate on iteration 1 to 100 is 0.1515
Covariance:
[0.00843428 0.00128052 0.00320697 -0.00310713 -0.00159246 0.00555602 -0.00234649; 0.00128052 0.0068113 0.00237837 -0.00249443 -8.60446e-5 0.00307912 0.000543108; 0.00320697 0.00237837 0.0103507 -0.00521588 -0.00100096 0.00754353 -0.00159232; -0.00310713 -0.00249443 -0.00521588 0.0106459 0.00202577 -0.00977135 0.00240644; -0.00159246 -8.60446e-5 -0.00100096 0.00202577 0.00820843 -0.00761159 0.00382309; 0.00555602 0.00307912 0.00754353 -0.00977135 -0.00761159 0.0281504 -0.0084365; -0.00234649 0.000543108 -0.00159232 0.00240644 0.00382309 -0.0084365 0.010104]
Loglik: -141685.8566 
Loglik values on different cores:
[-1.41721e5,-1.41744e5,-1.41748e5,-1.41731e5,-1.41699e5,-1.41711e5,-1.41722e5,-141734.0,-1.4173e5,-1.41714e5]
	From worker 11:	ESS: 161.5257
	From worker 11:	Nbr resample: 24841 
	From worker 8:	ESS: 158.8595
	From worker 8:	Nbr resample: 24841 
	From worker 4:	ESS: 154.2475
	From worker 4:	Nbr resample: 24841 
	From worker 9:	ESS: 154.1104
	From worker 9:	Nbr resample: 24841 
	From worker 10:	ESS: 153.9224
	From worker 10:	Nbr resample: 24841 
	From worker 5:	ESS: 156.8153
	From worker 5:	Nbr resample: 24841 
	From worker 3:	ESS: 158.1111
	From worker 3:	Nbr resample: 24841 
	From worker 2:	ESS: 155.5242
	From worker 2:	Nbr resample: 24841 
	From worker 6:	ESS: 161.6458
	From worker 6:	Nbr resample: 24841 
	From worker 7:	ESS: 153.4801
	From worker 7:	Nbr resample: 24841 
	From worker 6:	ESS: 147.2604
	From worker 6:	Nbr resample: 24841 
	From worker 8:	ESS: 156.0817
	From worker 8:	Nbr resample: 24841 
	From worker 3:	ESS: 155.8176
	From worker 3:	Nbr resample: 24841 
	From worker 2:	ESS: 152.1057
	From worker 2:	Nbr resample: 24841 
	From worker 11:	ESS: 156.6030
	From worker 11:	Nbr resample: 24841 
	From worker 4:	ESS: 148.2749
	From worker 4:	Nbr resample: 24841 
	From worker 5:	ESS: 146.9295
	From worker 5:	Nbr resample: 24841 
	From worker 7:	ESS: 150.7339
	From worker 7:	Nbr resample: 24841 
	From worker 10:	ESS: 147.3013
	From worker 10:	Nbr resample: 24841 
	From worker 9:	ESS: 151.4290
	From worker 9:	Nbr resample: 24841 
Percentage done: 1.00 % 
Acceptance rate on iteration 101 to 200 is 0.2323
Covariance:
[0.00151231 0.000193407 0.000288765 -0.000491576 -0.000296503 0.000777719 -0.00036399; 0.000193407 0.00119189 0.00042316 -0.000496273 -0.000108729 0.00080049 -4.88854e-5; 0.000288765 0.00042316 0.00382432 -0.00177724 -0.000624456 0.00488676 -0.00063114; -0.000491576 -0.000496273 -0.00177724 0.00242112 0.000821866 -0.00396165 0.000772295; -0.000296503 -0.000108729 -0.000624456 0.000821866 0.00216505 -0.00331744 0.00109614; 0.000777719 0.00080049 0.00488676 -0.00396165 -0.00331744 0.014111 -0.00295662; -0.00036399 -4.88854e-5 -0.00063114 0.000772295 0.00109614 -0.00295662 0.0021882]
Loglik: -141680.9286 
Loglik values on different cores:
[-1.41714e5,-1.41692e5,-1.41733e5,-1.41705e5,-1.41705e5,-1.41729e5,-1.41694e5,-1.41722e5,-1.41714e5,-1.4173e5]
	From worker 11:	ESS: 154.7501
	From worker 11:	Nbr resample: 24841 
	From worker 3:	ESS: 149.9871
	From worker 3:	Nbr resample: 24841 
	From worker 5:	ESS: 149.1723
	From worker 5:	Nbr resample: 24841 
	From worker 8:	ESS: 155.6889
	From worker 8:	Nbr resample: 24841 
	From worker 9:	ESS: 151.0872
	From worker 9:	Nbr resample: 24841 
	From worker 4:	ESS: 156.3032
	From worker 4:	Nbr resample: 24841 
	From worker 10:	ESS: 153.8415
	From worker 10:	Nbr resample: 24841 
	From worker 7:	ESS: 157.2067
	From worker 7:	Nbr resample: 24841 
	From worker 6:	ESS: 152.5194
	From worker 6:	Nbr resample: 24841 
	From worker 2:	ESS: 153.3185
	From worker 2:	Nbr resample: 24841 
	From worker 2:	ESS: 149.4258
	From worker 2:	Nbr resample: 24841 
	From worker 8:	ESS: 151.7055
	From worker 8:	Nbr resample: 24841 
	From worker 10:	ESS: 158.1629
	From worker 10:	Nbr resample: 24841 
	From worker 4:	ESS: 153.4217
	From worker 4:	Nbr resample: 24841 
	From worker 9:	ESS: 150.4261
	From worker 9:	Nbr resample: 24841 
	From worker 6:	ESS: 150.9139
	From worker 6:	Nbr resample: 24841 
	From worker 11:	ESS: 152.8602
	From worker 11:	Nbr resample: 24841 
	From worker 3:	ESS: 147.6057
	From worker 3:	Nbr resample: 24841 
	From worker 7:	ESS: 155.9230
	From worker 7:	Nbr resample: 24841 
	From worker 5:	ESS: 145.2319
	From worker 5:	Nbr resample: 24841 
Percentage done: 1.50 % 
Acceptance rate on iteration 201 to 300 is 0.2626
Covariance:
[0.000650975 6.46572e-5 0.000145473 -0.000108958 2.5737e-5 3.04203e-5 -0.000156463; 6.46572e-5 0.000429006 0.000156053 -0.000188542 -2.92752e-5 0.000281463 -4.30178e-5; 0.000145473 0.000156053 0.00150433 -0.000683611 -7.83553e-5 0.00159829 -0.000269848; -0.000108958 -0.000188542 -0.000683611 0.00101585 0.000296373 -0.00147516 0.000258672; 2.5737e-5 -2.92752e-5 -7.83553e-5 0.000296373 0.00113622 -0.00160611 0.000329912; 3.04203e-5 0.000281463 0.00159829 -0.00147516 -0.00160611 0.00582762 -0.00111723; -0.000156463 -4.30178e-5 -0.000269848 0.000258672 0.000329912 -0.00111723 0.00100001]
Loglik: -141664.3916 
Loglik values on different cores:
[-1.41728e5,-1.41688e5,-141722.0,-141686.0,-1.41693e5,-1.41717e5,-1.41697e5,-1.41696e5,-1.41697e5,-1.41725e5]
	From worker 4:	ESS: 163.2269
	From worker 4:	Nbr resample: 24841 
	From worker 3:	ESS: 158.0239
	From worker 3:	Nbr resample: 24841 
	From worker 10:	ESS: 154.2717
	From worker 10:	Nbr resample: 24841 
	From worker 5:	ESS: 164.4094
	From worker 5:	Nbr resample: 24841 
	From worker 8:	ESS: 158.3850
	From worker 8:	Nbr resample: 24841 
	From worker 11:	ESS: 156.3966
	From worker 11:	Nbr resample: 24841 
	From worker 2:	ESS: 158.2942
	From worker 2:	Nbr resample: 24841 
	From worker 9:	ESS: 159.6292
	From worker 9:	Nbr resample: 24841 
	From worker 7:	ESS: 156.2066
	From worker 7:	Nbr resample: 24841 
	From worker 6:	ESS: 158.2002
	From worker 6:	Nbr resample: 24841 
	From worker 11:	ESS: 147.4435
	From worker 11:	Nbr resample: 24841 
	From worker 2:	ESS: 147.6061
	From worker 2:	Nbr resample: 24841 
	From worker 8:	ESS: 152.9705
	From worker 8:	Nbr resample: 24841 
	From worker 9:	ESS: 153.6215
	From worker 9:	Nbr resample: 24841 
	From worker 5:	ESS: 154.9332
	From worker 5:	Nbr resample: 24841 
	From worker 6:	ESS: 149.3391
	From worker 6:	Nbr resample: 24841 
	From worker 3:	ESS: 154.1545
	From worker 3:	Nbr resample: 24841 
	From worker 4:	ESS: 148.0582
	From worker 4:	Nbr resample: 24841 
	From worker 10:	ESS: 144.6459
	From worker 10:	Nbr resample: 24841 
	From worker 7:	ESS: 150.4264
	From worker 7:	Nbr resample: 24841 
Percentage done: 2.00 % 
Acceptance rate on iteration 301 to 400 is 0.3737
Covariance:
[0.000448256 7.52001e-6 0.000119099 -0.000298322 1.97682e-5 0.000174051 -4.18145e-5; 7.52001e-6 0.000273976 5.88281e-5 5.6174e-7 -2.69363e-5 8.93186e-5 -4.22806e-5; 0.000119099 5.88281e-5 0.00136523 -0.00077388 0.000217587 0.00079081 0.000178681; -0.000298322 5.6174e-7 -0.00077388 0.00143932 -2.28362e-5 -0.00106769 -0.00015983; 1.97682e-5 -2.69363e-5 0.000217587 -2.28362e-5 0.000809126 -0.0010062 0.000358915; 0.000174051 8.93186e-5 0.00079081 -0.00106769 -0.0010062 0.00381861 -0.000667294; -4.18145e-5 -4.22806e-5 0.000178681 -0.00015983 0.000358915 -0.000667294 0.000833297]
Loglik: -141680.1850 
Loglik values on different cores:
[-141734.0,-1.41714e5,-1.41717e5,-1.41721e5,-1.41717e5,-1.41667e5,-1.41722e5,-1.41749e5,-1.41692e5,-1.4173e5]
	From worker 11:	ESS: 152.7910
	From worker 11:	Nbr resample: 24841 
	From worker 10:	ESS: 151.8521
	From worker 10:	Nbr resample: 24841 
	From worker 3:	ESS: 148.2078
	From worker 3:	Nbr resample: 24841 
	From worker 9:	ESS: 154.3601
	From worker 9:	Nbr resample: 24841 
	From worker 2:	ESS: 151.8524
	From worker 4:	ESS: 149.0141
	From worker 2:	Nbr resample: 24841 
	From worker 4:	Nbr resample: 24841 
	From worker 5:	ESS: 148.8440
	From worker 5:	Nbr resample: 24841 
	From worker 8:	ESS: 144.3374
	From worker 8:	Nbr resample: 24841 
	From worker 6:	ESS: 152.0360
	From worker 6:	Nbr resample: 24841 
	From worker 7:	ESS: 154.4341
	From worker 7:	Nbr resample: 24841 
	From worker 6:	ESS: 145.9533
	From worker 6:	Nbr resample: 24841 
	From worker 8:	ESS: 152.1393
	From worker 8:	Nbr resample: 24841 
	From worker 11:	ESS: 148.4694
	From worker 11:	Nbr resample: 24841 
	From worker 3:	ESS: 154.7870
	From worker 3:	Nbr resample: 24841 
	From worker 2:	ESS: 147.2420
	From worker 2:	Nbr resample: 24841 
	From worker 4:	ESS: 146.3156
	From worker 4:	Nbr resample: 24841 
	From worker 10:	ESS: 152.3035
	From worker 10:	Nbr resample: 24841 
	From worker 9:	ESS: 154.5504
	From worker 9:	Nbr resample: 24841 
	From worker 7:	ESS: 149.3103
	From worker 7:	Nbr resample: 24841 
	From worker 5:	ESS: 153.9408
	From worker 5:	Nbr resample: 24841 
Percentage done: 2.50 % 
Acceptance rate on iteration 401 to 500 is 0.3939
Covariance:
[0.000570293 2.88543e-5 -0.000685616 -7.04637e-5 -0.000166415 -0.000267518 -1.89617e-6; 2.88543e-5 0.000230829 8.52823e-5 -8.10149e-5 -8.33524e-5 0.000137299 -3.57127e-5; -0.000685616 8.52823e-5 0.00399688 -0.00174494 0.000352023 0.00270835 3.07599e-5; -7.04637e-5 -8.10149e-5 -0.00174494 0.00197266 0.000123681 -0.00184514 -0.000108482; -0.000166415 -8.33524e-5 0.000352023 0.000123681 0.000735162 -0.000739585 0.000240503; -0.000267518 0.000137299 0.00270835 -0.00184514 -0.000739585 0.00439148 -0.000504828; -1.89617e-6 -3.57127e-5 3.07599e-5 -0.000108482 0.000240503 -0.000504828 0.000596916]
Loglik: -141726.3163 
Loglik values on different cores:
[-1.41782e5,-1.41774e5,-1.41771e5,-1.41769e5,-1.41795e5,-1.41786e5,-1.41797e5,-1.41786e5,-1.4177e5,-1.41787e5]
	From worker 8:	ESS: 155.4455
	From worker 8:	Nbr resample: 24841 
	From worker 10:	ESS: 164.7124
	From worker 10:	Nbr resample: 24841 
	From worker 4:	ESS: 160.8210
	From worker 4:	Nbr resample: 24841 
	From worker 2:	ESS: 156.8985
	From worker 2:	Nbr resample: 24841 
	From worker 9:	ESS: 154.3998
	From worker 9:	Nbr resample: 24841 
	From worker 11:	ESS: 159.1646
	From worker 11:	Nbr resample: 24841 
	From worker 6:	ESS: 153.4879
	From worker 6:	Nbr resample: 24841 
	From worker 5:	ESS: 157.2222
	From worker 5:	Nbr resample: 24841 
	From worker 7:	ESS: 153.3977
	From worker 7:	Nbr resample: 24841 
	From worker 3:	ESS: 161.2550
	From worker 3:	Nbr resample: 24841 
	From worker 11:	ESS: 153.0800
	From worker 11:	Nbr resample: 24841 
	From worker 3:	ESS: 153.6137
	From worker 3:	Nbr resample: 24841 
	From worker 8:	ESS: 154.1203
	From worker 8:	Nbr resample: 24841 
	From worker 5:	ESS: 147.4089
	From worker 5:	Nbr resample: 24841 
	From worker 6:	ESS: 155.9926
	From worker 6:	Nbr resample: 24841 
	From worker 9:	ESS: 151.3488
	From worker 9:	Nbr resample: 24841 
	From worker 2:	ESS: 156.5278
	From worker 2:	Nbr resample: 24841 
	From worker 10:	ESS: 156.0965
	From worker 10:	Nbr resample: 24841 
	From worker 7:	ESS: 154.8078
	From worker 7:	Nbr resample: 24841 
	From worker 4:	ESS: 155.6140
	From worker 4:	Nbr resample: 24841 
Percentage done: 3.00 % 
Acceptance rate on iteration 501 to 600 is 0.3838
Covariance:
[0.00101584 -0.000324705 0.000227103 -0.00155868 0.00011632 -0.000297816 0.000961178; -0.000324705 0.000391743 -0.000414555 0.000826655 -0.000234502 0.000151905 -0.000619293; 0.000227103 -0.000414555 0.00662934 -0.00479271 0.000997317 0.00314234 0.00138904; -0.00155868 0.000826655 -0.00479271 0.00675163 -0.000862955 -0.00214716 -0.00262851; 0.00011632 -0.000234502 0.000997317 -0.000862955 0.000867658 -0.000591477 0.000700274; -0.000297816 0.000151905 0.00314234 -0.00214716 -0.000591477 0.0044277 -0.000531356; 0.000961178 -0.000619293 0.00138904 -0.00262851 0.000700274 -0.000531356 0.00205431]
Loglik: -141704.3799 
Loglik values on different cores:
[-141728.0,-1.41715e5,-1.41705e5,-1.41718e5,-1.4169e5,-1.41751e5,-141732.0,-1.41715e5,-1.41737e5,-1.4172e5]
	From worker 11:	ESS: 146.6080
	From worker 11:	Nbr resample: 24841 
	From worker 3:	ESS: 148.7499
	From worker 3:	Nbr resample: 24841 
	From worker 2:	ESS: 150.5060
	From worker 2:	Nbr resample: 24841 
	From worker 10:	ESS: 145.6082
	From worker 10:	Nbr resample: 24841 
	From worker 8:	ESS: 148.9788
	From worker 8:	Nbr resample: 24841 
	From worker 9:	ESS: 152.5580
	From worker 9:	Nbr resample: 24841 
	From worker 4:	ESS: 147.2165
	From worker 4:	Nbr resample: 24841 
	From worker 5:	ESS: 141.9984
	From worker 5:	Nbr resample: 24841 
	From worker 7:	ESS: 146.7424
	From worker 7:	Nbr resample: 24841 
	From worker 6:	ESS: 149.7937
	From worker 6:	Nbr resample: 24841 
	From worker 4:	ESS: 143.5297
	From worker 4:	Nbr resample: 24841 
	From worker 8:	ESS: 143.9774
	From worker 8:	Nbr resample: 24841 
	From worker 9:	ESS: 147.6347
	From worker 9:	Nbr resample: 24841 
	From worker 5:	ESS: 148.1668
	From worker 5:	Nbr resample: 24841 
	From worker 6:	ESS: 148.0582
	From worker 6:	Nbr resample: 24841 
	From worker 11:	ESS: 147.1290
	From worker 11:	Nbr resample: 24841 
	From worker 3:	ESS: 150.2869
	From worker 3:	Nbr resample: 24841 
	From worker 2:	ESS: 146.3882
	From worker 2:	Nbr resample: 24841 
	From worker 10:	ESS: 140.4618
	From worker 10:	Nbr resample: 24841 
	From worker 7:	ESS: 155.6757
	From worker 7:	Nbr resample: 24841 
Percentage done: 3.50 % 
Acceptance rate on iteration 601 to 700 is 0.4444
Covariance:
[0.00193832 -0.000622082 0.00276148 -0.0039992 0.00126387 6.28122e-5 0.00131341; -0.000622082 0.000452037 -0.00118093 0.00162956 -0.000571917 2.13509e-6 -0.000730221; 0.00276148 -0.00118093 0.0181014 -0.011248 0.00735789 0.000709664 0.00242979; -0.0039992 0.00162956 -0.011248 0.0130533 -0.00424712 -0.00224832 -0.00379926; 0.00126387 -0.000571917 0.00735789 -0.00424712 0.0043372 -0.00189454 0.00124468; 6.28122e-5 2.13509e-6 0.000709664 -0.00224832 -0.00189454 0.00517223 -0.000373983; 0.00131341 -0.000730221 0.00242979 -0.00379926 0.00124468 -0.000373983 0.00224064]
Loglik: -141709.1597 
Loglik values on different cores:
[-1.41777e5,-1.41737e5,-141780.0,-1.41755e5,-1.41744e5,-1.4169e5,-1.4171e5,-1.41758e5,-1.41723e5,-1.41761e5]
	From worker 11:	ESS: 143.9500
	From worker 11:	Nbr resample: 24841 
	From worker 3:	ESS: 152.6177
	From worker 3:	Nbr resample: 24841 
	From worker 8:	ESS: 137.4860
	From worker 8:	Nbr resample: 24841 
	From worker 10:	ESS: 150.1255
	From worker 10:	Nbr resample: 24841 
	From worker 6:	ESS: 149.7427
	From worker 6:	Nbr resample: 24841 
	From worker 5:	ESS: 149.7983
	From worker 5:	Nbr resample: 24841 
	From worker 4:	ESS: 150.7956
	From worker 4:	Nbr resample: 24841 
	From worker 9:	ESS: 141.0758
	From worker 9:	Nbr resample: 24841 
	From worker 2:	ESS: 147.5682
	From worker 2:	Nbr resample: 24841 
	From worker 7:	ESS: 138.7007
	From worker 7:	Nbr resample: 24841 
	From worker 2:	ESS: 150.4935
	From worker 2:	Nbr resample: 24841 
	From worker 4:	ESS: 145.1260
	From worker 4:	Nbr resample: 24841 
	From worker 9:	ESS: 137.9097
	From worker 9:	Nbr resample: 24841 
	From worker 5:	ESS: 145.6844
	From worker 5:	Nbr resample: 24841 
	From worker 11:	ESS: 143.4672
	From worker 11:	Nbr resample: 24841 
	From worker 3:	ESS: 147.6458
	From worker 3:	Nbr resample: 24841 
	From worker 8:	ESS: 141.2965
	From worker 8:	Nbr resample: 24841 
	From worker 10:	ESS: 137.3226
	From worker 10:	Nbr resample: 24841 
	From worker 6:	ESS: 146.4154
	From worker 6:	Nbr resample: 24841 
	From worker 7:	ESS: 152.7631
	From worker 7:	Nbr resample: 24841 
Percentage done: 4.00 % 
Acceptance rate on iteration 701 to 800 is 0.3636
Covariance:
[0.00188439 -0.000472257 0.00203436 -0.00272815 -0.000713868 0.00189069 0.00133421; -0.000472257 0.000348193 -0.00081191 0.000977496 -0.000181054 -0.000100119 -0.000624688; 0.00203436 -0.00081191 0.0150094 -0.0106115 0.0080433 -0.00101273 0.00121663; -0.00272815 0.000977496 -0.0106115 0.0205068 -0.0114941 0.00202045 -0.00174081; -0.000713868 -0.000181054 0.0080433 -0.0114941 0.0161246 -0.0117909 -0.00156342; 0.00189069 -0.000100119 -0.00101273 0.00202045 -0.0117909 0.0144721 0.00164004; 0.00133421 -0.000624688 0.00121663 -0.00174081 -0.00156342 0.00164004 0.00252763]
Loglik: -141696.5854 
Loglik values on different cores:
[-1.4176e5,-1.41749e5,-1.41733e5,-1.41721e5,-1.41754e5,-1.41745e5,-1.41717e5,-1.41732e5,-1.41751e5,-1.41747e5]
	From worker 8:	ESS: 137.8009
	From worker 8:	Nbr resample: 24841 
	From worker 9:	ESS: 135.2127
	From worker 9:	Nbr resample: 24841 
	From worker 11:	ESS: 138.8375
	From worker 11:	Nbr resample: 24841 
	From worker 10:	ESS: 141.2681
	From worker 10:	Nbr resample: 24841 
	From worker 3:	ESS: 139.6952
	From worker 3:	Nbr resample: 24841 
	From worker 4:	ESS: 140.8267
	From worker 4:	Nbr resample: 24841 
	From worker 7:	ESS: 143.8666
	From worker 7:	Nbr resample: 24841 
	From worker 5:	ESS: 139.6039
	From worker 5:	Nbr resample: 24841 
	From worker 2:	ESS: 140.5156
	From worker 2:	Nbr resample: 24841 
	From worker 6:	ESS: 139.1740
	From worker 6:	Nbr resample: 24841 
	From worker 11:	ESS: 149.5667
	From worker 11:	Nbr resample: 24841 
	From worker 3:	ESS: 155.2155
	From worker 3:	Nbr resample: 24841 
	From worker 10:	ESS: 151.0911
	From worker 10:	Nbr resample: 24841 
	From worker 4:	ESS: 152.4044
	From worker 4:	Nbr resample: 24841 
	From worker 5:	ESS: 154.4466
	From worker 5:	Nbr resample: 24841 
	From worker 2:	ESS: 158.3192
	From worker 2:	Nbr resample: 24841 
	From worker 6:	ESS: 145.4329
	From worker 6:	Nbr resample: 24841 
	From worker 8:	ESS: 152.2815
	From worker 8:	Nbr resample: 24841 
	From worker 7:	ESS: 144.5339
	From worker 7:	Nbr resample: 24841 
	From worker 9:	ESS: 144.8478
	From worker 9:	Nbr resample: 24841 
Percentage done: 4.50 % 
Acceptance rate on iteration 801 to 900 is 0.3232
Covariance:
[0.00253725 -0.000713929 0.000775745 0.00428142 -0.00684105 0.00644101 0.00192015; -0.000713929 0.000400954 -0.000398461 -0.000866713 0.00148112 -0.00130812 -0.00079884; 0.000775745 -0.000398461 0.0134788 -0.013581 0.0118659 -0.00504826 0.000439624; 0.00428142 -0.000866713 -0.013581 0.0814658 -0.0656514 0.0458488 0.00261795; -0.00684105 0.00148112 0.0118659 -0.0656514 0.0650118 -0.050964 -0.00562435; 0.00644101 -0.00130812 -0.00504826 0.0458488 -0.050964 0.0449865 0.00481893; 0.00192015 -0.00079884 0.000439624 0.00261795 -0.00562435 0.00481893 0.00286821]
Loglik: -141707.7481 
Loglik values on different cores:
[-1.41734e5,-1.41731e5,-1.41725e5,-1.41753e5,-1.41744e5,-1.41735e5,-1.41726e5,-1.41751e5,-1.41756e5,-141767.0]
	From worker 11:	ESS: 153.5989
	From worker 11:	Nbr resample: 24841 
	From worker 4:	ESS: 149.5671
	From worker 4:	Nbr resample: 24841 
	From worker 9:	ESS: 148.3954
	From worker 9:	Nbr resample: 24841 
	From worker 5:	ESS: 161.7006
	From worker 5:	Nbr resample: 24841 
	From worker 8:	ESS: 148.7912
	From worker 8:	Nbr resample: 24841 
	From worker 10:	ESS: 153.1583
	From worker 10:	Nbr resample: 24841 
	From worker 3:	ESS: 159.4583
	From worker 3:	Nbr resample: 24841 
	From worker 7:	ESS: 146.4835
	From worker 7:	Nbr resample: 24841 
	From worker 2:	ESS: 155.5572
	From worker 2:	Nbr resample: 24841 
	From worker 6:	ESS: 150.9736
	From worker 6:	Nbr resample: 24841 
	From worker 3:	ESS: 144.7226
	From worker 3:	Nbr resample: 24841 
	From worker 2:	ESS: 153.7870
	From worker 2:	Nbr resample: 24841 
	From worker 4:	ESS: 150.0818
	From worker 4:	Nbr resample: 24841 
	From worker 10:	ESS: 146.9052
	From worker 10:	Nbr resample: 24841 
	From worker 8:	ESS: 144.8636
	From worker 8:	Nbr resample: 24841 
	From worker 11:	ESS: 155.7194
	From worker 11:	Nbr resample: 24841 
	From worker 6:	ESS: 155.4446
	From worker 6:	Nbr resample: 24841 
	From worker 9:	ESS: 144.3603
	From worker 9:	Nbr resample: 24841 
	From worker 7:	ESS: 149.1213
	From worker 7:	Nbr resample: 24841 
	From worker 5:	ESS: 148.9673
	From worker 5:	Nbr resample: 24841 
Percentage done: 5.00 % 
Acceptance rate on iteration 901 to 1000 is 0.3535
Covariance:
[0.0042862 -0.00114399 0.00758927 0.0213183 -0.0234647 0.0256573 0.00261553; -0.00114399 0.000508573 -0.00185269 -0.00471083 0.00582682 -0.00652419 -0.00105803; 0.00758927 -0.00185269 0.0359782 0.0456942 -0.0410591 0.0529585 0.00210675; 0.0213183 -0.00471083 0.0456942 0.24017 -0.217917 0.217339 0.00943966; -0.0234647 0.00582682 -0.0410591 -0.217917 0.220981 -0.228975 -0.0147185; 0.0256573 -0.00652419 0.0529585 0.217339 -0.228975 0.248112 0.0158606; 0.00261553 -0.00105803 0.00210675 0.00943966 -0.0147185 0.0158606 0.00358405]
Loglik: -141715.1660 
Loglik values on different cores:
[-1.41738e5,-1.41748e5,-141738.0,-141727.0,-1.41762e5,-1.41759e5,-1.41718e5,-1.41737e5,-1.41755e5,-1.41785e5]
	From worker 3:	ESS: 144.5017
	From worker 3:	Nbr resample: 24841 
	From worker 9:	ESS: 147.1605
	From worker 9:	Nbr resample: 24841 
	From worker 4:	ESS: 155.6533
	From worker 4:	Nbr resample: 24841 
	From worker 2:	ESS: 152.6023
	From worker 2:	Nbr resample: 24841 
	From worker 10:	ESS: 147.7868
	From worker 10:	Nbr resample: 24841 
	From worker 11:	ESS: 148.4523
	From worker 11:	Nbr resample: 24841 
	From worker 8:	ESS: 142.3801
	From worker 8:	Nbr resample: 24841 
	From worker 7:	ESS: 149.6982
	From worker 7:	Nbr resample: 24841 
	From worker 5:	ESS: 153.2891
	From worker 5:	Nbr resample: 24841 
	From worker 6:	ESS: 149.6681
	From worker 6:	Nbr resample: 24841 
	From worker 8:	ESS: 148.8224
	From worker 8:	Nbr resample: 24841 
	From worker 5:	ESS: 149.7861
	From worker 5:	Nbr resample: 24841 
	From worker 6:	ESS: 149.4159
	From worker 6:	Nbr resample: 24841 
	From worker 11:	ESS: 145.4604
	From worker 11:	Nbr resample: 24841 
	From worker 3:	ESS: 147.0113
	From worker 3:	Nbr resample: 24841 
	From worker 2:	ESS: 148.1923
	From worker 2:	Nbr resample: 24841 
	From worker 9:	ESS: 146.7887
	From worker 9:	Nbr resample: 24841 
	From worker 10:	ESS: 154.2555
	From worker 10:	Nbr resample: 24841 
	From worker 4:	ESS: 154.0493
	From worker 4:	Nbr resample: 24841 
	From worker 7:	ESS: 145.5667
	From worker 7:	Nbr resample: 24841 
Percentage done: 5.50 % 
Acceptance rate on iteration 1001 to 1100 is 0.2727
Covariance:
[0.00397599 -0.000936341 0.00569404 0.0234496 -0.024619 0.0259557 0.00195268; -0.000936341 0.000530825 -0.00420201 -0.00410441 0.00438489 -0.00603975 -0.000750049; 0.00569404 -0.00420201 0.107762 0.0428302 -0.0202804 0.0589063 0.000215399; 0.0234496 -0.00410441 0.0428302 0.284772 -0.251672 0.243182 0.00653406; -0.024619 0.00438489 -0.0202804 -0.251672 0.246277 -0.240077 -0.0110475; 0.0259557 -0.00603975 0.0589063 0.243182 -0.240077 0.255672 0.0112838; 0.00195268 -0.000750049 0.000215399 0.00653406 -0.0110475 0.0112838 0.00294487]
Loglik: -141623.3093 
Loglik values on different cores:
[-1.41681e5,-1.4167e5,-1.41688e5,-1.41594e5,-1.41632e5,-1.41635e5,-1.41682e5,-1.4168e5,-1.41655e5,-1.41663e5]
	From worker 10:	ESS: 175.7191
	From worker 10:	Nbr resample: 24841 
	From worker 8:	ESS: 165.4073
	From worker 8:	Nbr resample: 24841 
	From worker 9:	ESS: 163.3867
	From worker 9:	Nbr resample: 24841 
	From worker 5:	ESS: 161.4710
	From worker 5:	Nbr resample: 24841 
	From worker 6:	ESS: 167.6984
	From worker 6:	Nbr resample: 24841 
	From worker 11:	ESS: 162.8158
	From worker 11:	Nbr resample: 24841 
	From worker 3:	ESS: 167.4834
	From worker 3:	Nbr resample: 24841 
	From worker 4:	ESS: 165.5398
	From worker 4:	Nbr resample: 24841 
	From worker 2:	ESS: 173.1294
	From worker 2:	Nbr resample: 24841 
	From worker 7:	ESS: 168.7304
	From worker 7:	Nbr resample: 24841 
	From worker 8:	ESS: 154.8075
	From worker 8:	Nbr resample: 24841 
	From worker 3:	ESS: 155.2685
	From worker 3:	Nbr resample: 24841 
	From worker 2:	ESS: 150.6316
	From worker 2:	Nbr resample: 24841 
	From worker 4:	ESS: 146.7511
	From worker 4:	Nbr resample: 24841 
	From worker 6:	ESS: 145.1082
	From worker 6:	Nbr resample: 24841 
	From worker 11:	ESS: 149.5826
	From worker 11:	Nbr resample: 24841 
	From worker 10:	ESS: 155.8921
	From worker 10:	Nbr resample: 24841 
	From worker 9:	ESS: 152.8473
	From worker 9:	Nbr resample: 24841 
	From worker 5:	ESS: 156.2562
	From worker 5:	Nbr resample: 24841 
	From worker 7:	ESS: 147.9835
	From worker 7:	Nbr resample: 24841 
Percentage done: 6.00 % 
Acceptance rate on iteration 1101 to 1200 is 0.1616
Covariance:
[0.00630197 -0.000858247 0.017504 -0.0110257 -0.00130504 0.00812098 0.000516303; -0.000858247 0.000402119 -0.00335826 -0.00129892 0.00224118 -0.00360085 -0.000594256; 0.017504 -0.00335826 0.149975 -0.0751706 0.0510953 0.00853847 -0.00722016; -0.0110257 -0.00129892 -0.0751706 0.422783 -0.308762 0.257878 0.0104721; -0.00130504 0.00224118 0.0510953 -0.308762 0.252645 -0.220425 -0.0118382; 0.00812098 -0.00360085 0.00853847 0.257878 -0.220425 0.217714 0.00878153; 0.000516303 -0.000594256 -0.00722016 0.0104721 -0.0118382 0.00878153 0.00328428]
Loglik: -141706.7714 
Loglik values on different cores:
[-1.41764e5,-1.41803e5,-1.41793e5,-1.4178e5,-1.41802e5,-1.41816e5,-1.4177e5,-1.41777e5,-1.41784e5,-1.41772e5]
	From worker 10:	ESS: 134.0486
	From worker 10:	Nbr resample: 24841 
	From worker 2:	ESS: 135.1452
	From worker 2:	Nbr resample: 24841 
	From worker 5:	ESS: 134.6429
	From worker 5:	Nbr resample: 24841 
	From worker 11:	ESS: 142.2553
	From worker 11:	Nbr resample: 24841 
	From worker 3:	ESS: 133.7806
	From worker 3:	Nbr resample: 24841 
	From worker 4:	ESS: 139.5467
	From worker 4:	Nbr resample: 24841 
	From worker 6:	ESS: 135.9754
	From worker 6:	Nbr resample: 24841 
	From worker 8:	ESS: 131.2991
	From worker 8:	Nbr resample: 24841 
	From worker 9:	ESS: 134.5725
	From worker 9:	Nbr resample: 24841 
	From worker 7:	ESS: 140.6138
	From worker 7:	Nbr resample: 24841 
	From worker 11:	ESS: 135.2036
	From worker 11:	Nbr resample: 24841 
	From worker 3:	ESS: 141.6017
	From worker 3:	Nbr resample: 24841 
	From worker 8:	ESS: 139.8717
	From worker 8:	Nbr resample: 24841 
	From worker 9:	ESS: 144.9918
	From worker 9:	Nbr resample: 24841 
	From worker 4:	ESS: 137.2290
	From worker 4:	Nbr resample: 24841 
	From worker 6:	ESS: 140.0655
	From worker 6:	Nbr resample: 24841 
	From worker 10:	ESS: 144.8458
	From worker 10:	Nbr resample: 24841 
	From worker 2:	ESS: 137.5774
	From worker 2:	Nbr resample: 24841 
	From worker 7:	ESS: 147.2126
	From worker 7:	Nbr resample: 24841 
	From worker 5:	ESS: 142.2082
	From worker 5:	Nbr resample: 24841 
Percentage done: 6.50 % 
Acceptance rate on iteration 1201 to 1300 is 0.2020
Covariance:
[0.00575073 -0.000679753 0.00912338 -0.0142062 0.000415217 0.00349878 0.00119547; -0.000679753 0.000360284 -0.00311787 0.000188649 0.00103014 -0.00220018 -0.000555159; 0.00912338 -0.00311787 0.161067 -0.0422044 0.0405011 0.020054 -0.010744; -0.0142062 0.000188649 -0.0422044 0.364502 -0.248402 0.214552 0.00264992; 0.000415217 0.00103014 0.0405011 -0.248402 0.197886 -0.172797 -0.00791871; 0.00349878 -0.00220018 0.020054 0.214552 -0.172797 0.175354 0.00372918; 0.00119547 -0.000555159 -0.010744 0.00264992 -0.00791871 0.00372918 0.00380027]
Loglik: -141595.4727 
Loglik values on different cores:
[-1.41719e5,-1.41694e5,-1.41667e5,-1.41654e5,-1.41694e5,-1.41648e5,-1.41661e5,-1.4166e5,-1.41697e5,-1.4168e5]
	From worker 11:	ESS: 145.6990
	From worker 11:	Nbr resample: 24841 
	From worker 5:	ESS: 149.3857
	From worker 5:	Nbr resample: 24841 
	From worker 6:	ESS: 140.3931
	From worker 6:	Nbr resample: 24841 
	From worker 4:	ESS: 149.3700
	From worker 4:	Nbr resample: 24841 
	From worker 8:	ESS: 149.3650
	From worker 8:	Nbr resample: 24841 
	From worker 3:	ESS: 149.8761
	From worker 3:	Nbr resample: 24841 
	From worker 7:	ESS: 144.2318
	From worker 7:	Nbr resample: 24841 
	From worker 10:	ESS: 147.3582
	From worker 10:	Nbr resample: 24841 
	From worker 9:	ESS: 150.3549
	From worker 9:	Nbr resample: 24841 
	From worker 2:	ESS: 151.4207
	From worker 2:	Nbr resample: 24841 
	From worker 3:	ESS: 151.3400
	From worker 3:	Nbr resample: 24841 
	From worker 2:	ESS: 149.5382
	From worker 2:	Nbr resample: 24841 
	From worker 10:	ESS: 151.1278
	From worker 10:	Nbr resample: 24841 
	From worker 8:	ESS: 149.7734
	From worker 8:	Nbr resample: 24841 
	From worker 9:	ESS: 146.2347
	From worker 9:	Nbr resample: 24841 
	From worker 4:	ESS: 138.6046
	From worker 4:	Nbr resample: 24841 
	From worker 11:	ESS: 155.6044
	From worker 11:	Nbr resample: 24841 
	From worker 5:	ESS: 139.9893
	From worker 5:	Nbr resample: 24841 
	From worker 7:	ESS: 146.5344
	From worker 7:	Nbr resample: 24841 
	From worker 6:	ESS: 146.6133
	From worker 6:	Nbr resample: 24841 
Percentage done: 7.00 % 
Acceptance rate on iteration 1301 to 1400 is 0.0606
Covariance:
[0.00420723 -0.000553305 0.00381845 -0.0129296 0.00326162 -0.00255443 0.000824553; -0.000553305 0.000307078 -0.000878114 0.00104023 -0.000334654 0.000544879 -0.000407343; 0.00381845 -0.000878114 0.13832 -0.00111871 -0.00149724 0.0659305 -0.00764538; -0.0129296 0.00104023 -0.00111871 0.288853 -0.206294 0.206153 0.00201917; 0.00326162 -0.000334654 -0.00149724 -0.206294 0.169924 -0.17653 -0.00541634; -0.00255443 0.000544879 0.0659305 0.206153 -0.17653 0.220712 0.00227646; 0.000824553 -0.000407343 -0.00764538 0.00201917 -0.00541634 0.00227646 0.00260894]
Loglik: -141577.9191 
Loglik values on different cores:
[-1.41626e5,-141643.0,-1.41655e5,-1.41691e5,-1.41668e5,-1.41665e5,-1.41626e5,-1.41724e5,-1.41704e5,-1.41626e5]
	From worker 11:	ESS: 162.9329
	From worker 11:	Nbr resample: 24841 
	From worker 10:	ESS: 166.0000
	From worker 10:	Nbr resample: 24841 
	From worker 9:	ESS: 165.8204
	From worker 9:	Nbr resample: 24841 
	From worker 8:	ESS: 155.7188
	From worker 8:	Nbr resample: 24841 
	From worker 6:	ESS: 162.9068
	From worker 6:	Nbr resample: 24841 
	From worker 5:	ESS: 163.6536
	From worker 5:	Nbr resample: 24841 
	From worker 3:	ESS: 160.1045
	From worker 3:	Nbr resample: 24841 
	From worker 7:	ESS: 167.7732
	From worker 7:	Nbr resample: 24841 
	From worker 2:	ESS: 166.8793
	From worker 2:	Nbr resample: 24841 
	From worker 4:	ESS: 162.3152
	From worker 4:	Nbr resample: 24841 
	From worker 3:	ESS: 156.4124
	From worker 3:	Nbr resample: 24841 
	From worker 8:	ESS: 154.3776
	From worker 8:	Nbr resample: 24841 
	From worker 2:	ESS: 162.3288
	From worker 2:	Nbr resample: 24841 
	From worker 4:	ESS: 152.5880
	From worker 4:	Nbr resample: 24841 
	From worker 5:	ESS: 153.1350
	From worker 5:	Nbr resample: 24841 
	From worker 6:	ESS: 150.8958
	From worker 6:	Nbr resample: 24841 
	From worker 11:	ESS: 160.3257
	From worker 11:	Nbr resample: 24841 
	From worker 10:	ESS: 157.6224
	From worker 10:	Nbr resample: 24841 
	From worker 7:	ESS: 164.7182
	From worker 7:	Nbr resample: 24841 
	From worker 9:	ESS: 160.0285
	From worker 9:	Nbr resample: 24841 
Percentage done: 7.50 % 
Acceptance rate on iteration 1401 to 1500 is 0.0909
Covariance:
[0.00303357 -0.000362767 0.00278682 -0.0098761 0.00259986 -0.00203497 0.000616851; -0.000362767 0.00036273 0.000679515 -0.000700085 0.000801093 0.000150589 -0.000510148; 0.00278682 0.000679515 0.116649 -0.0011108 0.00286843 0.0528424 -0.00869104; -0.0098761 -0.000700085 -0.0011108 0.236142 -0.163557 0.161414 0.00148134; 0.00259986 0.000801093 0.00286843 -0.163557 0.1332 -0.135741 -0.00494671; -0.00203497 0.000150589 0.0528424 0.161414 -0.135741 0.170949 0.00110321; 0.000616851 -0.000510148 -0.00869104 0.00148134 -0.00494671 0.00110321 0.00248929]
Loglik: -141575.6577 
Loglik values on different cores:
[-1.41636e5,-1.41691e5,-1.41551e5,-141694.0,-1.41713e5,-1.41637e5,-1.41636e5,-141647.0,-1.4164e5,-1.41681e5]
	From worker 11:	ESS: 150.0370
	From worker 11:	Nbr resample: 24841 
	From worker 3:	ESS: 157.2271
	From worker 3:	Nbr resample: 24841 
	From worker 10:	ESS: 159.7880
	From worker 10:	Nbr resample: 24841 
	From worker 4:	ESS: 146.4881
	From worker 4:	Nbr resample: 24841 
	From worker 9:	ESS: 147.7071
	From worker 9:	Nbr resample: 24841 
	From worker 8:	ESS: 150.5747
	From worker 8:	Nbr resample: 24841 
	From worker 2:	ESS: 157.5179
	From worker 2:	Nbr resample: 24841 
	From worker 5:	ESS: 154.2221
	From worker 5:	Nbr resample: 24841 
	From worker 7:	ESS: 157.6577
	From worker 7:	Nbr resample: 24841 
	From worker 6:	ESS: 154.5815
	From worker 6:	Nbr resample: 24841 
	From worker 2:	ESS: 150.3635
	From worker 2:	Nbr resample: 24841 
	From worker 8:	ESS: 148.2176
	From worker 8:	Nbr resample: 24841 
	From worker 5:	ESS: 164.0843
	From worker 5:	Nbr resample: 24841 
	From worker 6:	ESS: 151.6091
	From worker 6:	Nbr resample: 24841 
	From worker 3:	ESS: 152.4596
	From worker 3:	Nbr resample: 24841 
	From worker 11:	ESS: 152.2518
	From worker 11:	Nbr resample: 24841 
	From worker 4:	ESS: 159.9495
	From worker 4:	Nbr resample: 24841 
	From worker 7:	ESS: 151.4028
	From worker 7:	Nbr resample: 24841 
	From worker 10:	ESS: 150.3562
	From worker 10:	Nbr resample: 24841 
	From worker 9:	ESS: 151.6733
	From worker 9:	Nbr resample: 24841 
Percentage done: 8.00 % 
Acceptance rate on iteration 1501 to 1600 is 0.0404
Covariance:
[0.00216737 -0.000220262 0.00220136 -0.00746589 0.00181011 -0.00112033 0.000417992; -0.000220262 0.000283523 0.000285777 -0.00180539 0.00113817 -0.000439966 -0.000322101; 0.00220136 0.000285777 0.0874549 0.0135485 -0.00753842 0.0494627 -0.00670634; -0.00746589 -0.00180539 0.0135485 0.224854 -0.144096 0.145136 -0.000840469; 0.00181011 0.00113817 -0.00753842 -0.144096 0.109232 -0.114044 -0.0023135; -0.00112033 -0.000439966 0.0494627 0.145136 -0.114044 0.143832 -0.000640842; 0.000417992 -0.000322101 -0.00670634 -0.000840469 -0.0023135 -0.000640842 0.00179913]
Loglik: -141626.4392 
Loglik values on different cores:
[-1.41634e5,-1.41695e5,-1.41673e5,-1.41663e5,-1.41693e5,-1.41659e5,-1.41704e5,-141689.0,-1.41686e5,-1.41682e5]
	From worker 11:	ESS: 155.1359
	From worker 11:	Nbr resample: 24841 
	From worker 2:	ESS: 158.6808
	From worker 2:	Nbr resample: 24841 
	From worker 3:	ESS: 152.8578
	From worker 3:	Nbr resample: 24841 
	From worker 10:	ESS: 155.6385
	From worker 10:	Nbr resample: 24841 
	From worker 8:	ESS: 158.0283
	From worker 8:	Nbr resample: 24841 
	From worker 4:	ESS: 151.0643
	From worker 4:	Nbr resample: 24841 
	From worker 9:	ESS: 153.2083
	From worker 9:	Nbr resample: 24841 
	From worker 5:	ESS: 161.6398
	From worker 5:	Nbr resample: 24841 
	From worker 7:	ESS: 159.6168
	From worker 7:	Nbr resample: 24841 
	From worker 6:	ESS: 161.0343
	From worker 6:	Nbr resample: 24841 
	From worker 6:	ESS: 151.2740
	From worker 6:	Nbr resample: 24841 
	From worker 11:	ESS: 157.9584
	From worker 11:	Nbr resample: 24841 
	From worker 8:	ESS: 158.8191
	From worker 8:	Nbr resample: 24841 
	From worker 5:	ESS: 152.8644
	From worker 5:	Nbr resample: 24841 
	From worker 10:	ESS: 151.4143
	From worker 10:	Nbr resample: 24841 
	From worker 3:	ESS: 151.9884
	From worker 3:	Nbr resample: 24841 
	From worker 2:	ESS: 162.7807
	From worker 2:	Nbr resample: 24841 
	From worker 9:	ESS: 151.9121
	From worker 9:	Nbr resample: 24841 
	From worker 4:	ESS: 158.1629
	From worker 4:	Nbr resample: 24841 
	From worker 7:	ESS: 159.5762
	From worker 7:	Nbr resample: 24841 
Percentage done: 8.50 % 
Acceptance rate on iteration 1601 to 1700 is 0.2121
Covariance:
[0.00248776 -0.000306528 0.00329541 -0.011991 0.00210335 -0.000208764 0.00111955; -0.000306528 0.000251901 -3.63921e-5 -0.000412761 0.000775014 -0.000444277 -0.000377742; 0.00329541 -3.63921e-5 0.0730534 -9.87543e-6 -0.00351424 0.0385054 -0.00376421; -0.011991 -0.000412761 -9.87543e-6 0.231718 -0.120722 0.110151 -0.00747987; 0.00210335 0.000775014 -0.00351424 -0.120722 0.0890885 -0.0914195 -0.00113222; -0.000208764 -0.000444277 0.0385054 0.110151 -0.0914195 0.115553 0.000278819; 0.00111955 -0.000377742 -0.00376421 -0.00747987 -0.00113222 0.000278819 0.00233193]
Loglik: -141670.2414 
Loglik values on different cores:
[-1.41704e5,-1.41646e5,-1.41717e5,-1.41713e5,-1.41718e5,-141748.0,-1.41699e5,-1.41714e5,-1.41735e5,-1.41728e5]
	From worker 11:	ESS: 167.3519
	From worker 11:	Nbr resample: 24841 
	From worker 4:	ESS: 167.1094
	From worker 4:	Nbr resample: 24841 
	From worker 10:	ESS: 162.5543
	From worker 10:	Nbr resample: 24841 
	From worker 8:	ESS: 166.1660
	From worker 8:	Nbr resample: 24841 
	From worker 9:	ESS: 164.1802
	From worker 9:	Nbr resample: 24841 
	From worker 5:	ESS: 164.5262
	From worker 5:	Nbr resample: 24841 
	From worker 3:	ESS: 169.0701
	From worker 3:	Nbr resample: 24841 
	From worker 2:	ESS: 162.3908
	From worker 2:	Nbr resample: 24841 
	From worker 7:	ESS: 165.7753
	From worker 7:	Nbr resample: 24841 
	From worker 6:	ESS: 164.8575
	From worker 6:	Nbr resample: 24841 
	From worker 3:	ESS: 151.1189
	From worker 3:	Nbr resample: 24841 
	From worker 2:	ESS: 143.5298
	From worker 2:	Nbr resample: 24841 
	From worker 5:	ESS: 153.9651
	From worker 5:	Nbr resample: 24841 
	From worker 6:	ESS: 152.1643
	From worker 6:	Nbr resample: 24841 
	From worker 11:	ESS: 158.9268
	From worker 11:	Nbr resample: 24841 
	From worker 4:	ESS: 149.8575
	From worker 4:	Nbr resample: 24841 
	From worker 10:	ESS: 155.3759
	From worker 10:	Nbr resample: 24841 
	From worker 9:	ESS: 156.2649
	From worker 9:	Nbr resample: 24841 
	From worker 8:	ESS: 152.8798
	From worker 8:	Nbr resample: 24841 
	From worker 7:	ESS: 156.1187
	From worker 7:	Nbr resample: 24841 
Percentage done: 9.00 % 
Acceptance rate on iteration 1701 to 1800 is 0.1111
Covariance:
[0.00267294 -0.000319215 0.00147303 -0.0112002 0.000253324 0.000315137 0.00163183; -0.000319215 0.000231894 0.000251131 -0.000371103 0.000910855 -0.00038547 -0.000390403; 0.00147303 0.000251131 0.0568333 -0.000500945 0.000775732 0.0275969 -0.00373208; -0.0112002 -0.000371103 -0.000500945 0.190815 -0.0934206 0.0843159 -0.0079839; 0.000253324 0.000910855 0.000775732 -0.0934206 0.0736195 -0.0720641 -0.0020406; 0.000315137 -0.00038547 0.0275969 0.0843159 -0.0720641 0.0890525 0.000585387; 0.00163183 -0.000390403 -0.00373208 -0.0079839 -0.0020406 0.000585387 0.00255459]
Loglik: -141605.3557 
Loglik values on different cores:
[-1.41599e5,-1.41644e5,-1.41629e5,-1.41614e5,-1.41624e5,-1.41662e5,-1.41685e5,-1.41625e5,-1.41652e5,-1.41662e5]
	From worker 8:	ESS: 156.4326
	From worker 8:	Nbr resample: 24841 
	From worker 3:	ESS: 158.4703
	From worker 3:	Nbr resample: 24841 
	From worker 2:	ESS: 155.3075
	From worker 2:	Nbr resample: 24841 
	From worker 4:	ESS: 151.9721
	From worker 4:	Nbr resample: 24841 
	From worker 11:	ESS: 155.5341
	From worker 11:	Nbr resample: 24841 
	From worker 10:	ESS: 157.8876
	From worker 10:	Nbr resample: 24841 
	From worker 6:	ESS: 160.3735
	From worker 6:	Nbr resample: 24841 
	From worker 9:	ESS: 158.0803
	From worker 9:	Nbr resample: 24841 
	From worker 5:	ESS: 157.7027
	From worker 5:	Nbr resample: 24841 
	From worker 7:	ESS: 156.2154
	From worker 7:	Nbr resample: 24841 
	From worker 11:	ESS: 149.8558
	From worker 11:	Nbr resample: 24841 
	From worker 10:	ESS: 154.8505
	From worker 10:	Nbr resample: 24841 
	From worker 9:	ESS: 154.3442
	From worker 9:	Nbr resample: 24841 
	From worker 5:	ESS: 160.2014
	From worker 5:	Nbr resample: 24841 
	From worker 6:	ESS: 158.9735
	From worker 6:	Nbr resample: 24841 
	From worker 8:	ESS: 161.4617
	From worker 8:	Nbr resample: 24841 
