test
Mean:
[0.73553; 0.528004; 3.09478; 3.37221; 0.4599; -0.0934874; 0.677957]
Std:
[0.25212; 0.046826; 0.00796601; 0.272535; 0.0662614; 0.105267; 0.0749804]
[0.828503 0.572387 0.438231 0.584613 0.59361 0.604875 0.642232 0.689036 0.472046 0.348844; 0.513859 0.549784 0.552077 0.537688 0.563616 0.521447 0.538732 0.523034 0.571247 0.572327; 3.10641 3.10312 3.10389 3.10535 3.1052 3.10377 3.10071 3.10918 3.09848 3.10257; 3.55641 3.40206 3.25468 3.16646 3.07132 3.61673 3.31522 3.35653 2.96727 2.98849; 0.511542 0.476123 0.436954 0.412722 0.387549 0.526511 0.454302 0.457166 0.366762 0.368999; -0.0603538 -0.0609381 -0.0368956 -0.0276338 0.033234 -0.101714 -0.0376862 -0.0268545 0.0516209 0.0800523; 0.79055 0.731002 0.705909 0.671607 0.689273 0.787183 0.69484 0.762687 0.668035 0.7084; -1.68848e5 -1.68795e5 -1.68798e5 -1.68791e5 -1.68782e5 -168795.0 -1.68796e5 -1.68784e5 -1.68777e5 -1.68854e5]Starting ml estimationLength of training data: 4750Start values for optimization:
[-2.22834e6; 57.1274; 22021.6; 1.22995e6; 1.99053e5; -8.18315e5; -2245.74; 7099.05; -225.949; -11627.9; -1.87648e5; -18216.4; -3.27096e5; -5381.55; -5092.21; -1906.52; 541.892; -116.744; -16.6706; -127.933; 0.43952; -177.353; -1231.82; 3123.96; 15.6066; -7497.67; -46687.7; 1.92925e5; 896.096; 447.778; 1.51451e5; 754.076; -645.272; -17977.6; 11179.2; 6297.93; 3.62619; 3.27962; -1.39815; -3.07999; -4.86193; -1.3511; -2.7655; -2.29174; -2.61692]Iter     Function value   Gradient norm 
     0     3.630195e+04     1.964313e+07
     1     3.614358e+04     5.961165e+06
     2     3.441495e+04     1.363930e+02
     3     3.435067e+04     1.318823e+02
     4     3.419960e+04     1.162495e+02
     5     3.390386e+04     6.059440e+01
     6     3.390213e+04     3.109541e+01
     7     3.388888e+04     1.163312e+01
     8     3.388882e+04     5.080955e+00
     9     3.388881e+04     3.298163e+00
    10     3.388881e+04     7.478578e-01
    11     3.388885e+04     1.864430e+00
Estimated parameters of the GP model:
Estimated Β:s:
[-2.22834e6,57.1302,22021.6,1.22995e6,1.99053e5,-8.18315e5,-2245.74,7099.05,-225.945,-11627.9,-1.87648e5,-18216.4,-3.27096e5,-5381.55,-5092.21,-1906.52,541.9,-116.735,-16.6694,-127.933,0.441409,-177.349,-1231.82,3123.96,15.6065,-7497.67,-46687.7,1.92925e5,896.096,447.782,1.51451e5,754.075,-645.267,-17977.6,11179.2,6297.93]
Estimated log Φ:s:
[3.06685,-319.174,534.786,3687.51,10344.2,259.933,1258.36,1375.42,2429.45]
elapsed time: 1277.110869726 seconds
#####################################################################
Starting DA-GP-MCMC estimating 7 parameters 
MCMC algorithm: MCWM
Adaptation algorithm: noAdaptation
Prior distribution: Normal
Particle filter: parallel_bootstrap, on 4 cores
Nbr particles for particle filter: 250
Covariance - kernel_MH_direct:
[0.0342394 -0.00425196 -1.98636e-5 -0.00294421 -0.000796038 0.00221946 0.00466236; -0.00425196 0.00130272 -8.54796e-6 -0.000124312 -2.63369e-5 -0.000606462 -0.0015247; -1.98636e-5 -8.54796e-6 3.43804e-5 -0.000159623 -2.97798e-5 2.72371e-5 9.48485e-6; -0.00294421 -0.000124312 -0.000159623 0.050633 0.0122682 -0.0180828 -0.0014039; -0.000796038 -2.63369e-5 -2.97798e-5 0.0122682 0.00298775 -0.00440038 -0.000340457; 0.00221946 -0.000606462 2.72371e-5 -0.0180828 -0.00440038 0.00814559 0.00215464; 0.00466236 -0.0015247 9.48485e-6 -0.0014039 -0.000340457 0.00215464 0.00354173]
Iteration: 1
Covariance:
[0.0493047 -0.00612283 -2.86036e-5 -0.00423966 -0.00114629 0.00319602 0.00671379; -0.00612283 0.00187592 -1.23091e-5 -0.000179009 -3.79251e-5 -0.000873305 -0.00219557; -2.86036e-5 -1.23091e-5 4.95078e-5 -0.000229858 -4.28828e-5 3.92214e-5 1.36582e-5; -0.00423966 -0.000179009 -0.000229858 0.0729116 0.0176662 -0.0260393 -0.00202162; -0.00114629 -3.79251e-5 -4.28828e-5 0.0176662 0.00430236 -0.00633655 -0.000490258; 0.00319602 -0.000873305 3.92214e-5 -0.0260393 -0.00633655 0.0117297 0.00310268; 0.00671379 -0.00219557 1.36582e-5 -0.00202162 -0.000490258 0.00310268 0.00510008]
Iteration: 1
Covariance:
[0.0493047 -0.00612283 -2.86036e-5 -0.00423966 -0.00114629 0.00319602 0.00671379; -0.00612283 0.00187592 -1.23091e-5 -0.000179009 -3.79251e-5 -0.000873305 -0.00219557; -2.86036e-5 -1.23091e-5 4.95078e-5 -0.000229858 -4.28828e-5 3.92214e-5 1.36582e-5; -0.00423966 -0.000179009 -0.000229858 0.0729116 0.0176662 -0.0260393 -0.00202162; -0.00114629 -3.79251e-5 -4.28828e-5 0.0176662 0.00430236 -0.00633655 -0.000490258; 0.00319602 -0.000873305 3.92214e-5 -0.0260393 -0.00633655 0.0117297 0.00310268; 0.00671379 -0.00219557 1.36582e-5 -0.00202162 -0.000490258 0.00310268 0.00510008]
Loglik start: -168780.9595 
Percentage done: 10.00 % 
Acceptance rate on iteration 1 to 1000 is 0.0270
Covariance:
[0.0493047 -0.00612283 -2.86036e-5 -0.00423966 -0.00114629 0.00319602 0.00671379; -0.00612283 0.00187592 -1.23091e-5 -0.000179009 -3.79251e-5 -0.000873305 -0.00219557; -2.86036e-5 -1.23091e-5 4.95078e-5 -0.000229858 -4.28828e-5 3.92214e-5 1.36582e-5; -0.00423966 -0.000179009 -0.000229858 0.0729116 0.0176662 -0.0260393 -0.00202162; -0.00114629 -3.79251e-5 -4.28828e-5 0.0176662 0.00430236 -0.00633655 -0.000490258; 0.00319602 -0.000873305 3.92214e-5 -0.0260393 -0.00633655 0.0117297 0.00310268; 0.00671379 -0.00219557 1.36582e-5 -0.00202162 -0.000490258 0.00310268 0.00510008]
Loglik: -168774.59226645 
Loglik values on different cores:
[-1.68809e5,-1.68775e5,-1.68795e5,-1.6879e5]
Percentage done: 20.00 % 
Acceptance rate on iteration 1001 to 2000 is 0.0541
Covariance:
[0.0493047 -0.00612283 -2.86036e-5 -0.00423966 -0.00114629 0.00319602 0.00671379; -0.00612283 0.00187592 -1.23091e-5 -0.000179009 -3.79251e-5 -0.000873305 -0.00219557; -2.86036e-5 -1.23091e-5 4.95078e-5 -0.000229858 -4.28828e-5 3.92214e-5 1.36582e-5; -0.00423966 -0.000179009 -0.000229858 0.0729116 0.0176662 -0.0260393 -0.00202162; -0.00114629 -3.79251e-5 -4.28828e-5 0.0176662 0.00430236 -0.00633655 -0.000490258; 0.00319602 -0.000873305 3.92214e-5 -0.0260393 -0.00633655 0.0117297 0.00310268; 0.00671379 -0.00219557 1.36582e-5 -0.00202162 -0.000490258 0.00310268 0.00510008]
Loglik: -168770.32867521 
Loglik values on different cores:
[-1.68796e5,-1.68803e5,-1.68832e5,-1.68812e5]
Percentage done: 30.00 % 
Acceptance rate on iteration 2001 to 3000 is 0.0511
Covariance:
[0.0493047 -0.00612283 -2.86036e-5 -0.00423966 -0.00114629 0.00319602 0.00671379; -0.00612283 0.00187592 -1.23091e-5 -0.000179009 -3.79251e-5 -0.000873305 -0.00219557; -2.86036e-5 -1.23091e-5 4.95078e-5 -0.000229858 -4.28828e-5 3.92214e-5 1.36582e-5; -0.00423966 -0.000179009 -0.000229858 0.0729116 0.0176662 -0.0260393 -0.00202162; -0.00114629 -3.79251e-5 -4.28828e-5 0.0176662 0.00430236 -0.00633655 -0.000490258; 0.00319602 -0.000873305 3.92214e-5 -0.0260393 -0.00633655 0.0117297 0.00310268; 0.00671379 -0.00219557 1.36582e-5 -0.00202162 -0.000490258 0.00310268 0.00510008]
Loglik: -168773.45506131 
Loglik values on different cores:
[-1.68791e5,-1.68771e5,-1.68794e5,-1.68773e5]
Percentage done: 40.00 % 
Acceptance rate on iteration 3001 to 4000 is 0.0501
Covariance:
[0.0493047 -0.00612283 -2.86036e-5 -0.00423966 -0.00114629 0.00319602 0.00671379; -0.00612283 0.00187592 -1.23091e-5 -0.000179009 -3.79251e-5 -0.000873305 -0.00219557; -2.86036e-5 -1.23091e-5 4.95078e-5 -0.000229858 -4.28828e-5 3.92214e-5 1.36582e-5; -0.00423966 -0.000179009 -0.000229858 0.0729116 0.0176662 -0.0260393 -0.00202162; -0.00114629 -3.79251e-5 -4.28828e-5 0.0176662 0.00430236 -0.00633655 -0.000490258; 0.00319602 -0.000873305 3.92214e-5 -0.0260393 -0.00633655 0.0117297 0.00310268; 0.00671379 -0.00219557 1.36582e-5 -0.00202162 -0.000490258 0.00310268 0.00510008]
Loglik: -168758.76504141 
Loglik values on different cores:
[-1.68777e5,-1.68796e5,-168811.0,-1.68799e5]
Percentage done: 50.00 % 
Acceptance rate on iteration 4001 to 5000 is 0.0460
Covariance:
[0.0493047 -0.00612283 -2.86036e-5 -0.00423966 -0.00114629 0.00319602 0.00671379; -0.00612283 0.00187592 -1.23091e-5 -0.000179009 -3.79251e-5 -0.000873305 -0.00219557; -2.86036e-5 -1.23091e-5 4.95078e-5 -0.000229858 -4.28828e-5 3.92214e-5 1.36582e-5; -0.00423966 -0.000179009 -0.000229858 0.0729116 0.0176662 -0.0260393 -0.00202162; -0.00114629 -3.79251e-5 -4.28828e-5 0.0176662 0.00430236 -0.00633655 -0.000490258; 0.00319602 -0.000873305 3.92214e-5 -0.0260393 -0.00633655 0.0117297 0.00310268; 0.00671379 -0.00219557 1.36582e-5 -0.00202162 -0.000490258 0.00310268 0.00510008]
Loglik: -168787.51708744 
Loglik values on different cores:
[-1.68817e5,-1.68797e5,-1.68803e5,-1.68788e5]
Percentage done: 60.00 % 
Acceptance rate on iteration 5001 to 6000 is 0.0360
Covariance:
[0.0493047 -0.00612283 -2.86036e-5 -0.00423966 -0.00114629 0.00319602 0.00671379; -0.00612283 0.00187592 -1.23091e-5 -0.000179009 -3.79251e-5 -0.000873305 -0.00219557; -2.86036e-5 -1.23091e-5 4.95078e-5 -0.000229858 -4.28828e-5 3.92214e-5 1.36582e-5; -0.00423966 -0.000179009 -0.000229858 0.0729116 0.0176662 -0.0260393 -0.00202162; -0.00114629 -3.79251e-5 -4.28828e-5 0.0176662 0.00430236 -0.00633655 -0.000490258; 0.00319602 -0.000873305 3.92214e-5 -0.0260393 -0.00633655 0.0117297 0.00310268; 0.00671379 -0.00219557 1.36582e-5 -0.00202162 -0.000490258 0.00310268 0.00510008]
Loglik: -168770.39983993 
Loglik values on different cores:
[-1.68786e5,-1.68803e5,-168764.0,-1.68769e5]
Percentage done: 70.00 % 
Acceptance rate on iteration 6001 to 7000 is 0.0420
Covariance:
[0.0493047 -0.00612283 -2.86036e-5 -0.00423966 -0.00114629 0.00319602 0.00671379; -0.00612283 0.00187592 -1.23091e-5 -0.000179009 -3.79251e-5 -0.000873305 -0.00219557; -2.86036e-5 -1.23091e-5 4.95078e-5 -0.000229858 -4.28828e-5 3.92214e-5 1.36582e-5; -0.00423966 -0.000179009 -0.000229858 0.0729116 0.0176662 -0.0260393 -0.00202162; -0.00114629 -3.79251e-5 -4.28828e-5 0.0176662 0.00430236 -0.00633655 -0.000490258; 0.00319602 -0.000873305 3.92214e-5 -0.0260393 -0.00633655 0.0117297 0.00310268; 0.00671379 -0.00219557 1.36582e-5 -0.00202162 -0.000490258 0.00310268 0.00510008]
Loglik: -168804.73199044 
Loglik values on different cores:
[-168837.0,-1.68797e5,-1.68764e5,-1.68795e5]
Percentage done: 80.00 % 
Acceptance rate on iteration 7001 to 8000 is 0.0561
Covariance:
[0.0493047 -0.00612283 -2.86036e-5 -0.00423966 -0.00114629 0.00319602 0.00671379; -0.00612283 0.00187592 -1.23091e-5 -0.000179009 -3.79251e-5 -0.000873305 -0.00219557; -2.86036e-5 -1.23091e-5 4.95078e-5 -0.000229858 -4.28828e-5 3.92214e-5 1.36582e-5; -0.00423966 -0.000179009 -0.000229858 0.0729116 0.0176662 -0.0260393 -0.00202162; -0.00114629 -3.79251e-5 -4.28828e-5 0.0176662 0.00430236 -0.00633655 -0.000490258; 0.00319602 -0.000873305 3.92214e-5 -0.0260393 -0.00633655 0.0117297 0.00310268; 0.00671379 -0.00219557 1.36582e-5 -0.00202162 -0.000490258 0.00310268 0.00510008]
Loglik: -168754.24776452 
Loglik values on different cores:
[-1.68785e5,-1.6879e5,-1.68815e5,-1.68821e5]
Percentage done: 90.00 % 
Acceptance rate on iteration 8001 to 9000 is 0.0490
Covariance:
[0.0493047 -0.00612283 -2.86036e-5 -0.00423966 -0.00114629 0.00319602 0.00671379; -0.00612283 0.00187592 -1.23091e-5 -0.000179009 -3.79251e-5 -0.000873305 -0.00219557; -2.86036e-5 -1.23091e-5 4.95078e-5 -0.000229858 -4.28828e-5 3.92214e-5 1.36582e-5; -0.00423966 -0.000179009 -0.000229858 0.0729116 0.0176662 -0.0260393 -0.00202162; -0.00114629 -3.79251e-5 -4.28828e-5 0.0176662 0.00430236 -0.00633655 -0.000490258; 0.00319602 -0.000873305 3.92214e-5 -0.0260393 -0.00633655 0.0117297 0.00310268; 0.00671379 -0.00219557 1.36582e-5 -0.00202162 -0.000490258 0.00310268 0.00510008]
Loglik: -168754.69529404 
Loglik values on different cores:
[-1.68864e5,-1.68867e5,-1.68828e5,-1.68835e5]
elapsed time: 9767.926633262 seconds
Ending DA-GP-MCMC with adaptive RW estimating 7 parameters
Algorithm: MCWM
Adaptation algorithm: noAdaptation
Prior distribution: Normal
Particle filter: parallel_bootstrap
Time pre-er:  0
Time fit GP model:  0
Time er-part:  9768
Number early-rejections: 7985
Number of cases directly to ordinary MH: 1486
Number of cases directly to ordinary MH accepted: 222
Number cases in in DA part: 8513
Number cases in second stage: 528
Number accepted in second stage: 236
Total number of evaluations of the particle filter: 2014
Acceptance rate for ordinary MH accepted: 14.9394
Acceptance rate a_1: 6.2023
Acceptance rate a_2: 44.6970
Acceptance rate a_1*a_2: 2.7722
Acceptance rate a (for entier algorithm): 4.5800
#####################################################################
Est prob:
[0.444877,0.935209,0.555123,0.0647907]
#####################################################################
Starting ADA-GP-MCMC with adaptive RW estimating 7 parameters
MCMC algorithm: MCWM
Adaptation algorithm: noAdaptation
Select case model: DT
Prior distribution: Normal
Particle filter: parallel_bootstrap, on 4 cores
Nbr particles for particle filter: 250
Covariance - kernel_MH_direct:
[0.0493047 -0.00612283 -2.86036e-5 -0.00423966 -0.00114629 0.00319602 0.00671379; -0.00612283 0.00187592 -1.23091e-5 -0.000179009 -3.79251e-5 -0.000873305 -0.00219557; -2.86036e-5 -1.23091e-5 4.95078e-5 -0.000229858 -4.28828e-5 3.92214e-5 1.36582e-5; -0.00423966 -0.000179009 -0.000229858 0.0729116 0.0176662 -0.0260393 -0.00202162; -0.00114629 -3.79251e-5 -4.28828e-5 0.0176662 0.00430236 -0.00633655 -0.000490258; 0.00319602 -0.000873305 3.92214e-5 -0.0260393 -0.00633655 0.0117297 0.00310268; 0.00671379 -0.00219557 1.36582e-5 -0.00202162 -0.000490258 0.00310268 0.00510008]
Iteration: 1
Covariance:
[0.0342394 -0.00425196 -1.98636e-5 -0.00294421 -0.000796038 0.00221946 0.00466236; -0.00425196 0.00130272 -8.54796e-6 -0.000124312 -2.63369e-5 -0.000606462 -0.0015247; -1.98636e-5 -8.54796e-6 3.43804e-5 -0.000159623 -2.97798e-5 2.72371e-5 9.48485e-6; -0.00294421 -0.000124312 -0.000159623 0.050633 0.0122682 -0.0180828 -0.0014039; -0.000796038 -2.63369e-5 -2.97798e-5 0.0122682 0.00298775 -0.00440038 -0.000340457; 0.00221946 -0.000606462 2.72371e-5 -0.0180828 -0.00440038 0.00814559 0.00215464; 0.00466236 -0.0015247 9.48485e-6 -0.0014039 -0.000340457 0.00215464 0.00354173]
Iteration: 1
Covariance:
[0.0342394 -0.00425196 -1.98636e-5 -0.00294421 -0.000796038 0.00221946 0.00466236; -0.00425196 0.00130272 -8.54796e-6 -0.000124312 -2.63369e-5 -0.000606462 -0.0015247; -1.98636e-5 -8.54796e-6 3.43804e-5 -0.000159623 -2.97798e-5 2.72371e-5 9.48485e-6; -0.00294421 -0.000124312 -0.000159623 0.050633 0.0122682 -0.0180828 -0.0014039; -0.000796038 -2.63369e-5 -2.97798e-5 0.0122682 0.00298775 -0.00440038 -0.000340457; 0.00221946 -0.000606462 2.72371e-5 -0.0180828 -0.00440038 0.00814559 0.00215464; 0.00466236 -0.0015247 9.48485e-6 -0.0014039 -0.000340457 0.00215464 0.00354173]
Loglik: -168773.6131 
Percentage done: 10.00 % 
Acceptance rate on iteration 1 to 1000 is 0.0621
Covariance:
[0.0342394 -0.00425196 -1.98636e-5 -0.00294421 -0.000796038 0.00221946 0.00466236; -0.00425196 0.00130272 -8.54796e-6 -0.000124312 -2.63369e-5 -0.000606462 -0.0015247; -1.98636e-5 -8.54796e-6 3.43804e-5 -0.000159623 -2.97798e-5 2.72371e-5 9.48485e-6; -0.00294421 -0.000124312 -0.000159623 0.050633 0.0122682 -0.0180828 -0.0014039; -0.000796038 -2.63369e-5 -2.97798e-5 0.0122682 0.00298775 -0.00440038 -0.000340457; 0.00221946 -0.000606462 2.72371e-5 -0.0180828 -0.00440038 0.00814559 0.00215464; 0.00466236 -0.0015247 9.48485e-6 -0.0014039 -0.000340457 0.00215464 0.00354173]
Loglik: -168778.5477 
Loglik values on different cores:
[-1.68799e5,-1.6878e5,-1.68799e5,-1.68769e5]
Percentage done: 20.00 % 
Acceptance rate on iteration 1001 to 2000 is 0.0561
Covariance:
[0.0342394 -0.00425196 -1.98636e-5 -0.00294421 -0.000796038 0.00221946 0.00466236; -0.00425196 0.00130272 -8.54796e-6 -0.000124312 -2.63369e-5 -0.000606462 -0.0015247; -1.98636e-5 -8.54796e-6 3.43804e-5 -0.000159623 -2.97798e-5 2.72371e-5 9.48485e-6; -0.00294421 -0.000124312 -0.000159623 0.050633 0.0122682 -0.0180828 -0.0014039; -0.000796038 -2.63369e-5 -2.97798e-5 0.0122682 0.00298775 -0.00440038 -0.000340457; 0.00221946 -0.000606462 2.72371e-5 -0.0180828 -0.00440038 0.00814559 0.00215464; 0.00466236 -0.0015247 9.48485e-6 -0.0014039 -0.000340457 0.00215464 0.00354173]
Loglik: NaN 
Loglik values on different cores:
[-1.688e5,-1.68766e5,-1.68818e5,-1.6875e5]
Percentage done: 30.00 % 
Acceptance rate on iteration 2001 to 3000 is 0.0531
Covariance:
[0.0342394 -0.00425196 -1.98636e-5 -0.00294421 -0.000796038 0.00221946 0.00466236; -0.00425196 0.00130272 -8.54796e-6 -0.000124312 -2.63369e-5 -0.000606462 -0.0015247; -1.98636e-5 -8.54796e-6 3.43804e-5 -0.000159623 -2.97798e-5 2.72371e-5 9.48485e-6; -0.00294421 -0.000124312 -0.000159623 0.050633 0.0122682 -0.0180828 -0.0014039; -0.000796038 -2.63369e-5 -2.97798e-5 0.0122682 0.00298775 -0.00440038 -0.000340457; 0.00221946 -0.000606462 2.72371e-5 -0.0180828 -0.00440038 0.00814559 0.00215464; 0.00466236 -0.0015247 9.48485e-6 -0.0014039 -0.000340457 0.00215464 0.00354173]
Loglik: NaN 
Loglik values on different cores:
[-1.68791e5,-1.688e5,-1.68788e5,-168775.0]
Percentage done: 40.00 % 
Acceptance rate on iteration 3001 to 4000 is 0.0470
Covariance:
[0.0342394 -0.00425196 -1.98636e-5 -0.00294421 -0.000796038 0.00221946 0.00466236; -0.00425196 0.00130272 -8.54796e-6 -0.000124312 -2.63369e-5 -0.000606462 -0.0015247; -1.98636e-5 -8.54796e-6 3.43804e-5 -0.000159623 -2.97798e-5 2.72371e-5 9.48485e-6; -0.00294421 -0.000124312 -0.000159623 0.050633 0.0122682 -0.0180828 -0.0014039; -0.000796038 -2.63369e-5 -2.97798e-5 0.0122682 0.00298775 -0.00440038 -0.000340457; 0.00221946 -0.000606462 2.72371e-5 -0.0180828 -0.00440038 0.00814559 0.00215464; 0.00466236 -0.0015247 9.48485e-6 -0.0014039 -0.000340457 0.00215464 0.00354173]
Loglik: NaN 
Loglik values on different cores:
[-1.68765e5,-1.68797e5,-1.68755e5,-1.6876e5]
Percentage done: 50.00 % 
Acceptance rate on iteration 4001 to 5000 is 0.0340
Covariance:
[0.0342394 -0.00425196 -1.98636e-5 -0.00294421 -0.000796038 0.00221946 0.00466236; -0.00425196 0.00130272 -8.54796e-6 -0.000124312 -2.63369e-5 -0.000606462 -0.0015247; -1.98636e-5 -8.54796e-6 3.43804e-5 -0.000159623 -2.97798e-5 2.72371e-5 9.48485e-6; -0.00294421 -0.000124312 -0.000159623 0.050633 0.0122682 -0.0180828 -0.0014039; -0.000796038 -2.63369e-5 -2.97798e-5 0.0122682 0.00298775 -0.00440038 -0.000340457; 0.00221946 -0.000606462 2.72371e-5 -0.0180828 -0.00440038 0.00814559 0.00215464; 0.00466236 -0.0015247 9.48485e-6 -0.0014039 -0.000340457 0.00215464 0.00354173]
Loglik: NaN 
Loglik values on different cores:
[-1.68789e5,-1.68801e5,-1.68807e5,-1.68763e5]
Percentage done: 60.00 % 
Acceptance rate on iteration 5001 to 6000 is 0.0110
Covariance:
[0.0342394 -0.00425196 -1.98636e-5 -0.00294421 -0.000796038 0.00221946 0.00466236; -0.00425196 0.00130272 -8.54796e-6 -0.000124312 -2.63369e-5 -0.000606462 -0.0015247; -1.98636e-5 -8.54796e-6 3.43804e-5 -0.000159623 -2.97798e-5 2.72371e-5 9.48485e-6; -0.00294421 -0.000124312 -0.000159623 0.050633 0.0122682 -0.0180828 -0.0014039; -0.000796038 -2.63369e-5 -2.97798e-5 0.0122682 0.00298775 -0.00440038 -0.000340457; 0.00221946 -0.000606462 2.72371e-5 -0.0180828 -0.00440038 0.00814559 0.00215464; 0.00466236 -0.0015247 9.48485e-6 -0.0014039 -0.000340457 0.00215464 0.00354173]
Loglik: NaN 
Loglik values on different cores:
[-168790.0,-1.68777e5,-1.68768e5,-1.68802e5]
Percentage done: 70.00 % 
Acceptance rate on iteration 6001 to 7000 is 0.0470
Covariance:
[0.0342394 -0.00425196 -1.98636e-5 -0.00294421 -0.000796038 0.00221946 0.00466236; -0.00425196 0.00130272 -8.54796e-6 -0.000124312 -2.63369e-5 -0.000606462 -0.0015247; -1.98636e-5 -8.54796e-6 3.43804e-5 -0.000159623 -2.97798e-5 2.72371e-5 9.48485e-6; -0.00294421 -0.000124312 -0.000159623 0.050633 0.0122682 -0.0180828 -0.0014039; -0.000796038 -2.63369e-5 -2.97798e-5 0.0122682 0.00298775 -0.00440038 -0.000340457; 0.00221946 -0.000606462 2.72371e-5 -0.0180828 -0.00440038 0.00814559 0.00215464; 0.00466236 -0.0015247 9.48485e-6 -0.0014039 -0.000340457 0.00215464 0.00354173]
Loglik: -168772.4071 
Loglik values on different cores:
[-1.6882e5,-1.68829e5,-1.68813e5,-1.68809e5]
Percentage done: 80.00 % 
Acceptance rate on iteration 7001 to 8000 is 0.0350
Covariance:
[0.0342394 -0.00425196 -1.98636e-5 -0.00294421 -0.000796038 0.00221946 0.00466236; -0.00425196 0.00130272 -8.54796e-6 -0.000124312 -2.63369e-5 -0.000606462 -0.0015247; -1.98636e-5 -8.54796e-6 3.43804e-5 -0.000159623 -2.97798e-5 2.72371e-5 9.48485e-6; -0.00294421 -0.000124312 -0.000159623 0.050633 0.0122682 -0.0180828 -0.0014039; -0.000796038 -2.63369e-5 -2.97798e-5 0.0122682 0.00298775 -0.00440038 -0.000340457; 0.00221946 -0.000606462 2.72371e-5 -0.0180828 -0.00440038 0.00814559 0.00215464; 0.00466236 -0.0015247 9.48485e-6 -0.0014039 -0.000340457 0.00215464 0.00354173]
Loglik: NaN 
Loglik values on different cores:
[-1.68795e5,-1.68769e5,-1.68818e5,-1.68769e5]
Percentage done: 90.00 % 
Acceptance rate on iteration 8001 to 9000 is 0.0360
Covariance:
[0.0342394 -0.00425196 -1.98636e-5 -0.00294421 -0.000796038 0.00221946 0.00466236; -0.00425196 0.00130272 -8.54796e-6 -0.000124312 -2.63369e-5 -0.000606462 -0.0015247; -1.98636e-5 -8.54796e-6 3.43804e-5 -0.000159623 -2.97798e-5 2.72371e-5 9.48485e-6; -0.00294421 -0.000124312 -0.000159623 0.050633 0.0122682 -0.0180828 -0.0014039; -0.000796038 -2.63369e-5 -2.97798e-5 0.0122682 0.00298775 -0.00440038 -0.000340457; 0.00221946 -0.000606462 2.72371e-5 -0.0180828 -0.00440038 0.00814559 0.00215464; 0.00466236 -0.0015247 9.48485e-6 -0.0014039 -0.000340457 0.00215464 0.00354173]
Loglik: -168776.7412 
Loglik values on different cores:
[-1.68767e5,-1.68788e5,-1.688e5,-1.68809e5]
elapsed time: 9386.014622141 seconds
Ending ADA-GP-MCMC with adaptive RW estimating 7 parameters
Algorithm: MCWM
Adaptation algorithm: noAdaptation
Prior distribution: Normal
Particel filter: parallel_bootstrap
Time consumption:Time pre-er:  0
Time fit GP model:  0
Time er-part:  9386
Number early-rejections: 7716
Number of cases directly to ordinary MH: 1492
Number split acceptance region early-accept: 13
Number split acceptance region early-reject: 270
Number cases in DA part: 8507
Number cases in second stage: 791
Number accepted in second stage: 296
Total number of evaluations of the particle filter: 1937
Acceptance rate for ordinary MH accepted: 8.5791
Acceptance rate a_1: 9.2982
Acceptance rate a_2: 37.4210
Acceptance rate a_1*a_2: 3.4795
Acceptance rate a (for entier algorithm): 4.2400
Number case 1 or 3: 567
Number case 2 or 4: 224
Number case 1: 257, 0.4533 % of all cases
Number case 2: 161, 0.7188 % of all cases
Number case 3: 310, 0.5467 % of all cases
Number case 4: 63, 0.2813 % of all cases
Number pf runs in case 1: 244, prob pf given case 1 94.9416 %
Number pf runs in case 2: 161, prob pf given case 2 100.0000 %
Number pf runs in case 3: 40, prob pf given case 3 12.9032 %
Number pf runs in case 4: 0, prob pf given case 4 0.0000 %
#####################################################################
