run Normal prior model
#####################################################################
Starting MCMC with adaptive RW estimating 7 parameters
Algorithm: MCWM
Adaptation algorithm: AMUpdate_gen
Prior distribution: Normal
Particel filter: parallel_bootstrap, on 10 cores
Iteration: 1
Covariance:
[0.142857 0.0 0.0 0.0 0.0 0.0 0.0; 0.0 0.142857 0.0 0.0 0.0 0.0 0.0; 0.0 0.0 0.142857 0.0 0.0 0.0 0.0; 0.0 0.0 0.0 0.142857 0.0 0.0 0.0; 0.0 0.0 0.0 0.0 0.142857 0.0 0.0; 0.0 0.0 0.0 0.0 0.0 0.142857 0.0; 0.0 0.0 0.0 0.0 0.0 0.0 0.142857]
	From worker 2:	ESS: 348.9579
	From worker 2:	Nbr resample: 24799 
	From worker 8:	ESS: 395.9058
	From worker 8:	Nbr resample: 24799 
	From worker 7:	ESS: 405.3624
	From worker 7:	Nbr resample: 24799 
	From worker 4:	ESS: 383.0653
	From worker 4:	Nbr resample: 24799 
	From worker 11:	ESS: 408.1263
	From worker 11:	Nbr resample: 24799 
	From worker 9:	ESS: 358.0349
	From worker 9:	Nbr resample: 24799 
	From worker 5:	ESS: 393.5890
	From worker 5:	Nbr resample: 24799 
	From worker 3:	ESS: 432.1976
	From worker 3:	Nbr resample: 24799 
	From worker 6:	ESS: 364.1236
	From worker 6:	Nbr resample: 24799 
	From worker 10:	ESS: 387.4464
	From worker 10:	Nbr resample: 24799 
Loglik: -194522.3744 
Percentage done: 0.67 % 
Acceptance rate on iteration 1 to 100 is 0.1212
Covariance:
[0.00600778 -0.000481315 0.00197797 -0.000666562 7.05734e-5 -0.000323773 -0.00149179; -0.000481315 0.00374917 -0.000389147 0.000190575 -4.98129e-5 9.94562e-5 0.000135906; 0.00197797 -0.000389147 0.00527249 -0.00047391 -4.68067e-5 -0.000363369 -0.00123839; -0.000666562 0.000190575 -0.00047391 0.00577842 0.000118112 -0.00084457 0.000841082; 7.05734e-5 -4.98129e-5 -4.68067e-5 0.000118112 0.00369824 -7.17266e-5 3.20355e-5; -0.000323773 9.94562e-5 -0.000363369 -0.00084457 -7.17266e-5 0.00415428 -5.26093e-5; -0.00149179 0.000135906 -0.00123839 0.000841082 3.20355e-5 -5.26093e-5 0.00505308]
Loglik: -186663.6884 
Loglik values on different cores:
[-1.86711e5,-1.86648e5,-186691.0,-1.86681e5,-1.86665e5,-1.86669e5,-1.86677e5,-1.8666e5,-1.86654e5,-1.86669e5]
	From worker 8:	ESS: 380.3116
	From worker 8:	Nbr resample: 24799 
	From worker 7:	ESS: 339.8328
	From worker 7:	Nbr resample: 24799 
	From worker 2:	ESS: 363.7956
	From worker 2:	Nbr resample: 24799 
	From worker 4:	ESS: 374.8673
	From worker 4:	Nbr resample: 24799 
	From worker 9:	ESS: 365.7909
	From worker 9:	Nbr resample: 24799 
	From worker 5:	ESS: 374.4031
	From worker 5:	Nbr resample: 24799 
	From worker 3:	ESS: 316.9625
	From worker 3:	Nbr resample: 24799 
	From worker 11:	ESS: 391.1945
	From worker 11:	Nbr resample: 24799 
	From worker 6:	ESS: 373.3459
	From worker 6:	Nbr resample: 24799 
	From worker 10:	ESS: 331.5026
	From worker 10:	Nbr resample: 24799 
	From worker 7:	ESS: 335.1292
	From worker 7:	Nbr resample: 24799 
	From worker 8:	ESS: 366.6861
	From worker 8:	Nbr resample: 24799 
	From worker 2:	ESS: 395.1714
	From worker 2:	Nbr resample: 24799 
	From worker 9:	ESS: 407.8497
	From worker 9:	Nbr resample: 24799 
	From worker 4:	ESS: 288.3196
	From worker 4:	Nbr resample: 24799 
	From worker 5:	ESS: 403.5669
	From worker 5:	Nbr resample: 24799 
	From worker 6:	ESS: 355.1834
	From worker 6:	Nbr resample: 24799 
	From worker 11:	ESS: 361.2454
	From worker 11:	Nbr resample: 24799 
	From worker 3:	ESS: 390.4901
	From worker 3:	Nbr resample: 24799 
	From worker 10:	ESS: 361.9654
	From worker 10:	Nbr resample: 24799 
Percentage done: 1.33 % 
Acceptance rate on iteration 101 to 200 is 0.1313
Covariance:
[0.00181204 -0.000345671 0.000580264 0.000339425 0.000120407 -0.000255867 -0.000226691; -0.000345671 0.000525576 -0.000133356 -8.70003e-5 -3.60901e-5 6.26692e-5 3.14592e-5; 0.000580264 -0.000133356 0.000781303 5.02101e-5 1.49128e-5 -0.000109484 -0.000169183; 0.000339425 -8.70003e-5 5.02101e-5 0.000882891 7.45012e-5 -0.000203491 0.000107395; 0.000120407 -3.60901e-5 1.49128e-5 7.45012e-5 0.000466008 -3.98465e-5 1.33372e-5; -0.000255867 6.26692e-5 -0.000109484 -0.000203491 -3.98465e-5 0.000576536 -1.85969e-5; -0.000226691 3.14592e-5 -0.000169183 0.000107395 1.33372e-5 -1.85969e-5 0.000632131]
Loglik: -186460.1511 
Loglik values on different cores:
[-1.86469e5,-1.86494e5,-1.86508e5,-1.86471e5,-1.86486e5,-186536.0,-1.86487e5,-1.86511e5,-1.86487e5,-1.86517e5]
	From worker 2:	ESS: 311.4666
	From worker 2:	Nbr resample: 24799 
	From worker 8:	ESS: 283.0601
	From worker 8:	Nbr resample: 24799 
	From worker 7:	ESS: 310.2099
	From worker 7:	Nbr resample: 24799 
	From worker 9:	ESS: 266.1452
	From worker 9:	Nbr resample: 24799 
	From worker 5:	ESS: 278.4740
	From worker 5:	Nbr resample: 24799 
	From worker 4:	ESS: 310.7576
	From worker 4:	Nbr resample: 24799 
	From worker 3:	ESS: 358.8372
	From worker 3:	Nbr resample: 24799 
	From worker 11:	ESS: 279.0534
	From worker 11:	Nbr resample: 24799 
	From worker 10:	ESS: 303.5798
	From worker 10:	Nbr resample: 24799 
	From worker 6:	ESS: 306.0361
	From worker 6:	Nbr resample: 24799 
	From worker 4:	ESS: 335.1202
	From worker 4:	Nbr resample: 24799 
	From worker 8:	ESS: 233.5770
	From worker 8:	Nbr resample: 24799 
	From worker 11:	ESS: 347.5131
	From worker 11:	Nbr resample: 24799 
	From worker 7:	ESS: 365.0756
	From worker 7:	Nbr resample: 24799 
	From worker 2:	ESS: 349.7323
	From worker 2:	Nbr resample: 24799 
	From worker 6:	ESS: 273.4435
	From worker 6:	Nbr resample: 24799 
	From worker 5:	ESS: 273.9359
	From worker 5:	Nbr resample: 24799 
	From worker 3:	ESS: 257.1295
	From worker 3:	Nbr resample: 24799 
	From worker 9:	ESS: 308.0077
	From worker 9:	Nbr resample: 24799 
	From worker 10:	ESS: 356.3064
	From worker 10:	Nbr resample: 24799 
Percentage done: 2.00 % 
Acceptance rate on iteration 201 to 300 is 0.1616
Covariance:
[0.000876604 -0.000217721 0.000264123 0.000356994 0.000162295 -0.000364908 4.32819e-5; -0.000217721 0.000190272 -6.6013e-5 -0.000124563 -5.63175e-5 0.000129463 -3.51059e-5; 0.000264123 -6.6013e-5 0.000244558 9.09512e-5 4.44126e-5 -0.000108758 -2.12635e-5; 0.000356994 -0.000124563 9.09512e-5 0.000511785 0.00014809 -0.000326 0.000127501; 0.000162295 -5.63175e-5 4.44126e-5 0.00014809 0.000187468 -0.000136857 4.73822e-5; -0.000364908 0.000129463 -0.000108758 -0.000326 -0.000136857 0.00044014 -0.000111215; 4.32819e-5 -3.51059e-5 -2.12635e-5 0.000127501 4.73822e-5 -0.000111215 0.000212344]
Loglik: -186420.9318 
Loglik values on different cores:
[-1.86445e5,-1.86483e5,-1.86463e5,-1.86433e5,-1.86492e5,-1.8645e5,-1.86482e5,-1.86451e5,-1.86453e5,-1.86453e5]
	From worker 2:	ESS: 316.7407
	From worker 2:	Nbr resample: 24799 
	From worker 8:	ESS: 335.6636
	From worker 8:	Nbr resample: 24799 
	From worker 7:	ESS: 361.5678
	From worker 7:	Nbr resample: 24799 
	From worker 4:	ESS: 352.3007
	From worker 4:	Nbr resample: 24799 
	From worker 11:	ESS: 296.2160
	From worker 11:	Nbr resample: 24799 
	From worker 9:	ESS: 352.6781
	From worker 9:	Nbr resample: 24799 
	From worker 3:	ESS: 328.2079
	From worker 3:	Nbr resample: 24799 
	From worker 5:	ESS: 361.6951
	From worker 5:	Nbr resample: 24799 
	From worker 6:	ESS: 341.5235
	From worker 6:	Nbr resample: 24799 
	From worker 10:	ESS: 295.3644
	From worker 10:	Nbr resample: 24799 
	From worker 4:	ESS: 363.9320
	From worker 4:	Nbr resample: 24799 
	From worker 7:	ESS: 353.2713
	From worker 7:	Nbr resample: 24799 
	From worker 8:	ESS: 288.6356
	From worker 8:	Nbr resample: 24799 
	From worker 11:	ESS: 300.8152
	From worker 11:	Nbr resample: 24799 
	From worker 2:	ESS: 310.2098
	From worker 2:	Nbr resample: 24799 
	From worker 9:	ESS: 368.5785
	From worker 9:	Nbr resample: 24799 
	From worker 6:	ESS: 318.3475
	From worker 6:	Nbr resample: 24799 
	From worker 3:	ESS: 332.5693
	From worker 3:	Nbr resample: 24799 
	From worker 5:	ESS: 315.2994
	From worker 5:	Nbr resample: 24799 
	From worker 10:	ESS: 335.0767
	From worker 10:	Nbr resample: 24799 
Percentage done: 2.67 % 
Acceptance rate on iteration 301 to 400 is 0.4141
Covariance:
[0.00185821 -0.000503549 0.000213215 0.00234405 0.000989658 -0.00112657 0.000747738; -0.000503549 0.000241132 -5.56752e-5 -0.00069956 -0.00029807 0.000344648 -0.000247892; 0.000213215 -5.56752e-5 0.000154942 0.000155407 7.23674e-5 -0.000105591 1.50358e-5; 0.00234405 -0.00069956 0.000155407 0.00389245 0.0015952 -0.00166906 0.00126655; 0.000989658 -0.00029807 7.23674e-5 0.0015952 0.000746673 -0.00070064 0.000525576; -0.00112657 0.000344648 -0.000105591 -0.00166906 -0.00070064 0.000905013 -0.000587623; 0.000747738 -0.000247892 1.50358e-5 0.00126655 0.000525576 -0.000587623 0.000579556]
Loglik: -186275.1561 
Loglik values on different cores:
[-186295.0,-1.86303e5,-1.8631e5,-186275.0,-1.86281e5,-1.86292e5,-186266.0,-186289.0,-1.86327e5,-1.86281e5]
	From worker 2:	ESS: 362.8940
	From worker 2:	Nbr resample: 24799 
	From worker 8:	ESS: 325.1542
	From worker 8:	Nbr resample: 24799 
	From worker 9:	ESS: 277.2968
	From worker 9:	Nbr resample: 24799 
	From worker 7:	ESS: 373.3903
	From worker 7:	Nbr resample: 24799 
	From worker 3:	ESS: 256.2544
	From worker 3:	Nbr resample: 24799 
	From worker 5:	ESS: 281.5191
	From worker 5:	Nbr resample: 24799 
	From worker 6:	ESS: 354.9767
	From worker 6:	Nbr resample: 24799 
	From worker 4:	ESS: 305.5814
	From worker 4:	Nbr resample: 24799 
	From worker 10:	ESS: 330.7769
	From worker 10:	Nbr resample: 24799 
	From worker 11:	ESS: 368.4446
	From worker 11:	Nbr resample: 24799 
	From worker 4:	ESS: 326.6360
	From worker 4:	Nbr resample: 24799 
	From worker 7:	ESS: 298.0308
	From worker 7:	Nbr resample: 24799 
	From worker 8:	ESS: 360.1056
	From worker 8:	Nbr resample: 24799 
	From worker 2:	ESS: 265.4440
	From worker 2:	Nbr resample: 24799 
	From worker 11:	ESS: 354.8576
	From worker 11:	Nbr resample: 24799 
	From worker 9:	ESS: 308.2717
	From worker 9:	Nbr resample: 24799 
	From worker 6:	ESS: 349.2256
	From worker 6:	Nbr resample: 24799 
	From worker 5:	ESS: 316.6754
	From worker 5:	Nbr resample: 24799 
	From worker 3:	ESS: 384.9732
	From worker 3:	Nbr resample: 24799 
	From worker 10:	ESS: 279.0751
	From worker 10:	Nbr resample: 24799 
Percentage done: 3.33 % 
Acceptance rate on iteration 401 to 500 is 0.2222
Covariance:
[0.00255333 -0.000664283 6.39937e-5 0.00458568 0.00178341 -0.00176708 0.00120987; -0.000664283 0.00022902 -2.00621e-5 -0.00120924 -0.000475221 0.000475876 -0.000339471; 6.39937e-5 -2.00621e-5 7.96691e-5 -2.21172e-5 -8.81896e-8 -1.96582e-5 -1.40925e-5; 0.00458568 -0.00120924 -2.21172e-5 0.00917717 0.00352303 -0.00337026 0.00240009; 0.00178341 -0.000475221 -8.81896e-8 0.00352303 0.00140053 -0.00130617 0.000929366; -0.00176708 0.000475876 -1.96582e-5 -0.00337026 -0.00130617 0.00134519 -0.000914288; 0.00120987 -0.000339471 -1.40925e-5 0.00240009 0.000929366 -0.000914288 0.000727952]
Loglik: -186237.0053 
Loglik values on different cores:
[-1.86246e5,-1.86261e5,-1.86241e5,-1.86257e5,-186246.0,-1.86264e5,-1.8624e5,-1.86263e5,-1.86239e5,-1.86259e5]
	From worker 8:	ESS: 348.0869
	From worker 8:	Nbr resample: 24799 
	From worker 7:	ESS: 306.2824
	From worker 7:	Nbr resample: 24799 
	From worker 4:	ESS: 374.0484
	From worker 4:	Nbr resample: 24799 
	From worker 2:	ESS: 323.6138
	From worker 2:	Nbr resample: 24799 
	From worker 9:	ESS: 343.8758
	From worker 9:	Nbr resample: 24799 
	From worker 11:	ESS: 300.0746
	From worker 11:	Nbr resample: 24799 
	From worker 3:	ESS: 421.4954
	From worker 3:	Nbr resample: 24799 
	From worker 6:	ESS: 378.1681
	From worker 6:	Nbr resample: 24799 
	From worker 5:	ESS: 342.9457
	From worker 5:	Nbr resample: 24799 
	From worker 10:	ESS: 318.3550
	From worker 10:	Nbr resample: 24799 
	From worker 4:	ESS: 362.0376
	From worker 4:	Nbr resample: 24799 
	From worker 2:	ESS: 337.1820
	From worker 2:	Nbr resample: 24799 
	From worker 7:	ESS: 376.7492
	From worker 7:	Nbr resample: 24799 
	From worker 8:	ESS: 342.0422
	From worker 8:	Nbr resample: 24799 
	From worker 11:	ESS: 344.6827
	From worker 11:	Nbr resample: 24799 
	From worker 9:	ESS: 361.4646
	From worker 9:	Nbr resample: 24799 
	From worker 3:	ESS: 419.9155
	From worker 3:	Nbr resample: 24799 
	From worker 6:	ESS: 370.0758
	From worker 6:	Nbr resample: 24799 
	From worker 5:	ESS: 399.6721
	From worker 5:	Nbr resample: 24799 
	From worker 10:	ESS: 376.9057
	From worker 10:	Nbr resample: 24799 
Percentage done: 4.00 % 
Acceptance rate on iteration 501 to 600 is 0.3030
Covariance:
[0.00200909 -0.000598826 2.17017e-5 0.00473129 0.00173342 -0.00154749 0.00111954; -0.000598826 0.000233684 -5.58918e-6 -0.00162341 -0.000582962 0.000492874 -0.000377716; 2.17017e-5 -5.58918e-6 5.14967e-5 -9.4358e-5 -2.60383e-5 6.99609e-6 -2.54431e-5; 0.00473129 -0.00162341 -9.4358e-5 0.0147946 0.00523053 -0.00425431 0.0032625; 0.00173342 -0.000582962 -2.60383e-5 0.00523053 0.00189193 -0.00154123 0.0011704; -0.00154749 0.000492874 6.99609e-6 -0.00425431 -0.00154123 0.00136484 -0.000991469; 0.00111954 -0.000377716 -2.54431e-5 0.0032625 0.0011704 -0.000991469 0.000798557]
Loglik: -186104.9689 
Loglik values on different cores:
[-1.86101e5,-1.86103e5,-1.86117e5,-1.86101e5,-1.86127e5,-1.86077e5,-1.86123e5,-1.8614e5,-1.86131e5,-186077.0]
	From worker 7:	ESS: 368.4682
	From worker 7:	Nbr resample: 24799 
	From worker 8:	ESS: 396.0844
	From worker 8:	Nbr resample: 24799 
	From worker 2:	ESS: 405.4151
	From worker 2:	Nbr resample: 24799 
	From worker 5:	ESS: 400.0478
	From worker 5:	Nbr resample: 24799 
	From worker 3:	ESS: 425.2257
	From worker 9:	ESS: 406.1866
	From worker 9:	Nbr resample: 24799 
	From worker 3:	Nbr resample: 24799 
	From worker 6:	ESS: 383.1633
	From worker 6:	Nbr resample: 24799 
	From worker 11:	ESS: 377.8543
	From worker 11:	Nbr resample: 24799 
	From worker 4:	ESS: 403.4852
	From worker 4:	Nbr resample: 24799 
	From worker 10:	ESS: 358.0805
	From worker 10:	Nbr resample: 24799 
	From worker 4:	ESS: 405.7444
	From worker 4:	Nbr resample: 24799 
	From worker 7:	ESS: 372.9133
	From worker 7:	Nbr resample: 24799 
	From worker 8:	ESS: 327.5133
	From worker 8:	Nbr resample: 24799 
	From worker 2:	ESS: 349.0427
	From worker 2:	Nbr resample: 24799 
	From worker 11:	ESS: 347.2042
	From worker 11:	Nbr resample: 24799 
	From worker 9:	ESS: 411.7961
	From worker 9:	Nbr resample: 24799 
	From worker 10:	ESS: 386.9491
	From worker 10:	Nbr resample: 24799 
	From worker 5:	ESS: 400.9326
	From worker 5:	Nbr resample: 24799 
	From worker 3:	ESS: 388.6324
	From worker 3:	Nbr resample: 24799 
	From worker 6:	ESS: 405.2242
	From worker 6:	Nbr resample: 24799 
Percentage done: 4.67 % 
Acceptance rate on iteration 601 to 700 is 0.1818
Covariance:
[0.00145182 -0.000545681 9.0834e-6 0.0047306 0.00161267 -0.00125801 0.000978513; -0.000545681 0.000287473 -1.48828e-6 -0.00249398 -0.000812924 0.000547127 -0.000462969; 9.0834e-6 -1.48828e-6 2.97404e-5 -7.03118e-5 -1.96446e-5 7.37302e-6 -1.7644e-5; 0.0047306 -0.00249398 -7.03118e-5 0.0244484 0.00788396 -0.00509998 0.00436125; 0.00161267 -0.000812924 -1.96446e-5 0.00788396 0.00257958 -0.00169957 0.00143449; -0.00125801 0.000547127 7.37302e-6 -0.00509998 -0.00169957 0.00125234 -0.00100021; 0.000978513 -0.000462969 -1.7644e-5 0.00436125 0.00143449 -0.00100021 0.00085709]
Loglik: -186016.1451 
Loglik values on different cores:
[-1.86017e5,-1.86052e5,-1.86038e5,-1.8606e5,-186062.0,-1.86054e5,-1.86054e5,-1.86061e5,-1.86037e5,-186054.0]
	From worker 2:	ESS: 386.0960
	From worker 2:	Nbr resample: 24799 
	From worker 7:	ESS: 411.6014
	From worker 7:	Nbr resample: 24799 
	From worker 8:	ESS: 415.1084
	From worker 8:	Nbr resample: 24799 
	From worker 9:	ESS: 421.0405
	From worker 9:	Nbr resample: 24799 
	From worker 5:	ESS: 442.9721
	From worker 5:	Nbr resample: 24799 
	From worker 4:	ESS: 339.4919
	From worker 4:	Nbr resample: 24799 
	From worker 3:	ESS: 442.1095
	From worker 3:	Nbr resample: 24799 
	From worker 6:	ESS: 427.4860
	From worker 6:	Nbr resample: 24799 
	From worker 10:	ESS: 387.0840
	From worker 10:	Nbr resample: 24799 
	From worker 11:	ESS: 398.0918
	From worker 11:	Nbr resample: 24799 
	From worker 8:	ESS: 359.2911
	From worker 8:	Nbr resample: 24799 
	From worker 2:	ESS: 372.1287
	From worker 2:	Nbr resample: 24799 
	From worker 4:	ESS: 432.4765
	From worker 4:	Nbr resample: 24799 
	From worker 11:	ESS: 432.3436
	From worker 11:	Nbr resample: 24799 
	From worker 7:	ESS: 381.4449
	From worker 7:	Nbr resample: 24799 
	From worker 6:	ESS: 396.0015
	From worker 6:	Nbr resample: 24799 
	From worker 10:	ESS: 362.5729
	From worker 10:	Nbr resample: 24799 
	From worker 9:	ESS: 406.0845
	From worker 9:	Nbr resample: 24799 
	From worker 3:	ESS: 420.9035
	From worker 3:	Nbr resample: 24799 
	From worker 5:	ESS: 374.4420
	From worker 5:	Nbr resample: 24799 
Percentage done: 5.33 % 
Acceptance rate on iteration 701 to 800 is 0.1111
Covariance:
[0.000815315 -0.000309718 4.10486e-6 0.00272713 0.000926269 -0.000712102 0.000558308; -0.000309718 0.000269064 1.14281e-6 -0.00291495 -0.000868968 0.000441449 -0.000414991; 4.10486e-6 1.14281e-6 1.71939e-5 -6.48629e-5 -1.825e-5 6.91979e-6 -1.29642e-5; 0.00272713 -0.00291495 -6.48629e-5 0.034999 0.0102244 -0.00476299 0.00463317; 0.000926269 -0.000868968 -1.825e-5 0.0102244 0.00302925 -0.00147251 0.0014018; -0.000712102 0.000441449 6.91979e-6 -0.00476299 -0.00147251 0.000871722 -0.000757066; 0.000558308 -0.000414991 -1.29642e-5 0.00463317 0.0014018 -0.000757066 0.00070656]
Loglik: -185938.3215 
Loglik values on different cores:
[-1.8595e5,-1.85951e5,-1.85975e5,-1.85987e5,-1.85972e5,-1.85957e5,-1.85972e5,-185965.0,-1.85953e5,-1.85944e5]
	From worker 2:	ESS: 379.2258
	From worker 2:	Nbr resample: 24799 
	From worker 7:	ESS: 381.5595
	From worker 7:	Nbr resample: 24799 
	From worker 8:	ESS: 425.1000
	From worker 8:	Nbr resample: 24799 
	From worker 4:	ESS: 430.2695
	From worker 4:	Nbr resample: 24799 
	From worker 3:	ESS: 431.7318
	From worker 3:	Nbr resample: 24799 
	From worker 6:	ESS: 386.6877
	From worker 6:	Nbr resample: 24799 
	From worker 10:	ESS: 390.2594
	From worker 10:	Nbr resample: 24799 
	From worker 11:	ESS: 434.1759
	From worker 11:	Nbr resample: 24799 
	From worker 9:	ESS: 429.5255
	From worker 9:	Nbr resample: 24799 
	From worker 5:	ESS: 422.4988
	From worker 5:	Nbr resample: 24799 
	From worker 2:	ESS: 424.4097
	From worker 2:	Nbr resample: 24799 
	From worker 4:	ESS: 381.5755
	From worker 4:	Nbr resample: 24799 
	From worker 8:	ESS: 420.4213
	From worker 8:	Nbr resample: 24799 
	From worker 7:	ESS: 421.3402
	From worker 7:	Nbr resample: 24799 
	From worker 11:	ESS: 433.1319
	From worker 11:	Nbr resample: 24799 
	From worker 6:	ESS: 421.3685
	From worker 6:	Nbr resample: 24799 
	From worker 9:	ESS: 413.4432
	From worker 9:	Nbr resample: 24799 
	From worker 3:	ESS: 428.2284
	From worker 3:	Nbr resample: 24799 
	From worker 5:	ESS: 419.3647
	From worker 5:	Nbr resample: 24799 
	From worker 10:	ESS: 393.3842
	From worker 10:	Nbr resample: 24799 
Percentage done: 6.00 % 
Acceptance rate on iteration 801 to 900 is 0.1818
Covariance:
[0.000541008 -0.000166011 4.33334e-6 0.00125619 0.000458471 -0.000435027 0.000312559; -0.000166011 0.000210013 8.15387e-7 -0.00245353 -0.000711553 0.000302099 -0.000314258; 4.33334e-6 8.15387e-7 1.11191e-5 -4.68887e-5 -1.29683e-5 3.61287e-6 -8.2273e-6; 0.00125619 -0.00245353 -4.68887e-5 0.0315159 0.00896321 -0.00335324 0.0037261; 0.000458471 -0.000711553 -1.29683e-5 0.00896321 0.00258 -0.00101983 0.00109742; -0.000435027 0.000302099 3.61287e-6 -0.00335324 -0.00101983 0.000565733 -0.000507214; 0.000312559 -0.000314258 -8.2273e-6 0.0037261 0.00109742 -0.000507214 0.000513792]
Loglik: -185914.2171 
Loglik values on different cores:
[-1.85952e5,-1.85943e5,-1.85959e5,-1.85953e5,-1.85937e5,-1.85969e5,-185970.0,-1.85964e5,-1.85951e5,-1.85958e5]
	From worker 7:	ESS: 417.7745
	From worker 7:	Nbr resample: 24799 
	From worker 2:	ESS: 442.6718
	From worker 2:	Nbr resample: 24799 
	From worker 8:	ESS: 392.3215
	From worker 8:	Nbr resample: 24799 
	From worker 6:	ESS: 410.2907
	From worker 6:	Nbr resample: 24799 
	From worker 4:	ESS: 428.9503
	From worker 4:	Nbr resample: 24799 
	From worker 9:	ESS: 422.5836
	From worker 9:	Nbr resample: 24799 
	From worker 11:	ESS: 432.7297
	From worker 11:	Nbr resample: 24799 
	From worker 5:	ESS: 429.7881
	From worker 5:	Nbr resample: 24799 
	From worker 3:	ESS: 398.3636
	From worker 3:	Nbr resample: 24799 
	From worker 10:	ESS: 418.9661
	From worker 10:	Nbr resample: 24799 
	From worker 2:	ESS: 417.4143
	From worker 2:	Nbr resample: 24799 
	From worker 4:	ESS: 400.4374
	From worker 4:	Nbr resample: 24799 
	From worker 8:	ESS: 419.2296
	From worker 8:	Nbr resample: 24799 
	From worker 7:	ESS: 413.1251
	From worker 7:	Nbr resample: 24799 
	From worker 6:	ESS: 424.8706
	From worker 6:	Nbr resample: 24799 
	From worker 11:	ESS: 412.1790
	From worker 11:	Nbr resample: 24799 
	From worker 9:	ESS: 423.9762
	From worker 9:	Nbr resample: 24799 
	From worker 3:	ESS: 402.0284
	From worker 3:	Nbr resample: 24799 
	From worker 5:	ESS: 388.6411
	From worker 5:	Nbr resample: 24799 
	From worker 10:	ESS: 376.0545
	From worker 10:	Nbr resample: 24799 
Percentage done: 6.67 % 
Acceptance rate on iteration 901 to 1000 is 0.1616
Covariance:
[0.000357213 -0.000106962 3.08749e-6 0.000787481 0.000291197 -0.000284569 0.000201577; -0.000106962 0.000149738 1.51832e-6 -0.00176944 -0.000510836 0.000205979 -0.000221489; 3.08749e-6 1.51832e-6 7.38965e-6 -4.4267e-5 -1.21651e-5 2.75608e-6 -6.62037e-6; 0.000787481 -0.00176944 -4.4267e-5 0.022857 0.00647736 -0.00229679 0.00265097; 0.000291197 -0.000510836 -1.21651e-5 0.00647736 0.00185652 -0.000695679 0.000776353; -0.000284569 0.000205979 2.75608e-6 -0.00229679 -0.000695679 0.000377764 -0.000342594; 0.000201577 -0.000221489 -6.62037e-6 0.00265097 0.000776353 -0.000342594 0.000356705]
Loglik: -185920.1200 
Loglik values on different cores:
[-1.85962e5,-1.85948e5,-185932.0,-1.85949e5,-1.85952e5,-1.85952e5,-185941.0,-1.85979e5,-1.86001e5,-1.85938e5]
	From worker 2:	ESS: 436.6252
	From worker 2:	Nbr resample: 24799 
	From worker 4:	ESS: 410.0572
	From worker 4:	Nbr resample: 24799 
	From worker 7:	ESS: 433.9947
	From worker 7:	Nbr resample: 24799 
	From worker 8:	ESS: 427.8070
	From worker 8:	Nbr resample: 24799 
	From worker 5:	ESS: 424.3811
	From worker 5:	Nbr resample: 24799 
	From worker 3:	ESS: 421.9809
	From worker 3:	Nbr resample: 24799 
	From worker 6:	ESS: 418.5101
	From worker 6:	Nbr resample: 24799 
	From worker 11:	ESS: 402.9329
	From worker 11:	Nbr resample: 24799 
	From worker 9:	ESS: 413.3500
	From worker 9:	Nbr resample: 24799 
	From worker 10:	ESS: 406.2940
	From worker 10:	Nbr resample: 24799 
	From worker 2:	ESS: 424.7016
	From worker 2:	Nbr resample: 24799 
	From worker 7:	ESS: 407.8517
	From worker 7:	Nbr resample: 24799 
	From worker 8:	ESS: 426.6111
	From worker 8:	Nbr resample: 24799 
	From worker 4:	ESS: 420.5897
	From worker 4:	Nbr resample: 24799 
	From worker 11:	ESS: 407.1129
	From worker 11:	Nbr resample: 24799 
	From worker 5:	ESS: 404.9312
	From worker 5:	Nbr resample: 24799 
	From worker 6:	ESS: 435.5098
	From worker 6:	Nbr resample: 24799 
	From worker 9:	ESS: 401.6245
	From worker 9:	Nbr resample: 24799 
	From worker 3:	ESS: 424.4513
	From worker 3:	Nbr resample: 24799 
	From worker 10:	ESS: 422.9476
	From worker 10:	Nbr resample: 24799 
Percentage done: 7.33 % 
Acceptance rate on iteration 1001 to 1100 is 0.1919
Covariance:
[0.000246851 -7.30171e-5 2.40582e-6 0.000517026 0.000192128 -0.000194416 0.000137198; -7.30171e-5 0.000105099 9.97149e-7 -0.00124315 -0.000358064 0.000139602 -0.000153381; 2.40582e-6 9.97149e-7 5.24633e-6 -3.27579e-5 -9.28782e-6 1.74308e-6 -4.67746e-6; 0.000517026 -0.00124315 -3.27579e-5 0.0161737 0.00458068 -0.00154396 0.00183571; 0.000192128 -0.000358064 -9.28782e-6 0.00458068 0.00131185 -0.000467385 0.000536796; -0.000194416 0.000139602 1.74308e-6 -0.00154396 -0.000467385 0.000255995 -0.000231864; 0.000137198 -0.000153381 -4.67746e-6 0.00183571 0.000536796 -0.000231864 0.000244765]
Loglik: -185903.0692 
Loglik values on different cores:
[-1.85948e5,-1.85947e5,-1.85932e5,-1.85899e5,-1.85953e5,-1.85919e5,-1.85936e5,-1.8597e5,-1.85945e5,-1.85965e5]
	From worker 2:	ESS: 391.4431
	From worker 8:	ESS: 399.9958
	From worker 8:	Nbr resample: 24799 
	From worker 2:	Nbr resample: 24799 
	From worker 9:	ESS: 363.0935
	From worker 9:	Nbr resample: 24799 
	From worker 4:	ESS: 411.2457
	From worker 4:	Nbr resample: 24799 
	From worker 5:	ESS: 379.9086
	From worker 5:	Nbr resample: 24799 
	From worker 7:	ESS: 429.1121
	From worker 7:	Nbr resample: 24799 
	From worker 3:	ESS: 423.2648
	From worker 3:	Nbr resample: 24799 
	From worker 11:	ESS: 389.7177
	From worker 11:	Nbr resample: 24799 
	From worker 6:	ESS: 436.3629
	From worker 6:	Nbr resample: 24799 
	From worker 10:	ESS: 395.9049
	From worker 10:	Nbr resample: 24799 
	From worker 4:	ESS: 413.1738
	From worker 4:	Nbr resample: 24799 
	From worker 7:	ESS: 420.4418
	From worker 7:	Nbr resample: 24799 
	From worker 2:	ESS: 418.8305
	From worker 2:	Nbr resample: 24799 
	From worker 9:	ESS: 432.7590
	From worker 9:	Nbr resample: 24799 
	From worker 8:	ESS: 415.5124
	From worker 8:	Nbr resample: 24799 
	From worker 6:	ESS: 380.2124
	From worker 6:	Nbr resample: 24799 
	From worker 11:	ESS: 397.6417
	From worker 11:	Nbr resample: 24799 
	From worker 5:	ESS: 401.1782
	From worker 5:	Nbr resample: 24799 
	From worker 3:	ESS: 409.5903
	From worker 3:	Nbr resample: 24799 
	From worker 10:	ESS: 396.3664
	From worker 10:	Nbr resample: 24799 
Percentage done: 8.00 % 
Acceptance rate on iteration 1101 to 1200 is 0.2929
Covariance:
[0.000222014 -6.07596e-5 5.89622e-6 0.000295508 0.000120231 -0.000170286 0.000113752; -6.07596e-5 8.03974e-5 1.65288e-7 -0.00092961 -0.000267738 0.000110082 -0.000117916; 5.89622e-6 1.65288e-7 4.54223e-6 -3.59261e-5 -9.88809e-6 -1.30828e-6 -2.45846e-6; 0.000295508 -0.00092961 -3.59261e-5 0.0126401 0.00356645 -0.00112652 0.00137328; 0.000120231 -0.000267738 -9.88809e-6 0.00356645 0.00101762 -0.000342192 0.000401508; -0.000170286 0.000110082 -1.30828e-6 -0.00112652 -0.000342192 0.000212756 -0.000184017; 0.000113752 -0.000117916 -2.45846e-6 0.00137328 0.000401508 -0.000184017 0.000189205]
Loglik: -185918.6702 
Loglik values on different cores:
[-1.85933e5,-185933.0,-1.85934e5,-1.85944e5,-1.85923e5,-1.85947e5,-1.85941e5,-1.8592e5,-1.85924e5,-1.85943e5]
	From worker 2:	ESS: 398.2960
	From worker 2:	Nbr resample: 24799 
	From worker 7:	ESS: 391.0127
	From worker 7:	Nbr resample: 24799 
	From worker 4:	ESS: 450.0631
	From worker 4:	Nbr resample: 24799 
	From worker 9:	ESS: 402.0365
	From worker 9:	Nbr resample: 24799 
	From worker 8:	ESS: 425.1531
	From worker 8:	Nbr resample: 24799 
	From worker 3:	ESS: 447.2943
	From worker 3:	Nbr resample: 24799 
	From worker 5:	ESS: 427.3264
	From worker 5:	Nbr resample: 24799 
	From worker 6:	ESS: 424.6601
	From worker 6:	Nbr resample: 24799 
	From worker 11:	ESS: 411.5952
	From worker 11:	Nbr resample: 24799 
	From worker 10:	ESS: 429.5981
	From worker 10:	Nbr resample: 24799 
	From worker 4:	ESS: 393.7282
	From worker 4:	Nbr resample: 24799 
	From worker 8:	ESS: 376.0151
	From worker 8:	Nbr resample: 24799 
	From worker 2:	ESS: 408.7663
	From worker 2:	Nbr resample: 24799 
	From worker 7:	ESS: 404.9816
	From worker 7:	Nbr resample: 24799 
	From worker 11:	ESS: 391.5532
	From worker 11:	Nbr resample: 24799 
	From worker 3:	ESS: 435.6116
	From worker 3:	Nbr resample: 24799 
	From worker 9:	ESS: 424.8358
	From worker 9:	Nbr resample: 24799 
	From worker 5:	ESS: 437.8395
	From worker 5:	Nbr resample: 24799 
	From worker 10:	ESS: 380.8158
	From worker 10:	Nbr resample: 24799 
	From worker 6:	ESS: 423.4373
	From worker 6:	Nbr resample: 24799 
Percentage done: 8.67 % 
Acceptance rate on iteration 1201 to 1300 is 0.2828
Covariance:
[0.000223414 -5.54182e-5 9.02309e-6 0.000186271 8.00719e-5 -0.000150579 9.6464e-5; -5.54182e-5 6.34233e-5 -8.64793e-7 -0.000706751 -0.000203395 8.78502e-5 -9.22088e-5; 9.02309e-6 -8.64793e-7 4.115e-6 -2.94703e-5 -8.03148e-6 -3.16903e-6 -8.18651e-7; 0.000186271 -0.000706751 -2.94703e-5 0.00971238 0.00274029 -0.00084357 0.00104465; 8.00719e-5 -0.000203395 -8.03148e-6 0.00274029 0.000782157 -0.00025629 0.000305152; -0.000150579 8.78502e-5 -3.16903e-6 -0.00084357 -0.00025629 0.000171198 -0.00014452; 9.6464e-5 -9.22088e-5 -8.18651e-7 0.00104465 0.000305152 -0.00014452 0.000146791]
Loglik: -185933.8783 
Loglik values on different cores:
[-1.85949e5,-1.85936e5,-1.85948e5,-1.85973e5,-1.85929e5,-1.85976e5,-185942.0,-1.85965e5,-1.85946e5,-1.85967e5]
	From worker 7:	ESS: 417.9724
	From worker 7:	Nbr resample: 24799 
	From worker 2:	ESS: 437.0032
	From worker 2:	Nbr resample: 24799 
	From worker 4:	ESS: 360.6116
	From worker 4:	Nbr resample: 24799 
	From worker 8:	ESS: 428.9878
	From worker 8:	Nbr resample: 24799 
	From worker 5:	ESS: 387.0960
	From worker 5:	Nbr resample: 24799 
	From worker 6:	ESS: 389.2264
	From worker 6:	Nbr resample: 24799 
	From worker 11:	ESS: 424.0633
	From worker 11:	Nbr resample: 24799 
	From worker 3:	ESS: 413.7744
	From worker 3:	Nbr resample: 24799 
	From worker 9:	ESS: 403.1321
	From worker 9:	Nbr resample: 24799 
	From worker 10:	ESS: 408.7346
	From worker 10:	Nbr resample: 24799 
	From worker 4:	ESS: 377.5862
	From worker 4:	Nbr resample: 24799 
	From worker 8:	ESS: 434.2876
	From worker 8:	Nbr resample: 24799 
	From worker 2:	ESS: 417.0251
	From worker 2:	Nbr resample: 24799 
	From worker 9:	ESS: 441.2686
	From worker 9:	Nbr resample: 24799 
	From worker 5:	ESS: 411.0604
	From worker 5:	Nbr resample: 24799 
	From worker 6:	ESS: 433.8171
	From worker 6:	Nbr resample: 24799 
	From worker 11:	ESS: 421.9381
	From worker 11:	Nbr resample: 24799 
	From worker 3:	ESS: 389.3341
	From worker 3:	Nbr resample: 24799 
	From worker 7:	ESS: 431.6729
	From worker 7:	Nbr resample: 24799 
	From worker 10:	ESS: 385.4677
	From worker 10:	Nbr resample: 24799 
Percentage done: 9.33 % 
Acceptance rate on iteration 1301 to 1400 is 0.3535
Covariance:
[0.000216667 -4.92755e-5 1.22304e-5 0.000131152 5.97314e-5 -0.000142177 7.87123e-5; -4.92755e-5 5.50744e-5 -1.70442e-6 -0.000598908 -0.000170851 7.35457e-5 -7.56454e-5; 1.22304e-5 -1.70442e-6 4.09957e-6 -2.24591e-5 -6.18246e-6 -5.44298e-6 -5.32946e-7; 0.000131152 -0.000598908 -2.24591e-5 0.00814256 0.00228344 -0.000673828 0.000853497; 5.97314e-5 -0.000170851 -6.18246e-6 0.00228344 0.00064833 -0.000205241 0.000248774; -0.000142177 7.35457e-5 -5.44298e-6 -0.000673828 -0.000205241 0.000151402 -0.000117563; 7.87123e-5 -7.56454e-5 -5.32946e-7 0.000853497 0.000248774 -0.000117563 0.000119391]
Loglik: -185921.5073 
Loglik values on different cores:
[-1.85949e5,-1.85953e5,-1.85963e5,-1.85934e5,-1.8596e5,-1.85917e5,-185938.0,-185941.0,-1.85954e5,-1.85952e5]
	From worker 4:	ESS: 429.3966
	From worker 4:	Nbr resample: 24799 
	From worker 7:	ESS: 415.4256
	From worker 7:	Nbr resample: 24799 
	From worker 8:	ESS: 420.6918
	From worker 8:	Nbr resample: 24799 
	From worker 2:	ESS: 421.6845
	From worker 2:	Nbr resample: 24799 
	From worker 9:	ESS: 407.0190
	From worker 9:	Nbr resample: 24799 
	From worker 5:	ESS: 413.9291
	From worker 5:	Nbr resample: 24799 
	From worker 6:	ESS: 424.4140
	From worker 6:	Nbr resample: 24799 
	From worker 11:	ESS: 433.3904
	From worker 11:	Nbr resample: 24799 
	From worker 3:	ESS: 396.1730
	From worker 3:	Nbr resample: 24799 
	From worker 10:	ESS: 435.6882
	From worker 10:	Nbr resample: 24799 
	From worker 4:	ESS: 416.7275
	From worker 4:	Nbr resample: 24799 
	From worker 2:	ESS: 378.4439
	From worker 2:	Nbr resample: 24799 
	From worker 8:	ESS: 410.0240
	From worker 8:	Nbr resample: 24799 
	From worker 9:	ESS: 387.5836
	From worker 9:	Nbr resample: 24799 
	From worker 6:	ESS: 428.3449
	From worker 6:	Nbr resample: 24799 
	From worker 5:	ESS: 435.4662
	From worker 5:	Nbr resample: 24799 
	From worker 11:	ESS: 415.3125
	From worker 11:	Nbr resample: 24799 
	From worker 7:	ESS: 412.9675
	From worker 7:	Nbr resample: 24799 
	From worker 3:	ESS: 417.8391
	From worker 3:	Nbr resample: 24799 
	From worker 10:	ESS: 369.0715
	From worker 10:	Nbr resample: 24799 
Percentage done: 10.00 % 
Acceptance rate on iteration 1401 to 1500 is 0.3535
Covariance:
[0.000221734 -6.66045e-5 1.21728e-5 0.000249898 8.33557e-5 -0.000159044 9.13375e-5; -6.66045e-5 6.29981e-5 -2.48049e-6 -0.00058875 -0.000163221 8.68665e-5 -7.93137e-5; 1.21728e-5 -2.48049e-6 3.61071e-6 -1.10113e-5 -3.19575e-6 -6.44205e-6 9.10829e-7; 0.000249898 -0.00058875 -1.10113e-5 0.00737719 0.00204279 -0.000705134 0.000808531; 8.33557e-5 -0.000163221 -3.19575e-6 0.00204279 0.000573442 -0.00020494 0.00023041; -0.000159044 8.68665e-5 -6.44205e-6 -0.000705134 -0.00020494 0.000166963 -0.000123633; 9.13375e-5 -7.93137e-5 9.10829e-7 0.000808531 0.00023041 -0.000123633 0.000116508]
Loglik: -185910.0176 
Loglik values on different cores:
[-1.85936e5,-1.85923e5,-1.8595e5,-1.85943e5,-1.8594e5,-1.85892e5,-1.85942e5,-1.85915e5,-1.85926e5,-1.85935e5]
	From worker 7:	ESS: 395.8926
	From worker 7:	Nbr resample: 24799 
	From worker 4:	ESS: 368.2379
	From worker 4:	Nbr resample: 24799 
	From worker 2:	ESS: 436.8854
	From worker 2:	Nbr resample: 24799 
	From worker 9:	ESS: 441.6310
	From worker 9:	Nbr resample: 24799 
	From worker 8:	ESS: 429.8979
	From worker 8:	Nbr resample: 24799 
	From worker 3:	ESS: 405.5656
	From worker 3:	Nbr resample: 24799 
	From worker 11:	ESS: 421.5630
	From worker 11:	Nbr resample: 24799 
	From worker 10:	ESS: 384.6308
	From worker 10:	Nbr resample: 24799 
	From worker 5:	ESS: 430.4503
	From worker 5:	Nbr resample: 24799 
	From worker 6:	ESS: 402.7207
	From worker 6:	Nbr resample: 24799 
	From worker 4:	ESS: 353.8898
	From worker 4:	Nbr resample: 24799 
	From worker 2:	ESS: 403.2265
	From worker 2:	Nbr resample: 24799 
	From worker 8:	ESS: 405.0903
	From worker 8:	Nbr resample: 24799 
	From worker 5:	ESS: 443.2981
	From worker 6:	ESS: 380.7678
	From worker 5:	Nbr resample: 24799 
	From worker 6:	Nbr resample: 24799 
	From worker 3:	ESS: 428.4625
	From worker 3:	Nbr resample: 24799 
	From worker 11:	ESS: 382.2347
	From worker 11:	Nbr resample: 24799 
	From worker 7:	ESS: 404.8154
	From worker 7:	Nbr resample: 24799 
	From worker 9:	ESS: 389.7692
	From worker 9:	Nbr resample: 24799 
	From worker 10:	ESS: 421.1976
	From worker 10:	Nbr resample: 24799 
Percentage done: 10.67 % 
Acceptance rate on iteration 1501 to 1600 is 0.3333
Covariance:
[0.000190394 -5.74349e-5 1.017e-5 0.000199491 6.71438e-5 -0.000140462 7.70256e-5; -5.74349e-5 5.45811e-5 -1.78947e-6 -0.000494963 -0.000136314 8.0712e-5 -6.73816e-5; 1.017e-5 -1.78947e-6 3.09513e-6 -9.08057e-6 -2.51258e-6 -4.79847e-6 7.18091e-7; 0.000199491 -0.000494963 -9.08057e-6 0.00631992 0.0017405 -0.000607849 0.000683779; 6.71438e-5 -0.000136314 -2.51258e-6 0.0017405 0.000486137 -0.000173844 0.000193759; -0.000140462 8.0712e-5 -4.79847e-6 -0.000607849 -0.000173844 0.000167795 -0.000108717; 7.70256e-5 -6.73816e-5 7.18091e-7 0.000683779 0.000193759 -0.000108717 9.81696e-5]
Loglik: -185906.6754 
Loglik values on different cores:
[-1.85938e5,-1.85976e5,-1.85924e5,-1.85915e5,-1.85937e5,-1.85943e5,-1.85913e5,-1.85918e5,-1.85915e5,-1.85928e5]
	From worker 7:	ESS: 397.8836
	From worker 7:	Nbr resample: 24799 
	From worker 4:	ESS: 380.9561
	From worker 4:	Nbr resample: 24799 
	From worker 2:	ESS: 425.2059
	From worker 2:	Nbr resample: 24799 
	From worker 8:	ESS: 435.6198
	From worker 8:	Nbr resample: 24799 
	From worker 6:	ESS: 417.5081
	From worker 6:	Nbr resample: 24799 
	From worker 9:	ESS: 416.9500
	From worker 9:	Nbr resample: 24799 
	From worker 3:	ESS: 382.9490
	From worker 3:	Nbr resample: 24799 
	From worker 11:	ESS: 426.6377
	From worker 11:	Nbr resample: 24799 
	From worker 5:	ESS: 424.1575
	From worker 5:	Nbr resample: 24799 
	From worker 10:	ESS: 415.7838
	From worker 10:	Nbr resample: 24799 
	From worker 4:	ESS: 407.4558
	From worker 4:	Nbr resample: 24799 
	From worker 2:	ESS: 407.0774
	From worker 2:	Nbr resample: 24799 
	From worker 8:	ESS: 392.6754
	From worker 8:	Nbr resample: 24799 
	From worker 5:	ESS: 427.0053
	From worker 5:	Nbr resample: 24799 
	From worker 7:	ESS: 342.9992
	From worker 7:	Nbr resample: 24799 
	From worker 9:	ESS: 393.3121
	From worker 9:	Nbr resample: 24799 
	From worker 6:	ESS: 442.1309
	From worker 6:	Nbr resample: 24799 
	From worker 3:	ESS: 439.3921
	From worker 3:	Nbr resample: 24799 
	From worker 11:	ESS: 395.6359
	From worker 11:	Nbr resample: 24799 
	From worker 10:	ESS: 426.0108
	From worker 10:	Nbr resample: 24799 
Percentage done: 11.33 % 
Acceptance rate on iteration 1601 to 1700 is 0.3636
Covariance:
[0.000172653 -3.79097e-5 9.85348e-6 0.000189911 6.34777e-5 -0.000115175 6.45314e-5; -3.79097e-5 6.97636e-5 2.06546e-7 -0.000474603 -0.000127677 8.76675e-5 -6.76278e-5; 9.85348e-6 2.06546e-7 3.15795e-6 -2.3817e-6 -5.47984e-7 -2.78605e-6 4.78371e-7; 0.000189911 -0.000474603 -2.3817e-6 0.00576921 0.00157785 -0.000587631 0.000628779; 6.34777e-5 -0.000127677 -5.47984e-7 0.00157785 0.000437671 -0.000164575 0.000176065; -0.000115175 8.76675e-5 -2.78605e-6 -0.000587631 -0.000164575 0.000162012 -0.000103353; 6.45314e-5 -6.76278e-5 4.78371e-7 0.000628779 0.000176065 -0.000103353 9.01396e-5]
Loglik: -185902.4129 
Loglik values on different cores:
[-1.85925e5,-1.8591e5,-1.8591e5,-1.85926e5,-1.85918e5,-1.85925e5,-1.85918e5,-1.85936e5,-1.85915e5,-1.85926e5]
	From worker 4:	ESS: 402.8461
	From worker 4:	Nbr resample: 24799 
	From worker 7:	ESS: 433.5978
	From worker 7:	Nbr resample: 24799 
	From worker 8:	ESS: 389.1980
	From worker 8:	Nbr resample: 24799 
	From worker 2:	ESS: 417.2123
	From worker 2:	Nbr resample: 24799 
	From worker 9:	ESS: 409.9658
	From worker 9:	Nbr resample: 24799 
	From worker 5:	ESS: 385.8544
	From worker 5:	Nbr resample: 24799 
	From worker 6:	ESS: 409.8024
	From worker 6:	Nbr resample: 24799 
	From worker 11:	ESS: 368.1873
	From worker 11:	Nbr resample: 24799 
	From worker 3:	ESS: 382.6779
	From worker 3:	Nbr resample: 24799 
	From worker 10:	ESS: 381.6586
	From worker 10:	Nbr resample: 24799 
	From worker 4:	ESS: 381.6097
	From worker 4:	Nbr resample: 24799 
	From worker 2:	ESS: 406.6992
	From worker 2:	Nbr resample: 24799 
	From worker 8:	ESS: 430.9928
	From worker 8:	Nbr resample: 24799 
	From worker 5:	ESS: 365.3477
	From worker 5:	Nbr resample: 24799 
	From worker 6:	ESS: 399.3535
	From worker 6:	Nbr resample: 24799 
	From worker 11:	ESS: 375.3000
	From worker 11:	Nbr resample: 24799 
	From worker 9:	ESS: 364.5502
	From worker 9:	Nbr resample: 24799 
	From worker 7:	ESS: 402.2680
	From worker 7:	Nbr resample: 24799 
	From worker 3:	ESS: 424.3673
	From worker 3:	Nbr resample: 24799 
	From worker 10:	ESS: 434.3143
	From worker 10:	Nbr resample: 24799 
Percentage done: 12.00 % 
Acceptance rate on iteration 1701 to 1800 is 0.3131
Covariance:
[0.000152142 -3.42528e-5 7.68352e-6 0.000117285 4.29414e-5 -9.99152e-5 5.1387e-5; -3.42528e-5 7.32925e-5 -5.98002e-7 -0.000398567 -0.000105998 8.77481e-5 -6.31485e-5; 7.68352e-6 -5.98002e-7 2.96615e-6 4.25083e-6 9.6806e-7 -3.37762e-6 1.64034e-6; 0.000117285 -0.000398567 4.25083e-6 0.00509683 0.00138336 -0.000490183 0.000549491; 4.29414e-5 -0.000105998 9.6806e-7 0.00138336 0.000381087 -0.000136274 0.000152329; -9.99152e-5 8.77481e-5 -3.37762e-6 -0.000490183 -0.000136274 0.000151226 -9.357e-5; 5.1387e-5 -6.31485e-5 1.64034e-6 0.000549491 0.000152329 -9.357e-5 8.15478e-5]
Loglik: -185893.8110 
Loglik values on different cores:
[-1.85926e5,-1.8594e5,-1.85923e5,-185932.0,-1.85947e5,-1.85923e5,-1.85889e5,-1.85941e5,-1.85926e5,-1.85945e5]
	From worker 4:	ESS: 396.5725
	From worker 4:	Nbr resample: 24799 
	From worker 2:	ESS: 444.1880
	From worker 2:	Nbr resample: 24799 
	From worker 7:	ESS: 411.7986
	From worker 7:	Nbr resample: 24799 
	From worker 8:	ESS: 417.5217
	From worker 8:	Nbr resample: 24799 
	From worker 9:	ESS: 429.6804
	From worker 9:	Nbr resample: 24799 
	From worker 3:	ESS: 418.9505
	From worker 3:	Nbr resample: 24799 
	From worker 6:	ESS: 427.7091
	From worker 6:	Nbr resample: 24799 
	From worker 5:	ESS: 352.4550
	From worker 5:	Nbr resample: 24799 
	From worker 11:	ESS: 413.3579
	From worker 11:	Nbr resample: 24799 
	From worker 10:	ESS: 426.8152
	From worker 10:	Nbr resample: 24799 
	From worker 4:	ESS: 386.0062
