"x1","x2","x3","x4","x5","x6","x7","x8","x9","x10","x11","x12","x13","x14","x15","x16","x17","x18","x19","x20","x21","x22","x23","x24","x25","x26","x27","x28","x29","x30","x31","x32","x33","x34","x35","x36","x37","x38","x39","x40","x41","x42","x43","x44","x45","x46","x47","x48","x49","x50","x51","x52","x53","x54","x55","x56","x57","x58","x59","x60","x61","x62","x63","x64","x65","x66","x67","x68","x69","x70","x71","x72","x73","x74","x75","x76","x77","x78","x79","x80","x81","x82","x83","x84","x85","x86","x87","x88","x89","x90","x91","x92","x93","x94","x95","x96","x97","x98","x99","x100","x101","x102","x103","x104","x105","x106","x107","x108","x109","x110","x111","x112","x113","x114","x115","x116","x117","x118","x119","x120","x121","x122","x123","x124","x125","x126","x127","x128","x129","x130","x131","x132","x133","x134","x135","x136","x137","x138","x139","x140","x141","x142","x143","x144","x145","x146","x147","x148","x149","x150","x151","x152","x153","x154","x155","x156","x157","x158","x159","x160","x161","x162","x163","x164","x165","x166","x167","x168","x169","x170","x171","x172","x173","x174","x175","x176","x177","x178","x179","x180","x181","x182","x183","x184","x185","x186","x187","x188","x189","x190","x191","x192","x193","x194","x195","x196","x197","x198","x199","x200","x201","x202","x203","x204","x205","x206","x207","x208","x209","x210","x211","x212","x213","x214","x215","x216","x217","x218","x219","x220","x221","x222","x223","x224","x225","x226","x227","x228","x229","x230","x231","x232","x233","x234","x235","x236","x237","x238","x239","x240","x241","x242","x243","x244","x245","x246","x247","x248","x249","x250","x251","x252","x253","x254","x255","x256","x257","x258","x259","x260","x261","x262","x263","x264","x265","x266","x267","x268","x269","x270","x271","x272","x273","x274","x275","x276","x277","x278","x279","x280","x281","x282","x283","x284","x285","x286","x287","x288","x289","x290","x291","x292","x293","x294","x295","x296","x297","x298","x299","x300","x301","x302","x303","x304","x305","x306","x307","x308","x309","x310","x311","x312","x313","x314","x315","x316","x317","x318","x319","x320","x321","x322","x323","x324","x325","x326","x327","x328","x329","x330","x331","x332","x333","x334","x335","x336","x337","x338","x339","x340","x341","x342","x343","x344","x345","x346","x347","x348","x349","x350","x351","x352","x353","x354","x355","x356","x357","x358","x359","x360","x361","x362","x363","x364","x365","x366","x367","x368","x369","x370","x371","x372","x373","x374","x375","x376","x377","x378","x379","x380","x381","x382","x383","x384","x385","x386","x387","x388","x389","x390","x391","x392","x393","x394","x395","x396","x397","x398","x399","x400","x401","x402","x403","x404","x405","x406","x407","x408","x409","x410","x411","x412","x413","x414","x415","x416","x417","x418","x419","x420","x421","x422","x423","x424","x425","x426","x427","x428","x429","x430","x431","x432","x433","x434","x435","x436","x437","x438","x439","x440","x441","x442","x443","x444","x445","x446","x447","x448","x449","x450","x451","x452","x453","x454","x455","x456","x457","x458","x459","x460","x461","x462","x463","x464","x465","x466","x467","x468","x469","x470","x471","x472","x473","x474","x475","x476","x477","x478","x479","x480","x481","x482","x483","x484","x485","x486","x487","x488","x489","x490","x491","x492","x493","x494","x495","x496","x497","x498","x499","x500","x501","x502","x503","x504","x505","x506","x507","x508","x509","x510","x511","x512","x513","x514","x515","x516","x517","x518","x519","x520","x521","x522","x523","x524","x525","x526","x527","x528","x529","x530","x531","x532","x533","x534","x535","x536","x537","x538","x539","x540","x541","x542","x543","x544","x545","x546","x547","x548","x549","x550","x551","x552","x553","x554","x555","x556","x557","x558","x559","x560","x561","x562","x563","x564","x565","x566","x567","x568","x569","x570","x571","x572","x573","x574","x575","x576","x577","x578","x579","x580","x581","x582","x583","x584","x585","x586","x587","x588","x589","x590","x591","x592","x593","x594","x595","x596","x597","x598","x599","x600","x601","x602","x603","x604","x605","x606","x607","x608","x609","x610","x611","x612","x613","x614","x615","x616","x617","x618","x619","x620","x621","x622","x623","x624","x625","x626","x627","x628","x629","x630","x631","x632","x633","x634","x635","x636","x637","x638","x639","x640","x641","x642","x643","x644","x645","x646","x647","x648","x649","x650","x651","x652","x653","x654","x655","x656","x657","x658","x659","x660","x661","x662","x663","x664","x665","x666","x667","x668","x669","x670","x671","x672","x673","x674","x675","x676","x677","x678","x679","x680","x681","x682","x683","x684","x685","x686","x687","x688","x689","x690","x691","x692","x693","x694","x695","x696","x697","x698","x699","x700","x701","x702","x703","x704","x705","x706","x707","x708","x709","x710","x711","x712","x713","x714","x715","x716","x717","x718","x719","x720","x721","x722","x723","x724","x725","x726","x727","x728","x729","x730","x731","x732","x733","x734","x735","x736","x737","x738","x739","x740","x741","x742","x743","x744","x745","x746","x747","x748","x749","x750","x751","x752","x753","x754","x755","x756","x757","x758","x759","x760","x761","x762","x763","x764","x765","x766","x767","x768","x769","x770","x771","x772","x773","x774","x775","x776","x777","x778","x779","x780","x781","x782","x783","x784","x785","x786","x787","x788","x789","x790","x791","x792","x793","x794","x795","x796","x797","x798","x799","x800","x801","x802","x803","x804","x805","x806","x807","x808","x809","x810","x811","x812","x813","x814","x815","x816","x817","x818","x819","x820","x821","x822","x823","x824","x825","x826","x827","x828","x829","x830","x831","x832","x833","x834","x835","x836","x837","x838","x839","x840","x841","x842","x843","x844","x845","x846","x847","x848","x849","x850","x851","x852","x853","x854","x855","x856","x857","x858","x859","x860","x861","x862","x863","x864","x865","x866","x867","x868","x869","x870","x871","x872","x873","x874","x875","x876","x877","x878","x879","x880","x881","x882","x883","x884","x885","x886","x887","x888","x889","x890","x891","x892","x893","x894","x895","x896","x897","x898","x899","x900","x901","x902","x903","x904","x905","x906","x907","x908","x909","x910","x911","x912","x913","x914","x915","x916","x917","x918","x919","x920","x921","x922","x923","x924","x925","x926","x927","x928","x929","x930","x931","x932","x933","x934","x935","x936","x937","x938","x939","x940","x941","x942","x943","x944","x945","x946","x947","x948","x949","x950","x951","x952","x953","x954","x955","x956","x957","x958","x959","x960","x961","x962","x963","x964","x965","x966","x967","x968","x969","x970","x971","x972","x973","x974","x975","x976","x977","x978","x979","x980","x981","x982","x983","x984","x985","x986","x987","x988","x989","x990","x991","x992","x993","x994","x995","x996","x997","x998","x999","x1000","x1001","x1002","x1003","x1004","x1005","x1006","x1007","x1008","x1009","x1010","x1011","x1012","x1013","x1014","x1015","x1016","x1017","x1018","x1019","x1020","x1021","x1022","x1023","x1024","x1025","x1026","x1027","x1028","x1029","x1030","x1031","x1032","x1033","x1034","x1035","x1036","x1037","x1038","x1039","x1040","x1041","x1042","x1043","x1044","x1045","x1046","x1047","x1048","x1049","x1050","x1051","x1052","x1053","x1054","x1055","x1056","x1057","x1058","x1059","x1060","x1061","x1062","x1063","x1064","x1065","x1066","x1067","x1068","x1069","x1070","x1071","x1072","x1073","x1074","x1075","x1076","x1077","x1078","x1079","x1080","x1081","x1082","x1083","x1084","x1085","x1086","x1087","x1088","x1089","x1090","x1091","x1092","x1093","x1094","x1095","x1096","x1097","x1098","x1099","x1100","x1101","x1102","x1103","x1104","x1105","x1106","x1107","x1108","x1109","x1110","x1111","x1112","x1113","x1114","x1115","x1116","x1117","x1118","x1119","x1120","x1121","x1122","x1123","x1124","x1125","x1126","x1127","x1128","x1129","x1130","x1131","x1132","x1133","x1134","x1135","x1136","x1137","x1138","x1139","x1140","x1141","x1142","x1143","x1144","x1145","x1146","x1147","x1148","x1149","x1150","x1151","x1152","x1153","x1154","x1155","x1156","x1157","x1158","x1159","x1160","x1161","x1162","x1163","x1164","x1165","x1166","x1167","x1168","x1169","x1170","x1171","x1172","x1173","x1174","x1175","x1176","x1177","x1178","x1179","x1180","x1181","x1182","x1183","x1184","x1185","x1186","x1187","x1188","x1189","x1190","x1191","x1192","x1193","x1194","x1195","x1196","x1197","x1198","x1199","x1200","x1201","x1202","x1203","x1204","x1205","x1206","x1207","x1208","x1209","x1210","x1211","x1212","x1213","x1214","x1215","x1216","x1217","x1218","x1219","x1220","x1221","x1222","x1223","x1224","x1225","x1226","x1227","x1228","x1229","x1230","x1231","x1232","x1233","x1234","x1235","x1236","x1237","x1238","x1239","x1240","x1241","x1242","x1243","x1244","x1245","x1246","x1247","x1248","x1249","x1250","x1251","x1252","x1253","x1254","x1255","x1256","x1257","x1258","x1259","x1260","x1261","x1262","x1263","x1264","x1265","x1266","x1267","x1268","x1269","x1270","x1271","x1272","x1273","x1274","x1275","x1276","x1277","x1278","x1279","x1280","x1281","x1282","x1283","x1284","x1285","x1286","x1287","x1288","x1289","x1290","x1291","x1292","x1293","x1294","x1295","x1296","x1297","x1298","x1299","x1300","x1301","x1302","x1303","x1304","x1305","x1306","x1307","x1308","x1309","x1310","x1311","x1312","x1313","x1314","x1315","x1316","x1317","x1318","x1319","x1320","x1321","x1322","x1323","x1324","x1325","x1326","x1327","x1328","x1329","x1330","x1331","x1332","x1333","x1334","x1335","x1336","x1337","x1338","x1339","x1340","x1341","x1342","x1343","x1344","x1345","x1346","x1347","x1348","x1349","x1350","x1351","x1352","x1353","x1354","x1355","x1356","x1357","x1358","x1359","x1360","x1361","x1362","x1363","x1364","x1365","x1366","x1367","x1368","x1369","x1370","x1371","x1372","x1373","x1374","x1375","x1376","x1377","x1378","x1379","x1380","x1381","x1382","x1383","x1384","x1385","x1386","x1387","x1388","x1389","x1390","x1391","x1392","x1393","x1394","x1395","x1396","x1397","x1398","x1399","x1400","x1401","x1402","x1403","x1404","x1405","x1406","x1407","x1408","x1409","x1410","x1411","x1412","x1413","x1414","x1415","x1416","x1417","x1418","x1419","x1420","x1421","x1422","x1423","x1424","x1425","x1426","x1427","x1428","x1429","x1430","x1431","x1432","x1433","x1434","x1435","x1436","x1437","x1438","x1439","x1440","x1441","x1442","x1443","x1444","x1445","x1446","x1447","x1448","x1449","x1450","x1451","x1452","x1453","x1454","x1455","x1456","x1457","x1458","x1459","x1460","x1461","x1462","x1463","x1464","x1465","x1466","x1467","x1468","x1469","x1470","x1471","x1472","x1473","x1474","x1475","x1476","x1477","x1478","x1479","x1480","x1481","x1482","x1483","x1484","x1485","x1486","x1487","x1488","x1489","x1490","x1491","x1492","x1493","x1494","x1495","x1496","x1497","x1498","x1499","x1500","x1501","x1502","x1503","x1504","x1505","x1506","x1507","x1508","x1509","x1510","x1511","x1512","x1513","x1514","x1515","x1516","x1517","x1518","x1519","x1520","x1521","x1522","x1523","x1524","x1525","x1526","x1527","x1528","x1529","x1530","x1531","x1532","x1533","x1534","x1535","x1536","x1537","x1538","x1539","x1540","x1541","x1542","x1543","x1544","x1545","x1546","x1547","x1548","x1549","x1550","x1551","x1552","x1553","x1554","x1555","x1556","x1557","x1558","x1559","x1560","x1561","x1562","x1563","x1564","x1565","x1566","x1567","x1568","x1569","x1570","x1571","x1572","x1573","x1574","x1575","x1576","x1577","x1578","x1579","x1580","x1581","x1582","x1583","x1584","x1585","x1586","x1587","x1588","x1589","x1590","x1591","x1592","x1593","x1594","x1595","x1596","x1597","x1598","x1599","x1600","x1601","x1602","x1603","x1604","x1605","x1606","x1607","x1608","x1609","x1610","x1611","x1612","x1613","x1614","x1615","x1616","x1617","x1618","x1619","x1620","x1621","x1622","x1623","x1624","x1625","x1626","x1627","x1628","x1629","x1630","x1631","x1632","x1633","x1634","x1635","x1636","x1637","x1638","x1639","x1640","x1641","x1642","x1643","x1644","x1645","x1646","x1647","x1648","x1649","x1650","x1651","x1652","x1653","x1654","x1655","x1656","x1657","x1658","x1659","x1660","x1661","x1662","x1663","x1664","x1665","x1666","x1667","x1668","x1669","x1670","x1671","x1672","x1673","x1674","x1675","x1676","x1677","x1678","x1679","x1680","x1681","x1682","x1683","x1684","x1685","x1686","x1687","x1688","x1689","x1690","x1691","x1692","x1693","x1694","x1695","x1696","x1697","x1698","x1699","x1700","x1701","x1702","x1703","x1704","x1705","x1706","x1707","x1708","x1709","x1710","x1711","x1712","x1713","x1714","x1715","x1716","x1717","x1718","x1719","x1720","x1721","x1722","x1723","x1724","x1725","x1726","x1727","x1728","x1729","x1730","x1731","x1732","x1733","x1734","x1735","x1736","x1737","x1738","x1739","x1740","x1741","x1742","x1743","x1744","x1745","x1746","x1747","x1748","x1749","x1750","x1751","x1752","x1753","x1754","x1755","x1756","x1757","x1758","x1759","x1760","x1761","x1762","x1763","x1764","x1765","x1766","x1767","x1768","x1769","x1770","x1771","x1772","x1773","x1774","x1775","x1776","x1777","x1778","x1779","x1780","x1781","x1782","x1783","x1784","x1785","x1786","x1787","x1788","x1789","x1790","x1791","x1792","x1793","x1794","x1795","x1796","x1797","x1798","x1799","x1800","x1801","x1802","x1803","x1804","x1805","x1806","x1807","x1808","x1809","x1810","x1811","x1812","x1813","x1814","x1815","x1816","x1817","x1818","x1819","x1820","x1821","x1822","x1823","x1824","x1825","x1826","x1827","x1828","x1829","x1830","x1831","x1832","x1833","x1834","x1835","x1836","x1837","x1838","x1839","x1840","x1841","x1842","x1843","x1844","x1845","x1846","x1847","x1848","x1849","x1850","x1851","x1852","x1853","x1854","x1855","x1856","x1857","x1858","x1859","x1860","x1861","x1862","x1863","x1864","x1865","x1866","x1867","x1868","x1869","x1870","x1871","x1872","x1873","x1874","x1875","x1876","x1877","x1878","x1879","x1880","x1881","x1882","x1883","x1884","x1885","x1886","x1887","x1888","x1889","x1890","x1891","x1892","x1893","x1894","x1895","x1896","x1897","x1898","x1899","x1900","x1901","x1902","x1903","x1904","x1905","x1906","x1907","x1908","x1909","x1910","x1911","x1912","x1913","x1914","x1915","x1916","x1917","x1918","x1919","x1920","x1921","x1922","x1923","x1924","x1925","x1926","x1927","x1928","x1929","x1930","x1931","x1932","x1933","x1934","x1935","x1936","x1937","x1938","x1939","x1940","x1941","x1942","x1943","x1944","x1945","x1946","x1947","x1948","x1949","x1950","x1951","x1952","x1953","x1954","x1955","x1956","x1957","x1958","x1959","x1960","x1961","x1962","x1963","x1964","x1965","x1966","x1967","x1968","x1969","x1970","x1971","x1972","x1973","x1974","x1975","x1976","x1977","x1978","x1979","x1980","x1981","x1982","x1983","x1984","x1985","x1986","x1987","x1988","x1989","x1990","x1991","x1992","x1993","x1994","x1995","x1996","x1997","x1998","x1999","x2000","x2001","x2002","x2003","x2004","x2005","x2006","x2007","x2008","x2009","x2010","x2011","x2012","x2013","x2014","x2015","x2016","x2017","x2018","x2019","x2020","x2021","x2022","x2023","x2024","x2025","x2026","x2027","x2028","x2029","x2030","x2031","x2032","x2033","x2034","x2035","x2036","x2037","x2038","x2039","x2040","x2041","x2042","x2043","x2044","x2045","x2046","x2047","x2048","x2049","x2050","x2051","x2052","x2053","x2054","x2055","x2056","x2057","x2058","x2059","x2060","x2061","x2062","x2063","x2064","x2065","x2066","x2067","x2068","x2069","x2070","x2071","x2072","x2073","x2074","x2075","x2076","x2077","x2078","x2079","x2080","x2081","x2082","x2083","x2084","x2085","x2086","x2087","x2088","x2089","x2090","x2091","x2092","x2093","x2094","x2095","x2096","x2097","x2098","x2099","x2100","x2101","x2102","x2103","x2104","x2105","x2106","x2107","x2108","x2109","x2110","x2111","x2112","x2113","x2114","x2115","x2116","x2117","x2118","x2119","x2120","x2121","x2122","x2123","x2124","x2125","x2126","x2127","x2128","x2129","x2130","x2131","x2132","x2133","x2134","x2135","x2136","x2137","x2138","x2139","x2140","x2141","x2142","x2143","x2144","x2145","x2146","x2147","x2148","x2149","x2150","x2151","x2152","x2153","x2154","x2155","x2156","x2157","x2158","x2159","x2160","x2161","x2162","x2163","x2164","x2165","x2166","x2167","x2168","x2169","x2170","x2171","x2172","x2173","x2174","x2175","x2176","x2177","x2178","x2179","x2180","x2181","x2182","x2183","x2184","x2185","x2186","x2187","x2188","x2189","x2190","x2191","x2192","x2193","x2194","x2195","x2196","x2197","x2198","x2199","x2200","x2201","x2202","x2203","x2204","x2205","x2206","x2207","x2208","x2209","x2210","x2211","x2212","x2213","x2214","x2215","x2216","x2217","x2218","x2219","x2220","x2221","x2222","x2223","x2224","x2225","x2226","x2227","x2228","x2229","x2230","x2231","x2232","x2233","x2234","x2235","x2236","x2237","x2238","x2239","x2240","x2241","x2242","x2243","x2244","x2245","x2246","x2247","x2248","x2249","x2250","x2251","x2252","x2253","x2254","x2255","x2256","x2257","x2258","x2259","x2260","x2261","x2262","x2263","x2264","x2265","x2266","x2267","x2268","x2269","x2270","x2271","x2272","x2273","x2274","x2275","x2276","x2277","x2278","x2279","x2280","x2281","x2282","x2283","x2284","x2285","x2286","x2287","x2288","x2289","x2290","x2291","x2292","x2293","x2294","x2295","x2296","x2297","x2298","x2299","x2300","x2301","x2302","x2303","x2304","x2305","x2306","x2307","x2308","x2309","x2310","x2311","x2312","x2313","x2314","x2315","x2316","x2317","x2318","x2319","x2320","x2321","x2322","x2323","x2324","x2325","x2326","x2327","x2328","x2329","x2330","x2331","x2332","x2333","x2334","x2335","x2336","x2337","x2338","x2339","x2340","x2341","x2342","x2343","x2344","x2345","x2346","x2347","x2348","x2349","x2350","x2351","x2352","x2353","x2354","x2355","x2356","x2357","x2358","x2359","x2360","x2361","x2362","x2363","x2364","x2365","x2366","x2367","x2368","x2369","x2370","x2371","x2372","x2373","x2374","x2375","x2376","x2377","x2378","x2379","x2380","x2381","x2382","x2383","x2384","x2385","x2386","x2387","x2388","x2389","x2390","x2391","x2392","x2393","x2394","x2395","x2396","x2397","x2398","x2399","x2400","x2401","x2402","x2403","x2404","x2405","x2406","x2407","x2408","x2409","x2410","x2411","x2412","x2413","x2414","x2415","x2416","x2417","x2418","x2419","x2420","x2421","x2422","x2423","x2424","x2425","x2426","x2427","x2428","x2429","x2430","x2431","x2432","x2433","x2434","x2435","x2436","x2437","x2438","x2439","x2440","x2441","x2442","x2443","x2444","x2445","x2446","x2447","x2448","x2449","x2450","x2451","x2452","x2453","x2454","x2455","x2456","x2457","x2458","x2459","x2460","x2461","x2462","x2463","x2464","x2465","x2466","x2467","x2468","x2469","x2470","x2471","x2472","x2473","x2474","x2475","x2476","x2477","x2478","x2479","x2480","x2481","x2482","x2483","x2484","x2485","x2486","x2487","x2488","x2489","x2490","x2491","x2492","x2493","x2494","x2495","x2496","x2497","x2498","x2499","x2500","x2501","x2502","x2503","x2504","x2505","x2506","x2507","x2508","x2509","x2510","x2511","x2512","x2513","x2514","x2515","x2516","x2517","x2518","x2519","x2520","x2521","x2522","x2523","x2524","x2525","x2526","x2527","x2528","x2529","x2530","x2531","x2532","x2533","x2534","x2535","x2536","x2537","x2538","x2539","x2540","x2541","x2542","x2543","x2544","x2545","x2546","x2547","x2548","x2549","x2550","x2551","x2552","x2553","x2554","x2555","x2556","x2557","x2558","x2559","x2560","x2561","x2562","x2563","x2564","x2565","x2566","x2567","x2568","x2569","x2570","x2571","x2572","x2573","x2574","x2575","x2576","x2577","x2578","x2579","x2580","x2581","x2582","x2583","x2584","x2585","x2586","x2587","x2588","x2589","x2590","x2591","x2592","x2593","x2594","x2595","x2596","x2597","x2598","x2599","x2600","x2601","x2602","x2603","x2604","x2605","x2606","x2607","x2608","x2609","x2610","x2611","x2612","x2613","x2614","x2615","x2616","x2617","x2618","x2619","x2620","x2621","x2622","x2623","x2624","x2625","x2626","x2627","x2628","x2629","x2630","x2631","x2632","x2633","x2634","x2635","x2636","x2637","x2638","x2639","x2640","x2641","x2642","x2643","x2644","x2645","x2646","x2647","x2648","x2649","x2650","x2651","x2652","x2653","x2654","x2655","x2656","x2657","x2658","x2659","x2660","x2661","x2662","x2663","x2664","x2665","x2666","x2667","x2668","x2669","x2670","x2671","x2672","x2673","x2674","x2675","x2676","x2677","x2678","x2679","x2680","x2681","x2682","x2683","x2684","x2685","x2686","x2687","x2688","x2689","x2690","x2691","x2692","x2693","x2694","x2695","x2696","x2697","x2698","x2699","x2700","x2701","x2702","x2703","x2704","x2705","x2706","x2707","x2708","x2709","x2710","x2711","x2712","x2713","x2714","x2715","x2716","x2717","x2718","x2719","x2720","x2721","x2722","x2723","x2724","x2725","x2726","x2727","x2728","x2729","x2730","x2731","x2732","x2733","x2734","x2735","x2736","x2737","x2738","x2739","x2740","x2741","x2742","x2743","x2744","x2745","x2746","x2747","x2748","x2749","x2750","x2751","x2752","x2753","x2754","x2755","x2756","x2757","x2758","x2759","x2760","x2761","x2762","x2763","x2764","x2765","x2766","x2767","x2768","x2769","x2770","x2771","x2772","x2773","x2774","x2775","x2776","x2777","x2778","x2779","x2780","x2781","x2782","x2783","x2784","x2785","x2786","x2787","x2788","x2789","x2790","x2791","x2792","x2793","x2794","x2795","x2796","x2797","x2798","x2799","x2800","x2801","x2802","x2803","x2804","x2805","x2806","x2807","x2808","x2809","x2810","x2811","x2812","x2813","x2814","x2815","x2816","x2817","x2818","x2819","x2820","x2821","x2822","x2823","x2824","x2825","x2826","x2827","x2828","x2829","x2830","x2831","x2832","x2833","x2834","x2835","x2836","x2837","x2838","x2839","x2840","x2841","x2842","x2843","x2844","x2845","x2846","x2847","x2848","x2849","x2850","x2851","x2852","x2853","x2854","x2855","x2856","x2857","x2858","x2859","x2860","x2861","x2862","x2863","x2864","x2865","x2866","x2867","x2868","x2869","x2870","x2871","x2872","x2873","x2874","x2875","x2876","x2877","x2878","x2879","x2880","x2881","x2882","x2883","x2884","x2885","x2886","x2887","x2888","x2889","x2890","x2891","x2892","x2893","x2894","x2895","x2896","x2897","x2898","x2899","x2900","x2901","x2902","x2903","x2904","x2905","x2906","x2907","x2908","x2909","x2910","x2911","x2912","x2913","x2914","x2915","x2916","x2917","x2918","x2919","x2920","x2921","x2922","x2923","x2924","x2925","x2926","x2927","x2928","x2929","x2930","x2931","x2932","x2933","x2934","x2935","x2936","x2937","x2938","x2939","x2940","x2941","x2942","x2943","x2944","x2945","x2946","x2947","x2948","x2949","x2950","x2951","x2952","x2953","x2954","x2955","x2956","x2957","x2958","x2959","x2960","x2961","x2962","x2963","x2964","x2965","x2966","x2967","x2968","x2969","x2970","x2971","x2972","x2973","x2974","x2975","x2976","x2977","x2978","x2979","x2980","x2981","x2982","x2983","x2984","x2985","x2986","x2987","x2988","x2989","x2990","x2991","x2992","x2993","x2994","x2995","x2996","x2997","x2998","x2999","x3000","x3001","x3002","x3003","x3004","x3005","x3006","x3007","x3008","x3009","x3010","x3011","x3012","x3013","x3014","x3015","x3016","x3017","x3018","x3019","x3020","x3021","x3022","x3023","x3024","x3025","x3026","x3027","x3028","x3029","x3030","x3031","x3032","x3033","x3034","x3035","x3036","x3037","x3038","x3039","x3040","x3041","x3042","x3043","x3044","x3045","x3046","x3047","x3048","x3049","x3050","x3051","x3052","x3053","x3054","x3055","x3056","x3057","x3058","x3059","x3060","x3061","x3062","x3063","x3064","x3065","x3066","x3067","x3068","x3069","x3070","x3071","x3072","x3073","x3074","x3075","x3076","x3077","x3078","x3079","x3080","x3081","x3082","x3083","x3084","x3085","x3086","x3087","x3088","x3089","x3090","x3091","x3092","x3093","x3094","x3095","x3096","x3097","x3098","x3099","x3100","x3101","x3102","x3103","x3104","x3105","x3106","x3107","x3108","x3109","x3110","x3111","x3112","x3113","x3114","x3115","x3116","x3117","x3118","x3119","x3120","x3121","x3122","x3123","x3124","x3125","x3126","x3127","x3128","x3129","x3130","x3131","x3132","x3133","x3134","x3135","x3136","x3137","x3138","x3139","x3140","x3141","x3142","x3143","x3144","x3145","x3146","x3147","x3148","x3149","x3150","x3151","x3152","x3153","x3154","x3155","x3156","x3157","x3158","x3159","x3160","x3161","x3162","x3163","x3164","x3165","x3166","x3167","x3168","x3169","x3170","x3171","x3172","x3173","x3174","x3175","x3176","x3177","x3178","x3179","x3180","x3181","x3182","x3183","x3184","x3185","x3186","x3187","x3188","x3189","x3190","x3191","x3192","x3193","x3194","x3195","x3196","x3197","x3198","x3199","x3200","x3201","x3202","x3203","x3204","x3205","x3206","x3207","x3208","x3209","x3210","x3211","x3212","x3213","x3214","x3215","x3216","x3217","x3218","x3219","x3220","x3221","x3222","x3223","x3224","x3225","x3226","x3227","x3228","x3229","x3230","x3231","x3232","x3233","x3234","x3235","x3236","x3237","x3238","x3239","x3240","x3241","x3242","x3243","x3244","x3245","x3246","x3247","x3248","x3249","x3250","x3251","x3252","x3253","x3254","x3255","x3256","x3257","x3258","x3259","x3260","x3261","x3262","x3263","x3264","x3265","x3266","x3267","x3268","x3269","x3270","x3271","x3272","x3273","x3274","x3275","x3276","x3277","x3278","x3279","x3280","x3281","x3282","x3283","x3284","x3285","x3286","x3287","x3288","x3289","x3290","x3291","x3292","x3293","x3294","x3295","x3296","x3297","x3298","x3299","x3300","x3301","x3302","x3303","x3304","x3305","x3306","x3307","x3308","x3309","x3310","x3311","x3312","x3313","x3314","x3315","x3316","x3317","x3318","x3319","x3320","x3321","x3322","x3323","x3324","x3325","x3326","x3327","x3328","x3329","x3330","x3331","x3332","x3333","x3334","x3335","x3336","x3337","x3338","x3339","x3340","x3341","x3342","x3343","x3344","x3345","x3346","x3347","x3348","x3349","x3350","x3351","x3352","x3353","x3354","x3355","x3356","x3357","x3358","x3359","x3360","x3361","x3362","x3363","x3364","x3365","x3366","x3367","x3368","x3369","x3370","x3371","x3372","x3373","x3374","x3375","x3376","x3377","x3378","x3379","x3380","x3381","x3382","x3383","x3384","x3385","x3386","x3387","x3388","x3389","x3390","x3391","x3392","x3393","x3394","x3395","x3396","x3397","x3398","x3399","x3400","x3401","x3402","x3403","x3404","x3405","x3406","x3407","x3408","x3409","x3410","x3411","x3412","x3413","x3414","x3415","x3416","x3417","x3418","x3419","x3420","x3421","x3422","x3423","x3424","x3425","x3426","x3427","x3428","x3429","x3430","x3431","x3432","x3433","x3434","x3435","x3436","x3437","x3438","x3439","x3440","x3441","x3442","x3443","x3444","x3445","x3446","x3447","x3448","x3449","x3450","x3451","x3452","x3453","x3454","x3455","x3456","x3457","x3458","x3459","x3460","x3461","x3462","x3463","x3464","x3465","x3466","x3467","x3468","x3469","x3470","x3471","x3472","x3473","x3474","x3475","x3476","x3477","x3478","x3479","x3480","x3481","x3482","x3483","x3484","x3485","x3486","x3487","x3488","x3489","x3490","x3491","x3492","x3493","x3494","x3495","x3496","x3497","x3498","x3499","x3500","x3501","x3502","x3503","x3504","x3505","x3506","x3507","x3508","x3509","x3510","x3511","x3512","x3513","x3514","x3515","x3516","x3517","x3518","x3519","x3520","x3521","x3522","x3523","x3524","x3525","x3526","x3527","x3528","x3529","x3530","x3531","x3532","x3533","x3534","x3535","x3536","x3537","x3538","x3539","x3540","x3541","x3542","x3543","x3544","x3545","x3546","x3547","x3548","x3549","x3550","x3551","x3552","x3553","x3554","x3555","x3556","x3557","x3558","x3559","x3560","x3561","x3562","x3563","x3564","x3565","x3566","x3567","x3568","x3569","x3570","x3571","x3572","x3573","x3574","x3575","x3576","x3577","x3578","x3579","x3580","x3581","x3582","x3583","x3584","x3585","x3586","x3587","x3588","x3589","x3590","x3591","x3592","x3593","x3594","x3595","x3596","x3597","x3598","x3599","x3600","x3601","x3602","x3603","x3604","x3605","x3606","x3607","x3608","x3609","x3610","x3611","x3612","x3613","x3614","x3615","x3616","x3617","x3618","x3619","x3620","x3621","x3622","x3623","x3624","x3625","x3626","x3627","x3628","x3629","x3630","x3631","x3632","x3633","x3634","x3635","x3636","x3637","x3638","x3639","x3640","x3641","x3642","x3643","x3644","x3645","x3646","x3647","x3648","x3649","x3650","x3651","x3652","x3653","x3654","x3655","x3656","x3657","x3658","x3659","x3660","x3661","x3662","x3663","x3664","x3665","x3666","x3667","x3668","x3669","x3670","x3671","x3672","x3673","x3674","x3675","x3676","x3677","x3678","x3679","x3680","x3681","x3682","x3683","x3684","x3685","x3686","x3687","x3688","x3689","x3690","x3691","x3692","x3693","x3694","x3695","x3696","x3697","x3698","x3699","x3700","x3701","x3702","x3703","x3704","x3705","x3706","x3707","x3708","x3709","x3710","x3711","x3712","x3713","x3714","x3715","x3716","x3717","x3718","x3719","x3720","x3721","x3722","x3723","x3724","x3725","x3726","x3727","x3728","x3729","x3730","x3731","x3732","x3733","x3734","x3735","x3736","x3737","x3738","x3739","x3740","x3741","x3742","x3743","x3744","x3745","x3746","x3747","x3748","x3749","x3750","x3751","x3752","x3753","x3754","x3755","x3756","x3757","x3758","x3759","x3760","x3761","x3762","x3763","x3764","x3765","x3766","x3767","x3768","x3769","x3770","x3771","x3772","x3773","x3774","x3775","x3776","x3777","x3778","x3779","x3780","x3781","x3782","x3783","x3784","x3785","x3786","x3787","x3788","x3789","x3790","x3791","x3792","x3793","x3794","x3795","x3796","x3797","x3798","x3799","x3800","x3801","x3802","x3803","x3804","x3805","x3806","x3807","x3808","x3809","x3810","x3811","x3812","x3813","x3814","x3815","x3816","x3817","x3818","x3819","x3820","x3821","x3822","x3823","x3824","x3825","x3826","x3827","x3828","x3829","x3830","x3831","x3832","x3833","x3834","x3835","x3836","x3837","x3838","x3839","x3840","x3841","x3842","x3843","x3844","x3845","x3846","x3847","x3848","x3849","x3850","x3851","x3852","x3853","x3854","x3855","x3856","x3857","x3858","x3859","x3860","x3861","x3862","x3863","x3864","x3865","x3866","x3867","x3868","x3869","x3870","x3871","x3872","x3873","x3874","x3875","x3876","x3877","x3878","x3879","x3880","x3881","x3882","x3883","x3884","x3885","x3886","x3887","x3888","x3889","x3890","x3891","x3892","x3893","x3894","x3895","x3896","x3897","x3898","x3899","x3900","x3901","x3902","x3903","x3904","x3905","x3906","x3907","x3908","x3909","x3910","x3911","x3912","x3913","x3914","x3915","x3916","x3917","x3918","x3919","x3920","x3921","x3922","x3923","x3924","x3925","x3926","x3927","x3928","x3929","x3930","x3931","x3932","x3933","x3934","x3935","x3936","x3937","x3938","x3939","x3940","x3941","x3942","x3943","x3944","x3945","x3946","x3947","x3948","x3949","x3950","x3951","x3952","x3953","x3954","x3955","x3956","x3957","x3958","x3959","x3960","x3961","x3962","x3963","x3964","x3965","x3966","x3967","x3968","x3969","x3970","x3971","x3972","x3973","x3974","x3975","x3976","x3977","x3978","x3979","x3980","x3981","x3982","x3983","x3984","x3985","x3986","x3987","x3988","x3989","x3990","x3991","x3992","x3993","x3994","x3995","x3996","x3997","x3998","x3999","x4000","x4001","x4002","x4003","x4004","x4005","x4006","x4007","x4008","x4009","x4010","x4011","x4012","x4013","x4014","x4015","x4016","x4017","x4018","x4019","x4020","x4021","x4022","x4023","x4024","x4025","x4026","x4027","x4028","x4029","x4030","x4031","x4032","x4033","x4034","x4035","x4036","x4037","x4038","x4039","x4040","x4041","x4042","x4043","x4044","x4045","x4046","x4047","x4048","x4049","x4050","x4051","x4052","x4053","x4054","x4055","x4056","x4057","x4058","x4059","x4060","x4061","x4062","x4063","x4064","x4065","x4066","x4067","x4068","x4069","x4070","x4071","x4072","x4073","x4074","x4075","x4076","x4077","x4078","x4079","x4080","x4081","x4082","x4083","x4084","x4085","x4086","x4087","x4088","x4089","x4090","x4091","x4092","x4093","x4094","x4095","x4096","x4097","x4098","x4099","x4100","x4101","x4102","x4103","x4104","x4105","x4106","x4107","x4108","x4109","x4110","x4111","x4112","x4113","x4114","x4115","x4116","x4117","x4118","x4119","x4120","x4121","x4122","x4123","x4124","x4125","x4126","x4127","x4128","x4129","x4130","x4131","x4132","x4133","x4134","x4135","x4136","x4137","x4138","x4139","x4140","x4141","x4142","x4143","x4144","x4145","x4146","x4147","x4148","x4149","x4150","x4151","x4152","x4153","x4154","x4155","x4156","x4157","x4158","x4159","x4160","x4161","x4162","x4163","x4164","x4165","x4166","x4167","x4168","x4169","x4170","x4171","x4172","x4173","x4174","x4175","x4176","x4177","x4178","x4179","x4180","x4181","x4182","x4183","x4184","x4185","x4186","x4187","x4188","x4189","x4190","x4191","x4192","x4193","x4194","x4195","x4196","x4197","x4198","x4199","x4200","x4201","x4202","x4203","x4204","x4205","x4206","x4207","x4208","x4209","x4210","x4211","x4212","x4213","x4214","x4215","x4216","x4217","x4218","x4219","x4220","x4221","x4222","x4223","x4224","x4225","x4226","x4227","x4228","x4229","x4230","x4231","x4232","x4233","x4234","x4235","x4236","x4237","x4238","x4239","x4240","x4241","x4242","x4243","x4244","x4245","x4246","x4247","x4248","x4249","x4250","x4251","x4252","x4253","x4254","x4255","x4256","x4257","x4258","x4259","x4260","x4261","x4262","x4263","x4264","x4265","x4266","x4267","x4268","x4269","x4270","x4271","x4272","x4273","x4274","x4275","x4276","x4277","x4278","x4279","x4280","x4281","x4282","x4283","x4284","x4285","x4286","x4287","x4288","x4289","x4290","x4291","x4292","x4293","x4294","x4295","x4296","x4297","x4298","x4299","x4300","x4301","x4302","x4303","x4304","x4305","x4306","x4307","x4308","x4309","x4310","x4311","x4312","x4313","x4314","x4315","x4316","x4317","x4318","x4319","x4320","x4321","x4322","x4323","x4324","x4325","x4326","x4327","x4328","x4329","x4330","x4331","x4332","x4333","x4334","x4335","x4336","x4337","x4338","x4339","x4340","x4341","x4342","x4343","x4344","x4345","x4346","x4347","x4348","x4349","x4350","x4351","x4352","x4353","x4354","x4355","x4356","x4357","x4358","x4359","x4360","x4361","x4362","x4363","x4364","x4365","x4366","x4367","x4368","x4369","x4370","x4371","x4372","x4373","x4374","x4375","x4376","x4377","x4378","x4379","x4380","x4381","x4382","x4383","x4384","x4385","x4386","x4387","x4388","x4389","x4390","x4391","x4392","x4393","x4394","x4395","x4396","x4397","x4398","x4399","x4400","x4401","x4402","x4403","x4404","x4405","x4406","x4407","x4408","x4409","x4410","x4411","x4412","x4413","x4414","x4415","x4416","x4417","x4418","x4419","x4420","x4421","x4422","x4423","x4424","x4425","x4426","x4427","x4428","x4429","x4430","x4431","x4432","x4433","x4434","x4435","x4436","x4437","x4438","x4439","x4440","x4441","x4442","x4443","x4444","x4445","x4446","x4447","x4448","x4449","x4450","x4451","x4452","x4453","x4454","x4455","x4456","x4457","x4458","x4459","x4460","x4461","x4462","x4463","x4464","x4465","x4466","x4467","x4468","x4469","x4470","x4471","x4472","x4473","x4474","x4475","x4476","x4477","x4478","x4479","x4480","x4481","x4482","x4483","x4484","x4485","x4486","x4487","x4488","x4489","x4490","x4491","x4492","x4493","x4494","x4495","x4496","x4497","x4498","x4499","x4500","x4501","x4502","x4503","x4504","x4505","x4506","x4507","x4508","x4509","x4510","x4511","x4512","x4513","x4514","x4515","x4516","x4517","x4518","x4519","x4520","x4521","x4522","x4523","x4524","x4525","x4526","x4527","x4528","x4529","x4530","x4531","x4532","x4533","x4534","x4535","x4536","x4537","x4538","x4539","x4540","x4541","x4542","x4543","x4544","x4545","x4546","x4547","x4548","x4549","x4550","x4551","x4552","x4553","x4554","x4555","x4556","x4557","x4558","x4559","x4560","x4561","x4562","x4563","x4564","x4565","x4566","x4567","x4568","x4569","x4570","x4571","x4572","x4573","x4574","x4575","x4576","x4577","x4578","x4579","x4580","x4581","x4582","x4583","x4584","x4585","x4586","x4587","x4588","x4589","x4590","x4591","x4592","x4593","x4594","x4595","x4596","x4597","x4598","x4599","x4600","x4601","x4602","x4603","x4604","x4605","x4606","x4607","x4608","x4609","x4610","x4611","x4612","x4613","x4614","x4615","x4616","x4617","x4618","x4619","x4620","x4621","x4622","x4623","x4624","x4625","x4626","x4627","x4628","x4629","x4630","x4631","x4632","x4633","x4634","x4635","x4636","x4637","x4638","x4639","x4640","x4641","x4642","x4643","x4644","x4645","x4646","x4647","x4648","x4649","x4650","x4651","x4652","x4653","x4654","x4655","x4656","x4657","x4658","x4659","x4660","x4661","x4662","x4663","x4664","x4665","x4666","x4667","x4668","x4669","x4670","x4671","x4672","x4673","x4674","x4675","x4676","x4677","x4678","x4679","x4680","x4681","x4682","x4683","x4684","x4685","x4686","x4687","x4688","x4689","x4690","x4691","x4692","x4693","x4694","x4695","x4696","x4697","x4698","x4699","x4700","x4701","x4702","x4703","x4704","x4705","x4706","x4707","x4708","x4709","x4710","x4711","x4712","x4713","x4714","x4715","x4716","x4717","x4718","x4719","x4720","x4721","x4722","x4723","x4724","x4725","x4726","x4727","x4728","x4729","x4730","x4731","x4732","x4733","x4734","x4735","x4736","x4737","x4738","x4739","x4740","x4741","x4742","x4743","x4744","x4745","x4746","x4747","x4748","x4749","x4750","x4751","x4752","x4753","x4754","x4755","x4756","x4757","x4758","x4759","x4760","x4761","x4762","x4763","x4764","x4765","x4766","x4767","x4768","x4769","x4770","x4771","x4772","x4773","x4774","x4775","x4776","x4777","x4778","x4779","x4780","x4781","x4782","x4783","x4784","x4785","x4786","x4787","x4788","x4789","x4790","x4791","x4792","x4793","x4794","x4795","x4796","x4797","x4798","x4799","x4800","x4801","x4802","x4803","x4804","x4805","x4806","x4807","x4808","x4809","x4810","x4811","x4812","x4813","x4814","x4815","x4816","x4817","x4818","x4819","x4820","x4821","x4822","x4823","x4824","x4825","x4826","x4827","x4828","x4829","x4830","x4831","x4832","x4833","x4834","x4835","x4836","x4837","x4838","x4839","x4840","x4841","x4842","x4843","x4844","x4845","x4846","x4847","x4848","x4849","x4850","x4851","x4852","x4853","x4854","x4855","x4856","x4857","x4858","x4859","x4860","x4861","x4862","x4863","x4864","x4865","x4866","x4867","x4868","x4869","x4870","x4871","x4872","x4873","x4874","x4875","x4876","x4877","x4878","x4879","x4880","x4881","x4882","x4883","x4884","x4885","x4886","x4887","x4888","x4889","x4890","x4891","x4892","x4893","x4894","x4895","x4896","x4897","x4898","x4899","x4900","x4901","x4902","x4903","x4904","x4905","x4906","x4907","x4908","x4909","x4910","x4911","x4912","x4913","x4914","x4915","x4916","x4917","x4918","x4919","x4920","x4921","x4922","x4923","x4924","x4925","x4926","x4927","x4928","x4929","x4930","x4931","x4932","x4933","x4934","x4935","x4936","x4937","x4938","x4939","x4940","x4941","x4942","x4943","x4944","x4945","x4946","x4947","x4948","x4949","x4950","x4951","x4952","x4953","x4954","x4955","x4956","x4957","x4958","x4959","x4960","x4961","x4962","x4963","x4964","x4965","x4966","x4967","x4968","x4969","x4970","x4971","x4972","x4973","x4974","x4975","x4976","x4977","x4978","x4979","x4980","x4981","x4982","x4983","x4984","x4985","x4986","x4987","x4988","x4989","x4990","x4991","x4992","x4993","x4994","x4995","x4996","x4997","x4998","x4999","x5000","x5001","x5002","x5003","x5004","x5005","x5006","x5007","x5008","x5009","x5010","x5011","x5012","x5013","x5014","x5015","x5016","x5017","x5018","x5019","x5020","x5021","x5022","x5023","x5024","x5025","x5026","x5027","x5028","x5029","x5030","x5031","x5032","x5033","x5034","x5035","x5036","x5037","x5038","x5039","x5040","x5041","x5042","x5043","x5044","x5045","x5046","x5047","x5048","x5049","x5050","x5051","x5052","x5053","x5054","x5055","x5056","x5057","x5058","x5059","x5060","x5061","x5062","x5063","x5064","x5065","x5066","x5067","x5068","x5069","x5070","x5071","x5072","x5073","x5074","x5075","x5076","x5077","x5078","x5079","x5080","x5081","x5082","x5083","x5084","x5085","x5086","x5087","x5088","x5089","x5090","x5091","x5092","x5093","x5094","x5095","x5096","x5097","x5098","x5099","x5100","x5101","x5102","x5103","x5104","x5105","x5106","x5107","x5108","x5109","x5110","x5111","x5112","x5113","x5114","x5115","x5116","x5117","x5118","x5119","x5120","x5121","x5122","x5123","x5124","x5125","x5126","x5127","x5128","x5129","x5130","x5131","x5132","x5133","x5134","x5135","x5136","x5137","x5138","x5139","x5140","x5141","x5142","x5143","x5144","x5145","x5146","x5147","x5148","x5149","x5150","x5151","x5152","x5153","x5154","x5155","x5156","x5157","x5158","x5159","x5160","x5161","x5162","x5163","x5164","x5165","x5166","x5167","x5168","x5169","x5170","x5171","x5172","x5173","x5174","x5175","x5176","x5177","x5178","x5179","x5180","x5181","x5182","x5183","x5184","x5185","x5186","x5187","x5188","x5189","x5190","x5191","x5192","x5193","x5194","x5195","x5196","x5197","x5198","x5199","x5200","x5201","x5202","x5203","x5204","x5205","x5206","x5207","x5208","x5209","x5210","x5211","x5212","x5213","x5214","x5215","x5216","x5217","x5218","x5219","x5220","x5221","x5222","x5223","x5224","x5225","x5226","x5227","x5228","x5229","x5230","x5231","x5232","x5233","x5234","x5235","x5236","x5237","x5238","x5239","x5240","x5241","x5242","x5243","x5244","x5245","x5246","x5247","x5248","x5249","x5250","x5251","x5252","x5253","x5254","x5255","x5256","x5257","x5258","x5259","x5260","x5261","x5262","x5263","x5264","x5265","x5266","x5267","x5268","x5269","x5270","x5271","x5272","x5273","x5274","x5275","x5276","x5277","x5278","x5279","x5280","x5281","x5282","x5283","x5284","x5285","x5286","x5287","x5288","x5289","x5290","x5291","x5292","x5293","x5294","x5295","x5296","x5297","x5298","x5299","x5300","x5301","x5302","x5303","x5304","x5305","x5306","x5307","x5308","x5309","x5310","x5311","x5312","x5313","x5314","x5315","x5316","x5317","x5318","x5319","x5320","x5321","x5322","x5323","x5324","x5325","x5326","x5327","x5328","x5329","x5330","x5331","x5332","x5333","x5334","x5335","x5336","x5337","x5338","x5339","x5340","x5341","x5342","x5343","x5344","x5345","x5346","x5347","x5348","x5349","x5350","x5351","x5352","x5353","x5354","x5355","x5356","x5357","x5358","x5359","x5360","x5361","x5362","x5363","x5364","x5365","x5366","x5367","x5368","x5369","x5370","x5371","x5372","x5373","x5374","x5375","x5376","x5377","x5378","x5379","x5380","x5381","x5382","x5383","x5384","x5385","x5386","x5387","x5388","x5389","x5390","x5391","x5392","x5393","x5394","x5395","x5396","x5397","x5398","x5399","x5400","x5401","x5402","x5403","x5404","x5405","x5406","x5407","x5408","x5409","x5410","x5411","x5412","x5413","x5414","x5415","x5416","x5417","x5418","x5419","x5420","x5421","x5422","x5423","x5424","x5425","x5426","x5427","x5428","x5429","x5430","x5431","x5432","x5433","x5434","x5435","x5436","x5437","x5438","x5439","x5440","x5441","x5442","x5443","x5444","x5445","x5446","x5447","x5448","x5449","x5450","x5451","x5452","x5453","x5454","x5455","x5456","x5457","x5458","x5459","x5460","x5461","x5462","x5463","x5464","x5465","x5466","x5467","x5468","x5469","x5470","x5471","x5472","x5473","x5474","x5475","x5476","x5477","x5478","x5479","x5480","x5481","x5482","x5483","x5484","x5485","x5486","x5487","x5488","x5489","x5490","x5491","x5492","x5493","x5494","x5495","x5496","x5497","x5498","x5499","x5500","x5501","x5502","x5503","x5504","x5505","x5506","x5507","x5508","x5509","x5510","x5511","x5512","x5513","x5514","x5515","x5516","x5517","x5518","x5519","x5520","x5521","x5522","x5523","x5524","x5525","x5526","x5527","x5528","x5529","x5530","x5531","x5532","x5533","x5534","x5535","x5536","x5537","x5538","x5539","x5540","x5541","x5542","x5543","x5544","x5545","x5546","x5547","x5548","x5549","x5550","x5551","x5552","x5553","x5554","x5555","x5556","x5557","x5558","x5559","x5560","x5561","x5562","x5563","x5564","x5565","x5566","x5567","x5568","x5569","x5570","x5571","x5572","x5573","x5574","x5575","x5576","x5577","x5578","x5579","x5580","x5581","x5582","x5583","x5584","x5585","x5586","x5587","x5588","x5589","x5590","x5591","x5592","x5593","x5594","x5595","x5596","x5597","x5598","x5599","x5600","x5601","x5602","x5603","x5604","x5605","x5606","x5607","x5608","x5609","x5610","x5611","x5612","x5613","x5614","x5615","x5616","x5617","x5618","x5619","x5620","x5621","x5622","x5623","x5624","x5625","x5626","x5627","x5628","x5629","x5630","x5631","x5632","x5633","x5634","x5635","x5636","x5637","x5638","x5639","x5640","x5641","x5642","x5643","x5644","x5645","x5646","x5647","x5648","x5649","x5650","x5651","x5652","x5653","x5654","x5655","x5656","x5657","x5658","x5659","x5660","x5661","x5662","x5663","x5664","x5665","x5666","x5667","x5668","x5669","x5670","x5671","x5672","x5673","x5674","x5675","x5676","x5677","x5678","x5679","x5680","x5681","x5682","x5683","x5684","x5685","x5686","x5687","x5688","x5689","x5690","x5691","x5692","x5693","x5694","x5695","x5696","x5697","x5698","x5699","x5700","x5701","x5702","x5703","x5704","x5705","x5706","x5707","x5708","x5709","x5710","x5711","x5712","x5713","x5714","x5715","x5716","x5717","x5718","x5719","x5720","x5721","x5722","x5723","x5724","x5725","x5726","x5727","x5728","x5729","x5730","x5731","x5732","x5733","x5734","x5735","x5736","x5737","x5738","x5739","x5740","x5741","x5742","x5743","x5744","x5745","x5746","x5747","x5748","x5749","x5750","x5751","x5752","x5753","x5754","x5755","x5756","x5757","x5758","x5759","x5760","x5761","x5762","x5763","x5764","x5765","x5766","x5767","x5768","x5769","x5770","x5771","x5772","x5773","x5774","x5775","x5776","x5777","x5778","x5779","x5780","x5781","x5782","x5783","x5784","x5785","x5786","x5787","x5788","x5789","x5790","x5791","x5792","x5793","x5794","x5795","x5796","x5797","x5798","x5799","x5800","x5801","x5802","x5803","x5804","x5805","x5806","x5807","x5808","x5809","x5810","x5811","x5812","x5813","x5814","x5815","x5816","x5817","x5818","x5819","x5820","x5821","x5822","x5823","x5824","x5825","x5826","x5827","x5828","x5829","x5830","x5831","x5832","x5833","x5834","x5835","x5836","x5837","x5838","x5839","x5840","x5841","x5842","x5843","x5844","x5845","x5846","x5847","x5848","x5849","x5850","x5851","x5852","x5853","x5854","x5855","x5856","x5857","x5858","x5859","x5860","x5861","x5862","x5863","x5864","x5865","x5866","x5867","x5868","x5869","x5870","x5871","x5872","x5873","x5874","x5875","x5876","x5877","x5878","x5879","x5880","x5881","x5882","x5883","x5884","x5885","x5886","x5887","x5888","x5889","x5890","x5891","x5892","x5893","x5894","x5895","x5896","x5897","x5898","x5899","x5900","x5901","x5902","x5903","x5904","x5905","x5906","x5907","x5908","x5909","x5910","x5911","x5912","x5913","x5914","x5915","x5916","x5917","x5918","x5919","x5920","x5921","x5922","x5923","x5924","x5925","x5926","x5927","x5928","x5929","x5930","x5931","x5932","x5933","x5934","x5935","x5936","x5937","x5938","x5939","x5940","x5941","x5942","x5943","x5944","x5945","x5946","x5947","x5948","x5949","x5950","x5951","x5952","x5953","x5954","x5955","x5956","x5957","x5958","x5959","x5960","x5961","x5962","x5963","x5964","x5965","x5966","x5967","x5968","x5969","x5970","x5971","x5972","x5973","x5974","x5975","x5976","x5977","x5978","x5979","x5980","x5981","x5982","x5983","x5984","x5985","x5986","x5987","x5988","x5989","x5990","x5991","x5992","x5993","x5994","x5995","x5996","x5997","x5998","x5999","x6000","x6001","x6002","x6003","x6004","x6005","x6006","x6007","x6008","x6009","x6010","x6011","x6012","x6013","x6014","x6015","x6016","x6017","x6018","x6019","x6020","x6021","x6022","x6023","x6024","x6025","x6026","x6027","x6028","x6029","x6030","x6031","x6032","x6033","x6034","x6035","x6036","x6037","x6038","x6039","x6040","x6041","x6042","x6043","x6044","x6045","x6046","x6047","x6048","x6049","x6050","x6051","x6052","x6053","x6054","x6055","x6056","x6057","x6058","x6059","x6060","x6061","x6062","x6063","x6064","x6065","x6066","x6067","x6068","x6069","x6070","x6071","x6072","x6073","x6074","x6075","x6076","x6077","x6078","x6079","x6080","x6081","x6082","x6083","x6084","x6085","x6086","x6087","x6088","x6089","x6090","x6091","x6092","x6093","x6094","x6095","x6096","x6097","x6098","x6099","x6100","x6101","x6102","x6103","x6104","x6105","x6106","x6107","x6108","x6109","x6110","x6111","x6112","x6113","x6114","x6115","x6116","x6117","x6118","x6119","x6120","x6121","x6122","x6123","x6124","x6125","x6126","x6127","x6128","x6129","x6130","x6131","x6132","x6133","x6134","x6135","x6136","x6137","x6138","x6139","x6140","x6141","x6142","x6143","x6144","x6145","x6146","x6147","x6148","x6149","x6150","x6151","x6152","x6153","x6154","x6155","x6156","x6157","x6158","x6159","x6160","x6161","x6162","x6163","x6164","x6165","x6166","x6167","x6168","x6169","x6170","x6171","x6172","x6173","x6174","x6175","x6176","x6177","x6178","x6179","x6180","x6181","x6182","x6183","x6184","x6185","x6186","x6187","x6188","x6189","x6190","x6191","x6192","x6193","x6194","x6195","x6196","x6197","x6198","x6199","x6200","x6201","x6202","x6203","x6204","x6205","x6206","x6207","x6208","x6209","x6210","x6211","x6212","x6213","x6214","x6215","x6216","x6217","x6218","x6219","x6220","x6221","x6222","x6223","x6224","x6225","x6226","x6227","x6228","x6229","x6230","x6231","x6232","x6233","x6234","x6235","x6236","x6237","x6238","x6239","x6240","x6241","x6242","x6243","x6244","x6245","x6246","x6247","x6248","x6249","x6250","x6251","x6252","x6253","x6254","x6255","x6256","x6257","x6258","x6259","x6260","x6261","x6262","x6263","x6264","x6265","x6266","x6267","x6268","x6269","x6270","x6271","x6272","x6273","x6274","x6275","x6276","x6277","x6278","x6279","x6280","x6281","x6282","x6283","x6284","x6285","x6286","x6287","x6288","x6289","x6290","x6291","x6292","x6293","x6294","x6295","x6296","x6297","x6298","x6299","x6300","x6301","x6302","x6303","x6304","x6305","x6306","x6307","x6308","x6309","x6310","x6311","x6312","x6313","x6314","x6315","x6316","x6317","x6318","x6319","x6320","x6321","x6322","x6323","x6324","x6325","x6326","x6327","x6328","x6329","x6330","x6331","x6332","x6333","x6334","x6335","x6336","x6337","x6338","x6339","x6340","x6341","x6342","x6343","x6344","x6345","x6346","x6347","x6348","x6349","x6350","x6351","x6352","x6353","x6354","x6355","x6356","x6357","x6358","x6359","x6360","x6361","x6362","x6363","x6364","x6365","x6366","x6367","x6368","x6369","x6370","x6371","x6372","x6373","x6374","x6375","x6376","x6377","x6378","x6379","x6380","x6381","x6382","x6383","x6384","x6385","x6386","x6387","x6388","x6389","x6390","x6391","x6392","x6393","x6394","x6395","x6396","x6397","x6398","x6399","x6400","x6401","x6402","x6403","x6404","x6405","x6406","x6407","x6408","x6409","x6410","x6411","x6412","x6413","x6414","x6415","x6416","x6417","x6418","x6419","x6420","x6421","x6422","x6423","x6424","x6425","x6426","x6427","x6428","x6429","x6430","x6431","x6432","x6433","x6434","x6435","x6436","x6437","x6438","x6439","x6440","x6441","x6442","x6443","x6444","x6445","x6446","x6447","x6448","x6449","x6450","x6451","x6452","x6453","x6454","x6455","x6456","x6457","x6458","x6459","x6460","x6461","x6462","x6463","x6464","x6465","x6466","x6467","x6468","x6469","x6470","x6471","x6472","x6473","x6474","x6475","x6476","x6477","x6478","x6479","x6480","x6481","x6482","x6483","x6484","x6485","x6486","x6487","x6488","x6489","x6490","x6491","x6492","x6493","x6494","x6495","x6496","x6497","x6498","x6499","x6500","x6501","x6502","x6503","x6504","x6505","x6506","x6507","x6508","x6509","x6510","x6511","x6512","x6513","x6514","x6515","x6516","x6517","x6518","x6519","x6520","x6521","x6522","x6523","x6524","x6525","x6526","x6527","x6528","x6529","x6530","x6531","x6532","x6533","x6534","x6535","x6536","x6537","x6538","x6539","x6540","x6541","x6542","x6543","x6544","x6545","x6546","x6547","x6548","x6549","x6550","x6551","x6552","x6553","x6554","x6555","x6556","x6557","x6558","x6559","x6560","x6561","x6562","x6563","x6564","x6565","x6566","x6567","x6568","x6569","x6570","x6571","x6572","x6573","x6574","x6575","x6576","x6577","x6578","x6579","x6580","x6581","x6582","x6583","x6584","x6585","x6586","x6587","x6588","x6589","x6590","x6591","x6592","x6593","x6594","x6595","x6596","x6597","x6598","x6599","x6600","x6601","x6602","x6603","x6604","x6605","x6606","x6607","x6608","x6609","x6610","x6611","x6612","x6613","x6614","x6615","x6616","x6617","x6618","x6619","x6620","x6621","x6622","x6623","x6624","x6625","x6626","x6627","x6628","x6629","x6630","x6631","x6632","x6633","x6634","x6635","x6636","x6637","x6638","x6639","x6640","x6641","x6642","x6643","x6644","x6645","x6646","x6647","x6648","x6649","x6650","x6651","x6652","x6653","x6654","x6655","x6656","x6657","x6658","x6659","x6660","x6661","x6662","x6663","x6664","x6665","x6666","x6667","x6668","x6669","x6670","x6671","x6672","x6673","x6674","x6675","x6676","x6677","x6678","x6679","x6680","x6681","x6682","x6683","x6684","x6685","x6686","x6687","x6688","x6689","x6690","x6691","x6692","x6693","x6694","x6695","x6696","x6697","x6698","x6699","x6700","x6701","x6702","x6703","x6704","x6705","x6706","x6707","x6708","x6709","x6710","x6711","x6712","x6713","x6714","x6715","x6716","x6717","x6718","x6719","x6720","x6721","x6722","x6723","x6724","x6725","x6726","x6727","x6728","x6729","x6730","x6731","x6732","x6733","x6734","x6735","x6736","x6737","x6738","x6739","x6740","x6741","x6742","x6743","x6744","x6745","x6746","x6747","x6748","x6749","x6750","x6751","x6752","x6753","x6754","x6755","x6756","x6757","x6758","x6759","x6760","x6761","x6762","x6763","x6764","x6765","x6766","x6767","x6768","x6769","x6770","x6771","x6772","x6773","x6774","x6775","x6776","x6777","x6778","x6779","x6780","x6781","x6782","x6783","x6784","x6785","x6786","x6787","x6788","x6789","x6790","x6791","x6792","x6793","x6794","x6795","x6796","x6797","x6798","x6799","x6800","x6801","x6802","x6803","x6804","x6805","x6806","x6807","x6808","x6809","x6810","x6811","x6812","x6813","x6814","x6815","x6816","x6817","x6818","x6819","x6820","x6821","x6822","x6823","x6824","x6825","x6826","x6827","x6828","x6829","x6830","x6831","x6832","x6833","x6834","x6835","x6836","x6837","x6838","x6839","x6840","x6841","x6842","x6843","x6844","x6845","x6846","x6847","x6848","x6849","x6850","x6851","x6852","x6853","x6854","x6855","x6856","x6857","x6858","x6859","x6860","x6861","x6862","x6863","x6864","x6865","x6866","x6867","x6868","x6869","x6870","x6871","x6872","x6873","x6874","x6875","x6876","x6877","x6878","x6879","x6880","x6881","x6882","x6883","x6884","x6885","x6886","x6887","x6888","x6889","x6890","x6891","x6892","x6893","x6894","x6895","x6896","x6897","x6898","x6899","x6900","x6901","x6902","x6903","x6904","x6905","x6906","x6907","x6908","x6909","x6910","x6911","x6912","x6913","x6914","x6915","x6916","x6917","x6918","x6919","x6920","x6921","x6922","x6923","x6924","x6925","x6926","x6927","x6928","x6929","x6930","x6931","x6932","x6933","x6934","x6935","x6936","x6937","x6938","x6939","x6940","x6941","x6942","x6943","x6944","x6945","x6946","x6947","x6948","x6949","x6950","x6951","x6952","x6953","x6954","x6955","x6956","x6957","x6958","x6959","x6960","x6961","x6962","x6963","x6964","x6965","x6966","x6967","x6968","x6969","x6970","x6971","x6972","x6973","x6974","x6975","x6976","x6977","x6978","x6979","x6980","x6981","x6982","x6983","x6984","x6985","x6986","x6987","x6988","x6989","x6990","x6991","x6992","x6993","x6994","x6995","x6996","x6997","x6998","x6999","x7000","x7001","x7002","x7003","x7004","x7005","x7006","x7007","x7008","x7009","x7010","x7011","x7012","x7013","x7014","x7015","x7016","x7017","x7018","x7019","x7020","x7021","x7022","x7023","x7024","x7025","x7026","x7027","x7028","x7029","x7030","x7031","x7032","x7033","x7034","x7035","x7036","x7037","x7038","x7039","x7040","x7041","x7042","x7043","x7044","x7045","x7046","x7047","x7048","x7049","x7050","x7051","x7052","x7053","x7054","x7055","x7056","x7057","x7058","x7059","x7060","x7061","x7062","x7063","x7064","x7065","x7066","x7067","x7068","x7069","x7070","x7071","x7072","x7073","x7074","x7075","x7076","x7077","x7078","x7079","x7080","x7081","x7082","x7083","x7084","x7085","x7086","x7087","x7088","x7089","x7090","x7091","x7092","x7093","x7094","x7095","x7096","x7097","x7098","x7099","x7100","x7101","x7102","x7103","x7104","x7105","x7106","x7107","x7108","x7109","x7110","x7111","x7112","x7113","x7114","x7115","x7116","x7117","x7118","x7119","x7120","x7121","x7122","x7123","x7124","x7125","x7126","x7127","x7128","x7129","x7130","x7131","x7132","x7133","x7134","x7135","x7136","x7137","x7138","x7139","x7140","x7141","x7142","x7143","x7144","x7145","x7146","x7147","x7148","x7149","x7150","x7151","x7152","x7153","x7154","x7155","x7156","x7157","x7158","x7159","x7160","x7161","x7162","x7163","x7164","x7165","x7166","x7167","x7168","x7169","x7170","x7171","x7172","x7173","x7174","x7175","x7176","x7177","x7178","x7179","x7180","x7181","x7182","x7183","x7184","x7185","x7186","x7187","x7188","x7189","x7190","x7191","x7192","x7193","x7194","x7195","x7196","x7197","x7198","x7199","x7200","x7201","x7202","x7203","x7204","x7205","x7206","x7207","x7208","x7209","x7210","x7211","x7212","x7213","x7214","x7215","x7216","x7217","x7218","x7219","x7220","x7221","x7222","x7223","x7224","x7225","x7226","x7227","x7228","x7229","x7230","x7231","x7232","x7233","x7234","x7235","x7236","x7237","x7238","x7239","x7240","x7241","x7242","x7243","x7244","x7245","x7246","x7247","x7248","x7249","x7250","x7251","x7252","x7253","x7254","x7255","x7256","x7257","x7258","x7259","x7260","x7261","x7262","x7263","x7264","x7265","x7266","x7267","x7268","x7269","x7270","x7271","x7272","x7273","x7274","x7275","x7276","x7277","x7278","x7279","x7280","x7281","x7282","x7283","x7284","x7285","x7286","x7287","x7288","x7289","x7290","x7291","x7292","x7293","x7294","x7295","x7296","x7297","x7298","x7299","x7300","x7301","x7302","x7303","x7304","x7305","x7306","x7307","x7308","x7309","x7310","x7311","x7312","x7313","x7314","x7315","x7316","x7317","x7318","x7319","x7320","x7321","x7322","x7323","x7324","x7325","x7326","x7327","x7328","x7329","x7330","x7331","x7332","x7333","x7334","x7335","x7336","x7337","x7338","x7339","x7340","x7341","x7342","x7343","x7344","x7345","x7346","x7347","x7348","x7349","x7350","x7351","x7352","x7353","x7354","x7355","x7356","x7357","x7358","x7359","x7360","x7361","x7362","x7363","x7364","x7365","x7366","x7367","x7368","x7369","x7370","x7371","x7372","x7373","x7374","x7375","x7376","x7377","x7378","x7379","x7380","x7381","x7382","x7383","x7384","x7385","x7386","x7387","x7388","x7389","x7390","x7391","x7392","x7393","x7394","x7395","x7396","x7397","x7398","x7399","x7400","x7401","x7402","x7403","x7404","x7405","x7406","x7407","x7408","x7409","x7410","x7411","x7412","x7413","x7414","x7415","x7416","x7417","x7418","x7419","x7420","x7421","x7422","x7423","x7424","x7425","x7426","x7427","x7428","x7429","x7430","x7431","x7432","x7433","x7434","x7435","x7436","x7437","x7438","x7439","x7440","x7441","x7442","x7443","x7444","x7445","x7446","x7447","x7448","x7449","x7450","x7451","x7452","x7453","x7454","x7455","x7456","x7457","x7458","x7459","x7460","x7461","x7462","x7463","x7464","x7465","x7466","x7467","x7468","x7469","x7470","x7471","x7472","x7473","x7474","x7475","x7476","x7477","x7478","x7479","x7480","x7481","x7482","x7483","x7484","x7485","x7486","x7487","x7488","x7489","x7490","x7491","x7492","x7493","x7494","x7495","x7496","x7497","x7498","x7499","x7500","x7501","x7502","x7503","x7504","x7505","x7506","x7507","x7508","x7509","x7510","x7511","x7512","x7513","x7514","x7515","x7516","x7517","x7518","x7519","x7520","x7521","x7522","x7523","x7524","x7525","x7526","x7527","x7528","x7529","x7530","x7531","x7532","x7533","x7534","x7535","x7536","x7537","x7538","x7539","x7540","x7541","x7542","x7543","x7544","x7545","x7546","x7547","x7548","x7549","x7550","x7551","x7552","x7553","x7554","x7555","x7556","x7557","x7558","x7559","x7560","x7561","x7562","x7563","x7564","x7565","x7566","x7567","x7568","x7569","x7570","x7571","x7572","x7573","x7574","x7575","x7576","x7577","x7578","x7579","x7580","x7581","x7582","x7583","x7584","x7585","x7586","x7587","x7588","x7589","x7590","x7591","x7592","x7593","x7594","x7595","x7596","x7597","x7598","x7599","x7600","x7601","x7602","x7603","x7604","x7605","x7606","x7607","x7608","x7609","x7610","x7611","x7612","x7613","x7614","x7615","x7616","x7617","x7618","x7619","x7620","x7621","x7622","x7623","x7624","x7625","x7626","x7627","x7628","x7629","x7630","x7631","x7632","x7633","x7634","x7635","x7636","x7637","x7638","x7639","x7640","x7641","x7642","x7643","x7644","x7645","x7646","x7647","x7648","x7649","x7650","x7651","x7652","x7653","x7654","x7655","x7656","x7657","x7658","x7659","x7660","x7661","x7662","x7663","x7664","x7665","x7666","x7667","x7668","x7669","x7670","x7671","x7672","x7673","x7674","x7675","x7676","x7677","x7678","x7679","x7680","x7681","x7682","x7683","x7684","x7685","x7686","x7687","x7688","x7689","x7690","x7691","x7692","x7693","x7694","x7695","x7696","x7697","x7698","x7699","x7700","x7701","x7702","x7703","x7704","x7705","x7706","x7707","x7708","x7709","x7710","x7711","x7712","x7713","x7714","x7715","x7716","x7717","x7718","x7719","x7720","x7721","x7722","x7723","x7724","x7725","x7726","x7727","x7728","x7729","x7730","x7731","x7732","x7733","x7734","x7735","x7736","x7737","x7738","x7739","x7740","x7741","x7742","x7743","x7744","x7745","x7746","x7747","x7748","x7749","x7750","x7751","x7752","x7753","x7754","x7755","x7756","x7757","x7758","x7759","x7760","x7761","x7762","x7763","x7764","x7765","x7766","x7767","x7768","x7769","x7770","x7771","x7772","x7773","x7774","x7775","x7776","x7777","x7778","x7779","x7780","x7781","x7782","x7783","x7784","x7785","x7786","x7787","x7788","x7789","x7790","x7791","x7792","x7793","x7794","x7795","x7796","x7797","x7798","x7799","x7800","x7801","x7802","x7803","x7804","x7805","x7806","x7807","x7808","x7809","x7810","x7811","x7812","x7813","x7814","x7815","x7816","x7817","x7818","x7819","x7820","x7821","x7822","x7823","x7824","x7825","x7826","x7827","x7828","x7829","x7830","x7831","x7832","x7833","x7834","x7835","x7836","x7837","x7838","x7839","x7840","x7841","x7842","x7843","x7844","x7845","x7846","x7847","x7848","x7849","x7850","x7851","x7852","x7853","x7854","x7855","x7856","x7857","x7858","x7859","x7860","x7861","x7862","x7863","x7864","x7865","x7866","x7867","x7868","x7869","x7870","x7871","x7872","x7873","x7874","x7875","x7876","x7877","x7878","x7879","x7880","x7881","x7882","x7883","x7884","x7885","x7886","x7887","x7888","x7889","x7890","x7891","x7892","x7893","x7894","x7895","x7896","x7897","x7898","x7899","x7900","x7901","x7902","x7903","x7904","x7905","x7906","x7907","x7908","x7909","x7910","x7911","x7912","x7913","x7914","x7915","x7916","x7917","x7918","x7919","x7920","x7921","x7922","x7923","x7924","x7925","x7926","x7927","x7928","x7929","x7930","x7931","x7932","x7933","x7934","x7935","x7936","x7937","x7938","x7939","x7940","x7941","x7942","x7943","x7944","x7945","x7946","x7947","x7948","x7949","x7950","x7951","x7952","x7953","x7954","x7955","x7956","x7957","x7958","x7959","x7960","x7961","x7962","x7963","x7964","x7965","x7966","x7967","x7968","x7969","x7970","x7971","x7972","x7973","x7974","x7975","x7976","x7977","x7978","x7979","x7980","x7981","x7982","x7983","x7984","x7985","x7986","x7987","x7988","x7989","x7990","x7991","x7992","x7993","x7994","x7995","x7996","x7997","x7998","x7999","x8000","x8001","x8002","x8003","x8004","x8005","x8006","x8007","x8008","x8009","x8010","x8011","x8012","x8013","x8014","x8015","x8016","x8017","x8018","x8019","x8020","x8021","x8022","x8023","x8024","x8025","x8026","x8027","x8028","x8029","x8030","x8031","x8032","x8033","x8034","x8035","x8036","x8037","x8038","x8039","x8040","x8041","x8042","x8043","x8044","x8045","x8046","x8047","x8048","x8049","x8050","x8051","x8052","x8053","x8054","x8055","x8056","x8057","x8058","x8059","x8060","x8061","x8062","x8063","x8064","x8065","x8066","x8067","x8068","x8069","x8070","x8071","x8072","x8073","x8074","x8075","x8076","x8077","x8078","x8079","x8080","x8081","x8082","x8083","x8084","x8085","x8086","x8087","x8088","x8089","x8090","x8091","x8092","x8093","x8094","x8095","x8096","x8097","x8098","x8099","x8100","x8101","x8102","x8103","x8104","x8105","x8106","x8107","x8108","x8109","x8110","x8111","x8112","x8113","x8114","x8115","x8116","x8117","x8118","x8119","x8120","x8121","x8122","x8123","x8124","x8125","x8126","x8127","x8128","x8129","x8130","x8131","x8132","x8133","x8134","x8135","x8136","x8137","x8138","x8139","x8140","x8141","x8142","x8143","x8144","x8145","x8146","x8147","x8148","x8149","x8150","x8151","x8152","x8153","x8154","x8155","x8156","x8157","x8158","x8159","x8160","x8161","x8162","x8163","x8164","x8165","x8166","x8167","x8168","x8169","x8170","x8171","x8172","x8173","x8174","x8175","x8176","x8177","x8178","x8179","x8180","x8181","x8182","x8183","x8184","x8185","x8186","x8187","x8188","x8189","x8190","x8191","x8192","x8193","x8194","x8195","x8196","x8197","x8198","x8199","x8200","x8201","x8202","x8203","x8204","x8205","x8206","x8207","x8208","x8209","x8210","x8211","x8212","x8213","x8214","x8215","x8216","x8217","x8218","x8219","x8220","x8221","x8222","x8223","x8224","x8225","x8226","x8227","x8228","x8229","x8230","x8231","x8232","x8233","x8234","x8235","x8236","x8237","x8238","x8239","x8240","x8241","x8242","x8243","x8244","x8245","x8246","x8247","x8248","x8249","x8250","x8251","x8252","x8253","x8254","x8255","x8256","x8257","x8258","x8259","x8260","x8261","x8262","x8263","x8264","x8265","x8266","x8267","x8268","x8269","x8270","x8271","x8272","x8273","x8274","x8275","x8276","x8277","x8278","x8279","x8280","x8281","x8282","x8283","x8284","x8285","x8286","x8287","x8288","x8289","x8290","x8291","x8292","x8293","x8294","x8295","x8296","x8297","x8298","x8299","x8300","x8301","x8302","x8303","x8304","x8305","x8306","x8307","x8308","x8309","x8310","x8311","x8312","x8313","x8314","x8315","x8316","x8317","x8318","x8319","x8320","x8321","x8322","x8323","x8324","x8325","x8326","x8327","x8328","x8329","x8330","x8331","x8332","x8333","x8334","x8335","x8336","x8337","x8338","x8339","x8340","x8341","x8342","x8343","x8344","x8345","x8346","x8347","x8348","x8349","x8350","x8351","x8352","x8353","x8354","x8355","x8356","x8357","x8358","x8359","x8360","x8361","x8362","x8363","x8364","x8365","x8366","x8367","x8368","x8369","x8370","x8371","x8372","x8373","x8374","x8375","x8376","x8377","x8378","x8379","x8380","x8381","x8382","x8383","x8384","x8385","x8386","x8387","x8388","x8389","x8390","x8391","x8392","x8393","x8394","x8395","x8396","x8397","x8398","x8399","x8400","x8401","x8402","x8403","x8404","x8405","x8406","x8407","x8408","x8409","x8410","x8411","x8412","x8413","x8414","x8415","x8416","x8417","x8418","x8419","x8420","x8421","x8422","x8423","x8424","x8425","x8426","x8427","x8428","x8429","x8430","x8431","x8432","x8433","x8434","x8435","x8436","x8437","x8438","x8439","x8440","x8441","x8442","x8443","x8444","x8445","x8446","x8447","x8448","x8449","x8450","x8451","x8452","x8453","x8454","x8455","x8456","x8457","x8458","x8459","x8460","x8461","x8462","x8463","x8464","x8465","x8466","x8467","x8468","x8469","x8470","x8471","x8472","x8473","x8474","x8475","x8476","x8477","x8478","x8479","x8480","x8481","x8482","x8483","x8484","x8485","x8486","x8487","x8488","x8489","x8490","x8491","x8492","x8493","x8494","x8495","x8496","x8497","x8498","x8499","x8500","x8501","x8502","x8503","x8504","x8505","x8506","x8507","x8508","x8509","x8510","x8511","x8512","x8513","x8514","x8515","x8516","x8517","x8518","x8519","x8520","x8521","x8522","x8523","x8524","x8525","x8526","x8527","x8528","x8529","x8530","x8531","x8532","x8533","x8534","x8535","x8536","x8537","x8538","x8539","x8540","x8541","x8542","x8543","x8544","x8545","x8546","x8547","x8548","x8549","x8550","x8551","x8552","x8553","x8554","x8555","x8556","x8557","x8558","x8559","x8560","x8561","x8562","x8563","x8564","x8565","x8566","x8567","x8568","x8569","x8570","x8571","x8572","x8573","x8574","x8575","x8576","x8577","x8578","x8579","x8580","x8581","x8582","x8583","x8584","x8585","x8586","x8587","x8588","x8589","x8590","x8591","x8592","x8593","x8594","x8595","x8596","x8597","x8598","x8599","x8600","x8601","x8602","x8603","x8604","x8605","x8606","x8607","x8608","x8609","x8610","x8611","x8612","x8613","x8614","x8615","x8616","x8617","x8618","x8619","x8620","x8621","x8622","x8623","x8624","x8625","x8626","x8627","x8628","x8629","x8630","x8631","x8632","x8633","x8634","x8635","x8636","x8637","x8638","x8639","x8640","x8641","x8642","x8643","x8644","x8645","x8646","x8647","x8648","x8649","x8650","x8651","x8652","x8653","x8654","x8655","x8656","x8657","x8658","x8659","x8660","x8661","x8662","x8663","x8664","x8665","x8666","x8667","x8668","x8669","x8670","x8671","x8672","x8673","x8674","x8675","x8676","x8677","x8678","x8679","x8680","x8681","x8682","x8683","x8684","x8685","x8686","x8687","x8688","x8689","x8690","x8691","x8692","x8693","x8694","x8695","x8696","x8697","x8698","x8699","x8700","x8701","x8702","x8703","x8704","x8705","x8706","x8707","x8708","x8709","x8710","x8711","x8712","x8713","x8714","x8715","x8716","x8717","x8718","x8719","x8720","x8721","x8722","x8723","x8724","x8725","x8726","x8727","x8728","x8729","x8730","x8731","x8732","x8733","x8734","x8735","x8736","x8737","x8738","x8739","x8740","x8741","x8742","x8743","x8744","x8745","x8746","x8747","x8748","x8749","x8750","x8751","x8752","x8753","x8754","x8755","x8756","x8757","x8758","x8759","x8760","x8761","x8762","x8763","x8764","x8765","x8766","x8767","x8768","x8769","x8770","x8771","x8772","x8773","x8774","x8775","x8776","x8777","x8778","x8779","x8780","x8781","x8782","x8783","x8784","x8785","x8786","x8787","x8788","x8789","x8790","x8791","x8792","x8793","x8794","x8795","x8796","x8797","x8798","x8799","x8800","x8801","x8802","x8803","x8804","x8805","x8806","x8807","x8808","x8809","x8810","x8811","x8812","x8813","x8814","x8815","x8816","x8817","x8818","x8819","x8820","x8821","x8822","x8823","x8824","x8825","x8826","x8827","x8828","x8829","x8830","x8831","x8832","x8833","x8834","x8835","x8836","x8837","x8838","x8839","x8840","x8841","x8842","x8843","x8844","x8845","x8846","x8847","x8848","x8849","x8850","x8851","x8852","x8853","x8854","x8855","x8856","x8857","x8858","x8859","x8860","x8861","x8862","x8863","x8864","x8865","x8866","x8867","x8868","x8869","x8870","x8871","x8872","x8873","x8874","x8875","x8876","x8877","x8878","x8879","x8880","x8881","x8882","x8883","x8884","x8885","x8886","x8887","x8888","x8889","x8890","x8891","x8892","x8893","x8894","x8895","x8896","x8897","x8898","x8899","x8900","x8901","x8902","x8903","x8904","x8905","x8906","x8907","x8908","x8909","x8910","x8911","x8912","x8913","x8914","x8915","x8916","x8917","x8918","x8919","x8920","x8921","x8922","x8923","x8924","x8925","x8926","x8927","x8928","x8929","x8930","x8931","x8932","x8933","x8934","x8935","x8936","x8937","x8938","x8939","x8940","x8941","x8942","x8943","x8944","x8945","x8946","x8947","x8948","x8949","x8950","x8951","x8952","x8953","x8954","x8955","x8956","x8957","x8958","x8959","x8960","x8961","x8962","x8963","x8964","x8965","x8966","x8967","x8968","x8969","x8970","x8971","x8972","x8973","x8974","x8975","x8976","x8977","x8978","x8979","x8980","x8981","x8982","x8983","x8984","x8985","x8986","x8987","x8988","x8989","x8990","x8991","x8992","x8993","x8994","x8995","x8996","x8997","x8998","x8999","x9000","x9001","x9002","x9003","x9004","x9005","x9006","x9007","x9008","x9009","x9010","x9011","x9012","x9013","x9014","x9015","x9016","x9017","x9018","x9019","x9020","x9021","x9022","x9023","x9024","x9025","x9026","x9027","x9028","x9029","x9030","x9031","x9032","x9033","x9034","x9035","x9036","x9037","x9038","x9039","x9040","x9041","x9042","x9043","x9044","x9045","x9046","x9047","x9048","x9049","x9050","x9051","x9052","x9053","x9054","x9055","x9056","x9057","x9058","x9059","x9060","x9061","x9062","x9063","x9064","x9065","x9066","x9067","x9068","x9069","x9070","x9071","x9072","x9073","x9074","x9075","x9076","x9077","x9078","x9079","x9080","x9081","x9082","x9083","x9084","x9085","x9086","x9087","x9088","x9089","x9090","x9091","x9092","x9093","x9094","x9095","x9096","x9097","x9098","x9099","x9100","x9101","x9102","x9103","x9104","x9105","x9106","x9107","x9108","x9109","x9110","x9111","x9112","x9113","x9114","x9115","x9116","x9117","x9118","x9119","x9120","x9121","x9122","x9123","x9124","x9125","x9126","x9127","x9128","x9129","x9130","x9131","x9132","x9133","x9134","x9135","x9136","x9137","x9138","x9139","x9140","x9141","x9142","x9143","x9144","x9145","x9146","x9147","x9148","x9149","x9150","x9151","x9152","x9153","x9154","x9155","x9156","x9157","x9158","x9159","x9160","x9161","x9162","x9163","x9164","x9165","x9166","x9167","x9168","x9169","x9170","x9171","x9172","x9173","x9174","x9175","x9176","x9177","x9178","x9179","x9180","x9181","x9182","x9183","x9184","x9185","x9186","x9187","x9188","x9189","x9190","x9191","x9192","x9193","x9194","x9195","x9196","x9197","x9198","x9199","x9200","x9201","x9202","x9203","x9204","x9205","x9206","x9207","x9208","x9209","x9210","x9211","x9212","x9213","x9214","x9215","x9216","x9217","x9218","x9219","x9220","x9221","x9222","x9223","x9224","x9225","x9226","x9227","x9228","x9229","x9230","x9231","x9232","x9233","x9234","x9235","x9236","x9237","x9238","x9239","x9240","x9241","x9242","x9243","x9244","x9245","x9246","x9247","x9248","x9249","x9250","x9251","x9252","x9253","x9254","x9255","x9256","x9257","x9258","x9259","x9260","x9261","x9262","x9263","x9264","x9265","x9266","x9267","x9268","x9269","x9270","x9271","x9272","x9273","x9274","x9275","x9276","x9277","x9278","x9279","x9280","x9281","x9282","x9283","x9284","x9285","x9286","x9287","x9288","x9289","x9290","x9291","x9292","x9293","x9294","x9295","x9296","x9297","x9298","x9299","x9300","x9301","x9302","x9303","x9304","x9305","x9306","x9307","x9308","x9309","x9310","x9311","x9312","x9313","x9314","x9315","x9316","x9317","x9318","x9319","x9320","x9321","x9322","x9323","x9324","x9325","x9326","x9327","x9328","x9329","x9330","x9331","x9332","x9333","x9334","x9335","x9336","x9337","x9338","x9339","x9340","x9341","x9342","x9343","x9344","x9345","x9346","x9347","x9348","x9349","x9350","x9351","x9352","x9353","x9354","x9355","x9356","x9357","x9358","x9359","x9360","x9361","x9362","x9363","x9364","x9365","x9366","x9367","x9368","x9369","x9370","x9371","x9372","x9373","x9374","x9375","x9376","x9377","x9378","x9379","x9380","x9381","x9382","x9383","x9384","x9385","x9386","x9387","x9388","x9389","x9390","x9391","x9392","x9393","x9394","x9395","x9396","x9397","x9398","x9399","x9400","x9401","x9402","x9403","x9404","x9405","x9406","x9407","x9408","x9409","x9410","x9411","x9412","x9413","x9414","x9415","x9416","x9417","x9418","x9419","x9420","x9421","x9422","x9423","x9424","x9425","x9426","x9427","x9428","x9429","x9430","x9431","x9432","x9433","x9434","x9435","x9436","x9437","x9438","x9439","x9440","x9441","x9442","x9443","x9444","x9445","x9446","x9447","x9448","x9449","x9450","x9451","x9452","x9453","x9454","x9455","x9456","x9457","x9458","x9459","x9460","x9461","x9462","x9463","x9464","x9465","x9466","x9467","x9468","x9469","x9470","x9471","x9472","x9473","x9474","x9475","x9476","x9477","x9478","x9479","x9480","x9481","x9482","x9483","x9484","x9485","x9486","x9487","x9488","x9489","x9490","x9491","x9492","x9493","x9494","x9495","x9496","x9497","x9498","x9499","x9500","x9501","x9502","x9503","x9504","x9505","x9506","x9507","x9508","x9509","x9510","x9511","x9512","x9513","x9514","x9515","x9516","x9517","x9518","x9519","x9520","x9521","x9522","x9523","x9524","x9525","x9526","x9527","x9528","x9529","x9530","x9531","x9532","x9533","x9534","x9535","x9536","x9537","x9538","x9539","x9540","x9541","x9542","x9543","x9544","x9545","x9546","x9547","x9548","x9549","x9550","x9551","x9552","x9553","x9554","x9555","x9556","x9557","x9558","x9559","x9560","x9561","x9562","x9563","x9564","x9565","x9566","x9567","x9568","x9569","x9570","x9571","x9572","x9573","x9574","x9575","x9576","x9577","x9578","x9579","x9580","x9581","x9582","x9583","x9584","x9585","x9586","x9587","x9588","x9589","x9590","x9591","x9592","x9593","x9594","x9595","x9596","x9597","x9598","x9599","x9600","x9601","x9602","x9603","x9604","x9605","x9606","x9607","x9608","x9609","x9610","x9611","x9612","x9613","x9614","x9615","x9616","x9617","x9618","x9619","x9620","x9621","x9622","x9623","x9624","x9625","x9626","x9627","x9628","x9629","x9630","x9631","x9632","x9633","x9634","x9635","x9636","x9637","x9638","x9639","x9640","x9641","x9642","x9643","x9644","x9645","x9646","x9647","x9648","x9649","x9650","x9651","x9652","x9653","x9654","x9655","x9656","x9657","x9658","x9659","x9660","x9661","x9662","x9663","x9664","x9665","x9666","x9667","x9668","x9669","x9670","x9671","x9672","x9673","x9674","x9675","x9676","x9677","x9678","x9679","x9680","x9681","x9682","x9683","x9684","x9685","x9686","x9687","x9688","x9689","x9690","x9691","x9692","x9693","x9694","x9695","x9696","x9697","x9698","x9699","x9700","x9701","x9702","x9703","x9704","x9705","x9706","x9707","x9708","x9709","x9710","x9711","x9712","x9713","x9714","x9715","x9716","x9717","x9718","x9719","x9720","x9721","x9722","x9723","x9724","x9725","x9726","x9727","x9728","x9729","x9730","x9731","x9732","x9733","x9734","x9735","x9736","x9737","x9738","x9739","x9740","x9741","x9742","x9743","x9744","x9745","x9746","x9747","x9748","x9749","x9750","x9751","x9752","x9753","x9754","x9755","x9756","x9757","x9758","x9759","x9760","x9761","x9762","x9763","x9764","x9765","x9766","x9767","x9768","x9769","x9770","x9771","x9772","x9773","x9774","x9775","x9776","x9777","x9778","x9779","x9780","x9781","x9782","x9783","x9784","x9785","x9786","x9787","x9788","x9789","x9790","x9791","x9792","x9793","x9794","x9795","x9796","x9797","x9798","x9799","x9800","x9801","x9802","x9803","x9804","x9805","x9806","x9807","x9808","x9809","x9810","x9811","x9812","x9813","x9814","x9815","x9816","x9817","x9818","x9819","x9820","x9821","x9822","x9823","x9824","x9825","x9826","x9827","x9828","x9829","x9830","x9831","x9832","x9833","x9834","x9835","x9836","x9837","x9838","x9839","x9840","x9841","x9842","x9843","x9844","x9845","x9846","x9847","x9848","x9849","x9850","x9851","x9852","x9853","x9854","x9855","x9856","x9857","x9858","x9859","x9860","x9861","x9862","x9863","x9864","x9865","x9866","x9867","x9868","x9869","x9870","x9871","x9872","x9873","x9874","x9875","x9876","x9877","x9878","x9879","x9880","x9881","x9882","x9883","x9884","x9885","x9886","x9887","x9888","x9889","x9890","x9891","x9892","x9893","x9894","x9895","x9896","x9897","x9898","x9899","x9900","x9901","x9902","x9903","x9904","x9905","x9906","x9907","x9908","x9909","x9910","x9911","x9912","x9913","x9914","x9915","x9916","x9917","x9918","x9919","x9920","x9921","x9922","x9923","x9924","x9925","x9926","x9927","x9928","x9929","x9930","x9931","x9932","x9933","x9934","x9935","x9936","x9937","x9938","x9939","x9940","x9941","x9942","x9943","x9944","x9945","x9946","x9947","x9948","x9949","x9950","x9951","x9952","x9953","x9954","x9955","x9956","x9957","x9958","x9959","x9960","x9961","x9962","x9963","x9964","x9965","x9966","x9967","x9968","x9969","x9970","x9971","x9972","x9973","x9974","x9975","x9976","x9977","x9978","x9979","x9980","x9981","x9982","x9983","x9984","x9985","x9986","x9987","x9988","x9989","x9990","x9991","x9992","x9993","x9994","x9995","x9996","x9997","x9998","x9999","x10000","x10001","x10002","x10003","x10004","x10005","x10006","x10007","x10008","x10009","x10010","x10011","x10012","x10013","x10014","x10015","x10016","x10017","x10018","x10019","x10020","x10021","x10022","x10023","x10024","x10025","x10026","x10027","x10028","x10029","x10030","x10031","x10032","x10033","x10034","x10035","x10036","x10037","x10038","x10039","x10040","x10041","x10042","x10043","x10044","x10045","x10046","x10047","x10048","x10049","x10050","x10051","x10052","x10053","x10054","x10055","x10056","x10057","x10058","x10059","x10060","x10061","x10062","x10063","x10064","x10065","x10066","x10067","x10068","x10069","x10070","x10071","x10072","x10073","x10074","x10075","x10076","x10077","x10078","x10079","x10080","x10081","x10082","x10083","x10084","x10085","x10086","x10087","x10088","x10089","x10090","x10091","x10092","x10093","x10094","x10095","x10096","x10097","x10098","x10099","x10100","x10101","x10102","x10103","x10104","x10105","x10106","x10107","x10108","x10109","x10110","x10111","x10112","x10113","x10114","x10115","x10116","x10117","x10118","x10119","x10120","x10121","x10122","x10123","x10124","x10125","x10126","x10127","x10128","x10129","x10130","x10131","x10132","x10133","x10134","x10135","x10136","x10137","x10138","x10139","x10140","x10141","x10142","x10143","x10144","x10145","x10146","x10147","x10148","x10149","x10150","x10151","x10152","x10153","x10154","x10155","x10156","x10157","x10158","x10159","x10160","x10161","x10162","x10163","x10164","x10165","x10166","x10167","x10168","x10169","x10170","x10171","x10172","x10173","x10174","x10175","x10176","x10177","x10178","x10179","x10180","x10181","x10182","x10183","x10184","x10185","x10186","x10187","x10188","x10189","x10190","x10191","x10192","x10193","x10194","x10195","x10196","x10197","x10198","x10199","x10200","x10201","x10202","x10203","x10204","x10205","x10206","x10207","x10208","x10209","x10210","x10211","x10212","x10213","x10214","x10215","x10216","x10217","x10218","x10219","x10220","x10221","x10222","x10223","x10224","x10225","x10226","x10227","x10228","x10229","x10230","x10231","x10232","x10233","x10234","x10235","x10236","x10237","x10238","x10239","x10240","x10241","x10242","x10243","x10244","x10245","x10246","x10247","x10248","x10249","x10250","x10251","x10252","x10253","x10254","x10255","x10256","x10257","x10258","x10259","x10260","x10261","x10262","x10263","x10264","x10265","x10266","x10267","x10268","x10269","x10270","x10271","x10272","x10273","x10274","x10275","x10276","x10277","x10278","x10279","x10280","x10281","x10282","x10283","x10284","x10285","x10286","x10287","x10288","x10289","x10290","x10291","x10292","x10293","x10294","x10295","x10296","x10297","x10298","x10299","x10300","x10301","x10302","x10303","x10304","x10305","x10306","x10307","x10308","x10309","x10310","x10311","x10312","x10313","x10314","x10315","x10316","x10317","x10318","x10319","x10320","x10321","x10322","x10323","x10324","x10325","x10326","x10327","x10328","x10329","x10330","x10331","x10332","x10333","x10334","x10335","x10336","x10337","x10338","x10339","x10340","x10341","x10342","x10343","x10344","x10345","x10346","x10347","x10348","x10349","x10350","x10351","x10352","x10353","x10354","x10355","x10356","x10357","x10358","x10359","x10360","x10361","x10362","x10363","x10364","x10365","x10366","x10367","x10368","x10369","x10370","x10371","x10372","x10373","x10374","x10375","x10376","x10377","x10378","x10379","x10380","x10381","x10382","x10383","x10384","x10385","x10386","x10387","x10388","x10389","x10390","x10391","x10392","x10393","x10394","x10395","x10396","x10397","x10398","x10399","x10400","x10401","x10402","x10403","x10404","x10405","x10406","x10407","x10408","x10409","x10410","x10411","x10412","x10413","x10414","x10415","x10416","x10417","x10418","x10419","x10420","x10421","x10422","x10423","x10424","x10425","x10426","x10427","x10428","x10429","x10430","x10431","x10432","x10433","x10434","x10435","x10436","x10437","x10438","x10439","x10440","x10441","x10442","x10443","x10444","x10445","x10446","x10447","x10448","x10449","x10450","x10451","x10452","x10453","x10454","x10455","x10456","x10457","x10458","x10459","x10460","x10461","x10462","x10463","x10464","x10465","x10466","x10467","x10468","x10469","x10470","x10471","x10472","x10473","x10474","x10475","x10476","x10477","x10478","x10479","x10480","x10481","x10482","x10483","x10484","x10485","x10486","x10487","x10488","x10489","x10490","x10491","x10492","x10493","x10494","x10495","x10496","x10497","x10498","x10499","x10500","x10501","x10502","x10503","x10504","x10505","x10506","x10507","x10508","x10509","x10510","x10511","x10512","x10513","x10514","x10515","x10516","x10517","x10518","x10519","x10520","x10521","x10522","x10523","x10524","x10525","x10526","x10527","x10528","x10529","x10530","x10531","x10532","x10533","x10534","x10535","x10536","x10537","x10538","x10539","x10540","x10541","x10542","x10543","x10544","x10545","x10546","x10547","x10548","x10549","x10550","x10551","x10552","x10553","x10554","x10555","x10556","x10557","x10558","x10559","x10560","x10561","x10562","x10563","x10564","x10565","x10566","x10567","x10568","x10569","x10570","x10571","x10572","x10573","x10574","x10575","x10576","x10577","x10578","x10579","x10580","x10581","x10582","x10583","x10584","x10585","x10586","x10587","x10588","x10589","x10590","x10591","x10592","x10593","x10594","x10595","x10596","x10597","x10598","x10599","x10600","x10601","x10602","x10603","x10604","x10605","x10606","x10607","x10608","x10609","x10610","x10611","x10612","x10613","x10614","x10615","x10616","x10617","x10618","x10619","x10620","x10621","x10622","x10623","x10624","x10625","x10626","x10627","x10628","x10629","x10630","x10631","x10632","x10633","x10634","x10635","x10636","x10637","x10638","x10639","x10640","x10641","x10642","x10643","x10644","x10645","x10646","x10647","x10648","x10649","x10650","x10651","x10652","x10653","x10654","x10655","x10656","x10657","x10658","x10659","x10660","x10661","x10662","x10663","x10664","x10665","x10666","x10667","x10668","x10669","x10670","x10671","x10672","x10673","x10674","x10675","x10676","x10677","x10678","x10679","x10680","x10681","x10682","x10683","x10684","x10685","x10686","x10687","x10688","x10689","x10690","x10691","x10692","x10693","x10694","x10695","x10696","x10697","x10698","x10699","x10700","x10701","x10702","x10703","x10704","x10705","x10706","x10707","x10708","x10709","x10710","x10711","x10712","x10713","x10714","x10715","x10716","x10717","x10718","x10719","x10720","x10721","x10722","x10723","x10724","x10725","x10726","x10727","x10728","x10729","x10730","x10731","x10732","x10733","x10734","x10735","x10736","x10737","x10738","x10739","x10740","x10741","x10742","x10743","x10744","x10745","x10746","x10747","x10748","x10749","x10750","x10751","x10752","x10753","x10754","x10755","x10756","x10757","x10758","x10759","x10760","x10761","x10762","x10763","x10764","x10765","x10766","x10767","x10768","x10769","x10770","x10771","x10772","x10773","x10774","x10775","x10776","x10777","x10778","x10779","x10780","x10781","x10782","x10783","x10784","x10785","x10786","x10787","x10788","x10789","x10790","x10791","x10792","x10793","x10794","x10795","x10796","x10797","x10798","x10799","x10800","x10801","x10802","x10803","x10804","x10805","x10806","x10807","x10808","x10809","x10810","x10811","x10812","x10813","x10814","x10815","x10816","x10817","x10818","x10819","x10820","x10821","x10822","x10823","x10824","x10825","x10826","x10827","x10828","x10829","x10830","x10831","x10832","x10833","x10834","x10835","x10836","x10837","x10838","x10839","x10840","x10841","x10842","x10843","x10844","x10845","x10846","x10847","x10848","x10849","x10850","x10851","x10852","x10853","x10854","x10855","x10856","x10857","x10858","x10859","x10860","x10861","x10862","x10863","x10864","x10865","x10866","x10867","x10868","x10869","x10870","x10871","x10872","x10873","x10874","x10875","x10876","x10877","x10878","x10879","x10880","x10881","x10882","x10883","x10884","x10885","x10886","x10887","x10888","x10889","x10890","x10891","x10892","x10893","x10894","x10895","x10896","x10897","x10898","x10899","x10900","x10901","x10902","x10903","x10904","x10905","x10906","x10907","x10908","x10909","x10910","x10911","x10912","x10913","x10914","x10915","x10916","x10917","x10918","x10919","x10920","x10921","x10922","x10923","x10924","x10925","x10926","x10927","x10928","x10929","x10930","x10931","x10932","x10933","x10934","x10935","x10936","x10937","x10938","x10939","x10940","x10941","x10942","x10943","x10944","x10945","x10946","x10947","x10948","x10949","x10950","x10951","x10952","x10953","x10954","x10955","x10956","x10957","x10958","x10959","x10960","x10961","x10962","x10963","x10964","x10965","x10966","x10967","x10968","x10969","x10970","x10971","x10972","x10973","x10974","x10975","x10976","x10977","x10978","x10979","x10980","x10981","x10982","x10983","x10984","x10985","x10986","x10987","x10988","x10989","x10990","x10991","x10992","x10993","x10994","x10995","x10996","x10997","x10998","x10999","x11000","x11001","x11002","x11003","x11004","x11005","x11006","x11007","x11008","x11009","x11010","x11011","x11012","x11013","x11014","x11015","x11016","x11017","x11018","x11019","x11020","x11021","x11022","x11023","x11024","x11025","x11026","x11027","x11028","x11029","x11030","x11031","x11032","x11033","x11034","x11035","x11036","x11037","x11038","x11039","x11040","x11041","x11042","x11043","x11044","x11045","x11046","x11047","x11048","x11049","x11050","x11051","x11052","x11053","x11054","x11055","x11056","x11057","x11058","x11059","x11060","x11061","x11062","x11063","x11064","x11065","x11066","x11067","x11068","x11069","x11070","x11071","x11072","x11073","x11074","x11075","x11076","x11077","x11078","x11079","x11080","x11081","x11082","x11083","x11084","x11085","x11086","x11087","x11088","x11089","x11090","x11091","x11092","x11093","x11094","x11095","x11096","x11097","x11098","x11099","x11100","x11101","x11102","x11103","x11104","x11105","x11106","x11107","x11108","x11109","x11110","x11111","x11112","x11113","x11114","x11115","x11116","x11117","x11118","x11119","x11120","x11121","x11122","x11123","x11124","x11125","x11126","x11127","x11128","x11129","x11130","x11131","x11132","x11133","x11134","x11135","x11136","x11137","x11138","x11139","x11140","x11141","x11142","x11143","x11144","x11145","x11146","x11147","x11148","x11149","x11150","x11151","x11152","x11153","x11154","x11155","x11156","x11157","x11158","x11159","x11160","x11161","x11162","x11163","x11164","x11165","x11166","x11167","x11168","x11169","x11170","x11171","x11172","x11173","x11174","x11175","x11176","x11177","x11178","x11179","x11180","x11181","x11182","x11183","x11184","x11185","x11186","x11187","x11188","x11189","x11190","x11191","x11192","x11193","x11194","x11195","x11196","x11197","x11198","x11199","x11200","x11201","x11202","x11203","x11204","x11205","x11206","x11207","x11208","x11209","x11210","x11211","x11212","x11213","x11214","x11215","x11216","x11217","x11218","x11219","x11220","x11221","x11222","x11223","x11224","x11225","x11226","x11227","x11228","x11229","x11230","x11231","x11232","x11233","x11234","x11235","x11236","x11237","x11238","x11239","x11240","x11241","x11242","x11243","x11244","x11245","x11246","x11247","x11248","x11249","x11250","x11251","x11252","x11253","x11254","x11255","x11256","x11257","x11258","x11259","x11260","x11261","x11262","x11263","x11264","x11265","x11266","x11267","x11268","x11269","x11270","x11271","x11272","x11273","x11274","x11275","x11276","x11277","x11278","x11279","x11280","x11281","x11282","x11283","x11284","x11285","x11286","x11287","x11288","x11289","x11290","x11291","x11292","x11293","x11294","x11295","x11296","x11297","x11298","x11299","x11300","x11301","x11302","x11303","x11304","x11305","x11306","x11307","x11308","x11309","x11310","x11311","x11312","x11313","x11314","x11315","x11316","x11317","x11318","x11319","x11320","x11321","x11322","x11323","x11324","x11325","x11326","x11327","x11328","x11329","x11330","x11331","x11332","x11333","x11334","x11335","x11336","x11337","x11338","x11339","x11340","x11341","x11342","x11343","x11344","x11345","x11346","x11347","x11348","x11349","x11350","x11351","x11352","x11353","x11354","x11355","x11356","x11357","x11358","x11359","x11360","x11361","x11362","x11363","x11364","x11365","x11366","x11367","x11368","x11369","x11370","x11371","x11372","x11373","x11374","x11375","x11376","x11377","x11378","x11379","x11380","x11381","x11382","x11383","x11384","x11385","x11386","x11387","x11388","x11389","x11390","x11391","x11392","x11393","x11394","x11395","x11396","x11397","x11398","x11399","x11400","x11401","x11402","x11403","x11404","x11405","x11406","x11407","x11408","x11409","x11410","x11411","x11412","x11413","x11414","x11415","x11416","x11417","x11418","x11419","x11420","x11421","x11422","x11423","x11424","x11425","x11426","x11427","x11428","x11429","x11430","x11431","x11432","x11433","x11434","x11435","x11436","x11437","x11438","x11439","x11440","x11441","x11442","x11443","x11444","x11445","x11446","x11447","x11448","x11449","x11450","x11451","x11452","x11453","x11454","x11455","x11456","x11457","x11458","x11459","x11460","x11461","x11462","x11463","x11464","x11465","x11466","x11467","x11468","x11469","x11470","x11471","x11472","x11473","x11474","x11475","x11476","x11477","x11478","x11479","x11480","x11481","x11482","x11483","x11484","x11485","x11486","x11487","x11488","x11489","x11490","x11491","x11492","x11493","x11494","x11495","x11496","x11497","x11498","x11499","x11500","x11501","x11502","x11503","x11504","x11505","x11506","x11507","x11508","x11509","x11510","x11511","x11512","x11513","x11514","x11515","x11516","x11517","x11518","x11519","x11520","x11521","x11522","x11523","x11524","x11525","x11526","x11527","x11528","x11529","x11530","x11531","x11532","x11533","x11534","x11535","x11536","x11537","x11538","x11539","x11540","x11541","x11542","x11543","x11544","x11545","x11546","x11547","x11548","x11549","x11550","x11551","x11552","x11553","x11554","x11555","x11556","x11557","x11558","x11559","x11560","x11561","x11562","x11563","x11564","x11565","x11566","x11567","x11568","x11569","x11570","x11571","x11572","x11573","x11574","x11575","x11576","x11577","x11578","x11579","x11580","x11581","x11582","x11583","x11584","x11585","x11586","x11587","x11588","x11589","x11590","x11591","x11592","x11593","x11594","x11595","x11596","x11597","x11598","x11599","x11600","x11601","x11602","x11603","x11604","x11605","x11606","x11607","x11608","x11609","x11610","x11611","x11612","x11613","x11614","x11615","x11616","x11617","x11618","x11619","x11620","x11621","x11622","x11623","x11624","x11625","x11626","x11627","x11628","x11629","x11630","x11631","x11632","x11633","x11634","x11635","x11636","x11637","x11638","x11639","x11640","x11641","x11642","x11643","x11644","x11645","x11646","x11647","x11648","x11649","x11650","x11651","x11652","x11653","x11654","x11655","x11656","x11657","x11658","x11659","x11660","x11661","x11662","x11663","x11664","x11665","x11666","x11667","x11668","x11669","x11670","x11671","x11672","x11673","x11674","x11675","x11676","x11677","x11678","x11679","x11680","x11681","x11682","x11683","x11684","x11685","x11686","x11687","x11688","x11689","x11690","x11691","x11692","x11693","x11694","x11695","x11696","x11697","x11698","x11699","x11700","x11701","x11702","x11703","x11704","x11705","x11706","x11707","x11708","x11709","x11710","x11711","x11712","x11713","x11714","x11715","x11716","x11717","x11718","x11719","x11720","x11721","x11722","x11723","x11724","x11725","x11726","x11727","x11728","x11729","x11730","x11731","x11732","x11733","x11734","x11735","x11736","x11737","x11738","x11739","x11740","x11741","x11742","x11743","x11744","x11745","x11746","x11747","x11748","x11749","x11750","x11751","x11752","x11753","x11754","x11755","x11756","x11757","x11758","x11759","x11760","x11761","x11762","x11763","x11764","x11765","x11766","x11767","x11768","x11769","x11770","x11771","x11772","x11773","x11774","x11775","x11776","x11777","x11778","x11779","x11780","x11781","x11782","x11783","x11784","x11785","x11786","x11787","x11788","x11789","x11790","x11791","x11792","x11793","x11794","x11795","x11796","x11797","x11798","x11799","x11800","x11801","x11802","x11803","x11804","x11805","x11806","x11807","x11808","x11809","x11810","x11811","x11812","x11813","x11814","x11815","x11816","x11817","x11818","x11819","x11820","x11821","x11822","x11823","x11824","x11825","x11826","x11827","x11828","x11829","x11830","x11831","x11832","x11833","x11834","x11835","x11836","x11837","x11838","x11839","x11840","x11841","x11842","x11843","x11844","x11845","x11846","x11847","x11848","x11849","x11850","x11851","x11852","x11853","x11854","x11855","x11856","x11857","x11858","x11859","x11860","x11861","x11862","x11863","x11864","x11865","x11866","x11867","x11868","x11869","x11870","x11871","x11872","x11873","x11874","x11875","x11876","x11877","x11878","x11879","x11880","x11881","x11882","x11883","x11884","x11885","x11886","x11887","x11888","x11889","x11890","x11891","x11892","x11893","x11894","x11895","x11896","x11897","x11898","x11899","x11900","x11901","x11902","x11903","x11904","x11905","x11906","x11907","x11908","x11909","x11910","x11911","x11912","x11913","x11914","x11915","x11916","x11917","x11918","x11919","x11920","x11921","x11922","x11923","x11924","x11925","x11926","x11927","x11928","x11929","x11930","x11931","x11932","x11933","x11934","x11935","x11936","x11937","x11938","x11939","x11940","x11941","x11942","x11943","x11944","x11945","x11946","x11947","x11948","x11949","x11950","x11951","x11952","x11953","x11954","x11955","x11956","x11957","x11958","x11959","x11960","x11961","x11962","x11963","x11964","x11965","x11966","x11967","x11968","x11969","x11970","x11971","x11972","x11973","x11974","x11975","x11976","x11977","x11978","x11979","x11980","x11981","x11982","x11983","x11984","x11985","x11986","x11987","x11988","x11989","x11990","x11991","x11992","x11993","x11994","x11995","x11996","x11997","x11998","x11999","x12000","x12001","x12002","x12003","x12004","x12005","x12006","x12007","x12008","x12009","x12010","x12011","x12012","x12013","x12014","x12015","x12016","x12017","x12018","x12019","x12020","x12021","x12022","x12023","x12024","x12025","x12026","x12027","x12028","x12029","x12030","x12031","x12032","x12033","x12034","x12035","x12036","x12037","x12038","x12039","x12040","x12041","x12042","x12043","x12044","x12045","x12046","x12047","x12048","x12049","x12050","x12051","x12052","x12053","x12054","x12055","x12056","x12057","x12058","x12059","x12060","x12061","x12062","x12063","x12064","x12065","x12066","x12067","x12068","x12069","x12070","x12071","x12072","x12073","x12074","x12075","x12076","x12077","x12078","x12079","x12080","x12081","x12082","x12083","x12084","x12085","x12086","x12087","x12088","x12089","x12090","x12091","x12092","x12093","x12094","x12095","x12096","x12097","x12098","x12099","x12100","x12101","x12102","x12103","x12104","x12105","x12106","x12107","x12108","x12109","x12110","x12111","x12112","x12113","x12114","x12115","x12116","x12117","x12118","x12119","x12120","x12121","x12122","x12123","x12124","x12125","x12126","x12127","x12128","x12129","x12130","x12131","x12132","x12133","x12134","x12135","x12136","x12137","x12138","x12139","x12140","x12141","x12142","x12143","x12144","x12145","x12146","x12147","x12148","x12149","x12150","x12151","x12152","x12153","x12154","x12155","x12156","x12157","x12158","x12159","x12160","x12161","x12162","x12163","x12164","x12165","x12166","x12167","x12168","x12169","x12170","x12171","x12172","x12173","x12174","x12175","x12176","x12177","x12178","x12179","x12180","x12181","x12182","x12183","x12184","x12185","x12186","x12187","x12188","x12189","x12190","x12191","x12192","x12193","x12194","x12195","x12196","x12197","x12198","x12199","x12200","x12201","x12202","x12203","x12204","x12205","x12206","x12207","x12208","x12209","x12210","x12211","x12212","x12213","x12214","x12215","x12216","x12217","x12218","x12219","x12220","x12221","x12222","x12223","x12224","x12225","x12226","x12227","x12228","x12229","x12230","x12231","x12232","x12233","x12234","x12235","x12236","x12237","x12238","x12239","x12240","x12241","x12242","x12243","x12244","x12245","x12246","x12247","x12248","x12249","x12250","x12251","x12252","x12253","x12254","x12255","x12256","x12257","x12258","x12259","x12260","x12261","x12262","x12263","x12264","x12265","x12266","x12267","x12268","x12269","x12270","x12271","x12272","x12273","x12274","x12275","x12276","x12277","x12278","x12279","x12280","x12281","x12282","x12283","x12284","x12285","x12286","x12287","x12288","x12289","x12290","x12291","x12292","x12293","x12294","x12295","x12296","x12297","x12298","x12299","x12300","x12301","x12302","x12303","x12304","x12305","x12306","x12307","x12308","x12309","x12310","x12311","x12312","x12313","x12314","x12315","x12316","x12317","x12318","x12319","x12320","x12321","x12322","x12323","x12324","x12325","x12326","x12327","x12328","x12329","x12330","x12331","x12332","x12333","x12334","x12335","x12336","x12337","x12338","x12339","x12340","x12341","x12342","x12343","x12344","x12345","x12346","x12347","x12348","x12349","x12350","x12351","x12352","x12353","x12354","x12355","x12356","x12357","x12358","x12359","x12360","x12361","x12362","x12363","x12364","x12365","x12366","x12367","x12368","x12369","x12370","x12371","x12372","x12373","x12374","x12375","x12376","x12377","x12378","x12379","x12380","x12381","x12382","x12383","x12384","x12385","x12386","x12387","x12388","x12389","x12390","x12391","x12392","x12393","x12394","x12395","x12396","x12397","x12398","x12399","x12400","x12401","x12402","x12403","x12404","x12405","x12406","x12407","x12408","x12409","x12410","x12411","x12412","x12413","x12414","x12415","x12416","x12417","x12418","x12419","x12420","x12421","x12422","x12423","x12424","x12425","x12426","x12427","x12428","x12429","x12430","x12431","x12432","x12433","x12434","x12435","x12436","x12437","x12438","x12439","x12440","x12441","x12442","x12443","x12444","x12445","x12446","x12447","x12448","x12449","x12450","x12451","x12452","x12453","x12454","x12455","x12456","x12457","x12458","x12459","x12460","x12461","x12462","x12463","x12464","x12465","x12466","x12467","x12468","x12469","x12470","x12471","x12472","x12473","x12474","x12475","x12476","x12477","x12478","x12479","x12480","x12481","x12482","x12483","x12484","x12485","x12486","x12487","x12488","x12489","x12490","x12491","x12492","x12493","x12494","x12495","x12496","x12497","x12498","x12499","x12500","x12501","x12502","x12503","x12504","x12505","x12506","x12507","x12508","x12509","x12510","x12511","x12512","x12513","x12514","x12515","x12516","x12517","x12518","x12519","x12520","x12521","x12522","x12523","x12524","x12525","x12526","x12527","x12528","x12529","x12530","x12531","x12532","x12533","x12534","x12535","x12536","x12537","x12538","x12539","x12540","x12541","x12542","x12543","x12544","x12545","x12546","x12547","x12548","x12549","x12550","x12551","x12552","x12553","x12554","x12555","x12556","x12557","x12558","x12559","x12560","x12561","x12562","x12563","x12564","x12565","x12566","x12567","x12568","x12569","x12570","x12571","x12572","x12573","x12574","x12575","x12576","x12577","x12578","x12579","x12580","x12581","x12582","x12583","x12584","x12585","x12586","x12587","x12588","x12589","x12590","x12591","x12592","x12593","x12594","x12595","x12596","x12597","x12598","x12599","x12600","x12601","x12602","x12603","x12604","x12605","x12606","x12607","x12608","x12609","x12610","x12611","x12612","x12613","x12614","x12615","x12616","x12617","x12618","x12619","x12620","x12621","x12622","x12623","x12624","x12625","x12626","x12627","x12628","x12629","x12630","x12631","x12632","x12633","x12634","x12635","x12636","x12637","x12638","x12639","x12640","x12641","x12642","x12643","x12644","x12645","x12646","x12647","x12648","x12649","x12650","x12651","x12652","x12653","x12654","x12655","x12656","x12657","x12658","x12659","x12660","x12661","x12662","x12663","x12664","x12665","x12666","x12667","x12668","x12669","x12670","x12671","x12672","x12673","x12674","x12675","x12676","x12677","x12678","x12679","x12680","x12681","x12682","x12683","x12684","x12685","x12686","x12687","x12688","x12689","x12690","x12691","x12692","x12693","x12694","x12695","x12696","x12697","x12698","x12699","x12700","x12701","x12702","x12703","x12704","x12705","x12706","x12707","x12708","x12709","x12710","x12711","x12712","x12713","x12714","x12715","x12716","x12717","x12718","x12719","x12720","x12721","x12722","x12723","x12724","x12725","x12726","x12727","x12728","x12729","x12730","x12731","x12732","x12733","x12734","x12735","x12736","x12737","x12738","x12739","x12740","x12741","x12742","x12743","x12744","x12745","x12746","x12747","x12748","x12749","x12750","x12751","x12752","x12753","x12754","x12755","x12756","x12757","x12758","x12759","x12760","x12761","x12762","x12763","x12764","x12765","x12766","x12767","x12768","x12769","x12770","x12771","x12772","x12773","x12774","x12775","x12776","x12777","x12778","x12779","x12780","x12781","x12782","x12783","x12784","x12785","x12786","x12787","x12788","x12789","x12790","x12791","x12792","x12793","x12794","x12795","x12796","x12797","x12798","x12799","x12800","x12801","x12802","x12803","x12804","x12805","x12806","x12807","x12808","x12809","x12810","x12811","x12812","x12813","x12814","x12815","x12816","x12817","x12818","x12819","x12820","x12821","x12822","x12823","x12824","x12825","x12826","x12827","x12828","x12829","x12830","x12831","x12832","x12833","x12834","x12835","x12836","x12837","x12838","x12839","x12840","x12841","x12842","x12843","x12844","x12845","x12846","x12847","x12848","x12849","x12850","x12851","x12852","x12853","x12854","x12855","x12856","x12857","x12858","x12859","x12860","x12861","x12862","x12863","x12864","x12865","x12866","x12867","x12868","x12869","x12870","x12871","x12872","x12873","x12874","x12875","x12876","x12877","x12878","x12879","x12880","x12881","x12882","x12883","x12884","x12885","x12886","x12887","x12888","x12889","x12890","x12891","x12892","x12893","x12894","x12895","x12896","x12897","x12898","x12899","x12900","x12901","x12902","x12903","x12904","x12905","x12906","x12907","x12908","x12909","x12910","x12911","x12912","x12913","x12914","x12915","x12916","x12917","x12918","x12919","x12920","x12921","x12922","x12923","x12924","x12925","x12926","x12927","x12928","x12929","x12930","x12931","x12932","x12933","x12934","x12935","x12936","x12937","x12938","x12939","x12940","x12941","x12942","x12943","x12944","x12945","x12946","x12947","x12948","x12949","x12950","x12951","x12952","x12953","x12954","x12955","x12956","x12957","x12958","x12959","x12960","x12961","x12962","x12963","x12964","x12965","x12966","x12967","x12968","x12969","x12970","x12971","x12972","x12973","x12974","x12975","x12976","x12977","x12978","x12979","x12980","x12981","x12982","x12983","x12984","x12985","x12986","x12987","x12988","x12989","x12990","x12991","x12992","x12993","x12994","x12995","x12996","x12997","x12998","x12999","x13000","x13001","x13002","x13003","x13004","x13005","x13006","x13007","x13008","x13009","x13010","x13011","x13012","x13013","x13014","x13015","x13016","x13017","x13018","x13019","x13020","x13021","x13022","x13023","x13024","x13025","x13026","x13027","x13028","x13029","x13030","x13031","x13032","x13033","x13034","x13035","x13036","x13037","x13038","x13039","x13040","x13041","x13042","x13043","x13044","x13045","x13046","x13047","x13048","x13049","x13050","x13051","x13052","x13053","x13054","x13055","x13056","x13057","x13058","x13059","x13060","x13061","x13062","x13063","x13064","x13065","x13066","x13067","x13068","x13069","x13070","x13071","x13072","x13073","x13074","x13075","x13076","x13077","x13078","x13079","x13080","x13081","x13082","x13083","x13084","x13085","x13086","x13087","x13088","x13089","x13090","x13091","x13092","x13093","x13094","x13095","x13096","x13097","x13098","x13099","x13100","x13101","x13102","x13103","x13104","x13105","x13106","x13107","x13108","x13109","x13110","x13111","x13112","x13113","x13114","x13115","x13116","x13117","x13118","x13119","x13120","x13121","x13122","x13123","x13124","x13125","x13126","x13127","x13128","x13129","x13130","x13131","x13132","x13133","x13134","x13135","x13136","x13137","x13138","x13139","x13140","x13141","x13142","x13143","x13144","x13145","x13146","x13147","x13148","x13149","x13150","x13151","x13152","x13153","x13154","x13155","x13156","x13157","x13158","x13159","x13160","x13161","x13162","x13163","x13164","x13165","x13166","x13167","x13168","x13169","x13170","x13171","x13172","x13173","x13174","x13175","x13176","x13177","x13178","x13179","x13180","x13181","x13182","x13183","x13184","x13185","x13186","x13187","x13188","x13189","x13190","x13191","x13192","x13193","x13194","x13195","x13196","x13197","x13198","x13199","x13200","x13201","x13202","x13203","x13204","x13205","x13206","x13207","x13208","x13209","x13210","x13211","x13212","x13213","x13214","x13215","x13216","x13217","x13218","x13219","x13220","x13221","x13222","x13223","x13224","x13225","x13226","x13227","x13228","x13229","x13230","x13231","x13232","x13233","x13234","x13235","x13236","x13237","x13238","x13239","x13240","x13241","x13242","x13243","x13244","x13245","x13246","x13247","x13248","x13249","x13250","x13251","x13252","x13253","x13254","x13255","x13256","x13257","x13258","x13259","x13260","x13261","x13262","x13263","x13264","x13265","x13266","x13267","x13268","x13269","x13270","x13271","x13272","x13273","x13274","x13275","x13276","x13277","x13278","x13279","x13280","x13281","x13282","x13283","x13284","x13285","x13286","x13287","x13288","x13289","x13290","x13291","x13292","x13293","x13294","x13295","x13296","x13297","x13298","x13299","x13300","x13301","x13302","x13303","x13304","x13305","x13306","x13307","x13308","x13309","x13310","x13311","x13312","x13313","x13314","x13315","x13316","x13317","x13318","x13319","x13320","x13321","x13322","x13323","x13324","x13325","x13326","x13327","x13328","x13329","x13330","x13331","x13332","x13333","x13334","x13335","x13336","x13337","x13338","x13339","x13340","x13341","x13342","x13343","x13344","x13345","x13346","x13347","x13348","x13349","x13350","x13351","x13352","x13353","x13354","x13355","x13356","x13357","x13358","x13359","x13360","x13361","x13362","x13363","x13364","x13365","x13366","x13367","x13368","x13369","x13370","x13371","x13372","x13373","x13374","x13375","x13376","x13377","x13378","x13379","x13380","x13381","x13382","x13383","x13384","x13385","x13386","x13387","x13388","x13389","x13390","x13391","x13392","x13393","x13394","x13395","x13396","x13397","x13398","x13399","x13400","x13401","x13402","x13403","x13404","x13405","x13406","x13407","x13408","x13409","x13410","x13411","x13412","x13413","x13414","x13415","x13416","x13417","x13418","x13419","x13420","x13421","x13422","x13423","x13424","x13425","x13426","x13427","x13428","x13429","x13430","x13431","x13432","x13433","x13434","x13435","x13436","x13437","x13438","x13439","x13440","x13441","x13442","x13443","x13444","x13445","x13446","x13447","x13448","x13449","x13450","x13451","x13452","x13453","x13454","x13455","x13456","x13457","x13458","x13459","x13460","x13461","x13462","x13463","x13464","x13465","x13466","x13467","x13468","x13469","x13470","x13471","x13472","x13473","x13474","x13475","x13476","x13477","x13478","x13479","x13480","x13481","x13482","x13483","x13484","x13485","x13486","x13487","x13488","x13489","x13490","x13491","x13492","x13493","x13494","x13495","x13496","x13497","x13498","x13499","x13500","x13501","x13502","x13503","x13504","x13505","x13506","x13507","x13508","x13509","x13510","x13511","x13512","x13513","x13514","x13515","x13516","x13517","x13518","x13519","x13520","x13521","x13522","x13523","x13524","x13525","x13526","x13527","x13528","x13529","x13530","x13531","x13532","x13533","x13534","x13535","x13536","x13537","x13538","x13539","x13540","x13541","x13542","x13543","x13544","x13545","x13546","x13547","x13548","x13549","x13550","x13551","x13552","x13553","x13554","x13555","x13556","x13557","x13558","x13559","x13560","x13561","x13562","x13563","x13564","x13565","x13566","x13567","x13568","x13569","x13570","x13571","x13572","x13573","x13574","x13575","x13576","x13577","x13578","x13579","x13580","x13581","x13582","x13583","x13584","x13585","x13586","x13587","x13588","x13589","x13590","x13591","x13592","x13593","x13594","x13595","x13596","x13597","x13598","x13599","x13600","x13601","x13602","x13603","x13604","x13605","x13606","x13607","x13608","x13609","x13610","x13611","x13612","x13613","x13614","x13615","x13616","x13617","x13618","x13619","x13620","x13621","x13622","x13623","x13624","x13625","x13626","x13627","x13628","x13629","x13630","x13631","x13632","x13633","x13634","x13635","x13636","x13637","x13638","x13639","x13640","x13641","x13642","x13643","x13644","x13645","x13646","x13647","x13648","x13649","x13650","x13651","x13652","x13653","x13654","x13655","x13656","x13657","x13658","x13659","x13660","x13661","x13662","x13663","x13664","x13665","x13666","x13667","x13668","x13669","x13670","x13671","x13672","x13673","x13674","x13675","x13676","x13677","x13678","x13679","x13680","x13681","x13682","x13683","x13684","x13685","x13686","x13687","x13688","x13689","x13690","x13691","x13692","x13693","x13694","x13695","x13696","x13697","x13698","x13699","x13700","x13701","x13702","x13703","x13704","x13705","x13706","x13707","x13708","x13709","x13710","x13711","x13712","x13713","x13714","x13715","x13716","x13717","x13718","x13719","x13720","x13721","x13722","x13723","x13724","x13725","x13726","x13727","x13728","x13729","x13730","x13731","x13732","x13733","x13734","x13735","x13736","x13737","x13738","x13739","x13740","x13741","x13742","x13743","x13744","x13745","x13746","x13747","x13748","x13749","x13750","x13751","x13752","x13753","x13754","x13755","x13756","x13757","x13758","x13759","x13760","x13761","x13762","x13763","x13764","x13765","x13766","x13767","x13768","x13769","x13770","x13771","x13772","x13773","x13774","x13775","x13776","x13777","x13778","x13779","x13780","x13781","x13782","x13783","x13784","x13785","x13786","x13787","x13788","x13789","x13790","x13791","x13792","x13793","x13794","x13795","x13796","x13797","x13798","x13799","x13800","x13801","x13802","x13803","x13804","x13805","x13806","x13807","x13808","x13809","x13810","x13811","x13812","x13813","x13814","x13815","x13816","x13817","x13818","x13819","x13820","x13821","x13822","x13823","x13824","x13825","x13826","x13827","x13828","x13829","x13830","x13831","x13832","x13833","x13834","x13835","x13836","x13837","x13838","x13839","x13840","x13841","x13842","x13843","x13844","x13845","x13846","x13847","x13848","x13849","x13850","x13851","x13852","x13853","x13854","x13855","x13856","x13857","x13858","x13859","x13860","x13861","x13862","x13863","x13864","x13865","x13866","x13867","x13868","x13869","x13870","x13871","x13872","x13873","x13874","x13875","x13876","x13877","x13878","x13879","x13880","x13881","x13882","x13883","x13884","x13885","x13886","x13887","x13888","x13889","x13890","x13891","x13892","x13893","x13894","x13895","x13896","x13897","x13898","x13899","x13900","x13901","x13902","x13903","x13904","x13905","x13906","x13907","x13908","x13909","x13910","x13911","x13912","x13913","x13914","x13915","x13916","x13917","x13918","x13919","x13920","x13921","x13922","x13923","x13924","x13925","x13926","x13927","x13928","x13929","x13930","x13931","x13932","x13933","x13934","x13935","x13936","x13937","x13938","x13939","x13940","x13941","x13942","x13943","x13944","x13945","x13946","x13947","x13948","x13949","x13950","x13951","x13952","x13953","x13954","x13955","x13956","x13957","x13958","x13959","x13960","x13961","x13962","x13963","x13964","x13965","x13966","x13967","x13968","x13969","x13970","x13971","x13972","x13973","x13974","x13975","x13976","x13977","x13978","x13979","x13980","x13981","x13982","x13983","x13984","x13985","x13986","x13987","x13988","x13989","x13990","x13991","x13992","x13993","x13994","x13995","x13996","x13997","x13998","x13999","x14000","x14001","x14002","x14003","x14004","x14005","x14006","x14007","x14008","x14009","x14010","x14011","x14012","x14013","x14014","x14015","x14016","x14017","x14018","x14019","x14020","x14021","x14022","x14023","x14024","x14025","x14026","x14027","x14028","x14029","x14030","x14031","x14032","x14033","x14034","x14035","x14036","x14037","x14038","x14039","x14040","x14041","x14042","x14043","x14044","x14045","x14046","x14047","x14048","x14049","x14050","x14051","x14052","x14053","x14054","x14055","x14056","x14057","x14058","x14059","x14060","x14061","x14062","x14063","x14064","x14065","x14066","x14067","x14068","x14069","x14070","x14071","x14072","x14073","x14074","x14075","x14076","x14077","x14078","x14079","x14080","x14081","x14082","x14083","x14084","x14085","x14086","x14087","x14088","x14089","x14090","x14091","x14092","x14093","x14094","x14095","x14096","x14097","x14098","x14099","x14100","x14101","x14102","x14103","x14104","x14105","x14106","x14107","x14108","x14109","x14110","x14111","x14112","x14113","x14114","x14115","x14116","x14117","x14118","x14119","x14120","x14121","x14122","x14123","x14124","x14125","x14126","x14127","x14128","x14129","x14130","x14131","x14132","x14133","x14134","x14135","x14136","x14137","x14138","x14139","x14140","x14141","x14142","x14143","x14144","x14145","x14146","x14147","x14148","x14149","x14150","x14151","x14152","x14153","x14154","x14155","x14156","x14157","x14158","x14159","x14160","x14161","x14162","x14163","x14164","x14165","x14166","x14167","x14168","x14169","x14170","x14171","x14172","x14173","x14174","x14175","x14176","x14177","x14178","x14179","x14180","x14181","x14182","x14183","x14184","x14185","x14186","x14187","x14188","x14189","x14190","x14191","x14192","x14193","x14194","x14195","x14196","x14197","x14198","x14199","x14200","x14201","x14202","x14203","x14204","x14205","x14206","x14207","x14208","x14209","x14210","x14211","x14212","x14213","x14214","x14215","x14216","x14217","x14218","x14219","x14220","x14221","x14222","x14223","x14224","x14225","x14226","x14227","x14228","x14229","x14230","x14231","x14232","x14233","x14234","x14235","x14236","x14237","x14238","x14239","x14240","x14241","x14242","x14243","x14244","x14245","x14246","x14247","x14248","x14249","x14250","x14251","x14252","x14253","x14254","x14255","x14256","x14257","x14258","x14259","x14260","x14261","x14262","x14263","x14264","x14265","x14266","x14267","x14268","x14269","x14270","x14271","x14272","x14273","x14274","x14275","x14276","x14277","x14278","x14279","x14280","x14281","x14282","x14283","x14284","x14285","x14286","x14287","x14288","x14289","x14290","x14291","x14292","x14293","x14294","x14295","x14296","x14297","x14298","x14299","x14300","x14301","x14302","x14303","x14304","x14305","x14306","x14307","x14308","x14309","x14310","x14311","x14312","x14313","x14314","x14315","x14316","x14317","x14318","x14319","x14320","x14321","x14322","x14323","x14324","x14325","x14326","x14327","x14328","x14329","x14330","x14331","x14332","x14333","x14334","x14335","x14336","x14337","x14338","x14339","x14340","x14341","x14342","x14343","x14344","x14345","x14346","x14347","x14348","x14349","x14350","x14351","x14352","x14353","x14354","x14355","x14356","x14357","x14358","x14359","x14360","x14361","x14362","x14363","x14364","x14365","x14366","x14367","x14368","x14369","x14370","x14371","x14372","x14373","x14374","x14375","x14376","x14377","x14378","x14379","x14380","x14381","x14382","x14383","x14384","x14385","x14386","x14387","x14388","x14389","x14390","x14391","x14392","x14393","x14394","x14395","x14396","x14397","x14398","x14399","x14400","x14401","x14402","x14403","x14404","x14405","x14406","x14407","x14408","x14409","x14410","x14411","x14412","x14413","x14414","x14415","x14416","x14417","x14418","x14419","x14420","x14421","x14422","x14423","x14424","x14425","x14426","x14427","x14428","x14429","x14430","x14431","x14432","x14433","x14434","x14435","x14436","x14437","x14438","x14439","x14440","x14441","x14442","x14443","x14444","x14445","x14446","x14447","x14448","x14449","x14450","x14451","x14452","x14453","x14454","x14455","x14456","x14457","x14458","x14459","x14460","x14461","x14462","x14463","x14464","x14465","x14466","x14467","x14468","x14469","x14470","x14471","x14472","x14473","x14474","x14475","x14476","x14477","x14478","x14479","x14480","x14481","x14482","x14483","x14484","x14485","x14486","x14487","x14488","x14489","x14490","x14491","x14492","x14493","x14494","x14495","x14496","x14497","x14498","x14499","x14500","x14501","x14502","x14503","x14504","x14505","x14506","x14507","x14508","x14509","x14510","x14511","x14512","x14513","x14514","x14515","x14516","x14517","x14518","x14519","x14520","x14521","x14522","x14523","x14524","x14525","x14526","x14527","x14528","x14529","x14530","x14531","x14532","x14533","x14534","x14535","x14536","x14537","x14538","x14539","x14540","x14541","x14542","x14543","x14544","x14545","x14546","x14547","x14548","x14549","x14550","x14551","x14552","x14553","x14554","x14555","x14556","x14557","x14558","x14559","x14560","x14561","x14562","x14563","x14564","x14565","x14566","x14567","x14568","x14569","x14570","x14571","x14572","x14573","x14574","x14575","x14576","x14577","x14578","x14579","x14580","x14581","x14582","x14583","x14584","x14585","x14586","x14587","x14588","x14589","x14590","x14591","x14592","x14593","x14594","x14595","x14596","x14597","x14598","x14599","x14600","x14601","x14602","x14603","x14604","x14605","x14606","x14607","x14608","x14609","x14610","x14611","x14612","x14613","x14614","x14615","x14616","x14617","x14618","x14619","x14620","x14621","x14622","x14623","x14624","x14625","x14626","x14627","x14628","x14629","x14630","x14631","x14632","x14633","x14634","x14635","x14636","x14637","x14638","x14639","x14640","x14641","x14642","x14643","x14644","x14645","x14646","x14647","x14648","x14649","x14650","x14651","x14652","x14653","x14654","x14655","x14656","x14657","x14658","x14659","x14660","x14661","x14662","x14663","x14664","x14665","x14666","x14667","x14668","x14669","x14670","x14671","x14672","x14673","x14674","x14675","x14676","x14677","x14678","x14679","x14680","x14681","x14682","x14683","x14684","x14685","x14686","x14687","x14688","x14689","x14690","x14691","x14692","x14693","x14694","x14695","x14696","x14697","x14698","x14699","x14700","x14701","x14702","x14703","x14704","x14705","x14706","x14707","x14708","x14709","x14710","x14711","x14712","x14713","x14714","x14715","x14716","x14717","x14718","x14719","x14720","x14721","x14722","x14723","x14724","x14725","x14726","x14727","x14728","x14729","x14730","x14731","x14732","x14733","x14734","x14735","x14736","x14737","x14738","x14739","x14740","x14741","x14742","x14743","x14744","x14745","x14746","x14747","x14748","x14749","x14750","x14751","x14752","x14753","x14754","x14755","x14756","x14757","x14758","x14759","x14760","x14761","x14762","x14763","x14764","x14765","x14766","x14767","x14768","x14769","x14770","x14771","x14772","x14773","x14774","x14775","x14776","x14777","x14778","x14779","x14780","x14781","x14782","x14783","x14784","x14785","x14786","x14787","x14788","x14789","x14790","x14791","x14792","x14793","x14794","x14795","x14796","x14797","x14798","x14799","x14800","x14801","x14802","x14803","x14804","x14805","x14806","x14807","x14808","x14809","x14810","x14811","x14812","x14813","x14814","x14815","x14816","x14817","x14818","x14819","x14820","x14821","x14822","x14823","x14824","x14825","x14826","x14827","x14828","x14829","x14830","x14831","x14832","x14833","x14834","x14835","x14836","x14837","x14838","x14839","x14840","x14841","x14842","x14843","x14844","x14845","x14846","x14847","x14848","x14849","x14850","x14851","x14852","x14853","x14854","x14855","x14856","x14857","x14858","x14859","x14860","x14861","x14862","x14863","x14864","x14865","x14866","x14867","x14868","x14869","x14870","x14871","x14872","x14873","x14874","x14875","x14876","x14877","x14878","x14879","x14880","x14881","x14882","x14883","x14884","x14885","x14886","x14887","x14888","x14889","x14890","x14891","x14892","x14893","x14894","x14895","x14896","x14897","x14898","x14899","x14900","x14901","x14902","x14903","x14904","x14905","x14906","x14907","x14908","x14909","x14910","x14911","x14912","x14913","x14914","x14915","x14916","x14917","x14918","x14919","x14920","x14921","x14922","x14923","x14924","x14925","x14926","x14927","x14928","x14929","x14930","x14931","x14932","x14933","x14934","x14935","x14936","x14937","x14938","x14939","x14940","x14941","x14942","x14943","x14944","x14945","x14946","x14947","x14948","x14949","x14950","x14951","x14952","x14953","x14954","x14955","x14956","x14957","x14958","x14959","x14960","x14961","x14962","x14963","x14964","x14965","x14966","x14967","x14968","x14969","x14970","x14971","x14972","x14973","x14974","x14975","x14976","x14977","x14978","x14979","x14980","x14981","x14982","x14983","x14984","x14985","x14986","x14987","x14988","x14989","x14990","x14991","x14992","x14993","x14994","x14995","x14996","x14997","x14998","x14999","x15000","x15001","x15002","x15003","x15004","x15005","x15006","x15007","x15008","x15009","x15010","x15011","x15012","x15013","x15014","x15015","x15016","x15017","x15018","x15019","x15020","x15021","x15022","x15023","x15024","x15025","x15026","x15027","x15028","x15029","x15030","x15031","x15032","x15033","x15034","x15035","x15036","x15037","x15038","x15039","x15040","x15041","x15042","x15043","x15044","x15045","x15046","x15047","x15048","x15049","x15050","x15051","x15052","x15053","x15054","x15055","x15056","x15057","x15058","x15059","x15060","x15061","x15062","x15063","x15064","x15065","x15066","x15067","x15068","x15069","x15070","x15071","x15072","x15073","x15074","x15075","x15076","x15077","x15078","x15079","x15080","x15081","x15082","x15083","x15084","x15085","x15086","x15087","x15088","x15089","x15090","x15091","x15092","x15093","x15094","x15095","x15096","x15097","x15098","x15099","x15100","x15101","x15102","x15103","x15104","x15105","x15106","x15107","x15108","x15109","x15110","x15111","x15112","x15113","x15114","x15115","x15116","x15117","x15118","x15119","x15120","x15121","x15122","x15123","x15124","x15125","x15126","x15127","x15128","x15129","x15130","x15131","x15132","x15133","x15134","x15135","x15136","x15137","x15138","x15139","x15140","x15141","x15142","x15143","x15144","x15145","x15146","x15147","x15148","x15149","x15150","x15151","x15152","x15153","x15154","x15155","x15156","x15157","x15158","x15159","x15160","x15161","x15162","x15163","x15164","x15165","x15166","x15167","x15168","x15169","x15170","x15171","x15172","x15173","x15174","x15175","x15176","x15177","x15178","x15179","x15180","x15181","x15182","x15183","x15184","x15185","x15186","x15187","x15188","x15189","x15190","x15191","x15192","x15193","x15194","x15195","x15196","x15197","x15198","x15199","x15200","x15201","x15202","x15203","x15204","x15205","x15206","x15207","x15208","x15209","x15210","x15211","x15212","x15213","x15214","x15215","x15216","x15217","x15218","x15219","x15220","x15221","x15222","x15223","x15224","x15225","x15226","x15227","x15228","x15229","x15230","x15231","x15232","x15233","x15234","x15235","x15236","x15237","x15238","x15239","x15240","x15241","x15242","x15243","x15244","x15245","x15246","x15247","x15248","x15249","x15250","x15251","x15252","x15253","x15254","x15255","x15256","x15257","x15258","x15259","x15260","x15261","x15262","x15263","x15264","x15265","x15266","x15267","x15268","x15269","x15270","x15271","x15272","x15273","x15274","x15275","x15276","x15277","x15278","x15279","x15280","x15281","x15282","x15283","x15284","x15285","x15286","x15287","x15288","x15289","x15290","x15291","x15292","x15293","x15294","x15295","x15296","x15297","x15298","x15299","x15300","x15301","x15302","x15303","x15304","x15305","x15306","x15307","x15308","x15309","x15310","x15311","x15312","x15313","x15314","x15315","x15316","x15317","x15318","x15319","x15320","x15321","x15322","x15323","x15324","x15325","x15326","x15327","x15328","x15329","x15330","x15331","x15332","x15333","x15334","x15335","x15336","x15337","x15338","x15339","x15340","x15341","x15342","x15343","x15344","x15345","x15346","x15347","x15348","x15349","x15350","x15351","x15352","x15353","x15354","x15355","x15356","x15357","x15358","x15359","x15360","x15361","x15362","x15363","x15364","x15365","x15366","x15367","x15368","x15369","x15370","x15371","x15372","x15373","x15374","x15375","x15376","x15377","x15378","x15379","x15380","x15381","x15382","x15383","x15384","x15385","x15386","x15387","x15388","x15389","x15390","x15391","x15392","x15393","x15394","x15395","x15396","x15397","x15398","x15399","x15400","x15401","x15402","x15403","x15404","x15405","x15406","x15407","x15408","x15409","x15410","x15411","x15412","x15413","x15414","x15415","x15416","x15417","x15418","x15419","x15420","x15421","x15422","x15423","x15424","x15425","x15426","x15427","x15428","x15429","x15430","x15431","x15432","x15433","x15434","x15435","x15436","x15437","x15438","x15439","x15440","x15441","x15442","x15443","x15444","x15445","x15446","x15447","x15448","x15449","x15450","x15451","x15452","x15453","x15454","x15455","x15456","x15457","x15458","x15459","x15460","x15461","x15462","x15463","x15464","x15465","x15466","x15467","x15468","x15469","x15470","x15471","x15472","x15473","x15474","x15475","x15476","x15477","x15478","x15479","x15480","x15481","x15482","x15483","x15484","x15485","x15486","x15487","x15488","x15489","x15490","x15491","x15492","x15493","x15494","x15495","x15496","x15497","x15498","x15499","x15500","x15501","x15502","x15503","x15504","x15505","x15506","x15507","x15508","x15509","x15510","x15511","x15512","x15513","x15514","x15515","x15516","x15517","x15518","x15519","x15520","x15521","x15522","x15523","x15524","x15525","x15526","x15527","x15528","x15529","x15530","x15531","x15532","x15533","x15534","x15535","x15536","x15537","x15538","x15539","x15540","x15541","x15542","x15543","x15544","x15545","x15546","x15547","x15548","x15549","x15550","x15551","x15552","x15553","x15554","x15555","x15556","x15557","x15558","x15559","x15560","x15561","x15562","x15563","x15564","x15565","x15566","x15567","x15568","x15569","x15570","x15571","x15572","x15573","x15574","x15575","x15576","x15577","x15578","x15579","x15580","x15581","x15582","x15583","x15584","x15585","x15586","x15587","x15588","x15589","x15590","x15591","x15592","x15593","x15594","x15595","x15596","x15597","x15598","x15599","x15600","x15601","x15602","x15603","x15604","x15605","x15606","x15607","x15608","x15609","x15610","x15611","x15612","x15613","x15614","x15615","x15616","x15617","x15618","x15619","x15620","x15621","x15622","x15623","x15624","x15625","x15626","x15627","x15628","x15629","x15630","x15631","x15632","x15633","x15634","x15635","x15636","x15637","x15638","x15639","x15640","x15641","x15642","x15643","x15644","x15645","x15646","x15647","x15648","x15649","x15650","x15651","x15652","x15653","x15654","x15655","x15656","x15657","x15658","x15659","x15660","x15661","x15662","x15663","x15664","x15665","x15666","x15667","x15668","x15669","x15670","x15671","x15672","x15673","x15674","x15675","x15676","x15677","x15678","x15679","x15680","x15681","x15682","x15683","x15684","x15685","x15686","x15687","x15688","x15689","x15690","x15691","x15692","x15693","x15694","x15695","x15696","x15697","x15698","x15699","x15700","x15701","x15702","x15703","x15704","x15705","x15706","x15707","x15708","x15709","x15710","x15711","x15712","x15713","x15714","x15715","x15716","x15717","x15718","x15719","x15720","x15721","x15722","x15723","x15724","x15725","x15726","x15727","x15728","x15729","x15730","x15731","x15732","x15733","x15734","x15735","x15736","x15737","x15738","x15739","x15740","x15741","x15742","x15743","x15744","x15745","x15746","x15747","x15748","x15749","x15750","x15751","x15752","x15753","x15754","x15755","x15756","x15757","x15758","x15759","x15760","x15761","x15762","x15763","x15764","x15765","x15766","x15767","x15768","x15769","x15770","x15771","x15772","x15773","x15774","x15775","x15776","x15777","x15778","x15779","x15780","x15781","x15782","x15783","x15784","x15785","x15786","x15787","x15788","x15789","x15790","x15791","x15792","x15793","x15794","x15795","x15796","x15797","x15798","x15799","x15800","x15801","x15802","x15803","x15804","x15805","x15806","x15807","x15808","x15809","x15810","x15811","x15812","x15813","x15814","x15815","x15816","x15817","x15818","x15819","x15820","x15821","x15822","x15823","x15824","x15825","x15826","x15827","x15828","x15829","x15830","x15831","x15832","x15833","x15834","x15835","x15836","x15837","x15838","x15839","x15840","x15841","x15842","x15843","x15844","x15845","x15846","x15847","x15848","x15849","x15850","x15851","x15852","x15853","x15854","x15855","x15856","x15857","x15858","x15859","x15860","x15861","x15862","x15863","x15864","x15865","x15866","x15867","x15868","x15869","x15870","x15871","x15872","x15873","x15874","x15875","x15876","x15877","x15878","x15879","x15880","x15881","x15882","x15883","x15884","x15885","x15886","x15887","x15888","x15889","x15890","x15891","x15892","x15893","x15894","x15895","x15896","x15897","x15898","x15899","x15900","x15901","x15902","x15903","x15904","x15905","x15906","x15907","x15908","x15909","x15910","x15911","x15912","x15913","x15914","x15915","x15916","x15917","x15918","x15919","x15920","x15921","x15922","x15923","x15924","x15925","x15926","x15927","x15928","x15929","x15930","x15931","x15932","x15933","x15934","x15935","x15936","x15937","x15938","x15939","x15940","x15941","x15942","x15943","x15944","x15945","x15946","x15947","x15948","x15949","x15950","x15951","x15952","x15953","x15954","x15955","x15956","x15957","x15958","x15959","x15960","x15961","x15962","x15963","x15964","x15965","x15966","x15967","x15968","x15969","x15970","x15971","x15972","x15973","x15974","x15975","x15976","x15977","x15978","x15979","x15980","x15981","x15982","x15983","x15984","x15985","x15986","x15987","x15988","x15989","x15990","x15991","x15992","x15993","x15994","x15995","x15996","x15997","x15998","x15999","x16000","x16001","x16002","x16003","x16004","x16005","x16006","x16007","x16008","x16009","x16010","x16011","x16012","x16013","x16014","x16015","x16016","x16017","x16018","x16019","x16020","x16021","x16022","x16023","x16024","x16025","x16026","x16027","x16028","x16029","x16030","x16031","x16032","x16033","x16034","x16035","x16036","x16037","x16038","x16039","x16040","x16041","x16042","x16043","x16044","x16045","x16046","x16047","x16048","x16049","x16050","x16051","x16052","x16053","x16054","x16055","x16056","x16057","x16058","x16059","x16060","x16061","x16062","x16063","x16064","x16065","x16066","x16067","x16068","x16069","x16070","x16071","x16072","x16073","x16074","x16075","x16076","x16077","x16078","x16079","x16080","x16081","x16082","x16083","x16084","x16085","x16086","x16087","x16088","x16089","x16090","x16091","x16092","x16093","x16094","x16095","x16096","x16097","x16098","x16099","x16100","x16101","x16102","x16103","x16104","x16105","x16106","x16107","x16108","x16109","x16110","x16111","x16112","x16113","x16114","x16115","x16116","x16117","x16118","x16119","x16120","x16121","x16122","x16123","x16124","x16125","x16126","x16127","x16128","x16129","x16130","x16131","x16132","x16133","x16134","x16135","x16136","x16137","x16138","x16139","x16140","x16141","x16142","x16143","x16144","x16145","x16146","x16147","x16148","x16149","x16150","x16151","x16152","x16153","x16154","x16155","x16156","x16157","x16158","x16159","x16160","x16161","x16162","x16163","x16164","x16165","x16166","x16167","x16168","x16169","x16170","x16171","x16172","x16173","x16174","x16175","x16176","x16177","x16178","x16179","x16180","x16181","x16182","x16183","x16184","x16185","x16186","x16187","x16188","x16189","x16190","x16191","x16192","x16193","x16194","x16195","x16196","x16197","x16198","x16199","x16200","x16201","x16202","x16203","x16204","x16205","x16206","x16207","x16208","x16209","x16210","x16211","x16212","x16213","x16214","x16215","x16216","x16217","x16218","x16219","x16220","x16221","x16222","x16223","x16224","x16225","x16226","x16227","x16228","x16229","x16230","x16231","x16232","x16233","x16234","x16235","x16236","x16237","x16238","x16239","x16240","x16241","x16242","x16243","x16244","x16245","x16246","x16247","x16248","x16249","x16250","x16251","x16252","x16253","x16254","x16255","x16256","x16257","x16258","x16259","x16260","x16261","x16262","x16263","x16264","x16265","x16266","x16267","x16268","x16269","x16270","x16271","x16272","x16273","x16274","x16275","x16276","x16277","x16278","x16279","x16280","x16281","x16282","x16283","x16284","x16285","x16286","x16287","x16288","x16289","x16290","x16291","x16292","x16293","x16294","x16295","x16296","x16297","x16298","x16299","x16300","x16301","x16302","x16303","x16304","x16305","x16306","x16307","x16308","x16309","x16310","x16311","x16312","x16313","x16314","x16315","x16316","x16317","x16318","x16319","x16320","x16321","x16322","x16323","x16324","x16325","x16326","x16327","x16328","x16329","x16330","x16331","x16332","x16333","x16334","x16335","x16336","x16337","x16338","x16339","x16340","x16341","x16342","x16343","x16344","x16345","x16346","x16347","x16348","x16349","x16350","x16351","x16352","x16353","x16354","x16355","x16356","x16357","x16358","x16359","x16360","x16361","x16362","x16363","x16364","x16365","x16366","x16367","x16368","x16369","x16370","x16371","x16372","x16373","x16374","x16375","x16376","x16377","x16378","x16379","x16380","x16381","x16382","x16383","x16384","x16385","x16386","x16387","x16388","x16389","x16390","x16391","x16392","x16393","x16394","x16395","x16396","x16397","x16398","x16399","x16400","x16401","x16402","x16403","x16404","x16405","x16406","x16407","x16408","x16409","x16410","x16411","x16412","x16413","x16414","x16415","x16416","x16417","x16418","x16419","x16420","x16421","x16422","x16423","x16424","x16425","x16426","x16427","x16428","x16429","x16430","x16431","x16432","x16433","x16434","x16435","x16436","x16437","x16438","x16439","x16440","x16441","x16442","x16443","x16444","x16445","x16446","x16447","x16448","x16449","x16450","x16451","x16452","x16453","x16454","x16455","x16456","x16457","x16458","x16459","x16460","x16461","x16462","x16463","x16464","x16465","x16466","x16467","x16468","x16469","x16470","x16471","x16472","x16473","x16474","x16475","x16476","x16477","x16478","x16479","x16480","x16481","x16482","x16483","x16484","x16485","x16486","x16487","x16488","x16489","x16490","x16491","x16492","x16493","x16494","x16495","x16496","x16497","x16498","x16499","x16500","x16501","x16502","x16503","x16504","x16505","x16506","x16507","x16508","x16509","x16510","x16511","x16512","x16513","x16514","x16515","x16516","x16517","x16518","x16519","x16520","x16521","x16522","x16523","x16524","x16525","x16526","x16527","x16528","x16529","x16530","x16531","x16532","x16533","x16534","x16535","x16536","x16537","x16538","x16539","x16540","x16541","x16542","x16543","x16544","x16545","x16546","x16547","x16548","x16549","x16550","x16551","x16552","x16553","x16554","x16555","x16556","x16557","x16558","x16559","x16560","x16561","x16562","x16563","x16564","x16565","x16566","x16567","x16568","x16569","x16570","x16571","x16572","x16573","x16574","x16575","x16576","x16577","x16578","x16579","x16580","x16581","x16582","x16583","x16584","x16585","x16586","x16587","x16588","x16589","x16590","x16591","x16592","x16593","x16594","x16595","x16596","x16597","x16598","x16599","x16600","x16601","x16602","x16603","x16604","x16605","x16606","x16607","x16608","x16609","x16610","x16611","x16612","x16613","x16614","x16615","x16616","x16617","x16618","x16619","x16620","x16621","x16622","x16623","x16624","x16625","x16626","x16627","x16628","x16629","x16630","x16631","x16632","x16633","x16634","x16635","x16636","x16637","x16638","x16639","x16640","x16641","x16642","x16643","x16644","x16645","x16646","x16647","x16648","x16649","x16650","x16651","x16652","x16653","x16654","x16655","x16656","x16657","x16658","x16659","x16660","x16661","x16662","x16663","x16664","x16665","x16666","x16667","x16668","x16669","x16670","x16671","x16672","x16673","x16674","x16675","x16676","x16677","x16678","x16679","x16680","x16681","x16682","x16683","x16684","x16685","x16686","x16687","x16688","x16689","x16690","x16691","x16692","x16693","x16694","x16695","x16696","x16697","x16698","x16699","x16700","x16701","x16702","x16703","x16704","x16705","x16706","x16707","x16708","x16709","x16710","x16711","x16712","x16713","x16714","x16715","x16716","x16717","x16718","x16719","x16720","x16721","x16722","x16723","x16724","x16725","x16726","x16727","x16728","x16729","x16730","x16731","x16732","x16733","x16734","x16735","x16736","x16737","x16738","x16739","x16740","x16741","x16742","x16743","x16744","x16745","x16746","x16747","x16748","x16749","x16750","x16751","x16752","x16753","x16754","x16755","x16756","x16757","x16758","x16759","x16760","x16761","x16762","x16763","x16764","x16765","x16766","x16767","x16768","x16769","x16770","x16771","x16772","x16773","x16774","x16775","x16776","x16777","x16778","x16779","x16780","x16781","x16782","x16783","x16784","x16785","x16786","x16787","x16788","x16789","x16790","x16791","x16792","x16793","x16794","x16795","x16796","x16797","x16798","x16799","x16800","x16801","x16802","x16803","x16804","x16805","x16806","x16807","x16808","x16809","x16810","x16811","x16812","x16813","x16814","x16815","x16816","x16817","x16818","x16819","x16820","x16821","x16822","x16823","x16824","x16825","x16826","x16827","x16828","x16829","x16830","x16831","x16832","x16833","x16834","x16835","x16836","x16837","x16838","x16839","x16840","x16841","x16842","x16843","x16844","x16845","x16846","x16847","x16848","x16849","x16850","x16851","x16852","x16853","x16854","x16855","x16856","x16857","x16858","x16859","x16860","x16861","x16862","x16863","x16864","x16865","x16866","x16867","x16868","x16869","x16870","x16871","x16872","x16873","x16874","x16875","x16876","x16877","x16878","x16879","x16880","x16881","x16882","x16883","x16884","x16885","x16886","x16887","x16888","x16889","x16890","x16891","x16892","x16893","x16894","x16895","x16896","x16897","x16898","x16899","x16900","x16901","x16902","x16903","x16904","x16905","x16906","x16907","x16908","x16909","x16910","x16911","x16912","x16913","x16914","x16915","x16916","x16917","x16918","x16919","x16920","x16921","x16922","x16923","x16924","x16925","x16926","x16927","x16928","x16929","x16930","x16931","x16932","x16933","x16934","x16935","x16936","x16937","x16938","x16939","x16940","x16941","x16942","x16943","x16944","x16945","x16946","x16947","x16948","x16949","x16950","x16951","x16952","x16953","x16954","x16955","x16956","x16957","x16958","x16959","x16960","x16961","x16962","x16963","x16964","x16965","x16966","x16967","x16968","x16969","x16970","x16971","x16972","x16973","x16974","x16975","x16976","x16977","x16978","x16979","x16980","x16981","x16982","x16983","x16984","x16985","x16986","x16987","x16988","x16989","x16990","x16991","x16992","x16993","x16994","x16995","x16996","x16997","x16998","x16999","x17000","x17001","x17002","x17003","x17004","x17005","x17006","x17007","x17008","x17009","x17010","x17011","x17012","x17013","x17014","x17015","x17016","x17017","x17018","x17019","x17020","x17021","x17022","x17023","x17024","x17025","x17026","x17027","x17028","x17029","x17030","x17031","x17032","x17033","x17034","x17035","x17036","x17037","x17038","x17039","x17040","x17041","x17042","x17043","x17044","x17045","x17046","x17047","x17048","x17049","x17050","x17051","x17052","x17053","x17054","x17055","x17056","x17057","x17058","x17059","x17060","x17061","x17062","x17063","x17064","x17065","x17066","x17067","x17068","x17069","x17070","x17071","x17072","x17073","x17074","x17075","x17076","x17077","x17078","x17079","x17080","x17081","x17082","x17083","x17084","x17085","x17086","x17087","x17088","x17089","x17090","x17091","x17092","x17093","x17094","x17095","x17096","x17097","x17098","x17099","x17100","x17101","x17102","x17103","x17104","x17105","x17106","x17107","x17108","x17109","x17110","x17111","x17112","x17113","x17114","x17115","x17116","x17117","x17118","x17119","x17120","x17121","x17122","x17123","x17124","x17125","x17126","x17127","x17128","x17129","x17130","x17131","x17132","x17133","x17134","x17135","x17136","x17137","x17138","x17139","x17140","x17141","x17142","x17143","x17144","x17145","x17146","x17147","x17148","x17149","x17150","x17151","x17152","x17153","x17154","x17155","x17156","x17157","x17158","x17159","x17160","x17161","x17162","x17163","x17164","x17165","x17166","x17167","x17168","x17169","x17170","x17171","x17172","x17173","x17174","x17175","x17176","x17177","x17178","x17179","x17180","x17181","x17182","x17183","x17184","x17185","x17186","x17187","x17188","x17189","x17190","x17191","x17192","x17193","x17194","x17195","x17196","x17197","x17198","x17199","x17200","x17201","x17202","x17203","x17204","x17205","x17206","x17207","x17208","x17209","x17210","x17211","x17212","x17213","x17214","x17215","x17216","x17217","x17218","x17219","x17220","x17221","x17222","x17223","x17224","x17225","x17226","x17227","x17228","x17229","x17230","x17231","x17232","x17233","x17234","x17235","x17236","x17237","x17238","x17239","x17240","x17241","x17242","x17243","x17244","x17245","x17246","x17247","x17248","x17249","x17250","x17251","x17252","x17253","x17254","x17255","x17256","x17257","x17258","x17259","x17260","x17261","x17262","x17263","x17264","x17265","x17266","x17267","x17268","x17269","x17270","x17271","x17272","x17273","x17274","x17275","x17276","x17277","x17278","x17279","x17280","x17281","x17282","x17283","x17284","x17285","x17286","x17287","x17288","x17289","x17290","x17291","x17292","x17293","x17294","x17295","x17296","x17297","x17298","x17299","x17300","x17301","x17302","x17303","x17304","x17305","x17306","x17307","x17308","x17309","x17310","x17311","x17312","x17313","x17314","x17315","x17316","x17317","x17318","x17319","x17320","x17321","x17322","x17323","x17324","x17325","x17326","x17327","x17328","x17329","x17330","x17331","x17332","x17333","x17334","x17335","x17336","x17337","x17338","x17339","x17340","x17341","x17342","x17343","x17344","x17345","x17346","x17347","x17348","x17349","x17350","x17351","x17352","x17353","x17354","x17355","x17356","x17357","x17358","x17359","x17360","x17361","x17362","x17363","x17364","x17365","x17366","x17367","x17368","x17369","x17370","x17371","x17372","x17373","x17374","x17375","x17376","x17377","x17378","x17379","x17380","x17381","x17382","x17383","x17384","x17385","x17386","x17387","x17388","x17389","x17390","x17391","x17392","x17393","x17394","x17395","x17396","x17397","x17398","x17399","x17400","x17401","x17402","x17403","x17404","x17405","x17406","x17407","x17408","x17409","x17410","x17411","x17412","x17413","x17414","x17415","x17416","x17417","x17418","x17419","x17420","x17421","x17422","x17423","x17424","x17425","x17426","x17427","x17428","x17429","x17430","x17431","x17432","x17433","x17434","x17435","x17436","x17437","x17438","x17439","x17440","x17441","x17442","x17443","x17444","x17445","x17446","x17447","x17448","x17449","x17450","x17451","x17452","x17453","x17454","x17455","x17456","x17457","x17458","x17459","x17460","x17461","x17462","x17463","x17464","x17465","x17466","x17467","x17468","x17469","x17470","x17471","x17472","x17473","x17474","x17475","x17476","x17477","x17478","x17479","x17480","x17481","x17482","x17483","x17484","x17485","x17486","x17487","x17488","x17489","x17490","x17491","x17492","x17493","x17494","x17495","x17496","x17497","x17498","x17499","x17500","x17501","x17502","x17503","x17504","x17505","x17506","x17507","x17508","x17509","x17510","x17511","x17512","x17513","x17514","x17515","x17516","x17517","x17518","x17519","x17520","x17521","x17522","x17523","x17524","x17525","x17526","x17527","x17528","x17529","x17530","x17531","x17532","x17533","x17534","x17535","x17536","x17537","x17538","x17539","x17540","x17541","x17542","x17543","x17544","x17545","x17546","x17547","x17548","x17549","x17550","x17551","x17552","x17553","x17554","x17555","x17556","x17557","x17558","x17559","x17560","x17561","x17562","x17563","x17564","x17565","x17566","x17567","x17568","x17569","x17570","x17571","x17572","x17573","x17574","x17575","x17576","x17577","x17578","x17579","x17580","x17581","x17582","x17583","x17584","x17585","x17586","x17587","x17588","x17589","x17590","x17591","x17592","x17593","x17594","x17595","x17596","x17597","x17598","x17599","x17600","x17601","x17602","x17603","x17604","x17605","x17606","x17607","x17608","x17609","x17610","x17611","x17612","x17613","x17614","x17615","x17616","x17617","x17618","x17619","x17620","x17621","x17622","x17623","x17624","x17625","x17626","x17627","x17628","x17629","x17630","x17631","x17632","x17633","x17634","x17635","x17636","x17637","x17638","x17639","x17640","x17641","x17642","x17643","x17644","x17645","x17646","x17647","x17648","x17649","x17650","x17651","x17652","x17653","x17654","x17655","x17656","x17657","x17658","x17659","x17660","x17661","x17662","x17663","x17664","x17665","x17666","x17667","x17668","x17669","x17670","x17671","x17672","x17673","x17674","x17675","x17676","x17677","x17678","x17679","x17680","x17681","x17682","x17683","x17684","x17685","x17686","x17687","x17688","x17689","x17690","x17691","x17692","x17693","x17694","x17695","x17696","x17697","x17698","x17699","x17700","x17701","x17702","x17703","x17704","x17705","x17706","x17707","x17708","x17709","x17710","x17711","x17712","x17713","x17714","x17715","x17716","x17717","x17718","x17719","x17720","x17721","x17722","x17723","x17724","x17725","x17726","x17727","x17728","x17729","x17730","x17731","x17732","x17733","x17734","x17735","x17736","x17737","x17738","x17739","x17740","x17741","x17742","x17743","x17744","x17745","x17746","x17747","x17748","x17749","x17750","x17751","x17752","x17753","x17754","x17755","x17756","x17757","x17758","x17759","x17760","x17761","x17762","x17763","x17764","x17765","x17766","x17767","x17768","x17769","x17770","x17771","x17772","x17773","x17774","x17775","x17776","x17777","x17778","x17779","x17780","x17781","x17782","x17783","x17784","x17785","x17786","x17787","x17788","x17789","x17790","x17791","x17792","x17793","x17794","x17795","x17796","x17797","x17798","x17799","x17800","x17801","x17802","x17803","x17804","x17805","x17806","x17807","x17808","x17809","x17810","x17811","x17812","x17813","x17814","x17815","x17816","x17817","x17818","x17819","x17820","x17821","x17822","x17823","x17824","x17825","x17826","x17827","x17828","x17829","x17830","x17831","x17832","x17833","x17834","x17835","x17836","x17837","x17838","x17839","x17840","x17841","x17842","x17843","x17844","x17845","x17846","x17847","x17848","x17849","x17850","x17851","x17852","x17853","x17854","x17855","x17856","x17857","x17858","x17859","x17860","x17861","x17862","x17863","x17864","x17865","x17866","x17867","x17868","x17869","x17870","x17871","x17872","x17873","x17874","x17875","x17876","x17877","x17878","x17879","x17880","x17881","x17882","x17883","x17884","x17885","x17886","x17887","x17888","x17889","x17890","x17891","x17892","x17893","x17894","x17895","x17896","x17897","x17898","x17899","x17900","x17901","x17902","x17903","x17904","x17905","x17906","x17907","x17908","x17909","x17910","x17911","x17912","x17913","x17914","x17915","x17916","x17917","x17918","x17919","x17920","x17921","x17922","x17923","x17924","x17925","x17926","x17927","x17928","x17929","x17930","x17931","x17932","x17933","x17934","x17935","x17936","x17937","x17938","x17939","x17940","x17941","x17942","x17943","x17944","x17945","x17946","x17947","x17948","x17949","x17950","x17951","x17952","x17953","x17954","x17955","x17956","x17957","x17958","x17959","x17960","x17961","x17962","x17963","x17964","x17965","x17966","x17967","x17968","x17969","x17970","x17971","x17972","x17973","x17974","x17975","x17976","x17977","x17978","x17979","x17980","x17981","x17982","x17983","x17984","x17985","x17986","x17987","x17988","x17989","x17990","x17991","x17992","x17993","x17994","x17995","x17996","x17997","x17998","x17999","x18000","x18001","x18002","x18003","x18004","x18005","x18006","x18007","x18008","x18009","x18010","x18011","x18012","x18013","x18014","x18015","x18016","x18017","x18018","x18019","x18020","x18021","x18022","x18023","x18024","x18025","x18026","x18027","x18028","x18029","x18030","x18031","x18032","x18033","x18034","x18035","x18036","x18037","x18038","x18039","x18040","x18041","x18042","x18043","x18044","x18045","x18046","x18047","x18048","x18049","x18050","x18051","x18052","x18053","x18054","x18055","x18056","x18057","x18058","x18059","x18060","x18061","x18062","x18063","x18064","x18065","x18066","x18067","x18068","x18069","x18070","x18071","x18072","x18073","x18074","x18075","x18076","x18077","x18078","x18079","x18080","x18081","x18082","x18083","x18084","x18085","x18086","x18087","x18088","x18089","x18090","x18091","x18092","x18093","x18094","x18095","x18096","x18097","x18098","x18099","x18100","x18101","x18102","x18103","x18104","x18105","x18106","x18107","x18108","x18109","x18110","x18111","x18112","x18113","x18114","x18115","x18116","x18117","x18118","x18119","x18120","x18121","x18122","x18123","x18124","x18125","x18126","x18127","x18128","x18129","x18130","x18131","x18132","x18133","x18134","x18135","x18136","x18137","x18138","x18139","x18140","x18141","x18142","x18143","x18144","x18145","x18146","x18147","x18148","x18149","x18150","x18151","x18152","x18153","x18154","x18155","x18156","x18157","x18158","x18159","x18160","x18161","x18162","x18163","x18164","x18165","x18166","x18167","x18168","x18169","x18170","x18171","x18172","x18173","x18174","x18175","x18176","x18177","x18178","x18179","x18180","x18181","x18182","x18183","x18184","x18185","x18186","x18187","x18188","x18189","x18190","x18191","x18192","x18193","x18194","x18195","x18196","x18197","x18198","x18199","x18200","x18201","x18202","x18203","x18204","x18205","x18206","x18207","x18208","x18209","x18210","x18211","x18212","x18213","x18214","x18215","x18216","x18217","x18218","x18219","x18220","x18221","x18222","x18223","x18224","x18225","x18226","x18227","x18228","x18229","x18230","x18231","x18232","x18233","x18234","x18235","x18236","x18237","x18238","x18239","x18240","x18241","x18242","x18243","x18244","x18245","x18246","x18247","x18248","x18249","x18250","x18251","x18252","x18253","x18254","x18255","x18256","x18257","x18258","x18259","x18260","x18261","x18262","x18263","x18264","x18265","x18266","x18267","x18268","x18269","x18270","x18271","x18272","x18273","x18274","x18275","x18276","x18277","x18278","x18279","x18280","x18281","x18282","x18283","x18284","x18285","x18286","x18287","x18288","x18289","x18290","x18291","x18292","x18293","x18294","x18295","x18296","x18297","x18298","x18299","x18300","x18301","x18302","x18303","x18304","x18305","x18306","x18307","x18308","x18309","x18310","x18311","x18312","x18313","x18314","x18315","x18316","x18317","x18318","x18319","x18320","x18321","x18322","x18323","x18324","x18325","x18326","x18327","x18328","x18329","x18330","x18331","x18332","x18333","x18334","x18335","x18336","x18337","x18338","x18339","x18340","x18341","x18342","x18343","x18344","x18345","x18346","x18347","x18348","x18349","x18350","x18351","x18352","x18353","x18354","x18355","x18356","x18357","x18358","x18359","x18360","x18361","x18362","x18363","x18364","x18365","x18366","x18367","x18368","x18369","x18370","x18371","x18372","x18373","x18374","x18375","x18376","x18377","x18378","x18379","x18380","x18381","x18382","x18383","x18384","x18385","x18386","x18387","x18388","x18389","x18390","x18391","x18392","x18393","x18394","x18395","x18396","x18397","x18398","x18399","x18400","x18401","x18402","x18403","x18404","x18405","x18406","x18407","x18408","x18409","x18410","x18411","x18412","x18413","x18414","x18415","x18416","x18417","x18418","x18419","x18420","x18421","x18422","x18423","x18424","x18425","x18426","x18427","x18428","x18429","x18430","x18431","x18432","x18433","x18434","x18435","x18436","x18437","x18438","x18439","x18440","x18441","x18442","x18443","x18444","x18445","x18446","x18447","x18448","x18449","x18450","x18451","x18452","x18453","x18454","x18455","x18456","x18457","x18458","x18459","x18460","x18461","x18462","x18463","x18464","x18465","x18466","x18467","x18468","x18469","x18470","x18471","x18472","x18473","x18474","x18475","x18476","x18477","x18478","x18479","x18480","x18481","x18482","x18483","x18484","x18485","x18486","x18487","x18488","x18489","x18490","x18491","x18492","x18493","x18494","x18495","x18496","x18497","x18498","x18499","x18500","x18501","x18502","x18503","x18504","x18505","x18506","x18507","x18508","x18509","x18510","x18511","x18512","x18513","x18514","x18515","x18516","x18517","x18518","x18519","x18520","x18521","x18522","x18523","x18524","x18525","x18526","x18527","x18528","x18529","x18530","x18531","x18532","x18533","x18534","x18535","x18536","x18537","x18538","x18539","x18540","x18541","x18542","x18543","x18544","x18545","x18546","x18547","x18548","x18549","x18550","x18551","x18552","x18553","x18554","x18555","x18556","x18557","x18558","x18559","x18560","x18561","x18562","x18563","x18564","x18565","x18566","x18567","x18568","x18569","x18570","x18571","x18572","x18573","x18574","x18575","x18576","x18577","x18578","x18579","x18580","x18581","x18582","x18583","x18584","x18585","x18586","x18587","x18588","x18589","x18590","x18591","x18592","x18593","x18594","x18595","x18596","x18597","x18598","x18599","x18600","x18601","x18602","x18603","x18604","x18605","x18606","x18607","x18608","x18609","x18610","x18611","x18612","x18613","x18614","x18615","x18616","x18617","x18618","x18619","x18620","x18621","x18622","x18623","x18624","x18625","x18626","x18627","x18628","x18629","x18630","x18631","x18632","x18633","x18634","x18635","x18636","x18637","x18638","x18639","x18640","x18641","x18642","x18643","x18644","x18645","x18646","x18647","x18648","x18649","x18650","x18651","x18652","x18653","x18654","x18655","x18656","x18657","x18658","x18659","x18660","x18661","x18662","x18663","x18664","x18665","x18666","x18667","x18668","x18669","x18670","x18671","x18672","x18673","x18674","x18675","x18676","x18677","x18678","x18679","x18680","x18681","x18682","x18683","x18684","x18685","x18686","x18687","x18688","x18689","x18690","x18691","x18692","x18693","x18694","x18695","x18696","x18697","x18698","x18699","x18700","x18701","x18702","x18703","x18704","x18705","x18706","x18707","x18708","x18709","x18710","x18711","x18712","x18713","x18714","x18715","x18716","x18717","x18718","x18719","x18720","x18721","x18722","x18723","x18724","x18725","x18726","x18727","x18728","x18729","x18730","x18731","x18732","x18733","x18734","x18735","x18736","x18737","x18738","x18739","x18740","x18741","x18742","x18743","x18744","x18745","x18746","x18747","x18748","x18749","x18750","x18751","x18752","x18753","x18754","x18755","x18756","x18757","x18758","x18759","x18760","x18761","x18762","x18763","x18764","x18765","x18766","x18767","x18768","x18769","x18770","x18771","x18772","x18773","x18774","x18775","x18776","x18777","x18778","x18779","x18780","x18781","x18782","x18783","x18784","x18785","x18786","x18787","x18788","x18789","x18790","x18791","x18792","x18793","x18794","x18795","x18796","x18797","x18798","x18799","x18800","x18801","x18802","x18803","x18804","x18805","x18806","x18807","x18808","x18809","x18810","x18811","x18812","x18813","x18814","x18815","x18816","x18817","x18818","x18819","x18820","x18821","x18822","x18823","x18824","x18825","x18826","x18827","x18828","x18829","x18830","x18831","x18832","x18833","x18834","x18835","x18836","x18837","x18838","x18839","x18840","x18841","x18842","x18843","x18844","x18845","x18846","x18847","x18848","x18849","x18850","x18851","x18852","x18853","x18854","x18855","x18856","x18857","x18858","x18859","x18860","x18861","x18862","x18863","x18864","x18865","x18866","x18867","x18868","x18869","x18870","x18871","x18872","x18873","x18874","x18875","x18876","x18877","x18878","x18879","x18880","x18881","x18882","x18883","x18884","x18885","x18886","x18887","x18888","x18889","x18890","x18891","x18892","x18893","x18894","x18895","x18896","x18897","x18898","x18899","x18900","x18901","x18902","x18903","x18904","x18905","x18906","x18907","x18908","x18909","x18910","x18911","x18912","x18913","x18914","x18915","x18916","x18917","x18918","x18919","x18920","x18921","x18922","x18923","x18924","x18925","x18926","x18927","x18928","x18929","x18930","x18931","x18932","x18933","x18934","x18935","x18936","x18937","x18938","x18939","x18940","x18941","x18942","x18943","x18944","x18945","x18946","x18947","x18948","x18949","x18950","x18951","x18952","x18953","x18954","x18955","x18956","x18957","x18958","x18959","x18960","x18961","x18962","x18963","x18964","x18965","x18966","x18967","x18968","x18969","x18970","x18971","x18972","x18973","x18974","x18975","x18976","x18977","x18978","x18979","x18980","x18981","x18982","x18983","x18984","x18985","x18986","x18987","x18988","x18989","x18990","x18991","x18992","x18993","x18994","x18995","x18996","x18997","x18998","x18999","x19000","x19001","x19002","x19003","x19004","x19005","x19006","x19007","x19008","x19009","x19010","x19011","x19012","x19013","x19014","x19015","x19016","x19017","x19018","x19019","x19020","x19021","x19022","x19023","x19024","x19025","x19026","x19027","x19028","x19029","x19030","x19031","x19032","x19033","x19034","x19035","x19036","x19037","x19038","x19039","x19040","x19041","x19042","x19043","x19044","x19045","x19046","x19047","x19048","x19049","x19050","x19051","x19052","x19053","x19054","x19055","x19056","x19057","x19058","x19059","x19060","x19061","x19062","x19063","x19064","x19065","x19066","x19067","x19068","x19069","x19070","x19071","x19072","x19073","x19074","x19075","x19076","x19077","x19078","x19079","x19080","x19081","x19082","x19083","x19084","x19085","x19086","x19087","x19088","x19089","x19090","x19091","x19092","x19093","x19094","x19095","x19096","x19097","x19098","x19099","x19100","x19101","x19102","x19103","x19104","x19105","x19106","x19107","x19108","x19109","x19110","x19111","x19112","x19113","x19114","x19115","x19116","x19117","x19118","x19119","x19120","x19121","x19122","x19123","x19124","x19125","x19126","x19127","x19128","x19129","x19130","x19131","x19132","x19133","x19134","x19135","x19136","x19137","x19138","x19139","x19140","x19141","x19142","x19143","x19144","x19145","x19146","x19147","x19148","x19149","x19150","x19151","x19152","x19153","x19154","x19155","x19156","x19157","x19158","x19159","x19160","x19161","x19162","x19163","x19164","x19165","x19166","x19167","x19168","x19169","x19170","x19171","x19172","x19173","x19174","x19175","x19176","x19177","x19178","x19179","x19180","x19181","x19182","x19183","x19184","x19185","x19186","x19187","x19188","x19189","x19190","x19191","x19192","x19193","x19194","x19195","x19196","x19197","x19198","x19199","x19200","x19201","x19202","x19203","x19204","x19205","x19206","x19207","x19208","x19209","x19210","x19211","x19212","x19213","x19214","x19215","x19216","x19217","x19218","x19219","x19220","x19221","x19222","x19223","x19224","x19225","x19226","x19227","x19228","x19229","x19230","x19231","x19232","x19233","x19234","x19235","x19236","x19237","x19238","x19239","x19240","x19241","x19242","x19243","x19244","x19245","x19246","x19247","x19248","x19249","x19250","x19251","x19252","x19253","x19254","x19255","x19256","x19257","x19258","x19259","x19260","x19261","x19262","x19263","x19264","x19265","x19266","x19267","x19268","x19269","x19270","x19271","x19272","x19273","x19274","x19275","x19276","x19277","x19278","x19279","x19280","x19281","x19282","x19283","x19284","x19285","x19286","x19287","x19288","x19289","x19290","x19291","x19292","x19293","x19294","x19295","x19296","x19297","x19298","x19299","x19300","x19301","x19302","x19303","x19304","x19305","x19306","x19307","x19308","x19309","x19310","x19311","x19312","x19313","x19314","x19315","x19316","x19317","x19318","x19319","x19320","x19321","x19322","x19323","x19324","x19325","x19326","x19327","x19328","x19329","x19330","x19331","x19332","x19333","x19334","x19335","x19336","x19337","x19338","x19339","x19340","x19341","x19342","x19343","x19344","x19345","x19346","x19347","x19348","x19349","x19350","x19351","x19352","x19353","x19354","x19355","x19356","x19357","x19358","x19359","x19360","x19361","x19362","x19363","x19364","x19365","x19366","x19367","x19368","x19369","x19370","x19371","x19372","x19373","x19374","x19375","x19376","x19377","x19378","x19379","x19380","x19381","x19382","x19383","x19384","x19385","x19386","x19387","x19388","x19389","x19390","x19391","x19392","x19393","x19394","x19395","x19396","x19397","x19398","x19399","x19400","x19401","x19402","x19403","x19404","x19405","x19406","x19407","x19408","x19409","x19410","x19411","x19412","x19413","x19414","x19415","x19416","x19417","x19418","x19419","x19420","x19421","x19422","x19423","x19424","x19425","x19426","x19427","x19428","x19429","x19430","x19431","x19432","x19433","x19434","x19435","x19436","x19437","x19438","x19439","x19440","x19441","x19442","x19443","x19444","x19445","x19446","x19447","x19448","x19449","x19450","x19451","x19452","x19453","x19454","x19455","x19456","x19457","x19458","x19459","x19460","x19461","x19462","x19463","x19464","x19465","x19466","x19467","x19468","x19469","x19470","x19471","x19472","x19473","x19474","x19475","x19476","x19477","x19478","x19479","x19480","x19481","x19482","x19483","x19484","x19485","x19486","x19487","x19488","x19489","x19490","x19491","x19492","x19493","x19494","x19495","x19496","x19497","x19498","x19499","x19500","x19501","x19502","x19503","x19504","x19505","x19506","x19507","x19508","x19509","x19510","x19511","x19512","x19513","x19514","x19515","x19516","x19517","x19518","x19519","x19520","x19521","x19522","x19523","x19524","x19525","x19526","x19527","x19528","x19529","x19530","x19531","x19532","x19533","x19534","x19535","x19536","x19537","x19538","x19539","x19540","x19541","x19542","x19543","x19544","x19545","x19546","x19547","x19548","x19549","x19550","x19551","x19552","x19553","x19554","x19555","x19556","x19557","x19558","x19559","x19560","x19561","x19562","x19563","x19564","x19565","x19566","x19567","x19568","x19569","x19570","x19571","x19572","x19573","x19574","x19575","x19576","x19577","x19578","x19579","x19580","x19581","x19582","x19583","x19584","x19585","x19586","x19587","x19588","x19589","x19590","x19591","x19592","x19593","x19594","x19595","x19596","x19597","x19598","x19599","x19600","x19601","x19602","x19603","x19604","x19605","x19606","x19607","x19608","x19609","x19610","x19611","x19612","x19613","x19614","x19615","x19616","x19617","x19618","x19619","x19620","x19621","x19622","x19623","x19624","x19625","x19626","x19627","x19628","x19629","x19630","x19631","x19632","x19633","x19634","x19635","x19636","x19637","x19638","x19639","x19640","x19641","x19642","x19643","x19644","x19645","x19646","x19647","x19648","x19649","x19650","x19651","x19652","x19653","x19654","x19655","x19656","x19657","x19658","x19659","x19660","x19661","x19662","x19663","x19664","x19665","x19666","x19667","x19668","x19669","x19670","x19671","x19672","x19673","x19674","x19675","x19676","x19677","x19678","x19679","x19680","x19681","x19682","x19683","x19684","x19685","x19686","x19687","x19688","x19689","x19690","x19691","x19692","x19693","x19694","x19695","x19696","x19697","x19698","x19699","x19700","x19701","x19702","x19703","x19704","x19705","x19706","x19707","x19708","x19709","x19710","x19711","x19712","x19713","x19714","x19715","x19716","x19717","x19718","x19719","x19720","x19721","x19722","x19723","x19724","x19725","x19726","x19727","x19728","x19729","x19730","x19731","x19732","x19733","x19734","x19735","x19736","x19737","x19738","x19739","x19740","x19741","x19742","x19743","x19744","x19745","x19746","x19747","x19748","x19749","x19750","x19751","x19752","x19753","x19754","x19755","x19756","x19757","x19758","x19759","x19760","x19761","x19762","x19763","x19764","x19765","x19766","x19767","x19768","x19769","x19770","x19771","x19772","x19773","x19774","x19775","x19776","x19777","x19778","x19779","x19780","x19781","x19782","x19783","x19784","x19785","x19786","x19787","x19788","x19789","x19790","x19791","x19792","x19793","x19794","x19795","x19796","x19797","x19798","x19799","x19800","x19801","x19802","x19803","x19804","x19805","x19806","x19807","x19808","x19809","x19810","x19811","x19812","x19813","x19814","x19815","x19816","x19817","x19818","x19819","x19820","x19821","x19822","x19823","x19824","x19825","x19826","x19827","x19828","x19829","x19830","x19831","x19832","x19833","x19834","x19835","x19836","x19837","x19838","x19839","x19840","x19841","x19842","x19843","x19844","x19845","x19846","x19847","x19848","x19849","x19850","x19851","x19852","x19853","x19854","x19855","x19856","x19857","x19858","x19859","x19860","x19861","x19862","x19863","x19864","x19865","x19866","x19867","x19868","x19869","x19870","x19871","x19872","x19873","x19874","x19875","x19876","x19877","x19878","x19879","x19880","x19881","x19882","x19883","x19884","x19885","x19886","x19887","x19888","x19889","x19890","x19891","x19892","x19893","x19894","x19895","x19896","x19897","x19898","x19899","x19900","x19901","x19902","x19903","x19904","x19905","x19906","x19907","x19908","x19909","x19910","x19911","x19912","x19913","x19914","x19915","x19916","x19917","x19918","x19919","x19920","x19921","x19922","x19923","x19924","x19925","x19926","x19927","x19928","x19929","x19930","x19931","x19932","x19933","x19934","x19935","x19936","x19937","x19938","x19939","x19940","x19941","x19942","x19943","x19944","x19945","x19946","x19947","x19948","x19949","x19950","x19951","x19952","x19953","x19954","x19955","x19956","x19957","x19958","x19959","x19960","x19961","x19962","x19963","x19964","x19965","x19966","x19967","x19968","x19969","x19970","x19971","x19972","x19973","x19974","x19975","x19976","x19977","x19978","x19979","x19980","x19981","x19982","x19983","x19984","x19985","x19986","x19987","x19988","x19989","x19990","x19991","x19992","x19993","x19994","x19995","x19996","x19997","x19998","x19999","x20000","x20001","x20002","x20003","x20004","x20005","x20006","x20007","x20008","x20009","x20010","x20011","x20012","x20013","x20014","x20015","x20016","x20017","x20018","x20019","x20020","x20021","x20022","x20023","x20024","x20025","x20026","x20027","x20028","x20029","x20030","x20031","x20032","x20033","x20034","x20035","x20036","x20037","x20038","x20039","x20040","x20041","x20042","x20043","x20044","x20045","x20046","x20047","x20048","x20049","x20050","x20051","x20052","x20053","x20054","x20055","x20056","x20057","x20058","x20059","x20060","x20061","x20062","x20063","x20064","x20065","x20066","x20067","x20068","x20069","x20070","x20071","x20072","x20073","x20074","x20075","x20076","x20077","x20078","x20079","x20080","x20081","x20082","x20083","x20084","x20085","x20086","x20087","x20088","x20089","x20090","x20091","x20092","x20093","x20094","x20095","x20096","x20097","x20098","x20099","x20100","x20101","x20102","x20103","x20104","x20105","x20106","x20107","x20108","x20109","x20110","x20111","x20112","x20113","x20114","x20115","x20116","x20117","x20118","x20119","x20120","x20121","x20122","x20123","x20124","x20125","x20126","x20127","x20128","x20129","x20130","x20131","x20132","x20133","x20134","x20135","x20136","x20137","x20138","x20139","x20140","x20141","x20142","x20143","x20144","x20145","x20146","x20147","x20148","x20149","x20150","x20151","x20152","x20153","x20154","x20155","x20156","x20157","x20158","x20159","x20160","x20161","x20162","x20163","x20164","x20165","x20166","x20167","x20168","x20169","x20170","x20171","x20172","x20173","x20174","x20175","x20176","x20177","x20178","x20179","x20180","x20181","x20182","x20183","x20184","x20185","x20186","x20187","x20188","x20189","x20190","x20191","x20192","x20193","x20194","x20195","x20196","x20197","x20198","x20199","x20200","x20201","x20202","x20203","x20204","x20205","x20206","x20207","x20208","x20209","x20210","x20211","x20212","x20213","x20214","x20215","x20216","x20217","x20218","x20219","x20220","x20221","x20222","x20223","x20224","x20225","x20226","x20227","x20228","x20229","x20230","x20231","x20232","x20233","x20234","x20235","x20236","x20237","x20238","x20239","x20240","x20241","x20242","x20243","x20244","x20245","x20246","x20247","x20248","x20249","x20250","x20251","x20252","x20253","x20254","x20255","x20256","x20257","x20258","x20259","x20260","x20261","x20262","x20263","x20264","x20265","x20266","x20267","x20268","x20269","x20270","x20271","x20272","x20273","x20274","x20275","x20276","x20277","x20278","x20279","x20280","x20281","x20282","x20283","x20284","x20285","x20286","x20287","x20288","x20289","x20290","x20291","x20292","x20293","x20294","x20295","x20296","x20297","x20298","x20299","x20300","x20301","x20302","x20303","x20304","x20305","x20306","x20307","x20308","x20309","x20310","x20311","x20312","x20313","x20314","x20315","x20316","x20317","x20318","x20319","x20320","x20321","x20322","x20323","x20324","x20325","x20326","x20327","x20328","x20329","x20330","x20331","x20332","x20333","x20334","x20335","x20336","x20337","x20338","x20339","x20340","x20341","x20342","x20343","x20344","x20345","x20346","x20347","x20348","x20349","x20350","x20351","x20352","x20353","x20354","x20355","x20356","x20357","x20358","x20359","x20360","x20361","x20362","x20363","x20364","x20365","x20366","x20367","x20368","x20369","x20370","x20371","x20372","x20373","x20374","x20375","x20376","x20377","x20378","x20379","x20380","x20381","x20382","x20383","x20384","x20385","x20386","x20387","x20388","x20389","x20390","x20391","x20392","x20393","x20394","x20395","x20396","x20397","x20398","x20399","x20400","x20401","x20402","x20403","x20404","x20405","x20406","x20407","x20408","x20409","x20410","x20411","x20412","x20413","x20414","x20415","x20416","x20417","x20418","x20419","x20420","x20421","x20422","x20423","x20424","x20425","x20426","x20427","x20428","x20429","x20430","x20431","x20432","x20433","x20434","x20435","x20436","x20437","x20438","x20439","x20440","x20441","x20442","x20443","x20444","x20445","x20446","x20447","x20448","x20449","x20450","x20451","x20452","x20453","x20454","x20455","x20456","x20457","x20458","x20459","x20460","x20461","x20462","x20463","x20464","x20465","x20466","x20467","x20468","x20469","x20470","x20471","x20472","x20473","x20474","x20475","x20476","x20477","x20478","x20479","x20480","x20481","x20482","x20483","x20484","x20485","x20486","x20487","x20488","x20489","x20490","x20491","x20492","x20493","x20494","x20495","x20496","x20497","x20498","x20499","x20500","x20501","x20502","x20503","x20504","x20505","x20506","x20507","x20508","x20509","x20510","x20511","x20512","x20513","x20514","x20515","x20516","x20517","x20518","x20519","x20520","x20521","x20522","x20523","x20524","x20525","x20526","x20527","x20528","x20529","x20530","x20531","x20532","x20533","x20534","x20535","x20536","x20537","x20538","x20539","x20540","x20541","x20542","x20543","x20544","x20545","x20546","x20547","x20548","x20549","x20550","x20551","x20552","x20553","x20554","x20555","x20556","x20557","x20558","x20559","x20560","x20561","x20562","x20563","x20564","x20565","x20566","x20567","x20568","x20569","x20570","x20571","x20572","x20573","x20574","x20575","x20576","x20577","x20578","x20579","x20580","x20581","x20582","x20583","x20584","x20585","x20586","x20587","x20588","x20589","x20590","x20591","x20592","x20593","x20594","x20595","x20596","x20597","x20598","x20599","x20600","x20601","x20602","x20603","x20604","x20605","x20606","x20607","x20608","x20609","x20610","x20611","x20612","x20613","x20614","x20615","x20616","x20617","x20618","x20619","x20620","x20621","x20622","x20623","x20624","x20625","x20626","x20627","x20628","x20629","x20630","x20631","x20632","x20633","x20634","x20635","x20636","x20637","x20638","x20639","x20640","x20641","x20642","x20643","x20644","x20645","x20646","x20647","x20648","x20649","x20650","x20651","x20652","x20653","x20654","x20655","x20656","x20657","x20658","x20659","x20660","x20661","x20662","x20663","x20664","x20665","x20666","x20667","x20668","x20669","x20670","x20671","x20672","x20673","x20674","x20675","x20676","x20677","x20678","x20679","x20680","x20681","x20682","x20683","x20684","x20685","x20686","x20687","x20688","x20689","x20690","x20691","x20692","x20693","x20694","x20695","x20696","x20697","x20698","x20699","x20700","x20701","x20702","x20703","x20704","x20705","x20706","x20707","x20708","x20709","x20710","x20711","x20712","x20713","x20714","x20715","x20716","x20717","x20718","x20719","x20720","x20721","x20722","x20723","x20724","x20725","x20726","x20727","x20728","x20729","x20730","x20731","x20732","x20733","x20734","x20735","x20736","x20737","x20738","x20739","x20740","x20741","x20742","x20743","x20744","x20745","x20746","x20747","x20748","x20749","x20750","x20751","x20752","x20753","x20754","x20755","x20756","x20757","x20758","x20759","x20760","x20761","x20762","x20763","x20764","x20765","x20766","x20767","x20768","x20769","x20770","x20771","x20772","x20773","x20774","x20775","x20776","x20777","x20778","x20779","x20780","x20781","x20782","x20783","x20784","x20785","x20786","x20787","x20788","x20789","x20790","x20791","x20792","x20793","x20794","x20795","x20796","x20797","x20798","x20799","x20800","x20801","x20802","x20803","x20804","x20805","x20806","x20807","x20808","x20809","x20810","x20811","x20812","x20813","x20814","x20815","x20816","x20817","x20818","x20819","x20820","x20821","x20822","x20823","x20824","x20825","x20826","x20827","x20828","x20829","x20830","x20831","x20832","x20833","x20834","x20835","x20836","x20837","x20838","x20839","x20840","x20841","x20842","x20843","x20844","x20845","x20846","x20847","x20848","x20849","x20850","x20851","x20852","x20853","x20854","x20855","x20856","x20857","x20858","x20859","x20860","x20861","x20862","x20863","x20864","x20865","x20866","x20867","x20868","x20869","x20870","x20871","x20872","x20873","x20874","x20875","x20876","x20877","x20878","x20879","x20880","x20881","x20882","x20883","x20884","x20885","x20886","x20887","x20888","x20889","x20890","x20891","x20892","x20893","x20894","x20895","x20896","x20897","x20898","x20899","x20900","x20901","x20902","x20903","x20904","x20905","x20906","x20907","x20908","x20909","x20910","x20911","x20912","x20913","x20914","x20915","x20916","x20917","x20918","x20919","x20920","x20921","x20922","x20923","x20924","x20925","x20926","x20927","x20928","x20929","x20930","x20931","x20932","x20933","x20934","x20935","x20936","x20937","x20938","x20939","x20940","x20941","x20942","x20943","x20944","x20945","x20946","x20947","x20948","x20949","x20950","x20951","x20952","x20953","x20954","x20955","x20956","x20957","x20958","x20959","x20960","x20961","x20962","x20963","x20964","x20965","x20966","x20967","x20968","x20969","x20970","x20971","x20972","x20973","x20974","x20975","x20976","x20977","x20978","x20979","x20980","x20981","x20982","x20983","x20984","x20985","x20986","x20987","x20988","x20989","x20990","x20991","x20992","x20993","x20994","x20995","x20996","x20997","x20998","x20999","x21000","x21001","x21002","x21003","x21004","x21005","x21006","x21007","x21008","x21009","x21010","x21011","x21012","x21013","x21014","x21015","x21016","x21017","x21018","x21019","x21020","x21021","x21022","x21023","x21024","x21025","x21026","x21027","x21028","x21029","x21030","x21031","x21032","x21033","x21034","x21035","x21036","x21037","x21038","x21039","x21040","x21041","x21042","x21043","x21044","x21045","x21046","x21047","x21048","x21049","x21050","x21051","x21052","x21053","x21054","x21055","x21056","x21057","x21058","x21059","x21060","x21061","x21062","x21063","x21064","x21065","x21066","x21067","x21068","x21069","x21070","x21071","x21072","x21073","x21074","x21075","x21076","x21077","x21078","x21079","x21080","x21081","x21082","x21083","x21084","x21085","x21086","x21087","x21088","x21089","x21090","x21091","x21092","x21093","x21094","x21095","x21096","x21097","x21098","x21099","x21100","x21101","x21102","x21103","x21104","x21105","x21106","x21107","x21108","x21109","x21110","x21111","x21112","x21113","x21114","x21115","x21116","x21117","x21118","x21119","x21120","x21121","x21122","x21123","x21124","x21125","x21126","x21127","x21128","x21129","x21130","x21131","x21132","x21133","x21134","x21135","x21136","x21137","x21138","x21139","x21140","x21141","x21142","x21143","x21144","x21145","x21146","x21147","x21148","x21149","x21150","x21151","x21152","x21153","x21154","x21155","x21156","x21157","x21158","x21159","x21160","x21161","x21162","x21163","x21164","x21165","x21166","x21167","x21168","x21169","x21170","x21171","x21172","x21173","x21174","x21175","x21176","x21177","x21178","x21179","x21180","x21181","x21182","x21183","x21184","x21185","x21186","x21187","x21188","x21189","x21190","x21191","x21192","x21193","x21194","x21195","x21196","x21197","x21198","x21199","x21200","x21201","x21202","x21203","x21204","x21205","x21206","x21207","x21208","x21209","x21210","x21211","x21212","x21213","x21214","x21215","x21216","x21217","x21218","x21219","x21220","x21221","x21222","x21223","x21224","x21225","x21226","x21227","x21228","x21229","x21230","x21231","x21232","x21233","x21234","x21235","x21236","x21237","x21238","x21239","x21240","x21241","x21242","x21243","x21244","x21245","x21246","x21247","x21248","x21249","x21250","x21251","x21252","x21253","x21254","x21255","x21256","x21257","x21258","x21259","x21260","x21261","x21262","x21263","x21264","x21265","x21266","x21267","x21268","x21269","x21270","x21271","x21272","x21273","x21274","x21275","x21276","x21277","x21278","x21279","x21280","x21281","x21282","x21283","x21284","x21285","x21286","x21287","x21288","x21289","x21290","x21291","x21292","x21293","x21294","x21295","x21296","x21297","x21298","x21299","x21300","x21301","x21302","x21303","x21304","x21305","x21306","x21307","x21308","x21309","x21310","x21311","x21312","x21313","x21314","x21315","x21316","x21317","x21318","x21319","x21320","x21321","x21322","x21323","x21324","x21325","x21326","x21327","x21328","x21329","x21330","x21331","x21332","x21333","x21334","x21335","x21336","x21337","x21338","x21339","x21340","x21341","x21342","x21343","x21344","x21345","x21346","x21347","x21348","x21349","x21350","x21351","x21352","x21353","x21354","x21355","x21356","x21357","x21358","x21359","x21360","x21361","x21362","x21363","x21364","x21365","x21366","x21367","x21368","x21369","x21370","x21371","x21372","x21373","x21374","x21375","x21376","x21377","x21378","x21379","x21380","x21381","x21382","x21383","x21384","x21385","x21386","x21387","x21388","x21389","x21390","x21391","x21392","x21393","x21394","x21395","x21396","x21397","x21398","x21399","x21400","x21401","x21402","x21403","x21404","x21405","x21406","x21407","x21408","x21409","x21410","x21411","x21412","x21413","x21414","x21415","x21416","x21417","x21418","x21419","x21420","x21421","x21422","x21423","x21424","x21425","x21426","x21427","x21428","x21429","x21430","x21431","x21432","x21433","x21434","x21435","x21436","x21437","x21438","x21439","x21440","x21441","x21442","x21443","x21444","x21445","x21446","x21447","x21448","x21449","x21450","x21451","x21452","x21453","x21454","x21455","x21456","x21457","x21458","x21459","x21460","x21461","x21462","x21463","x21464","x21465","x21466","x21467","x21468","x21469","x21470","x21471","x21472","x21473","x21474","x21475","x21476","x21477","x21478","x21479","x21480","x21481","x21482","x21483","x21484","x21485","x21486","x21487","x21488","x21489","x21490","x21491","x21492","x21493","x21494","x21495","x21496","x21497","x21498","x21499","x21500","x21501","x21502","x21503","x21504","x21505","x21506","x21507","x21508","x21509","x21510","x21511","x21512","x21513","x21514","x21515","x21516","x21517","x21518","x21519","x21520","x21521","x21522","x21523","x21524","x21525","x21526","x21527","x21528","x21529","x21530","x21531","x21532","x21533","x21534","x21535","x21536","x21537","x21538","x21539","x21540","x21541","x21542","x21543","x21544","x21545","x21546","x21547","x21548","x21549","x21550","x21551","x21552","x21553","x21554","x21555","x21556","x21557","x21558","x21559","x21560","x21561","x21562","x21563","x21564","x21565","x21566","x21567","x21568","x21569","x21570","x21571","x21572","x21573","x21574","x21575","x21576","x21577","x21578","x21579","x21580","x21581","x21582","x21583","x21584","x21585","x21586","x21587","x21588","x21589","x21590","x21591","x21592","x21593","x21594","x21595","x21596","x21597","x21598","x21599","x21600","x21601","x21602","x21603","x21604","x21605","x21606","x21607","x21608","x21609","x21610","x21611","x21612","x21613","x21614","x21615","x21616","x21617","x21618","x21619","x21620","x21621","x21622","x21623","x21624","x21625","x21626","x21627","x21628","x21629","x21630","x21631","x21632","x21633","x21634","x21635","x21636","x21637","x21638","x21639","x21640","x21641","x21642","x21643","x21644","x21645","x21646","x21647","x21648","x21649","x21650","x21651","x21652","x21653","x21654","x21655","x21656","x21657","x21658","x21659","x21660","x21661","x21662","x21663","x21664","x21665","x21666","x21667","x21668","x21669","x21670","x21671","x21672","x21673","x21674","x21675","x21676","x21677","x21678","x21679","x21680","x21681","x21682","x21683","x21684","x21685","x21686","x21687","x21688","x21689","x21690","x21691","x21692","x21693","x21694","x21695","x21696","x21697","x21698","x21699","x21700","x21701","x21702","x21703","x21704","x21705","x21706","x21707","x21708","x21709","x21710","x21711","x21712","x21713","x21714","x21715","x21716","x21717","x21718","x21719","x21720","x21721","x21722","x21723","x21724","x21725","x21726","x21727","x21728","x21729","x21730","x21731","x21732","x21733","x21734","x21735","x21736","x21737","x21738","x21739","x21740","x21741","x21742","x21743","x21744","x21745","x21746","x21747","x21748","x21749","x21750","x21751","x21752","x21753","x21754","x21755","x21756","x21757","x21758","x21759","x21760","x21761","x21762","x21763","x21764","x21765","x21766","x21767","x21768","x21769","x21770","x21771","x21772","x21773","x21774","x21775","x21776","x21777","x21778","x21779","x21780","x21781","x21782","x21783","x21784","x21785","x21786","x21787","x21788","x21789","x21790","x21791","x21792","x21793","x21794","x21795","x21796","x21797","x21798","x21799","x21800","x21801","x21802","x21803","x21804","x21805","x21806","x21807","x21808","x21809","x21810","x21811","x21812","x21813","x21814","x21815","x21816","x21817","x21818","x21819","x21820","x21821","x21822","x21823","x21824","x21825","x21826","x21827","x21828","x21829","x21830","x21831","x21832","x21833","x21834","x21835","x21836","x21837","x21838","x21839","x21840","x21841","x21842","x21843","x21844","x21845","x21846","x21847","x21848","x21849","x21850","x21851","x21852","x21853","x21854","x21855","x21856","x21857","x21858","x21859","x21860","x21861","x21862","x21863","x21864","x21865","x21866","x21867","x21868","x21869","x21870","x21871","x21872","x21873","x21874","x21875","x21876","x21877","x21878","x21879","x21880","x21881","x21882","x21883","x21884","x21885","x21886","x21887","x21888","x21889","x21890","x21891","x21892","x21893","x21894","x21895","x21896","x21897","x21898","x21899","x21900","x21901","x21902","x21903","x21904","x21905","x21906","x21907","x21908","x21909","x21910","x21911","x21912","x21913","x21914","x21915","x21916","x21917","x21918","x21919","x21920","x21921","x21922","x21923","x21924","x21925","x21926","x21927","x21928","x21929","x21930","x21931","x21932","x21933","x21934","x21935","x21936","x21937","x21938","x21939","x21940","x21941","x21942","x21943","x21944","x21945","x21946","x21947","x21948","x21949","x21950","x21951","x21952","x21953","x21954","x21955","x21956","x21957","x21958","x21959","x21960","x21961","x21962","x21963","x21964","x21965","x21966","x21967","x21968","x21969","x21970","x21971","x21972","x21973","x21974","x21975","x21976","x21977","x21978","x21979","x21980","x21981","x21982","x21983","x21984","x21985","x21986","x21987","x21988","x21989","x21990","x21991","x21992","x21993","x21994","x21995","x21996","x21997","x21998","x21999","x22000","x22001","x22002","x22003","x22004","x22005","x22006","x22007","x22008","x22009","x22010","x22011","x22012","x22013","x22014","x22015","x22016","x22017","x22018","x22019","x22020","x22021","x22022","x22023","x22024","x22025","x22026","x22027","x22028","x22029","x22030","x22031","x22032","x22033","x22034","x22035","x22036","x22037","x22038","x22039","x22040","x22041","x22042","x22043","x22044","x22045","x22046","x22047","x22048","x22049","x22050","x22051","x22052","x22053","x22054","x22055","x22056","x22057","x22058","x22059","x22060","x22061","x22062","x22063","x22064","x22065","x22066","x22067","x22068","x22069","x22070","x22071","x22072","x22073","x22074","x22075","x22076","x22077","x22078","x22079","x22080","x22081","x22082","x22083","x22084","x22085","x22086","x22087","x22088","x22089","x22090","x22091","x22092","x22093","x22094","x22095","x22096","x22097","x22098","x22099","x22100","x22101","x22102","x22103","x22104","x22105","x22106","x22107","x22108","x22109","x22110","x22111","x22112","x22113","x22114","x22115","x22116","x22117","x22118","x22119","x22120","x22121","x22122","x22123","x22124","x22125","x22126","x22127","x22128","x22129","x22130","x22131","x22132","x22133","x22134","x22135","x22136","x22137","x22138","x22139","x22140","x22141","x22142","x22143","x22144","x22145","x22146","x22147","x22148","x22149","x22150","x22151","x22152","x22153","x22154","x22155","x22156","x22157","x22158","x22159","x22160","x22161","x22162","x22163","x22164","x22165","x22166","x22167","x22168","x22169","x22170","x22171","x22172","x22173","x22174","x22175","x22176","x22177","x22178","x22179","x22180","x22181","x22182","x22183","x22184","x22185","x22186","x22187","x22188","x22189","x22190","x22191","x22192","x22193","x22194","x22195","x22196","x22197","x22198","x22199","x22200","x22201","x22202","x22203","x22204","x22205","x22206","x22207","x22208","x22209","x22210","x22211","x22212","x22213","x22214","x22215","x22216","x22217","x22218","x22219","x22220","x22221","x22222","x22223","x22224","x22225","x22226","x22227","x22228","x22229","x22230","x22231","x22232","x22233","x22234","x22235","x22236","x22237","x22238","x22239","x22240","x22241","x22242","x22243","x22244","x22245","x22246","x22247","x22248","x22249","x22250","x22251","x22252","x22253","x22254","x22255","x22256","x22257","x22258","x22259","x22260","x22261","x22262","x22263","x22264","x22265","x22266","x22267","x22268","x22269","x22270","x22271","x22272","x22273","x22274","x22275","x22276","x22277","x22278","x22279","x22280","x22281","x22282","x22283","x22284","x22285","x22286","x22287","x22288","x22289","x22290","x22291","x22292","x22293","x22294","x22295","x22296","x22297","x22298","x22299","x22300","x22301","x22302","x22303","x22304","x22305","x22306","x22307","x22308","x22309","x22310","x22311","x22312","x22313","x22314","x22315","x22316","x22317","x22318","x22319","x22320","x22321","x22322","x22323","x22324","x22325","x22326","x22327","x22328","x22329","x22330","x22331","x22332","x22333","x22334","x22335","x22336","x22337","x22338","x22339","x22340","x22341","x22342","x22343","x22344","x22345","x22346","x22347","x22348","x22349","x22350","x22351","x22352","x22353","x22354","x22355","x22356","x22357","x22358","x22359","x22360","x22361","x22362","x22363","x22364","x22365","x22366","x22367","x22368","x22369","x22370","x22371","x22372","x22373","x22374","x22375","x22376","x22377","x22378","x22379","x22380","x22381","x22382","x22383","x22384","x22385","x22386","x22387","x22388","x22389","x22390","x22391","x22392","x22393","x22394","x22395","x22396","x22397","x22398","x22399","x22400","x22401","x22402","x22403","x22404","x22405","x22406","x22407","x22408","x22409","x22410","x22411","x22412","x22413","x22414","x22415","x22416","x22417","x22418","x22419","x22420","x22421","x22422","x22423","x22424","x22425","x22426","x22427","x22428","x22429","x22430","x22431","x22432","x22433","x22434","x22435","x22436","x22437","x22438","x22439","x22440","x22441","x22442","x22443","x22444","x22445","x22446","x22447","x22448","x22449","x22450","x22451","x22452","x22453","x22454","x22455","x22456","x22457","x22458","x22459","x22460","x22461","x22462","x22463","x22464","x22465","x22466","x22467","x22468","x22469","x22470","x22471","x22472","x22473","x22474","x22475","x22476","x22477","x22478","x22479","x22480","x22481","x22482","x22483","x22484","x22485","x22486","x22487","x22488","x22489","x22490","x22491","x22492","x22493","x22494","x22495","x22496","x22497","x22498","x22499","x22500","x22501","x22502","x22503","x22504","x22505","x22506","x22507","x22508","x22509","x22510","x22511","x22512","x22513","x22514","x22515","x22516","x22517","x22518","x22519","x22520","x22521","x22522","x22523","x22524","x22525","x22526","x22527","x22528","x22529","x22530","x22531","x22532","x22533","x22534","x22535","x22536","x22537","x22538","x22539","x22540","x22541","x22542","x22543","x22544","x22545","x22546","x22547","x22548","x22549","x22550","x22551","x22552","x22553","x22554","x22555","x22556","x22557","x22558","x22559","x22560","x22561","x22562","x22563","x22564","x22565","x22566","x22567","x22568","x22569","x22570","x22571","x22572","x22573","x22574","x22575","x22576","x22577","x22578","x22579","x22580","x22581","x22582","x22583","x22584","x22585","x22586","x22587","x22588","x22589","x22590","x22591","x22592","x22593","x22594","x22595","x22596","x22597","x22598","x22599","x22600","x22601","x22602","x22603","x22604","x22605","x22606","x22607","x22608","x22609","x22610","x22611","x22612","x22613","x22614","x22615","x22616","x22617","x22618","x22619","x22620","x22621","x22622","x22623","x22624","x22625","x22626","x22627","x22628","x22629","x22630","x22631","x22632","x22633","x22634","x22635","x22636","x22637","x22638","x22639","x22640","x22641","x22642","x22643","x22644","x22645","x22646","x22647","x22648","x22649","x22650","x22651","x22652","x22653","x22654","x22655","x22656","x22657","x22658","x22659","x22660","x22661","x22662","x22663","x22664","x22665","x22666","x22667","x22668","x22669","x22670","x22671","x22672","x22673","x22674","x22675","x22676","x22677","x22678","x22679","x22680","x22681","x22682","x22683","x22684","x22685","x22686","x22687","x22688","x22689","x22690","x22691","x22692","x22693","x22694","x22695","x22696","x22697","x22698","x22699","x22700","x22701","x22702","x22703","x22704","x22705","x22706","x22707","x22708","x22709","x22710","x22711","x22712","x22713","x22714","x22715","x22716","x22717","x22718","x22719","x22720","x22721","x22722","x22723","x22724","x22725","x22726","x22727","x22728","x22729","x22730","x22731","x22732","x22733","x22734","x22735","x22736","x22737","x22738","x22739","x22740","x22741","x22742","x22743","x22744","x22745","x22746","x22747","x22748","x22749","x22750","x22751","x22752","x22753","x22754","x22755","x22756","x22757","x22758","x22759","x22760","x22761","x22762","x22763","x22764","x22765","x22766","x22767","x22768","x22769","x22770","x22771","x22772","x22773","x22774","x22775","x22776","x22777","x22778","x22779","x22780","x22781","x22782","x22783","x22784","x22785","x22786","x22787","x22788","x22789","x22790","x22791","x22792","x22793","x22794","x22795","x22796","x22797","x22798","x22799","x22800","x22801","x22802","x22803","x22804","x22805","x22806","x22807","x22808","x22809","x22810","x22811","x22812","x22813","x22814","x22815","x22816","x22817","x22818","x22819","x22820","x22821","x22822","x22823","x22824","x22825","x22826","x22827","x22828","x22829","x22830","x22831","x22832","x22833","x22834","x22835","x22836","x22837","x22838","x22839","x22840","x22841","x22842","x22843","x22844","x22845","x22846","x22847","x22848","x22849","x22850","x22851","x22852","x22853","x22854","x22855","x22856","x22857","x22858","x22859","x22860","x22861","x22862","x22863","x22864","x22865","x22866","x22867","x22868","x22869","x22870","x22871","x22872","x22873","x22874","x22875","x22876","x22877","x22878","x22879","x22880","x22881","x22882","x22883","x22884","x22885","x22886","x22887","x22888","x22889","x22890","x22891","x22892","x22893","x22894","x22895","x22896","x22897","x22898","x22899","x22900","x22901","x22902","x22903","x22904","x22905","x22906","x22907","x22908","x22909","x22910","x22911","x22912","x22913","x22914","x22915","x22916","x22917","x22918","x22919","x22920","x22921","x22922","x22923","x22924","x22925","x22926","x22927","x22928","x22929","x22930","x22931","x22932","x22933","x22934","x22935","x22936","x22937","x22938","x22939","x22940","x22941","x22942","x22943","x22944","x22945","x22946","x22947","x22948","x22949","x22950","x22951","x22952","x22953","x22954","x22955","x22956","x22957","x22958","x22959","x22960","x22961","x22962","x22963","x22964","x22965","x22966","x22967","x22968","x22969","x22970","x22971","x22972","x22973","x22974","x22975","x22976","x22977","x22978","x22979","x22980","x22981","x22982","x22983","x22984","x22985","x22986","x22987","x22988","x22989","x22990","x22991","x22992","x22993","x22994","x22995","x22996","x22997","x22998","x22999","x23000","x23001","x23002","x23003","x23004","x23005","x23006","x23007","x23008","x23009","x23010","x23011","x23012","x23013","x23014","x23015","x23016","x23017","x23018","x23019","x23020","x23021","x23022","x23023","x23024","x23025","x23026","x23027","x23028","x23029","x23030","x23031","x23032","x23033","x23034","x23035","x23036","x23037","x23038","x23039","x23040","x23041","x23042","x23043","x23044","x23045","x23046","x23047","x23048","x23049","x23050","x23051","x23052","x23053","x23054","x23055","x23056","x23057","x23058","x23059","x23060","x23061","x23062","x23063","x23064","x23065","x23066","x23067","x23068","x23069","x23070","x23071","x23072","x23073","x23074","x23075","x23076","x23077","x23078","x23079","x23080","x23081","x23082","x23083","x23084","x23085","x23086","x23087","x23088","x23089","x23090","x23091","x23092","x23093","x23094","x23095","x23096","x23097","x23098","x23099","x23100","x23101","x23102","x23103","x23104","x23105","x23106","x23107","x23108","x23109","x23110","x23111","x23112","x23113","x23114","x23115","x23116","x23117","x23118","x23119","x23120","x23121","x23122","x23123","x23124","x23125","x23126","x23127","x23128","x23129","x23130","x23131","x23132","x23133","x23134","x23135","x23136","x23137","x23138","x23139","x23140","x23141","x23142","x23143","x23144","x23145","x23146","x23147","x23148","x23149","x23150","x23151","x23152","x23153","x23154","x23155","x23156","x23157","x23158","x23159","x23160","x23161","x23162","x23163","x23164","x23165","x23166","x23167","x23168","x23169","x23170","x23171","x23172","x23173","x23174","x23175","x23176","x23177","x23178","x23179","x23180","x23181","x23182","x23183","x23184","x23185","x23186","x23187","x23188","x23189","x23190","x23191","x23192","x23193","x23194","x23195","x23196","x23197","x23198","x23199","x23200","x23201","x23202","x23203","x23204","x23205","x23206","x23207","x23208","x23209","x23210","x23211","x23212","x23213","x23214","x23215","x23216","x23217","x23218","x23219","x23220","x23221","x23222","x23223","x23224","x23225","x23226","x23227","x23228","x23229","x23230","x23231","x23232","x23233","x23234","x23235","x23236","x23237","x23238","x23239","x23240","x23241","x23242","x23243","x23244","x23245","x23246","x23247","x23248","x23249","x23250","x23251","x23252","x23253","x23254","x23255","x23256","x23257","x23258","x23259","x23260","x23261","x23262","x23263","x23264","x23265","x23266","x23267","x23268","x23269","x23270","x23271","x23272","x23273","x23274","x23275","x23276","x23277","x23278","x23279","x23280","x23281","x23282","x23283","x23284","x23285","x23286","x23287","x23288","x23289","x23290","x23291","x23292","x23293","x23294","x23295","x23296","x23297","x23298","x23299","x23300","x23301","x23302","x23303","x23304","x23305","x23306","x23307","x23308","x23309","x23310","x23311","x23312","x23313","x23314","x23315","x23316","x23317","x23318","x23319","x23320","x23321","x23322","x23323","x23324","x23325","x23326","x23327","x23328","x23329","x23330","x23331","x23332","x23333","x23334","x23335","x23336","x23337","x23338","x23339","x23340","x23341","x23342","x23343","x23344","x23345","x23346","x23347","x23348","x23349","x23350","x23351","x23352","x23353","x23354","x23355","x23356","x23357","x23358","x23359","x23360","x23361","x23362","x23363","x23364","x23365","x23366","x23367","x23368","x23369","x23370","x23371","x23372","x23373","x23374","x23375","x23376","x23377","x23378","x23379","x23380","x23381","x23382","x23383","x23384","x23385","x23386","x23387","x23388","x23389","x23390","x23391","x23392","x23393","x23394","x23395","x23396","x23397","x23398","x23399","x23400","x23401","x23402","x23403","x23404","x23405","x23406","x23407","x23408","x23409","x23410","x23411","x23412","x23413","x23414","x23415","x23416","x23417","x23418","x23419","x23420","x23421","x23422","x23423","x23424","x23425","x23426","x23427","x23428","x23429","x23430","x23431","x23432","x23433","x23434","x23435","x23436","x23437","x23438","x23439","x23440","x23441","x23442","x23443","x23444","x23445","x23446","x23447","x23448","x23449","x23450","x23451","x23452","x23453","x23454","x23455","x23456","x23457","x23458","x23459","x23460","x23461","x23462","x23463","x23464","x23465","x23466","x23467","x23468","x23469","x23470","x23471","x23472","x23473","x23474","x23475","x23476","x23477","x23478","x23479","x23480","x23481","x23482","x23483","x23484","x23485","x23486","x23487","x23488","x23489","x23490","x23491","x23492","x23493","x23494","x23495","x23496","x23497","x23498","x23499","x23500","x23501","x23502","x23503","x23504","x23505","x23506","x23507","x23508","x23509","x23510","x23511","x23512","x23513","x23514","x23515","x23516","x23517","x23518","x23519","x23520","x23521","x23522","x23523","x23524","x23525","x23526","x23527","x23528","x23529","x23530","x23531","x23532","x23533","x23534","x23535","x23536","x23537","x23538","x23539","x23540","x23541","x23542","x23543","x23544","x23545","x23546","x23547","x23548","x23549","x23550","x23551","x23552","x23553","x23554","x23555","x23556","x23557","x23558","x23559","x23560","x23561","x23562","x23563","x23564","x23565","x23566","x23567","x23568","x23569","x23570","x23571","x23572","x23573","x23574","x23575","x23576","x23577","x23578","x23579","x23580","x23581","x23582","x23583","x23584","x23585","x23586","x23587","x23588","x23589","x23590","x23591","x23592","x23593","x23594","x23595","x23596","x23597","x23598","x23599","x23600","x23601","x23602","x23603","x23604","x23605","x23606","x23607","x23608","x23609","x23610","x23611","x23612","x23613","x23614","x23615","x23616","x23617","x23618","x23619","x23620","x23621","x23622","x23623","x23624","x23625","x23626","x23627","x23628","x23629","x23630","x23631","x23632","x23633","x23634","x23635","x23636","x23637","x23638","x23639","x23640","x23641","x23642","x23643","x23644","x23645","x23646","x23647","x23648","x23649","x23650","x23651","x23652","x23653","x23654","x23655","x23656","x23657","x23658","x23659","x23660","x23661","x23662","x23663","x23664","x23665","x23666","x23667","x23668","x23669","x23670","x23671","x23672","x23673","x23674","x23675","x23676","x23677","x23678","x23679","x23680","x23681","x23682","x23683","x23684","x23685","x23686","x23687","x23688","x23689","x23690","x23691","x23692","x23693","x23694","x23695","x23696","x23697","x23698","x23699","x23700","x23701","x23702","x23703","x23704","x23705","x23706","x23707","x23708","x23709","x23710","x23711","x23712","x23713","x23714","x23715","x23716","x23717","x23718","x23719","x23720","x23721","x23722","x23723","x23724","x23725","x23726","x23727","x23728","x23729","x23730","x23731","x23732","x23733","x23734","x23735","x23736","x23737","x23738","x23739","x23740","x23741","x23742","x23743","x23744","x23745","x23746","x23747","x23748","x23749","x23750","x23751","x23752","x23753","x23754","x23755","x23756","x23757","x23758","x23759","x23760","x23761","x23762","x23763","x23764","x23765","x23766","x23767","x23768","x23769","x23770","x23771","x23772","x23773","x23774","x23775","x23776","x23777","x23778","x23779","x23780","x23781","x23782","x23783","x23784","x23785","x23786","x23787","x23788","x23789","x23790","x23791","x23792","x23793","x23794","x23795","x23796","x23797","x23798","x23799","x23800","x23801","x23802","x23803","x23804","x23805","x23806","x23807","x23808","x23809","x23810","x23811","x23812","x23813","x23814","x23815","x23816","x23817","x23818","x23819","x23820","x23821","x23822","x23823","x23824","x23825","x23826","x23827","x23828","x23829","x23830","x23831","x23832","x23833","x23834","x23835","x23836","x23837","x23838","x23839","x23840","x23841","x23842","x23843","x23844","x23845","x23846","x23847","x23848","x23849","x23850","x23851","x23852","x23853","x23854","x23855","x23856","x23857","x23858","x23859","x23860","x23861","x23862","x23863","x23864","x23865","x23866","x23867","x23868","x23869","x23870","x23871","x23872","x23873","x23874","x23875","x23876","x23877","x23878","x23879","x23880","x23881","x23882","x23883","x23884","x23885","x23886","x23887","x23888","x23889","x23890","x23891","x23892","x23893","x23894","x23895","x23896","x23897","x23898","x23899","x23900","x23901","x23902","x23903","x23904","x23905","x23906","x23907","x23908","x23909","x23910","x23911","x23912","x23913","x23914","x23915","x23916","x23917","x23918","x23919","x23920","x23921","x23922","x23923","x23924","x23925","x23926","x23927","x23928","x23929","x23930","x23931","x23932","x23933","x23934","x23935","x23936","x23937","x23938","x23939","x23940","x23941","x23942","x23943","x23944","x23945","x23946","x23947","x23948","x23949","x23950","x23951","x23952","x23953","x23954","x23955","x23956","x23957","x23958","x23959","x23960","x23961","x23962","x23963","x23964","x23965","x23966","x23967","x23968","x23969","x23970","x23971","x23972","x23973","x23974","x23975","x23976","x23977","x23978","x23979","x23980","x23981","x23982","x23983","x23984","x23985","x23986","x23987","x23988","x23989","x23990","x23991","x23992","x23993","x23994","x23995","x23996","x23997","x23998","x23999","x24000","x24001","x24002","x24003","x24004","x24005","x24006","x24007","x24008","x24009","x24010","x24011","x24012","x24013","x24014","x24015","x24016","x24017","x24018","x24019","x24020","x24021","x24022","x24023","x24024","x24025","x24026","x24027","x24028","x24029","x24030","x24031","x24032","x24033","x24034","x24035","x24036","x24037","x24038","x24039","x24040","x24041","x24042","x24043","x24044","x24045","x24046","x24047","x24048","x24049","x24050","x24051","x24052","x24053","x24054","x24055","x24056","x24057","x24058","x24059","x24060","x24061","x24062","x24063","x24064","x24065","x24066","x24067","x24068","x24069","x24070","x24071","x24072","x24073","x24074","x24075","x24076","x24077","x24078","x24079","x24080","x24081","x24082","x24083","x24084","x24085","x24086","x24087","x24088","x24089","x24090","x24091","x24092","x24093","x24094","x24095","x24096","x24097","x24098","x24099","x24100","x24101","x24102","x24103","x24104","x24105","x24106","x24107","x24108","x24109","x24110","x24111","x24112","x24113","x24114","x24115","x24116","x24117","x24118","x24119","x24120","x24121","x24122","x24123","x24124","x24125","x24126","x24127","x24128","x24129","x24130","x24131","x24132","x24133","x24134","x24135","x24136","x24137","x24138","x24139","x24140","x24141","x24142","x24143","x24144","x24145","x24146","x24147","x24148","x24149","x24150","x24151","x24152","x24153","x24154","x24155","x24156","x24157","x24158","x24159","x24160","x24161","x24162","x24163","x24164","x24165","x24166","x24167","x24168","x24169","x24170","x24171","x24172","x24173","x24174","x24175","x24176","x24177","x24178","x24179","x24180","x24181","x24182","x24183","x24184","x24185","x24186","x24187","x24188","x24189","x24190","x24191","x24192","x24193","x24194","x24195","x24196","x24197","x24198","x24199","x24200","x24201","x24202","x24203","x24204","x24205","x24206","x24207","x24208","x24209","x24210","x24211","x24212","x24213","x24214","x24215","x24216","x24217","x24218","x24219","x24220","x24221","x24222","x24223","x24224","x24225","x24226","x24227","x24228","x24229","x24230","x24231","x24232","x24233","x24234","x24235","x24236","x24237","x24238","x24239","x24240","x24241","x24242","x24243","x24244","x24245","x24246","x24247","x24248","x24249","x24250","x24251","x24252","x24253","x24254","x24255","x24256","x24257","x24258","x24259","x24260","x24261","x24262","x24263","x24264","x24265","x24266","x24267","x24268","x24269","x24270","x24271","x24272","x24273","x24274","x24275","x24276","x24277","x24278","x24279","x24280","x24281","x24282","x24283","x24284","x24285","x24286","x24287","x24288","x24289","x24290","x24291","x24292","x24293","x24294","x24295","x24296","x24297","x24298","x24299","x24300","x24301","x24302","x24303","x24304","x24305","x24306","x24307","x24308","x24309","x24310","x24311","x24312","x24313","x24314","x24315","x24316","x24317","x24318","x24319","x24320","x24321","x24322","x24323","x24324","x24325","x24326","x24327","x24328","x24329","x24330","x24331","x24332","x24333","x24334","x24335","x24336","x24337","x24338","x24339","x24340","x24341","x24342","x24343","x24344","x24345","x24346","x24347","x24348","x24349","x24350","x24351","x24352","x24353","x24354","x24355","x24356","x24357","x24358","x24359","x24360","x24361","x24362","x24363","x24364","x24365","x24366","x24367","x24368","x24369","x24370","x24371","x24372","x24373","x24374","x24375","x24376","x24377","x24378","x24379","x24380","x24381","x24382","x24383","x24384","x24385","x24386","x24387","x24388","x24389","x24390","x24391","x24392","x24393","x24394","x24395","x24396","x24397","x24398","x24399","x24400","x24401","x24402","x24403","x24404","x24405","x24406","x24407","x24408","x24409","x24410","x24411","x24412","x24413","x24414","x24415","x24416","x24417","x24418","x24419","x24420","x24421","x24422","x24423","x24424","x24425","x24426","x24427","x24428","x24429","x24430","x24431","x24432","x24433","x24434","x24435","x24436","x24437","x24438","x24439","x24440","x24441","x24442","x24443","x24444","x24445","x24446","x24447","x24448","x24449","x24450","x24451","x24452","x24453","x24454","x24455","x24456","x24457","x24458","x24459","x24460","x24461","x24462","x24463","x24464","x24465","x24466","x24467","x24468","x24469","x24470","x24471","x24472","x24473","x24474","x24475","x24476","x24477","x24478","x24479","x24480","x24481","x24482","x24483","x24484","x24485","x24486","x24487","x24488","x24489","x24490","x24491","x24492","x24493","x24494","x24495","x24496","x24497","x24498","x24499","x24500","x24501","x24502","x24503","x24504","x24505","x24506","x24507","x24508","x24509","x24510","x24511","x24512","x24513","x24514","x24515","x24516","x24517","x24518","x24519","x24520","x24521","x24522","x24523","x24524","x24525","x24526","x24527","x24528","x24529","x24530","x24531","x24532","x24533","x24534","x24535","x24536","x24537","x24538","x24539","x24540","x24541","x24542","x24543","x24544","x24545","x24546","x24547","x24548","x24549","x24550","x24551","x24552","x24553","x24554","x24555","x24556","x24557","x24558","x24559","x24560","x24561","x24562","x24563","x24564","x24565","x24566","x24567","x24568","x24569","x24570","x24571","x24572","x24573","x24574","x24575","x24576","x24577","x24578","x24579","x24580","x24581","x24582","x24583","x24584","x24585","x24586","x24587","x24588","x24589","x24590","x24591","x24592","x24593","x24594","x24595","x24596","x24597","x24598","x24599","x24600","x24601","x24602","x24603","x24604","x24605","x24606","x24607","x24608","x24609","x24610","x24611","x24612","x24613","x24614","x24615","x24616","x24617","x24618","x24619","x24620","x24621","x24622","x24623","x24624","x24625","x24626","x24627","x24628","x24629","x24630","x24631","x24632","x24633","x24634","x24635","x24636","x24637","x24638","x24639","x24640","x24641","x24642","x24643","x24644","x24645","x24646","x24647","x24648","x24649","x24650","x24651","x24652","x24653","x24654","x24655","x24656","x24657","x24658","x24659","x24660","x24661","x24662","x24663","x24664","x24665","x24666","x24667","x24668","x24669","x24670","x24671","x24672","x24673","x24674","x24675","x24676","x24677","x24678","x24679","x24680","x24681","x24682","x24683","x24684","x24685","x24686","x24687","x24688","x24689","x24690","x24691","x24692","x24693","x24694","x24695","x24696","x24697","x24698","x24699","x24700","x24701","x24702","x24703","x24704","x24705","x24706","x24707","x24708","x24709","x24710","x24711","x24712","x24713","x24714","x24715","x24716","x24717","x24718","x24719","x24720","x24721","x24722","x24723","x24724","x24725","x24726","x24727","x24728","x24729","x24730","x24731","x24732","x24733","x24734","x24735","x24736","x24737","x24738","x24739","x24740","x24741","x24742","x24743","x24744","x24745","x24746","x24747","x24748","x24749","x24750","x24751","x24752","x24753","x24754","x24755","x24756","x24757","x24758","x24759","x24760","x24761","x24762","x24763","x24764","x24765","x24766","x24767","x24768","x24769","x24770","x24771","x24772","x24773","x24774","x24775","x24776","x24777","x24778","x24779","x24780","x24781","x24782","x24783","x24784","x24785","x24786","x24787","x24788","x24789","x24790","x24791","x24792","x24793","x24794","x24795","x24796","x24797","x24798","x24799","x24800","x24801","x24802","x24803","x24804","x24805","x24806","x24807","x24808","x24809","x24810","x24811","x24812","x24813","x24814","x24815","x24816","x24817","x24818","x24819","x24820","x24821","x24822","x24823","x24824","x24825","x24826","x24827","x24828","x24829","x24830","x24831","x24832","x24833","x24834","x24835","x24836","x24837","x24838","x24839","x24840","x24841","x24842","x24843","x24844","x24845","x24846","x24847","x24848","x24849","x24850","x24851","x24852","x24853","x24854","x24855","x24856","x24857","x24858","x24859","x24860","x24861","x24862","x24863","x24864","x24865","x24866","x24867","x24868","x24869","x24870","x24871","x24872","x24873","x24874","x24875","x24876","x24877","x24878","x24879","x24880","x24881","x24882","x24883","x24884","x24885","x24886","x24887","x24888","x24889","x24890","x24891","x24892","x24893","x24894","x24895","x24896","x24897","x24898","x24899","x24900","x24901","x24902","x24903","x24904","x24905","x24906","x24907","x24908","x24909","x24910","x24911","x24912","x24913","x24914","x24915","x24916","x24917","x24918","x24919","x24920","x24921","x24922","x24923","x24924","x24925","x24926","x24927","x24928","x24929","x24930","x24931","x24932","x24933","x24934","x24935","x24936","x24937","x24938","x24939","x24940","x24941","x24942","x24943","x24944","x24945","x24946","x24947","x24948","x24949","x24950","x24951","x24952","x24953","x24954","x24955","x24956","x24957","x24958","x24959","x24960","x24961","x24962","x24963","x24964","x24965","x24966","x24967","x24968","x24969","x24970","x24971","x24972","x24973","x24974","x24975","x24976","x24977","x24978","x24979","x24980","x24981","x24982","x24983","x24984","x24985","x24986","x24987","x24988","x24989","x24990","x24991","x24992","x24993","x24994","x24995","x24996","x24997","x24998","x24999","x25000"
6405.125134125622,6405.125134125622,6405.125134125622,6405.125134125622,6405.125134125622,6405.125134125622,6405.125134125622,6405.125134125622,6404.031106900865,6404.031106900865,6404.031106900865,6404.031106900865,6404.031106900865,6404.031106900865,6404.031106900865,6404.031106900865,6404.031106900865,6404.031106900865,6404.031106900865,6404.031106900865,6404.031106900865,6404.031106900865,6404.031106900865,6404.031106900865,6404.031106900865,6404.031106900865,6404.031106900865,6404.031106900865,6404.031106900865,6404.031106900865,6404.031106900865,6404.031106900865,6404.031106900865,6404.031106900865,6404.031106900865,6404.031106900865,6404.031106900865,6404.031106900865,6404.031106900865,6400.382166038642,6400.382166038642,6400.382166038642,6400.382166038642,6400.382166038642,6400.382166038642,6400.382166038642,6400.382166038642,6400.382166038642,6400.382166038642,6400.382166038642,6400.382166038642,6400.382166038642,6400.382166038642,6400.382166038642,6400.382166038642,6400.382166038642,6400.382166038642,6400.382166038642,6400.382166038642,6400.382166038642,6400.382166038642,6400.382166038642,6400.382166038642,6400.382166038642,6400.382166038642,6400.382166038642,6400.382166038642,6400.382166038642,6400.382166038642,6400.382166038642,6400.382166038642,6400.382166038642,6400.382166038642,6400.382166038642,6400.382166038642,6400.382166038642,6400.382166038642,6400.382166038642,6400.382166038642,6400.382166038642,6400.382166038642,6400.382166038642,6400.382166038642,6400.382166038642,6400.382166038642,6400.382166038642,6400.382166038642,6400.382166038642,6400.382166038642,6400.382166038642,6400.382166038642,6400.382166038642,6400.382166038642,6400.382166038642,6400.382166038642,6400.382166038642,6400.382166038642,6400.382166038642,6400.382166038642,6400.382166038642,6400.382166038642,6400.382166038642,6400.382166038642,6400.382166038642,6400.382166038642,6400.382166038642,6400.382166038642,6400.382166038642,6400.382166038642,6400.382166038642,6400.382166038642,6400.382166038642,6400.382166038642,6400.382166038642,6400.382166038642,6400.7264860322375,6400.7264860322375,6400.7264860322375,6400.7264860322375,6400.7264860322375,6400.7264860322375,6400.7264860322375,6400.7264860322375,6400.7264860322375,6400.7264860322375,6400.7264860322375,6400.7264860322375,6399.953956729995,6399.953956729995,6399.953956729995,6399.953956729995,6399.953956729995,6399.953956729995,6399.953956729995,6401.051447828486,6401.051447828486,6401.051447828486,6401.051447828486,6401.051447828486,6401.051447828486,6402.192057124098,6402.192057124098,6402.192057124098,6402.192057124098,6402.192057124098,6402.192057124098,6402.192057124098,6402.192057124098,6402.192057124098,6402.192057124098,6402.192057124098,6402.192057124098,6402.192057124098,6402.192057124098,6402.192057124098,6402.192057124098,6402.192057124098,6402.192057124098,6402.192057124098,6402.192057124098,6402.192057124098,6402.192057124098,6402.192057124098,6402.192057124098,6402.192057124098,6402.192057124098,6402.192057124098,6402.192057124098,6402.192057124098,6402.192057124098,6402.192057124098,6402.192057124098,6402.192057124098,6402.192057124098,6402.7477073829405,6402.7477073829405,6402.7477073829405,6402.7477073829405,6402.7477073829405,6402.7477073829405,6402.7477073829405,6402.7477073829405,6402.7477073829405,6402.7477073829405,6402.7477073829405,6402.7477073829405,6402.7477073829405,6402.7477073829405,6402.7477073829405,6402.7477073829405,6402.7477073829405,6402.7477073829405,6402.7477073829405,6402.7477073829405,6402.7477073829405,6402.7477073829405,6402.7477073829405,6402.7477073829405,6402.7477073829405,6402.7477073829405,6402.7477073829405,6402.7477073829405,6402.7477073829405,6402.7477073829405,6402.7477073829405,6402.7477073829405,6402.7477073829405,6402.7477073829405,6402.7477073829405,6402.7477073829405,6402.7477073829405,6402.7477073829405,6402.7477073829405,6402.7477073829405,6402.7477073829405,6402.7477073829405,6402.7477073829405,6402.7477073829405,6402.7477073829405,6402.7477073829405,6402.7477073829405,6402.7477073829405,6402.7477073829405,6402.7477073829405,6402.7477073829405,6402.7477073829405,6402.7477073829405,6402.7477073829405,6402.7477073829405,6402.7477073829405,6402.7477073829405,6402.7477073829405,6402.7477073829405,6402.7477073829405,6402.7477073829405,6402.7477073829405,6402.7477073829405,6402.7477073829405,6402.7477073829405,6402.7477073829405,6402.7477073829405,6402.7477073829405,6402.7477073829405,6402.7477073829405,6402.7477073829405,6402.7477073829405,6402.7477073829405,6402.7477073829405,6402.7477073829405,6402.7477073829405,6402.7477073829405,6402.7477073829405,6402.7477073829405,6402.7477073829405,6402.7477073829405,6402.7477073829405,6402.7477073829405,6402.7477073829405,6404.482069443453,6404.482069443453,6404.482069443453,6404.482069443453,6404.482069443453,6404.482069443453,6403.363961857312,6403.363961857312,6403.363961857312,6403.363961857312,6403.363961857312,6403.363961857312,6403.363961857312,6404.05172228013,6404.05172228013,6404.05172228013,6404.05172228013,6404.05172228013,6404.05172228013,6404.05172228013,6404.05172228013,6404.05172228013,6404.05172228013,6404.05172228013,6404.05172228013,6404.05172228013,6404.05172228013,6404.05172228013,6404.05172228013,6404.05172228013,6404.05172228013,6404.05172228013,6404.05172228013,6404.05172228013,6404.05172228013,6404.05172228013,6404.05172228013,6404.05172228013,6404.05172228013,6404.05172228013,6404.05172228013,6404.05172228013,6404.05172228013,6404.05172228013,6404.05172228013,6404.05172228013,6404.05172228013,6404.05172228013,6404.05172228013,6404.05172228013,6404.05172228013,6404.05172228013,6404.05172228013,6404.05172228013,6404.05172228013,6404.05172228013,6404.05172228013,6404.05172228013,6404.05172228013,6404.05172228013,6404.05172228013,6404.05172228013,6404.05172228013,6404.05172228013,6404.05172228013,6404.05172228013,6404.05172228013,6404.05172228013,6404.05172228013,6404.05172228013,6404.05172228013,6404.05172228013,6404.775577090636,6404.775577090636,6404.775577090636,6404.775577090636,6404.775577090636,6404.775577090636,6404.775577090636,6404.775577090636,6404.775577090636,6404.775577090636,6404.775577090636,6404.775577090636,6404.775577090636,6404.775577090636,6404.775577090636,6404.775577090636,6404.775577090636,6404.775577090636,6404.775577090636,6404.775577090636,6404.775577090636,6404.775577090636,6404.775577090636,6404.775577090636,6404.775577090636,6404.775577090636,6404.775577090636,6404.775577090636,6404.775577090636,6404.775577090636,6404.775577090636,6404.775577090636,6404.775577090636,6404.775577090636,6404.775577090636,6404.775577090636,6404.775577090636,6404.775577090636,6404.775577090636,6404.775577090636,6404.775577090636,6404.775577090636,6404.775577090636,6404.775577090636,6404.775577090636,6404.775577090636,6404.775577090636,6404.775577090636,6404.775577090636,6404.775577090636,6404.775577090636,6404.775577090636,6404.775577090636,6404.775577090636,6404.775577090636,6404.775577090636,6404.775577090636,6404.399980311889,6404.399980311889,6404.399980311889,6404.399980311889,6404.399980311889,6404.399980311889,6404.399980311889,6404.399980311889,6404.399980311889,6404.399980311889,6404.399980311889,6404.399980311889,6404.399980311889,6404.399980311889,6404.399980311889,6404.399980311889,6404.399980311889,6404.399980311889,6404.399980311889,6404.399980311889,6404.399980311889,6404.399980311889,6404.399980311889,6404.399980311889,6404.399980311889,6404.399980311889,6404.399980311889,6404.399980311889,6404.399980311889,6404.399980311889,6404.399980311889,6404.399980311889,6404.399980311889,6404.399980311889,6404.399980311889,6404.399980311889,6404.399980311889,6404.399980311889,6404.399980311889,6404.399980311889,6404.399980311889,6402.5131124163645,6402.5131124163645,6402.5131124163645,6402.5131124163645,6402.5131124163645,6402.5131124163645,6402.5131124163645,6403.449590870186,6403.449590870186,6403.449590870186,6403.449590870186,6403.449590870186,6403.449590870186,6403.449590870186,6403.449590870186,6403.449590870186,6403.449590870186,6403.449590870186,6403.449590870186,6403.449590870186,6403.449590870186,6403.449590870186,6403.449590870186,6403.449590870186,6403.449590870186,6403.449590870186,6403.449590870186,6403.449590870186,6403.449590870186,6403.449590870186,6403.449590870186,6403.449590870186,6403.449590870186,6403.449590870186,6403.449590870186,6403.449590870186,6403.449590870186,6403.449590870186,6403.449590870186,6403.449590870186,6403.449590870186,6403.449590870186,6403.449590870186,6403.449590870186,6403.449590870186,6403.449590870186,6403.449590870186,6403.449590870186,6403.449590870186,6403.449590870186,6403.449590870186,6403.449590870186,6403.449590870186,6403.929674606448,6403.929674606448,6403.929674606448,6403.929674606448,6403.929674606448,6403.929674606448,6403.929674606448,6403.929674606448,6403.933131408716,6403.933131408716,6403.933131408716,6403.933131408716,6403.933131408716,6403.933131408716,6403.933131408716,6403.933131408716,6403.933131408716,6403.933131408716,6403.933131408716,6403.933131408716,6403.933131408716,6403.933131408716,6403.933131408716,6403.933131408716,6403.933131408716,6403.933131408716,6403.933131408716,6403.933131408716,6403.933131408716,6403.933131408716,6403.933131408716,6403.933131408716,6403.933131408716,6403.933131408716,6403.933131408716,6403.933131408716,6403.933131408716,6403.933131408716,6403.933131408716,6403.933131408716,6403.933131408716,6403.933131408716,6403.933131408716,6403.933131408716,6403.933131408716,6403.933131408716,6403.933131408716,6403.933131408716,6403.933131408716,6403.933131408716,6403.933131408716,6403.933131408716,6403.933131408716,6403.933131408716,6403.933131408716,6403.933131408716,6403.933131408716,6403.933131408716,6403.933131408716,6403.933131408716,6403.933131408716,6403.933131408716,6403.933131408716,6403.933131408716,6403.933131408716,6403.933131408716,6403.933131408716,6403.933131408716,6403.933131408716,6403.933131408716,6403.933131408716,6403.933131408716,6403.933131408716,6403.933131408716,6403.933131408716,6403.933131408716,6403.933131408716,6403.933131408716,6403.933131408716,6403.933131408716,6403.933131408716,6403.933131408716,6403.933131408716,6403.933131408716,6403.933131408716,6403.933131408716,6403.933131408716,6403.933131408716,6403.933131408716,6403.933131408716,6403.933131408716,6403.933131408716,6403.933131408716,6403.933131408716,6403.933131408716,6403.933131408716,6403.775642272608,6403.775642272608,6403.775642272608,6403.775642272608,6403.775642272608,6403.775642272608,6403.775642272608,6403.775642272608,6403.775642272608,6403.775642272608,6403.775642272608,6403.775642272608,6403.775642272608,6403.775642272608,6403.775642272608,6403.775642272608,6403.775642272608,6403.775642272608,6403.775642272608,6403.775642272608,6403.775642272608,6403.775642272608,6403.775642272608,6403.775642272608,6403.775642272608,6403.775642272608,6403.775642272608,6403.775642272608,6403.775642272608,6403.775642272608,6403.775642272608,6403.775642272608,6403.775642272608,6403.775642272608,6403.775642272608,6403.775642272608,6403.775642272608,6403.775642272608,6403.775642272608,6403.775642272608,6403.775642272608,6403.775642272608,6403.862785580307,6403.862785580307,6403.862785580307,6403.862785580307,6403.862785580307,6403.862785580307,6403.862785580307,6403.862785580307,6403.862785580307,6403.862785580307,6403.862785580307,6403.862785580307,6403.862785580307,6404.137279369399,6404.137279369399,6404.137279369399,6404.137279369399,6404.137279369399,6404.137279369399,6404.137279369399,6404.137279369399,6404.137279369399,6404.137279369399,6404.137279369399,6404.137279369399,6404.137279369399,6404.137279369399,6404.137279369399,6404.137279369399,6404.137279369399,6404.137279369399,6404.137279369399,6404.137279369399,6404.137279369399,6404.137279369399,6404.137279369399,6404.137279369399,6404.754963000474,6404.754963000474,6404.754963000474,6404.754963000474,6404.754963000474,6404.754963000474,6404.754963000474,6404.754963000474,6404.754963000474,6404.754963000474,6404.754963000474,6404.754963000474,6404.754963000474,6404.654612030796,6404.654612030796,6404.654612030796,6404.654612030796,6404.654612030796,6404.654612030796,6404.654612030796,6404.654612030796,6404.654612030796,6404.654612030796,6404.654612030796,6404.654612030796,6404.654612030796,6404.654612030796,6404.654612030796,6404.654612030796,6404.654612030796,6404.654612030796,6404.654612030796,6404.403325825062,6404.403325825062,6404.403325825062,6404.403325825062,6404.403325825062,6404.403325825062,6404.403325825062,6404.403325825062,6404.403325825062,6404.403325825062,6404.403325825062,6404.403325825062,6404.403325825062,6404.403325825062,6404.403325825062,6404.403325825062,6404.403325825062,6404.403325825062,6404.403325825062,6404.403325825062,6404.403325825062,6404.403325825062,6404.403325825062,6404.403325825062,6404.403325825062,6404.403325825062,6404.403325825062,6404.403325825062,6404.403325825062,6404.403325825062,6404.403325825062,6404.403325825062,6404.403325825062,6404.403325825062,6404.403325825062,6404.403325825062,6404.403325825062,6404.403325825062,6404.403325825062,6404.403325825062,6404.403325825062,6404.403325825062,6404.403325825062,6404.403325825062,6404.403325825062,6404.403325825062,6404.403325825062,6404.403325825062,6404.403325825062,6404.403325825062,6404.403325825062,6404.403325825062,6404.403325825062,6404.403325825062,6404.403325825062,6404.403325825062,6404.403325825062,6404.403325825062,6404.403325825062,6404.403325825062,6404.403325825062,6404.248620309791,6404.248620309791,6404.248620309791,6404.248620309791,6404.248620309791,6404.248620309791,6404.248620309791,6404.248620309791,6404.248620309791,6404.248620309791,6404.248620309791,6404.248620309791,6404.248620309791,6404.248620309791,6404.248620309791,6404.248620309791,6404.248620309791,6404.248620309791,6404.248620309791,6404.248620309791,6404.248620309791,6404.248620309791,6403.489541105759,6403.489541105759,6403.489541105759,6403.489541105759,6403.489541105759,6403.489541105759,6403.489541105759,6403.489541105759,6403.489541105759,6403.489541105759,6403.489541105759,6403.489541105759,6403.489541105759,6403.489541105759,6403.489541105759,6403.489541105759,6403.489541105759,6403.489541105759,6403.489541105759,6403.489541105759,6403.489541105759,6403.489541105759,6403.489541105759,6403.489541105759,6403.489541105759,6403.489541105759,6403.489541105759,6403.489541105759,6403.489541105759,6403.489541105759,6403.489541105759,6403.489541105759,6403.489541105759,6403.489541105759,6403.489541105759,6403.489541105759,6403.489541105759,6403.489541105759,6403.489541105759,6403.489541105759,6403.489541105759,6403.489541105759,6401.026452396472,6401.026452396472,6401.026452396472,6401.026452396472,6401.026452396472,6401.026452396472,6401.026452396472,6401.026452396472,6401.026452396472,6401.026452396472,6401.026452396472,6401.026452396472,6401.026452396472,6401.026452396472,6401.026452396472,6401.026452396472,6401.026452396472,6401.026452396472,6401.026452396472,6401.026452396472,6401.026452396472,6401.026452396472,6401.026452396472,6401.026452396472,6401.026452396472,6401.026452396472,6397.95537403044,6397.95537403044,6397.95537403044,6397.95537403044,6397.95537403044,6397.95537403044,6397.95537403044,6397.95537403044,6397.95537403044,6397.95537403044,6397.821199972891,6397.821199972891,6397.821199972891,6397.821199972891,6397.821199972891,6397.821199972891,6397.821199972891,6397.821199972891,6397.821199972891,6397.821199972891,6397.821199972891,6397.821199972891,6397.821199972891,6397.821199972891,6397.821199972891,6397.821199972891,6397.821199972891,6397.821199972891,6397.821199972891,6397.821199972891,6397.821199972891,6397.821199972891,6397.821199972891,6397.821199972891,6397.821199972891,6397.821199972891,6396.86029666497,6396.86029666497,6396.86029666497,6396.86029666497,6396.86029666497,6396.86029666497,6396.86029666497,6396.86029666497,6396.86029666497,6396.86029666497,6396.86029666497,6396.86029666497,6396.86029666497,6396.86029666497,6396.86029666497,6396.86029666497,6396.86029666497,6396.86029666497,6398.189960942574,6398.189960942574,6398.189960942574,6398.189960942574,6398.189960942574,6398.189960942574,6398.189960942574,6398.189960942574,6398.189960942574,6396.992786892978,6394.262714549564,6394.262714549564,6394.262714549564,6394.262714549564,6394.262714549564,6394.262714549564,6394.262714549564,6394.262714549564,6394.496084854821,6394.496084854821,6394.496084854821,6394.496084854821,6394.496084854821,6394.496084854821,6394.496084854821,6394.496084854821,6394.496084854821,6394.496084854821,6394.496084854821,6394.496084854821,6398.5851696268855,6398.5851696268855,6398.5851696268855,6398.5851696268855,6398.5851696268855,6397.185567810028,6397.185567810028,6397.185567810028,6397.185567810028,6397.185567810028,6397.185567810028,6397.185567810028,6397.185567810028,6397.185567810028,6397.185567810028,6397.185567810028,6397.185567810028,6397.185567810028,6397.185567810028,6397.185567810028,6397.185567810028,6397.185567810028,6397.185567810028,6397.185567810028,6397.185567810028,6397.185567810028,6397.185567810028,6397.185567810028,6397.185567810028,6397.185567810028,6397.185567810028,6397.185567810028,6397.185567810028,6397.185567810028,6397.185567810028,6397.185567810028,6397.185567810028,6397.185567810028,6397.748934340735,6397.748934340735,6397.748934340735,6397.215612847391,6397.215612847391,6397.215612847391,6397.215612847391,6397.215612847391,6397.215612847391,6397.215612847391,6397.215612847391,6397.215612847391,6397.215612847391,6399.978020794593,6399.978020794593,6399.978020794593,6399.978020794593,6399.978020794593,6399.978020794593,6399.978020794593,6399.978020794593,6399.978020794593,6399.978020794593,6399.978020794593,6399.978020794593,6399.978020794593,6399.858132624277,6399.858132624277,6399.858132624277,6399.858132624277,6399.858132624277,6399.858132624277,6399.858132624277,6399.858132624277,6399.858132624277,6399.858132624277,6399.858132624277,6399.858132624277,6399.858132624277,6399.858132624277,6399.858132624277,6399.858132624277,6399.858132624277,6399.858132624277,6399.858132624277,6399.858132624277,6399.858132624277,6399.858132624277,6399.858132624277,6399.858132624277,6399.858132624277,6399.858132624277,6399.858132624277,6399.858132624277,6399.858132624277,6399.858132624277,6400.28908991612,6400.28908991612,6400.28908991612,6400.28908991612,6400.28908991612,6399.881385163765,6399.881385163765,6399.881385163765,6399.881385163765,6401.300021453377,6400.905511616761,6400.905511616761,6400.905511616761,6400.905511616761,6400.905511616761,6400.905511616761,6400.905511616761,6400.905511616761,6400.905511616761,6400.905511616761,6400.905511616761,6400.905511616761,6400.905511616761,6400.905511616761,6400.905511616761,6400.905511616761,6400.905511616761,6400.905511616761,6400.905511616761,6400.905511616761,6400.905511616761,6400.905511616761,6400.905511616761,6400.905511616761,6400.905511616761,6400.905511616761,6400.905511616761,6400.905511616761,6400.905511616761,6400.905511616761,6400.905511616761,6400.905511616761,6400.905511616761,6400.905511616761,6400.905511616761,6400.905511616761,6400.905511616761,6400.905511616761,6400.905511616761,6400.905511616761,6400.905511616761,6400.905511616761,6400.905511616761,6400.905511616761,6399.7441159504315,6399.7441159504315,6399.7441159504315,6399.7441159504315,6399.7441159504315,6399.7441159504315,6399.7441159504315,6401.787922098322,6401.787922098322,6401.787922098322,6401.787922098322,6401.787922098322,6404.051670718919,6404.051670718919,6404.051670718919,6404.051670718919,6404.051670718919,6404.051670718919,6404.051670718919,6404.051670718919,6404.051670718919,6404.051670718919,6404.051670718919,6404.051670718919,6404.051670718919,6404.051670718919,6404.051670718919,6404.051670718919,6404.051670718919,6404.051670718919,6404.051670718919,6404.051670718919,6404.051670718919,6404.051670718919,6404.051670718919,6404.051670718919,6404.051670718919,6404.051670718919,6404.051670718919,6404.051670718919,6404.051670718919,6404.051670718919,6404.051670718919,6404.051670718919,6404.051670718919,6404.051670718919,6404.051670718919,6404.051670718919,6404.051670718919,6404.051670718919,6404.051670718919,6404.051670718919,6404.051670718919,6404.051670718919,6404.051670718919,6404.051670718919,6404.051670718919,6404.051670718919,6404.051670718919,6404.051670718919,6404.051670718919,6404.051670718919,6404.051670718919,6404.051670718919,6404.051670718919,6404.657331410561,6404.657331410561,6404.657331410561,6404.657331410561,6405.385026973667,6405.385026973667,6405.385026973667,6405.385026973667,6405.385026973667,6405.385026973667,6405.385026973667,6405.385026973667,6405.385026973667,6405.385026973667,6405.385026973667,6405.385026973667,6405.385026973667,6405.385026973667,6405.385026973667,6405.385026973667,6405.385026973667,6405.385026973667,6405.385026973667,6405.385026973667,6405.385026973667,6405.385026973667,6405.385026973667,6405.385026973667,6405.385026973667,6405.385026973667,6405.385026973667,6405.385026973667,6405.385026973667,6405.385026973667,6405.385026973667,6405.385026973667,6405.385026973667,6405.385026973667,6405.385026973667,6405.385026973667,6405.385026973667,6405.385026973667,6405.385026973667,6405.385026973667,6405.385026973667,6405.385026973667,6405.385026973667,6405.385026973667,6405.385026973667,6405.385026973667,6405.385026973667,6405.385026973667,6405.385026973667,6405.385026973667,6405.385026973667,6405.385026973667,6405.385026973667,6405.385026973667,6405.385026973667,6405.385026973667,6405.385026973667,6405.385026973667,6405.385026973667,6405.385026973667,6405.385026973667,6405.385026973667,6405.385026973667,6405.385026973667,6405.385026973667,6405.385026973667,6405.385026973667,6405.385026973667,6404.230470162116,6404.230470162116,6404.230470162116,6404.230470162116,6404.230470162116,6404.230470162116,6404.230470162116,6404.230470162116,6404.230470162116,6404.230470162116,6404.230470162116,6404.230470162116,6404.230470162116,6404.230470162116,6404.230470162116,6404.230470162116,6404.230470162116,6404.230470162116,6404.230470162116,6404.230470162116,6404.230470162116,6404.230470162116,6404.230470162116,6404.230470162116,6404.230470162116,6404.230470162116,6404.230470162116,6404.230470162116,6404.230470162116,6404.230470162116,6404.230470162116,6404.230470162116,6403.741509334445,6403.741509334445,6403.741509334445,6403.741509334445,6403.741509334445,6403.741509334445,6403.741509334445,6403.741509334445,6403.741509334445,6403.741509334445,6403.741509334445,6403.741509334445,6403.741509334445,6403.741509334445,6403.741509334445,6403.741509334445,6403.741509334445,6403.741509334445,6403.741509334445,6403.741509334445,6403.741509334445,6403.741509334445,6403.741509334445,6403.741509334445,6403.741509334445,6403.741509334445,6405.167444626819,6405.167444626819,6405.167444626819,6405.167444626819,6405.167444626819,6405.167444626819,6403.759097133297,6402.70462134905,6402.70462134905,6402.70462134905,6402.70462134905,6402.70462134905,6402.70462134905,6402.70462134905,6402.70462134905,6402.70462134905,6402.70462134905,6402.70462134905,6402.70462134905,6402.70462134905,6402.70462134905,6402.70462134905,6402.70462134905,6402.70462134905,6402.70462134905,6402.70462134905,6402.70462134905,6402.70462134905,6402.70462134905,6402.70462134905,6402.70462134905,6402.70462134905,6402.70462134905,6402.70462134905,6402.70462134905,6402.70462134905,6402.70462134905,6402.70462134905,6402.70462134905,6402.70462134905,6402.70462134905,6402.70462134905,6405.197397114551,6405.197397114551,6405.197397114551,6405.197397114551,6405.197397114551,6405.197397114551,6405.197397114551,6405.197397114551,6405.197397114551,6405.197397114551,6405.197397114551,6405.197397114551,6405.197397114551,6405.197397114551,6405.197397114551,6405.197397114551,6405.197397114551,6405.197397114551,6405.197397114551,6405.197397114551,6405.197397114551,6405.197397114551,6405.197397114551,6405.197397114551,6405.197397114551,6405.197397114551,6405.197397114551,6405.197397114551,6405.197397114551,6405.197397114551,6405.197397114551,6405.197397114551,6405.197397114551,6405.197397114551,6405.197397114551,6405.197397114551,6405.197397114551,6405.197397114551,6405.197397114551,6405.197397114551,6405.197397114551,6405.197397114551,6405.197397114551,6405.197397114551,6405.197397114551,6405.197397114551,6405.197397114551,6405.197397114551,6405.197397114551,6405.197397114551,6405.197397114551,6405.197397114551,6405.197397114551,6405.197397114551,6405.197397114551,6405.197397114551,6405.197397114551,6405.197397114551,6405.197397114551,6405.197397114551,6405.197397114551,6405.197397114551,6405.197397114551,6405.197397114551,6405.197397114551,6405.197397114551,6405.197397114551,6405.197397114551,6405.197397114551,6405.197397114551,6405.197397114551,6405.197397114551,6405.197397114551,6405.197397114551,6405.197397114551,6405.197397114551,6405.197397114551,6405.197397114551,6405.197397114551,6405.197397114551,6405.197397114551,6405.197397114551,6405.197397114551,6405.197397114551,6405.197397114551,6405.197397114551,6405.197397114551,6405.197397114551,6405.197397114551,6405.197397114551,6405.197397114551,6405.197397114551,6405.197397114551,6405.197397114551,6405.197397114551,6405.197397114551,6405.197397114551,6405.197397114551,6405.197397114551,6405.197397114551,6405.197397114551,6405.197397114551,6405.197397114551,6405.197397114551,6405.197397114551,6405.197397114551,6405.197397114551,6405.197397114551,6405.197397114551,6405.197397114551,6405.197397114551,6405.197397114551,6405.197397114551,6405.197397114551,6405.197397114551,6405.197397114551,6405.197397114551,6405.197397114551,6405.197397114551,6405.197397114551,6405.197397114551,6405.197397114551,6405.197397114551,6405.197397114551,6405.197397114551,6405.197397114551,6405.197397114551,6405.197397114551,6405.197397114551,6405.197397114551,6405.197397114551,6405.197397114551,6405.197397114551,6405.197397114551,6405.197397114551,6405.197397114551,6405.197397114551,6405.197397114551,6405.197397114551,6405.197397114551,6405.197397114551,6405.197397114551,6405.054749046001,6405.054749046001,6405.054749046001,6405.054749046001,6405.054749046001,6405.054749046001,6405.054749046001,6405.054749046001,6404.487536898819,6404.487536898819,6404.487536898819,6404.487536898819,6404.487536898819,6404.487536898819,6404.487536898819,6404.487536898819,6404.487536898819,6404.487536898819,6404.487536898819,6404.487536898819,6404.487536898819,6404.487536898819,6404.487536898819,6404.487536898819,6404.487536898819,6404.487536898819,6404.487536898819,6404.487536898819,6404.487536898819,6404.487536898819,6404.487536898819,6404.487536898819,6404.487536898819,6404.487536898819,6404.487536898819,6404.487536898819,6404.487536898819,6404.487536898819,6404.487536898819,6404.487536898819,6404.487536898819,6404.487536898819,6404.487536898819,6404.487536898819,6404.487536898819,6404.487536898819,6404.487536898819,6404.487536898819,6404.487536898819,6404.487536898819,6404.487536898819,6404.487536898819,6404.487536898819,6404.487536898819,6404.487536898819,6404.487536898819,6404.487536898819,6404.487536898819,6404.487536898819,6404.487536898819,6404.487536898819,6404.487536898819,6404.487536898819,6404.487536898819,6403.384673967616,6403.384673967616,6403.384673967616,6403.384673967616,6403.384673967616,6403.384673967616,6403.384673967616,6403.384673967616,6403.384673967616,6403.384673967616,6403.384673967616,6403.384673967616,6403.384673967616,6403.384673967616,6403.384673967616,6403.384673967616,6403.384673967616,6403.384673967616,6403.384673967616,6403.384673967616,6403.384673967616,6403.384673967616,6403.384673967616,6403.384673967616,6403.384673967616,6403.384673967616,6403.384673967616,6403.384673967616,6403.384673967616,6403.384673967616,6403.384673967616,6403.384673967616,6403.384673967616,6402.712388462538,6402.712388462538,6402.712388462538,6402.712388462538,6402.712388462538,6402.712388462538,6402.712388462538,6402.712388462538,6402.712388462538,6402.712388462538,6402.712388462538,6402.712388462538,6402.712388462538,6402.712388462538,6402.712388462538,6402.712388462538,6402.712388462538,6402.712388462538,6402.712388462538,6402.712388462538,6402.712388462538,6402.712388462538,6402.712388462538,6404.893582281527,6404.741684166604,6404.741684166604,6404.741684166604,6404.741684166604,6404.741684166604,6404.741684166604,6404.741684166604,6404.741684166604,6404.741684166604,6404.741684166604,6404.728624584932,6404.728624584932,6404.728624584932,6404.728624584932,6404.728624584932,6404.728624584932,6404.728624584932,6404.728624584932,6404.728624584932,6404.728624584932,6404.728624584932,6404.728624584932,6404.728624584932,6404.728624584932,6404.728624584932,6404.728624584932,6404.728624584932,6404.728624584932,6404.728624584932,6404.728624584932,6404.728624584932,6404.844600535432,6404.844600535432,6404.844600535432,6404.844600535432,6404.844600535432,6404.844600535432,6404.844600535432,6404.844600535432,6404.844600535432,6404.844600535432,6404.844600535432,6404.844600535432,6404.844600535432,6404.844600535432,6404.844600535432,6404.844600535432,6404.844600535432,6404.844600535432,6404.844600535432,6404.844600535432,6404.844600535432,6404.844600535432,6404.844600535432,6404.844600535432,6404.844600535432,6404.844600535432,6404.844600535432,6404.844600535432,6404.844600535432,6404.844600535432,6404.844600535432,6403.370660040016,6403.370660040016,6403.370660040016,6403.370660040016,6403.370660040016,6403.370660040016,6403.370660040016,6403.788038157239,6403.788038157239,6403.788038157239,6403.788038157239,6403.788038157239,6403.788038157239,6403.788038157239,6403.788038157239,6403.788038157239,6403.788038157239,6403.788038157239,6403.788038157239,6403.465353813746,6403.465353813746,6403.465353813746,6403.465353813746,6403.465353813746,6403.465353813746,6403.465353813746,6403.465353813746,6403.465353813746,6403.465353813746,6403.465353813746,6403.465353813746,6404.543719697718,6404.543719697718,6404.543719697718,6404.543719697718,6404.543719697718,6404.543719697718,6404.543719697718,6404.543719697718,6404.543719697718,6404.543719697718,6404.543719697718,6404.543719697718,6404.543719697718,6404.543719697718,6404.543719697718,6404.543719697718,6404.543719697718,6404.543719697718,6404.543719697718,6404.543719697718,6404.543719697718,6404.543719697718,6404.543719697718,6404.543719697718,6404.543719697718,6404.543719697718,6404.543719697718,6404.543719697718,6404.543719697718,6404.543719697718,6404.543719697718,6404.543719697718,6404.543719697718,6404.543719697718,6404.543719697718,6404.543719697718,6404.543719697718,6404.543719697718,6404.543719697718,6404.543719697718,6404.543719697718,6404.543719697718,6404.543719697718,6404.738819669199,6404.738819669199,6404.738819669199,6404.738819669199,6404.738819669199,6404.738819669199,6404.738819669199,6404.738819669199,6404.738819669199,6404.738819669199,6404.738819669199,6404.738819669199,6404.738819669199,6404.738819669199,6404.738819669199,6404.738819669199,6404.738819669199,6404.738819669199,6404.738819669199,6404.738819669199,6404.738819669199,6404.738819669199,6404.738819669199,6404.738819669199,6404.738819669199,6404.738819669199,6404.738819669199,6404.738819669199,6404.738819669199,6404.738819669199,6404.738819669199,6404.738819669199,6404.738819669199,6404.738819669199,6404.738819669199,6404.738819669199,6404.738819669199,6404.738819669199,6404.738819669199,6404.738819669199,6404.738819669199,6404.738819669199,6404.738819669199,6404.738819669199,6404.738819669199,6404.738819669199,6404.738819669199,6404.738819669199,6404.738819669199,6404.738819669199,6404.738819669199,6404.738819669199,6404.738819669199,6404.738819669199,6404.738819669199,6404.738819669199,6404.738819669199,6404.738819669199,6404.738819669199,6404.738819669199,6404.738819669199,6404.738819669199,6404.738819669199,6404.738819669199,6404.738819669199,6404.738819669199,6404.738819669199,6404.738819669199,6404.738819669199,6404.738819669199,6404.738819669199,6404.738819669199,6404.738819669199,6404.738819669199,6404.738819669199,6404.738819669199,6404.738819669199,6404.738819669199,6404.738819669199,6404.738819669199,6404.738819669199,6404.738819669199,6404.738819669199,6404.738819669199,6404.738819669199,6404.738819669199,6404.738819669199,6404.738819669199,6404.738819669199,6404.738819669199,6404.738819669199,6404.738819669199,6404.738819669199,6404.738819669199,6404.738819669199,6404.738819669199,6404.738819669199,6404.738819669199,6404.738819669199,6404.738819669199,6404.738819669199,6405.68451675482,6405.68451675482,6405.68451675482,6405.68451675482,6405.68451675482,6405.68451675482,6405.68451675482,6405.68451675482,6405.68451675482,6405.68451675482,6405.68451675482,6405.68451675482,6405.68451675482,6405.68451675482,6405.68451675482,6405.68451675482,6405.68451675482,6405.68451675482,6405.68451675482,6405.68451675482,6405.68451675482,6405.68451675482,6405.68451675482,6405.68451675482,6405.68451675482,6405.68451675482,6405.68451675482,6405.68451675482,6405.68451675482,6405.68451675482,6405.68451675482,6405.68451675482,6405.68451675482,6405.68451675482,6405.68451675482,6405.68451675482,6405.68451675482,6405.68451675482,6405.68451675482,6405.68451675482,6405.68451675482,6405.68451675482,6405.68451675482,6405.68451675482,6405.68451675482,6405.68451675482,6405.68451675482,6405.68451675482,6405.68451675482,6405.68451675482,6405.68451675482,6405.68451675482,6405.68451675482,6405.68451675482,6404.623724789128,6404.623724789128,6404.623724789128,6404.623724789128,6404.623724789128,6404.623724789128,6404.623724789128,6404.623724789128,6404.623724789128,6404.623724789128,6404.623724789128,6404.623724789128,6404.623724789128,6404.623724789128,6404.623724789128,6404.623724789128,6404.623724789128,6404.623724789128,6404.623724789128,6404.623724789128,6404.623724789128,6404.623724789128,6404.623724789128,6404.623724789128,6404.623724789128,6404.623724789128,6404.893587905267,6404.893587905267,6404.893587905267,6404.893587905267,6404.893587905267,6404.893587905267,6404.893587905267,6404.893587905267,6404.893587905267,6405.408651502642,6405.408651502642,6405.408651502642,6405.408651502642,6405.408651502642,6405.408651502642,6405.408651502642,6405.408651502642,6405.408651502642,6405.408651502642,6405.408651502642,6405.408651502642,6405.408651502642,6405.408651502642,6405.408651502642,6405.408651502642,6405.408651502642,6405.408651502642,6405.408651502642,6405.408651502642,6405.408651502642,6405.408651502642,6405.408651502642,6405.408651502642,6405.408651502642,6405.408651502642,6405.408651502642,6405.408651502642,6405.408651502642,6405.408651502642,6405.408651502642,6405.408651502642,6405.408651502642,6405.408651502642,6405.408651502642,6405.408651502642,6405.408651502642,6405.408651502642,6405.408651502642,6405.408651502642,6405.408651502642,6405.408651502642,6405.408651502642,6405.408651502642,6405.408651502642,6405.408651502642,6405.408651502642,6405.408651502642,6405.408651502642,6405.408651502642,6405.408651502642,6405.408651502642,6405.408651502642,6405.408651502642,6405.408651502642,6405.408651502642,6405.408651502642,6405.408651502642,6405.408651502642,6405.408651502642,6405.408651502642,6405.408651502642,6405.408651502642,6405.408651502642,6405.408651502642,6405.408651502642,6405.408651502642,6405.408651502642,6405.408651502642,6405.408651502642,6405.408651502642,6405.408651502642,6405.408651502642,6405.408651502642,6405.408651502642,6405.408651502642,6405.408651502642,6405.408651502642,6405.408651502642,6405.408651502642,6405.408651502642,6405.408651502642,6405.408651502642,6404.175431481915,6404.175431481915,6404.175431481915,6404.175431481915,6404.175431481915,6404.175431481915,6404.175431481915,6404.175431481915,6404.175431481915,6405.644044419934,6405.644044419934,6405.644044419934,6405.644044419934,6405.644044419934,6405.644044419934,6405.644044419934,6405.644044419934,6405.644044419934,6405.644044419934,6405.644044419934,6405.644044419934,6405.644044419934,6405.644044419934,6405.644044419934,6405.644044419934,6405.644044419934,6405.644044419934,6405.644044419934,6405.644044419934,6405.644044419934,6405.644044419934,6405.644044419934,6405.644044419934,6405.644044419934,6405.644044419934,6405.644044419934,6405.644044419934,6405.644044419934,6405.644044419934,6405.644044419934,6405.644044419934,6405.644044419934,6405.644044419934,6405.644044419934,6405.644044419934,6405.644044419934,6405.644044419934,6405.644044419934,6405.644044419934,6405.644044419934,6405.644044419934,6405.644044419934,6405.644044419934,6405.644044419934,6405.644044419934,6405.644044419934,6405.644044419934,6405.644044419934,6405.644044419934,6405.644044419934,6405.644044419934,6405.644044419934,6405.644044419934,6405.644044419934,6405.644044419934,6405.644044419934,6405.644044419934,6405.644044419934,6405.644044419934,6405.644044419934,6405.644044419934,6405.644044419934,6405.644044419934,6405.644044419934,6405.644044419934,6405.644044419934,6405.644044419934,6405.644044419934,6405.644044419934,6405.644044419934,6405.644044419934,6405.644044419934,6405.644044419934,6405.644044419934,6405.644044419934,6405.644044419934,6405.644044419934,6405.644044419934,6405.644044419934,6405.644044419934,6405.644044419934,6405.644044419934,6405.644044419934,6405.644044419934,6405.644044419934,6405.644044419934,6405.644044419934,6405.644044419934,6405.644044419934,6405.644044419934,6405.644044419934,6405.644044419934,6405.644044419934,6405.644044419934,6405.644044419934,6405.644044419934,6405.644044419934,6405.644044419934,6405.644044419934,6405.644044419934,6405.644044419934,6405.644044419934,6405.644044419934,6405.644044419934,6405.644044419934,6405.644044419934,6405.644044419934,6405.644044419934,6405.644044419934,6405.644044419934,6405.644044419934,6405.644044419934,6405.644044419934,6405.644044419934,6405.644044419934,6405.644044419934,6405.644044419934,6405.644044419934,6405.644044419934,6405.644044419934,6405.644044419934,6402.770752523041,6402.770752523041,6402.770752523041,6402.770752523041,6402.770752523041,6402.770752523041,6402.770752523041,6402.770752523041,6402.770752523041,6403.72991976029,6404.3437767212945,6404.3437767212945,6404.3437767212945,6404.3437767212945,6404.3437767212945,6404.3437767212945,6404.3437767212945,6404.3437767212945,6404.3437767212945,6404.3437767212945,6404.3437767212945,6404.3437767212945,6404.48411452572,6404.48411452572,6404.48411452572,6404.48411452572,6404.48411452572,6404.48411452572,6404.48411452572,6404.48411452572,6404.48411452572,6404.48411452572,6404.48411452572,6404.48411452572,6404.48411452572,6404.48411452572,6404.48411452572,6404.48411452572,6404.48411452572,6404.48411452572,6404.48411452572,6404.48411452572,6404.48411452572,6404.48411452572,6404.48411452572,6404.48411452572,6404.408577399964,6404.408577399964,6403.223330398545,6403.223330398545,6403.223330398545,6403.223330398545,6403.223330398545,6403.223330398545,6403.223330398545,6403.223330398545,6403.223330398545,6403.223330398545,6403.223330398545,6403.223330398545,6403.223330398545,6403.223330398545,6403.223330398545,6403.223330398545,6403.223330398545,6403.223330398545,6403.223330398545,6403.223330398545,6403.223330398545,6403.223330398545,6403.223330398545,6403.223330398545,6403.223330398545,6403.223330398545,6403.223330398545,6403.223330398545,6403.223330398545,6403.223330398545,6403.223330398545,6403.223330398545,6403.223330398545,6403.223330398545,6403.223330398545,6403.223330398545,6403.223330398545,6403.223330398545,6403.223330398545,6403.223330398545,6403.223330398545,6403.223330398545,6403.223330398545,6403.223330398545,6403.223330398545,6403.223330398545,6403.223330398545,6403.223330398545,6403.223330398545,6403.223330398545,6403.223330398545,6403.223330398545,6403.223330398545,6403.223330398545,6403.223330398545,6403.223330398545,6403.223330398545,6403.223330398545,6403.223330398545,6403.223330398545,6403.223330398545,6403.223330398545,6403.223330398545,6403.223330398545,6402.725421680479,6402.725421680479,6402.725421680479,6402.725421680479,6402.725421680479,6402.725421680479,6402.725421680479,6402.725421680479,6402.725421680479,6402.725421680479,6402.725421680479,6402.725421680479,6402.725421680479,6402.725421680479,6402.725421680479,6402.725421680479,6402.725421680479,6402.725421680479,6402.725421680479,6402.725421680479,6402.725421680479,6402.725421680479,6402.725421680479,6402.725421680479,6402.725421680479,6402.725421680479,6402.725421680479,6402.725421680479,6402.725421680479,6402.725421680479,6402.725421680479,6402.725421680479,6402.725421680479,6402.725421680479,6402.725421680479,6402.725421680479,6402.725421680479,6402.725421680479,6402.725421680479,6402.725421680479,6402.725421680479,6402.725421680479,6402.725421680479,6402.725421680479,6402.725421680479,6402.725421680479,6402.725421680479,6402.725421680479,6402.725421680479,6402.725421680479,6402.725421680479,6402.725421680479,6402.725421680479,6402.725421680479,6402.725421680479,6402.725421680479,6402.725421680479,6402.725421680479,6402.725421680479,6402.725421680479,6402.725421680479,6402.725421680479,6402.725421680479,6402.725421680479,6402.725421680479,6402.725421680479,6402.725421680479,6402.725421680479,6402.725421680479,6402.725421680479,6402.725421680479,6402.725421680479,6403.140839040408,6403.140839040408,6403.140839040408,6403.140839040408,6403.140839040408,6403.140839040408,6403.140839040408,6403.140839040408,6403.140839040408,6403.140839040408,6403.140839040408,6403.140839040408,6403.140839040408,6403.140839040408,6403.140839040408,6403.140839040408,6403.140839040408,6403.140839040408,6403.140839040408,6403.140839040408,6403.140839040408,6403.140839040408,6403.140839040408,6403.140839040408,6403.140839040408,6403.140839040408,6403.140839040408,6403.140839040408,6403.640738146977,6403.807134710805,6403.807134710805,6403.9244099400785,6403.9244099400785,6403.9244099400785,6403.9244099400785,6403.9244099400785,6403.9244099400785,6403.9244099400785,6403.9244099400785,6403.9244099400785,6403.9244099400785,6403.9244099400785,6403.9244099400785,6403.9244099400785,6403.9244099400785,6403.9244099400785,6403.9244099400785,6403.9244099400785,6403.9244099400785,6403.839924919238,6403.839924919238,6403.839924919238,6403.839924919238,6403.839924919238,6403.839924919238,6403.839924919238,6403.839924919238,6403.839924919238,6403.839924919238,6403.839924919238,6403.839924919238,6403.839924919238,6403.839924919238,6403.839924919238,6403.839924919238,6403.839924919238,6403.839924919238,6403.839924919238,6403.839924919238,6403.839924919238,6403.839924919238,6403.839924919238,6403.839924919238,6403.331564937621,6403.331564937621,6403.331564937621,6403.331564937621,6403.331564937621,6403.331564937621,6403.331564937621,6403.331564937621,6403.331564937621,6402.6968455891365,6402.6968455891365,6402.6968455891365,6402.6968455891365,6402.6968455891365,6402.6968455891365,6402.6968455891365,6402.6968455891365,6402.6968455891365,6402.6968455891365,6402.6968455891365,6402.6968455891365,6402.6968455891365,6402.6968455891365,6402.6968455891365,6402.682495489715,6402.682495489715,6402.682495489715,6402.682495489715,6402.682495489715,6402.682495489715,6402.682495489715,6402.682495489715,6402.682495489715,6402.682495489715,6403.714531835461,6403.714531835461,6403.714531835461,6403.714531835461,6403.714531835461,6403.714531835461,6403.714531835461,6403.714531835461,6403.714531835461,6403.714531835461,6403.714531835461,6403.714531835461,6403.714531835461,6403.714531835461,6403.714531835461,6403.714531835461,6403.714531835461,6403.714531835461,6403.714531835461,6403.714531835461,6403.714531835461,6403.714531835461,6403.714531835461,6403.714531835461,6403.714531835461,6403.714531835461,6403.714531835461,6403.976258262016,6403.976258262016,6403.976258262016,6403.976258262016,6403.976258262016,6403.976258262016,6403.976258262016,6403.976258262016,6403.976258262016,6403.976258262016,6403.976258262016,6403.976258262016,6403.976258262016,6403.976258262016,6403.976258262016,6403.976258262016,6403.976258262016,6403.976258262016,6403.976258262016,6403.976258262016,6403.976258262016,6403.976258262016,6403.976258262016,6403.976258262016,6403.976258262016,6403.976258262016,6403.976258262016,6403.976258262016,6403.976258262016,6403.976258262016,6403.976258262016,6403.976258262016,6403.976258262016,6403.976258262016,6403.976258262016,6403.976258262016,6403.976258262016,6403.976258262016,6403.957035489292,6403.957035489292,6403.957035489292,6403.957035489292,6403.957035489292,6403.957035489292,6403.957035489292,6403.957035489292,6403.102769423479,6403.102769423479,6403.102769423479,6403.102769423479,6403.102769423479,6403.102769423479,6402.887722099322,6402.887722099322,6402.887722099322,6402.887722099322,6402.887722099322,6402.887722099322,6402.887722099322,6402.519626797819,6402.519626797819,6402.519626797819,6402.519626797819,6402.519626797819,6402.519626797819,6404.650116384015,6404.650116384015,6404.650116384015,6404.650116384015,6404.650116384015,6404.650116384015,6404.650116384015,6404.650116384015,6404.650116384015,6404.650116384015,6404.778306554578,6404.778306554578,6404.778306554578,6404.778306554578,6404.778306554578,6404.778306554578,6404.778306554578,6404.778306554578,6404.778306554578,6404.778306554578,6404.778306554578,6404.778306554578,6404.778306554578,6404.778306554578,6404.778306554578,6404.778306554578,6404.778306554578,6404.778306554578,6404.778306554578,6404.778306554578,6404.4611018271835,6404.4611018271835,6404.4611018271835,6404.4611018271835,6404.4611018271835,6404.4611018271835,6404.4611018271835,6404.4611018271835,6404.4611018271835,6404.4611018271835,6404.4611018271835,6404.4611018271835,6404.4611018271835,6404.4611018271835,6404.4611018271835,6404.4611018271835,6404.4611018271835,6404.4611018271835,6404.4611018271835,6404.4611018271835,6404.4611018271835,6404.4611018271835,6404.4611018271835,6404.4611018271835,6404.4611018271835,6404.4611018271835,6404.4611018271835,6404.4611018271835,6404.4611018271835,6404.4611018271835,6404.4611018271835,6404.4611018271835,6404.4611018271835,6404.4611018271835,6404.4611018271835,6404.4611018271835,6404.4611018271835,6404.4611018271835,6404.4611018271835,6404.4611018271835,6404.4611018271835,6404.4611018271835,6404.4611018271835,6404.4611018271835,6404.4611018271835,6404.4611018271835,6404.4611018271835,6404.4611018271835,6404.4611018271835,6404.4611018271835,6404.4611018271835,6404.4611018271835,6405.626472533222,6405.626472533222,6405.626472533222,6405.626472533222,6405.626472533222,6405.626472533222,6405.626472533222,6405.626472533222,6405.626472533222,6405.626472533222,6405.626472533222,6405.626472533222,6405.626472533222,6405.626472533222,6405.626472533222,6405.626472533222,6405.626472533222,6405.626472533222,6405.626472533222,6405.626472533222,6405.626472533222,6405.626472533222,6405.626472533222,6405.626472533222,6405.626472533222,6405.626472533222,6405.626472533222,6405.626472533222,6405.626472533222,6405.626472533222,6405.626472533222,6405.626472533222,6405.626472533222,6405.626472533222,6405.626472533222,6405.626472533222,6405.626472533222,6405.626472533222,6405.626472533222,6405.626472533222,6405.626472533222,6405.626472533222,6405.626472533222,6405.626472533222,6405.626472533222,6405.626472533222,6405.626472533222,6405.626472533222,6405.626472533222,6405.626472533222,6405.626472533222,6405.626472533222,6405.626472533222,6405.626472533222,6405.626472533222,6405.626472533222,6405.626472533222,6405.626472533222,6405.626472533222,6405.626472533222,6405.626472533222,6405.626472533222,6405.626472533222,6405.626472533222,6405.626472533222,6405.626472533222,6405.626472533222,6405.626472533222,6405.626472533222,6405.626472533222,6405.626472533222,6405.626472533222,6405.626472533222,6405.626472533222,6405.626472533222,6405.626472533222,6405.626472533222,6405.626472533222,6405.626472533222,6405.626472533222,6405.626472533222,6405.626472533222,6405.626472533222,6405.626472533222,6405.626472533222,6405.626472533222,6405.626472533222,6405.626472533222,6405.626472533222,6405.626472533222,6405.626472533222,6405.626472533222,6405.626472533222,6405.626472533222,6405.626472533222,6405.626472533222,6405.626472533222,6405.626472533222,6405.626472533222,6405.626472533222,6405.626472533222,6405.626472533222,6405.626472533222,6405.626472533222,6405.626472533222,6405.626472533222,6405.626472533222,6405.626472533222,6405.626472533222,6405.626472533222,6405.626472533222,6405.626472533222,6405.626472533222,6405.626472533222,6405.626472533222,6405.626472533222,6405.626472533222,6405.626472533222,6405.626472533222,6405.626472533222,6405.626472533222,6405.204880296684,6405.204880296684,6405.204880296684,6405.204880296684,6405.204880296684,6405.204880296684,6405.204880296684,6405.204880296684,6405.204880296684,6405.204880296684,6405.204880296684,6405.204880296684,6405.204880296684,6405.204880296684,6405.204880296684,6405.204880296684,6405.204880296684,6405.204880296684,6405.204880296684,6405.204880296684,6405.204880296684,6405.204880296684,6405.204880296684,6405.204880296684,6405.204880296684,6405.204880296684,6405.204880296684,6405.204880296684,6405.204880296684,6405.204880296684,6405.204880296684,6405.204880296684,6405.204880296684,6405.204880296684,6405.204880296684,6405.204880296684,6405.204880296684,6405.204880296684,6405.204880296684,6405.204880296684,6405.204880296684,6405.204880296684,6405.204880296684,6405.204880296684,6405.204880296684,6405.204880296684,6405.204880296684,6405.204880296684,6405.204880296684,6405.204880296684,6405.204880296684,6405.204880296684,6405.204880296684,6405.204880296684,6405.204880296684,6405.204880296684,6405.204880296684,6405.204880296684,6405.204880296684,6405.204880296684,6405.204880296684,6405.204880296684,6405.204880296684,6405.204880296684,6405.204880296684,6405.204880296684,6405.204880296684,6405.204880296684,6405.204880296684,6405.204880296684,6405.204880296684,6405.204880296684,6405.204880296684,6405.204880296684,6405.204880296684,6405.204880296684,6405.204880296684,6405.204880296684,6405.204880296684,6405.204880296684,6405.204880296684,6405.204880296684,6405.204880296684,6405.204880296684,6405.204880296684,6405.204880296684,6405.204880296684,6405.204880296684,6405.204880296684,6405.204880296684,6405.204880296684,6405.204880296684,6405.204880296684,6405.204880296684,6405.204880296684,6405.204880296684,6405.204880296684,6405.204880296684,6405.204880296684,6405.204880296684,6405.204880296684,6405.204880296684,6405.204880296684,6405.204880296684,6405.204880296684,6405.204880296684,6405.204880296684,6405.204880296684,6405.204880296684,6405.204880296684,6405.204880296684,6405.204880296684,6405.204880296684,6405.204880296684,6405.204880296684,6405.204880296684,6405.204880296684,6405.204880296684,6405.204880296684,6405.204880296684,6405.204880296684,6405.204880296684,6405.204880296684,6405.204880296684,6405.204880296684,6405.204880296684,6405.204880296684,6405.204880296684,6405.204880296684,6405.204880296684,6405.204880296684,6405.204880296684,6405.204880296684,6405.118208293355,6405.118208293355,6405.118208293355,6405.118208293355,6405.118208293355,6405.118208293355,6405.118208293355,6405.118208293355,6405.118208293355,6405.118208293355,6405.118208293355,6405.118208293355,6405.118208293355,6405.118208293355,6405.118208293355,6405.118208293355,6405.118208293355,6405.118208293355,6405.118208293355,6405.118208293355,6405.118208293355,6405.118208293355,6405.118208293355,6405.118208293355,6405.118208293355,6405.118208293355,6405.118208293355,6405.118208293355,6405.118208293355,6405.118208293355,6405.118208293355,6405.118208293355,6405.118208293355,6405.118208293355,6405.118208293355,6405.118208293355,6405.118208293355,6405.118208293355,6405.118208293355,6405.118208293355,6405.118208293355,6405.118208293355,6405.118208293355,6405.118208293355,6405.118208293355,6405.118208293355,6405.118208293355,6403.827901648045,6403.827901648045,6403.827901648045,6403.827901648045,6403.827901648045,6403.827901648045,6403.827901648045,6403.827901648045,6403.827901648045,6403.827901648045,6403.827901648045,6403.827901648045,6403.827901648045,6403.827901648045,6403.827901648045,6403.827901648045,6403.827901648045,6404.061185384775,6404.061185384775,6404.061185384775,6404.061185384775,6404.061185384775,6404.061185384775,6404.061185384775,6403.810605737349,6403.810605737349,6403.810605737349,6403.810605737349,6403.810605737349,6404.364085864217,6404.364085864217,6404.364085864217,6404.364085864217,6404.160151613036,6404.160151613036,6404.160151613036,6404.160151613036,6404.160151613036,6404.160151613036,6404.160151613036,6404.160151613036,6404.160151613036,6404.160151613036,6404.160151613036,6404.160151613036,6404.160151613036,6404.160151613036,6404.160151613036,6404.160151613036,6404.160151613036,6404.160151613036,6404.160151613036,6404.160151613036,6404.160151613036,6404.160151613036,6404.160151613036,6404.160151613036,6404.160151613036,6404.160151613036,6404.160151613036,6404.160151613036,6404.160151613036,6404.160151613036,6404.160151613036,6404.160151613036,6404.160151613036,6404.160151613036,6404.160151613036,6404.160151613036,6404.160151613036,6404.160151613036,6404.160151613036,6404.160151613036,6404.160151613036,6404.160151613036,6404.160151613036,6404.160151613036,6404.160151613036,6404.160151613036,6404.160151613036,6404.160151613036,6404.160151613036,6404.160151613036,6404.160151613036,6404.160151613036,6404.160151613036,6404.160151613036,6404.160151613036,6404.160151613036,6404.160151613036,6404.160151613036,6404.160151613036,6404.160151613036,6404.160151613036,6404.160151613036,6404.160151613036,6404.160151613036,6404.160151613036,6404.160151613036,6404.160151613036,6404.160151613036,6404.160151613036,6404.645135192595,6404.645135192595,6404.645135192595,6404.645135192595,6404.645135192595,6404.645135192595,6404.645135192595,6404.645135192595,6404.645135192595,6404.645135192595,6404.645135192595,6404.645135192595,6404.645135192595,6404.645135192595,6403.632846547529,6403.632846547529,6403.632846547529,6403.632846547529,6403.632846547529,6403.632846547529,6403.632846547529,6403.632846547529,6403.632846547529,6403.632846547529,6403.632846547529,6403.632846547529,6403.632846547529,6403.632846547529,6403.632846547529,6403.632846547529,6403.632846547529,6403.632846547529,6403.632846547529,6403.632846547529,6403.632846547529,6403.632846547529,6403.632846547529,6403.632846547529,6403.632846547529,6403.632846547529,6403.632846547529,6403.632846547529,6403.632846547529,6403.632846547529,6403.632846547529,6403.632846547529,6402.763253993843,6402.763253993843,6402.763253993843,6402.763253993843,6402.763253993843,6402.763253993843,6402.763253993843,6402.763253993843,6402.763253993843,6402.763253993843,6402.763253993843,6402.763253993843,6402.763253993843,6402.763253993843,6402.763253993843,6402.763253993843,6402.763253993843,6402.763253993843,6402.763253993843,6402.763253993843,6402.763253993843,6402.763253993843,6402.763253993843,6402.763253993843,6402.763253993843,6402.763253993843,6402.763253993843,6402.763253993843,6402.763253993843,6402.763253993843,6402.763253993843,6402.763253993843,6402.763253993843,6402.763253993843,6402.763253993843,6402.763253993843,6402.763253993843,6402.763253993843,6402.763253993843,6402.763253993843,6402.763253993843,6402.763253993843,6402.763253993843,6402.763253993843,6402.763253993843,6402.763253993843,6402.763253993843,6402.763253993843,6402.763253993843,6402.763253993843,6402.763253993843,6402.763253993843,6402.763253993843,6402.763253993843,6402.763253993843,6404.932581092326,6404.932581092326,6403.947253539194,6403.947253539194,6403.947253539194,6403.947253539194,6403.947253539194,6403.947253539194,6403.947253539194,6403.947253539194,6403.947253539194,6403.947253539194,6403.947253539194,6403.947253539194,6403.947253539194,6403.947253539194,6403.947253539194,6403.947253539194,6403.947253539194,6403.947253539194,6403.947253539194,6403.947253539194,6403.947253539194,6403.947253539194,6403.947253539194,6403.947253539194,6403.947253539194,6403.804866554188,6403.804866554188,6403.804866554188,6403.804866554188,6404.649731985368,6404.649731985368,6404.649731985368,6404.649731985368,6404.649731985368,6404.649731985368,6404.649731985368,6404.649731985368,6404.649731985368,6404.649731985368,6404.649731985368,6404.649731985368,6404.649731985368,6404.649731985368,6404.649731985368,6404.649731985368,6404.649731985368,6404.649731985368,6404.649731985368,6404.649731985368,6404.649731985368,6404.649731985368,6404.649731985368,6404.649731985368,6404.649731985368,6404.649731985368,6404.649731985368,6404.649731985368,6404.649731985368,6404.649731985368,6404.649731985368,6404.649731985368,6404.649731985368,6404.649731985368,6404.649731985368,6404.649731985368,6404.649731985368,6404.649731985368,6403.2493547214535,6403.2493547214535,6403.2493547214535,6403.2493547214535,6403.2493547214535,6403.2493547214535,6403.2493547214535,6403.2493547214535,6403.2493547214535,6403.2493547214535,6403.2493547214535,6403.2493547214535,6403.2493547214535,6403.2493547214535,6403.2493547214535,6403.2493547214535,6403.2493547214535,6403.2493547214535,6403.2493547214535,6403.2493547214535,6403.2493547214535,6403.2493547214535,6403.2493547214535,6403.2493547214535,6403.2493547214535,6403.2493547214535,6403.2493547214535,6403.2493547214535,6403.2493547214535,6403.2493547214535,6403.2493547214535,6403.2493547214535,6403.2493547214535,6403.2493547214535,6403.2493547214535,6403.2493547214535,6403.2493547214535,6403.2493547214535,6403.2493547214535,6403.122697549654,6403.122697549654,6403.122697549654,6403.122697549654,6403.122697549654,6403.122697549654,6403.122697549654,6403.122697549654,6403.122697549654,6403.122697549654,6403.122697549654,6403.122697549654,6403.122697549654,6403.122697549654,6403.122697549654,6403.122697549654,6403.122697549654,6403.122697549654,6403.122697549654,6403.122697549654,6403.122697549654,6403.122697549654,6403.122697549654,6403.122697549654,6403.122697549654,6403.122697549654,6403.122697549654,6403.122697549654,6403.122697549654,6406.393888074028,6406.393888074028,6406.393888074028,6406.393888074028,6406.393888074028,6406.393888074028,6406.393888074028,6406.393888074028,6406.393888074028,6406.393888074028,6406.393888074028,6406.393888074028,6406.393888074028,6406.393888074028,6406.393888074028,6406.393888074028,6406.393888074028,6406.393888074028,6406.393888074028,6406.393888074028,6406.393888074028,6406.393888074028,6406.393888074028,6406.393888074028,6406.393888074028,6406.393888074028,6406.393888074028,6406.393888074028,6406.393888074028,6406.393888074028,6406.393888074028,6406.393888074028,6406.393888074028,6406.393888074028,6406.393888074028,6406.393888074028,6406.393888074028,6406.393888074028,6406.393888074028,6406.393888074028,6406.393888074028,6406.393888074028,6406.393888074028,6406.393888074028,6406.393888074028,6406.393888074028,6406.393888074028,6406.393888074028,6406.393888074028,6406.393888074028,6406.393888074028,6406.393888074028,6406.393888074028,6406.393888074028,6406.393888074028,6406.393888074028,6406.393888074028,6406.393888074028,6406.393888074028,6406.393888074028,6406.393888074028,6406.393888074028,6406.393888074028,6406.393888074028,6406.393888074028,6406.393888074028,6406.393888074028,6406.393888074028,6406.393888074028,6406.393888074028,6406.393888074028,6406.393888074028,6406.393888074028,6406.393888074028,6406.393888074028,6406.393888074028,6406.393888074028,6406.393888074028,6406.393888074028,6406.393888074028,6406.393888074028,6406.393888074028,6406.393888074028,6406.393888074028,6406.393888074028,6406.393888074028,6406.393888074028,6406.393888074028,6406.393888074028,6406.393888074028,6406.393888074028,6406.393888074028,6406.393888074028,6406.393888074028,6406.393888074028,6406.393888074028,6406.393888074028,6406.393888074028,6406.393888074028,6406.393888074028,6406.393888074028,6406.393888074028,6406.393888074028,6406.393888074028,6406.393888074028,6406.393888074028,6406.393888074028,6406.393888074028,6406.393888074028,6406.393888074028,6406.393888074028,6406.393888074028,6406.393888074028,6406.393888074028,6406.393888074028,6406.393888074028,6406.393888074028,6406.393888074028,6406.393888074028,6406.393888074028,6406.393888074028,6406.393888074028,6406.393888074028,6406.393888074028,6406.393888074028,6406.393888074028,6406.393888074028,6406.393888074028,6406.393888074028,6406.393888074028,6406.393888074028,6406.393888074028,6406.393888074028,6406.393888074028,6406.393888074028,6406.393888074028,6406.393888074028,6406.393888074028,6406.393888074028,6406.393888074028,6406.393888074028,6406.393888074028,6406.393888074028,6406.393888074028,6406.393888074028,6406.393888074028,6406.393888074028,6406.393888074028,6406.393888074028,6406.393888074028,6406.393888074028,6406.393888074028,6406.393888074028,6406.393888074028,6406.393888074028,6406.393888074028,6406.393888074028,6406.393888074028,6406.393888074028,6406.393888074028,6406.393888074028,6406.393888074028,6406.393888074028,6406.393888074028,6406.393888074028,6406.393888074028,6406.393888074028,6406.393888074028,6406.393888074028,6406.393888074028,6406.393888074028,6406.393888074028,6406.393888074028,6406.393888074028,6406.393888074028,6406.393888074028,6406.393888074028,6406.393888074028,6406.393888074028,6406.393888074028,6406.393888074028,6406.393888074028,6406.393888074028,6406.393888074028,6406.393888074028,6406.393888074028,6406.393888074028,6406.393888074028,6406.393888074028,6406.393888074028,6406.393888074028,6406.393888074028,6406.393888074028,6406.393888074028,6406.393888074028,6406.393888074028,6406.393888074028,6406.393888074028,6406.393888074028,6406.393888074028,6406.393888074028,6406.393888074028,6406.393888074028,6406.393888074028,6406.393888074028,6406.393888074028,6406.393888074028,6406.393888074028,6406.393888074028,6406.393888074028,6406.393888074028,6406.393888074028,6406.393888074028,6406.393888074028,6406.393888074028,6406.393888074028,6406.393888074028,6406.393888074028,6406.393888074028,6406.393888074028,6406.393888074028,6406.393888074028,6406.393888074028,6406.393888074028,6406.393888074028,6406.393888074028,6406.393888074028,6406.393888074028,6406.393888074028,6406.393888074028,6406.393888074028,6406.393888074028,6406.393888074028,6406.393888074028,6406.393888074028,6406.393888074028,6406.393888074028,6406.393888074028,6406.393888074028,6406.393888074028,6406.393888074028,6406.393888074028,6406.393888074028,6406.393888074028,6406.393888074028,6406.393888074028,6406.393888074028,6406.393888074028,6406.393888074028,6406.393888074028,6406.393888074028,6406.393888074028,6406.393888074028,6406.393888074028,6406.393888074028,6406.393888074028,6406.393888074028,6406.393888074028,6406.393888074028,6406.393888074028,6406.393888074028,6406.393888074028,6406.393888074028,6406.393888074028,6406.393888074028,6406.393888074028,6406.393888074028,6406.393888074028,6406.393888074028,6406.393888074028,6406.393888074028,6406.393888074028,6406.393888074028,6406.393888074028,6406.393888074028,6406.393888074028,6406.393888074028,6406.393888074028,6406.393888074028,6406.393888074028,6406.393888074028,6406.393888074028,6406.393888074028,6406.393888074028,6406.393888074028,6406.393888074028,6406.393888074028,6406.393888074028,6406.393888074028,6406.393888074028,6406.393888074028,6406.393888074028,6406.393888074028,6406.393888074028,6406.393888074028,6406.393888074028,6406.393888074028,6406.393888074028,6406.393888074028,6406.393888074028,6406.393888074028,6406.393888074028,6406.393888074028,6406.393888074028,6406.393888074028,6406.393888074028,6406.393888074028,6406.393888074028,6406.393888074028,6406.393888074028,6406.393888074028,6406.393888074028,6406.393888074028,6406.393888074028,6406.393888074028,6406.393888074028,6406.393888074028,6406.393888074028,6406.393888074028,6406.393888074028,6406.393888074028,6406.393888074028,6406.393888074028,6406.393888074028,6406.393888074028,6406.393888074028,6406.393888074028,6406.393888074028,6406.393888074028,6406.393888074028,6406.393888074028,6406.393888074028,6406.393888074028,6406.393888074028,6406.393888074028,6406.393888074028,6406.393888074028,6406.393888074028,6406.393888074028,6406.393888074028,6406.393888074028,6406.393888074028,6406.393888074028,6406.393888074028,6406.393888074028,6406.393888074028,6406.393888074028,6406.393888074028,6406.393888074028,6406.393888074028,6406.393888074028,6406.393888074028,6406.393888074028,6406.393888074028,6406.393888074028,6406.393888074028,6406.393888074028,6406.393888074028,6406.393888074028,6406.393888074028,6406.393888074028,6406.393888074028,6406.393888074028,6406.393888074028,6406.393888074028,6406.393888074028,6406.393888074028,6406.393888074028,6406.393888074028,6406.393888074028,6406.393888074028,6406.393888074028,6406.393888074028,6406.393888074028,6406.393888074028,6406.393888074028,6406.393888074028,6406.393888074028,6406.393888074028,6406.393888074028,6406.393888074028,6406.393888074028,6406.393888074028,6406.393888074028,6406.393888074028,6406.393888074028,6406.393888074028,6406.393888074028,6406.393888074028,6406.393888074028,6406.393888074028,6406.393888074028,6406.393888074028,6406.393888074028,6406.393888074028,6406.393888074028,6406.393888074028,6406.393888074028,6406.393888074028,6406.393888074028,6406.393888074028,6406.393888074028,6406.393888074028,6406.393888074028,6406.393888074028,6406.393888074028,6406.393888074028,6406.393888074028,6406.393888074028,6406.393888074028,6403.509160086622,6403.509160086622,6403.509160086622,6403.509160086622,6403.509160086622,6403.509160086622,6403.509160086622,6403.509160086622,6403.509160086622,6403.509160086622,6403.509160086622,6403.509160086622,6403.509160086622,6403.509160086622,6403.509160086622,6403.509160086622,6403.509160086622,6403.509160086622,6403.509160086622,6403.509160086622,6403.509160086622,6403.509160086622,6403.509160086622,6403.509160086622,6403.509160086622,6403.509160086622,6403.509160086622,6403.509160086622,6403.509160086622,6403.509160086622,6403.509160086622,6403.509160086622,6403.509160086622,6403.509160086622,6403.509160086622,6403.509160086622,6403.509160086622,6403.509160086622,6403.509160086622,6403.509160086622,6403.509160086622,6403.509160086622,6403.509160086622,6403.509160086622,6403.509160086622,6403.983632859965,6403.983632859965,6403.983632859965,6403.983632859965,6403.983632859965,6403.983632859965,6403.983632859965,6403.983632859965,6403.983632859965,6403.983632859965,6403.983632859965,6403.983632859965,6403.983632859965,6403.983632859965,6403.983632859965,6403.983632859965,6403.983632859965,6403.983632859965,6403.983632859965,6403.983632859965,6403.983632859965,6403.983632859965,6403.983632859965,6403.983632859965,6403.983632859965,6403.983632859965,6403.983632859965,6403.983632859965,6403.983632859965,6403.983632859965,6403.983632859965,6403.983632859965,6403.983632859965,6403.983632859965,6403.983632859965,6403.983632859965,6403.983632859965,6403.983632859965,6403.983632859965,6403.983632859965,6403.983632859965,6403.983632859965,6403.983632859965,6403.983632859965,6403.983632859965,6403.983632859965,6403.983632859965,6403.983632859965,6403.983632859965,6403.983632859965,6403.983632859965,6403.983632859965,6403.983632859965,6403.983632859965,6403.983632859965,6403.983632859965,6403.983632859965,6403.1383175172205,6402.634145020426,6402.634145020426,6402.634145020426,6402.634145020426,6402.634145020426,6402.634145020426,6402.634145020426,6402.634145020426,6402.634145020426,6402.634145020426,6402.634145020426,6402.634145020426,6402.634145020426,6402.634145020426,6402.634145020426,6402.634145020426,6402.634145020426,6402.634145020426,6402.634145020426,6402.634145020426,6402.634145020426,6402.634145020426,6402.634145020426,6402.634145020426,6402.634145020426,6402.634145020426,6402.634145020426,6402.634145020426,6402.634145020426,6402.634145020426,6402.634145020426,6402.634145020426,6402.634145020426,6402.634145020426,6402.634145020426,6402.634145020426,6402.634145020426,6402.634145020426,6402.634145020426,6402.634145020426,6402.634145020426,6402.634145020426,6402.634145020426,6402.634145020426,6402.634145020426,6402.634145020426,6402.634145020426,6402.634145020426,6402.634145020426,6402.634145020426,6402.634145020426,6402.634145020426,6402.634145020426,6402.634145020426,6402.634145020426,6402.634145020426,6402.634145020426,6402.634145020426,6402.634145020426,6402.634145020426,6402.634145020426,6402.634145020426,6402.634145020426,6402.634145020426,6402.634145020426,6402.634145020426,6402.634145020426,6402.634145020426,6402.634145020426,6402.634145020426,6402.634145020426,6402.634145020426,6402.634145020426,6402.634145020426,6402.634145020426,6402.634145020426,6402.634145020426,6402.634145020426,6402.634145020426,6402.634145020426,6403.59543736546,6403.59543736546,6403.59543736546,6403.59543736546,6403.59543736546,6403.59543736546,6403.59543736546,6403.59543736546,6403.59543736546,6403.59543736546,6403.59543736546,6403.59543736546,6403.59543736546,6403.59543736546,6403.59543736546,6403.59543736546,6403.59543736546,6403.59543736546,6403.59543736546,6403.59543736546,6403.59543736546,6403.59543736546,6403.59543736546,6403.59543736546,6403.59543736546,6403.59543736546,6403.59543736546,6403.59543736546,6403.59543736546,6403.59543736546,6403.59543736546,6403.59543736546,6403.59543736546,6403.59543736546,6403.59543736546,6403.59543736546,6403.59543736546,6403.59543736546,6403.59543736546,6403.59543736546,6403.59543736546,6403.59543736546,6403.59543736546,6403.59543736546,6403.59543736546,6403.59543736546,6403.59543736546,6403.59543736546,6403.59543736546,6403.59543736546,6403.59543736546,6403.59543736546,6403.59543736546,6403.59543736546,6403.59543736546,6403.59543736546,6403.59543736546,6403.59543736546,6403.59543736546,6403.59543736546,6403.59543736546,6403.59543736546,6403.59543736546,6403.59543736546,6403.59543736546,6403.59543736546,6403.59543736546,6403.59543736546,6403.59543736546,6403.59543736546,6403.59543736546,6403.59543736546,6403.59543736546,6403.59543736546,6403.59543736546,6403.59543736546,6403.59543736546,6403.59543736546,6403.59543736546,6403.59543736546,6403.59543736546,6403.59543736546,6403.59543736546,6403.59543736546,6403.59543736546,6403.59543736546,6403.59543736546,6403.59543736546,6403.59543736546,6402.811815827668,6402.811815827668,6402.811815827668,6402.811815827668,6402.811815827668,6402.811815827668,6402.811815827668,6402.811815827668,6402.811815827668,6402.811815827668,6402.811815827668,6402.811815827668,6402.811815827668,6402.811815827668,6402.811815827668,6402.811815827668,6402.811815827668,6402.811815827668,6402.811815827668,6402.811815827668,6402.811815827668,6402.811815827668,6402.811815827668,6402.811815827668,6402.811815827668,6402.811815827668,6402.811815827668,6402.811815827668,6402.811815827668,6402.811815827668,6402.811815827668,6402.811815827668,6402.811815827668,6402.811815827668,6402.811815827668,6402.811815827668,6402.811815827668,6402.811815827668,6402.811815827668,6402.811815827668,6402.811815827668,6402.811815827668,6402.811815827668,6402.811815827668,6402.811815827668,6402.811815827668,6402.811815827668,6402.811815827668,6402.811815827668,6402.811815827668,6402.811815827668,6402.811815827668,6402.811815827668,6402.811815827668,6402.811815827668,6402.811815827668,6402.811815827668,6402.811815827668,6402.811815827668,6402.811815827668,6404.058800447874,6404.058800447874,6404.058800447874,6404.058800447874,6404.058800447874,6404.058800447874,6404.058800447874,6404.058800447874,6404.058800447874,6404.058800447874,6404.058800447874,6404.058800447874,6404.058800447874,6404.058800447874,6404.058800447874,6404.058800447874,6404.058800447874,6404.058800447874,6404.058800447874,6404.058800447874,6404.138442528193,6404.138442528193,6404.138442528193,6404.138442528193,6404.138442528193,6404.138442528193,6404.138442528193,6404.138442528193,6404.138442528193,6404.138442528193,6404.138442528193,6404.138442528193,6404.138442528193,6404.138442528193,6404.138442528193,6404.138442528193,6404.138442528193,6404.138442528193,6404.138442528193,6404.138442528193,6404.138442528193,6404.138442528193,6404.138442528193,6404.138442528193,6404.138442528193,6404.138442528193,6404.138442528193,6404.138442528193,6404.138442528193,6404.138442528193,6404.138442528193,6404.138442528193,6404.138442528193,6404.138442528193,6404.138442528193,6404.138442528193,6404.138442528193,6404.138442528193,6404.138442528193,6404.138442528193,6404.138442528193,6404.138442528193,6404.138442528193,6404.138442528193,6404.138442528193,6404.138442528193,6404.138442528193,6404.138442528193,6404.138442528193,6404.138442528193,6403.17352764476,6403.17352764476,6403.17352764476,6403.17352764476,6403.17352764476,6403.17352764476,6403.17352764476,6403.17352764476,6403.17352764476,6403.17352764476,6403.17352764476,6403.17352764476,6403.17352764476,6403.17352764476,6405.033000218796,6405.033000218796,6405.033000218796,6405.033000218796,6405.033000218796,6405.033000218796,6405.033000218796,6405.033000218796,6405.033000218796,6405.033000218796,6405.033000218796,6405.033000218796,6405.033000218796,6405.033000218796,6405.033000218796,6405.033000218796,6405.033000218796,6405.033000218796,6405.033000218796,6405.033000218796,6405.033000218796,6405.033000218796,6405.033000218796,6405.033000218796,6405.033000218796,6403.599926731233,6403.599926731233,6403.599926731233,6403.599926731233,6403.36330986002,6403.36330986002,6403.36330986002,6403.36330986002,6403.36330986002,6403.82533637981,6403.82533637981,6403.82533637981,6403.82533637981,6403.82533637981,6403.82533637981,6403.82533637981,6403.82533637981,6403.82533637981,6403.82533637981,6403.82533637981,6403.82533637981,6403.82533637981,6403.82533637981,6403.534301825241,6403.534301825241,6403.797139685329,6403.797139685329,6403.797139685329,6403.797139685329,6403.797139685329,6403.797139685329,6403.797139685329,6403.797139685329,6403.797139685329,6403.797139685329,6403.797139685329,6403.797139685329,6403.797139685329,6403.797139685329,6403.797139685329,6403.797139685329,6403.797139685329,6403.797139685329,6403.797139685329,6403.797139685329,6403.797139685329,6403.797139685329,6403.797139685329,6403.797139685329,6403.797139685329,6403.797139685329,6403.797139685329,6403.797139685329,6403.797139685329,6403.797139685329,6403.797139685329,6403.797139685329,6403.797139685329,6403.797139685329,6403.797139685329,6403.797139685329,6403.797139685329,6403.797139685329,6403.797139685329,6403.797139685329,6403.797139685329,6403.797139685329,6403.797139685329,6403.797139685329,6403.797139685329,6403.797139685329,6403.797139685329,6403.797139685329,6403.797139685329,6403.797139685329,6403.797139685329,6403.797139685329,6403.797139685329,6403.797139685329,6403.797139685329,6403.797139685329,6403.797139685329,6403.797139685329,6403.797139685329,6403.797139685329,6403.797139685329,6403.797139685329,6403.797139685329,6403.797139685329,6403.797139685329,6403.797139685329,6403.797139685329,6403.797139685329,6403.797139685329,6403.797139685329,6403.797139685329,6403.797139685329,6403.797139685329,6403.797139685329,6403.797139685329,6403.797139685329,6403.797139685329,6403.797139685329,6403.797139685329,6403.797139685329,6403.797139685329,6403.797139685329,6403.797139685329,6403.797139685329,6403.797139685329,6403.797139685329,6403.797139685329,6403.797139685329,6403.797139685329,6403.797139685329,6403.797139685329,6403.797139685329,6403.797139685329,6403.797139685329,6403.797139685329,6403.797139685329,6403.797139685329,6403.797139685329,6403.797139685329,6403.797139685329,6403.797139685329,6403.797139685329,6403.797139685329,6403.797139685329,6403.797139685329,6403.797139685329,6403.797139685329,6403.797139685329,6403.797139685329,6403.797139685329,6403.797139685329,6403.797139685329,6403.797139685329,6403.797139685329,6403.797139685329,6404.762867365365,6404.762867365365,6404.762867365365,6404.762867365365,6404.762867365365,6404.762867365365,6404.762867365365,6404.762867365365,6404.762867365365,6404.762867365365,6404.762867365365,6404.762867365365,6404.762867365365,6404.762867365365,6404.762867365365,6404.762867365365,6404.762867365365,6404.762867365365,6404.762867365365,6404.762867365365,6404.762867365365,6404.762867365365,6404.762867365365,6404.762867365365,6404.762867365365,6404.762867365365,6404.762867365365,6404.762867365365,6404.762867365365,6404.762867365365,6404.762867365365,6404.762867365365,6404.115014708416,6404.115014708416,6404.0930093703055,6404.0930093703055,6404.0930093703055,6404.0930093703055,6404.0930093703055,6404.0930093703055,6404.0930093703055,6404.0930093703055,6404.0930093703055,6404.0930093703055,6404.0930093703055,6404.0930093703055,6404.0930093703055,6404.0930093703055,6404.0930093703055,6404.0930093703055,6404.0930093703055,6404.0930093703055,6404.0930093703055,6404.0930093703055,6404.0930093703055,6404.0930093703055,6404.0930093703055,6404.0930093703055,6404.0930093703055,6404.0930093703055,6404.0930093703055,6404.0930093703055,6404.0930093703055,6404.0930093703055,6404.0930093703055,6404.0930093703055,6404.0930093703055,6404.0930093703055,6404.0930093703055,6404.0930093703055,6404.436682527776,6404.436682527776,6404.436682527776,6404.436682527776,6404.436682527776,6404.436682527776,6404.436682527776,6404.436682527776,6404.436682527776,6404.436682527776,6404.436682527776,6404.436682527776,6404.436682527776,6403.640674571992,6403.640674571992,6403.640674571992,6403.640674571992,6403.640674571992,6403.640674571992,6403.640674571992,6402.845878432032,6402.845878432032,6402.845878432032,6402.845878432032,6402.845878432032,6402.845878432032,6402.845878432032,6402.845878432032,6402.845878432032,6402.845878432032,6402.845878432032,6402.845878432032,6402.845878432032,6402.845878432032,6401.364584384301,6401.364584384301,6401.364584384301,6401.364584384301,6401.364584384301,6401.364584384301,6401.364584384301,6401.364584384301,6401.364584384301,6401.364584384301,6401.364584384301,6401.364584384301,6401.364584384301,6401.364584384301,6401.801150313743,6401.801150313743,6401.801150313743,6401.801150313743,6404.267961194475,6404.267961194475,6404.267961194475,6404.267961194475,6404.267961194475,6404.267961194475,6404.267961194475,6404.267961194475,6404.267961194475,6404.267961194475,6404.267961194475,6404.267961194475,6404.267961194475,6404.267961194475,6403.3902302038805,6403.3902302038805,6403.3902302038805,6403.3902302038805,6403.3902302038805,6403.3902302038805,6403.3902302038805,6403.3902302038805,6403.3902302038805,6403.3902302038805,6403.3902302038805,6403.3902302038805,6403.3902302038805,6403.3902302038805,6403.3902302038805,6403.3902302038805,6403.3902302038805,6403.3902302038805,6403.3902302038805,6403.3902302038805,6403.3902302038805,6403.3902302038805,6403.3902302038805,6403.3902302038805,6403.3902302038805,6403.985758909034,6403.985758909034,6403.985758909034,6403.985758909034,6403.985758909034,6403.985758909034,6403.985758909034,6403.985758909034,6403.985758909034,6403.985758909034,6403.985758909034,6403.985758909034,6403.985758909034,6403.467452841757,6403.467452841757,6403.467452841757,6403.467452841757,6403.467452841757,6403.467452841757,6403.467452841757,6403.467452841757,6403.467452841757,6403.467452841757,6403.467452841757,6403.467452841757,6403.467452841757,6403.467452841757,6403.467452841757,6403.467452841757,6403.467452841757,6403.467452841757,6403.467452841757,6403.467452841757,6403.467452841757,6403.467452841757,6403.467452841757,6403.467452841757,6403.467452841757,6403.467452841757,6403.467452841757,6403.467452841757,6403.467452841757,6403.467452841757,6403.467452841757,6403.467452841757,6403.467452841757,6403.467452841757,6403.467452841757,6403.467452841757,6403.467452841757,6403.467452841757,6403.467452841757,6403.467452841757,6403.467452841757,6403.467452841757,6403.467452841757,6403.467452841757,6403.467452841757,6403.467452841757,6403.467452841757,6403.467452841757,6403.467452841757,6403.467452841757,6403.467452841757,6403.467452841757,6403.467452841757,6403.811193582055,6403.811193582055,6403.811193582055,6403.811193582055,6403.811193582055,6403.811193582055,6403.811193582055,6403.811193582055,6403.811193582055,6403.811193582055,6403.811193582055,6403.811193582055,6403.811193582055,6403.811193582055,6403.811193582055,6403.811193582055,6403.811193582055,6403.811193582055,6403.811193582055,6403.811193582055,6403.811193582055,6404.325359679991,6404.325359679991,6404.325359679991,6404.325359679991,6404.325359679991,6404.325359679991,6404.325359679991,6404.325359679991,6404.325359679991,6404.325359679991,6404.325359679991,6404.325359679991,6404.325359679991,6404.325359679991,6404.325359679991,6404.325359679991,6404.325359679991,6404.325359679991,6404.325359679991,6404.325359679991,6404.325359679991,6404.325359679991,6404.325359679991,6404.325359679991,6404.325359679991,6404.325359679991,6404.325359679991,6404.325359679991,6404.325359679991,6404.325359679991,6404.325359679991,6404.325359679991,6404.325359679991,6404.325359679991,6404.325359679991,6404.325359679991,6404.325359679991,6404.325359679991,6404.325359679991,6404.325359679991,6404.325359679991,6404.325359679991,6404.325359679991,6404.325359679991,6404.325359679991,6404.325359679991,6404.325359679991,6404.325359679991,6404.325359679991,6404.325359679991,6404.325359679991,6404.325359679991,6404.325359679991,6404.325359679991,6404.325359679991,6404.325359679991,6404.325359679991,6404.325359679991,6404.325359679991,6404.325359679991,6404.325359679991,6404.325359679991,6404.325359679991,6404.325359679991,6404.325359679991,6404.325359679991,6404.325359679991,6404.325359679991,6404.325359679991,6404.325359679991,6404.325359679991,6404.325359679991,6404.325359679991,6404.325359679991,6404.325359679991,6404.325359679991,6404.325359679991,6404.325359679991,6404.325359679991,6404.325359679991,6404.325359679991,6404.325359679991,6404.325359679991,6404.325359679991,6404.325359679991,6404.325359679991,6404.325359679991,6404.325359679991,6404.325359679991,6404.325359679991,6404.325359679991,6404.325359679991,6404.325359679991,6404.325359679991,6404.325359679991,6404.18731622764,6404.18731622764,6404.18731622764,6402.825794924953,6402.825794924953,6402.825794924953,6402.825794924953,6402.825794924953,6402.825794924953,6402.825794924953,6402.825794924953,6402.825794924953,6402.825794924953,6402.825794924953,6402.825794924953,6402.825794924953,6402.825794924953,6402.825794924953,6402.825794924953,6402.825794924953,6402.825794924953,6402.825794924953,6402.825794924953,6402.825794924953,6402.825794924953,6402.825794924953,6402.825794924953,6404.71424471337,6404.71424471337,6404.71424471337,6404.71424471337,6404.71424471337,6404.71424471337,6404.71424471337,6404.71424471337,6404.71424471337,6404.71424471337,6404.71424471337,6404.71424471337,6404.71424471337,6404.71424471337,6404.71424471337,6404.71424471337,6404.71424471337,6404.71424471337,6404.71424471337,6404.71424471337,6404.71424471337,6404.71424471337,6404.71424471337,6404.71424471337,6404.71424471337,6404.71424471337,6404.71424471337,6404.71424471337,6404.71424471337,6404.71424471337,6404.71424471337,6404.71424471337,6404.71424471337,6404.71424471337,6404.71424471337,6404.71424471337,6404.71424471337,6404.71424471337,6404.71424471337,6404.71424471337,6404.857352371153,6404.857352371153,6404.857352371153,6404.857352371153,6404.857352371153,6404.857352371153,6404.857352371153,6404.857352371153,6404.857352371153,6404.857352371153,6404.857352371153,6404.857352371153,6404.857352371153,6404.857352371153,6404.857352371153,6404.857352371153,6404.857352371153,6404.857352371153,6404.857352371153,6405.538903037564,6405.538903037564,6405.538903037564,6405.538903037564,6405.538903037564,6405.538903037564,6405.538903037564,6405.538903037564,6405.538903037564,6405.538903037564,6405.538903037564,6405.538903037564,6405.538903037564,6405.538903037564,6405.538903037564,6405.538903037564,6405.538903037564,6405.538903037564,6405.538903037564,6405.538903037564,6405.538903037564,6405.538903037564,6405.538903037564,6405.538903037564,6405.538903037564,6405.538903037564,6405.538903037564,6405.538903037564,6405.538903037564,6405.538903037564,6405.538903037564,6405.538903037564,6405.538903037564,6405.538903037564,6405.538903037564,6405.538903037564,6405.538903037564,6405.538903037564,6405.538903037564,6405.538903037564,6405.538903037564,6405.538903037564,6405.538903037564,6405.538903037564,6405.538903037564,6405.538903037564,6405.538903037564,6405.538903037564,6405.538903037564,6405.538903037564,6405.538903037564,6405.538903037564,6404.845675208469,6404.845675208469,6404.845675208469,6404.845675208469,6404.845675208469,6404.845675208469,6404.845675208469,6403.040552477719,6403.040552477719,6403.040552477719,6403.040552477719,6403.040552477719,6403.040552477719,6403.040552477719,6403.040552477719,6403.040552477719,6403.040552477719,6403.040552477719,6403.040552477719,6403.040552477719,6403.040552477719,6403.040552477719,6403.040552477719,6403.040552477719,6403.040552477719,6403.040552477719,6403.040552477719,6403.040552477719,6403.040552477719,6403.040552477719,6403.040552477719,6403.040552477719,6401.041461116692,6401.041461116692,6401.041461116692,6401.041461116692,6401.041461116692,6401.041461116692,6401.041461116692,6401.041461116692,6401.041461116692,6401.041461116692,6401.041461116692,6401.041461116692,6401.041461116692,6401.041461116692,6401.041461116692,6401.041461116692,6401.041461116692,6401.041461116692,6401.041461116692,6401.041461116692,6401.041461116692,6401.041461116692,6401.041461116692,6401.041461116692,6401.971555990974,6401.971555990974,6401.971555990974,6401.971555990974,6401.971555990974,6401.971555990974,6401.971555990974,6401.971555990974,6401.971555990974,6401.971555990974,6401.971555990974,6401.971555990974,6401.971555990974,6401.971555990974,6401.971555990974,6401.971555990974,6401.971555990974,6401.971555990974,6401.971555990974,6401.971555990974,6401.971555990974,6401.971555990974,6401.971555990974,6401.971555990974,6401.971555990974,6401.971555990974,6401.971555990974,6401.971555990974,6401.971555990974,6401.971555990974,6401.971555990974,6401.971555990974,6401.971555990974,6401.971555990974,6401.971555990974,6401.971555990974,6401.971555990974,6401.971555990974,6401.971555990974,6401.971555990974,6401.971555990974,6401.971555990974,6401.810595587434,6401.810595587434,6401.810595587434,6401.810595587434,6401.810595587434,6401.810595587434,6401.399938170768,6401.399938170768,6401.399938170768,6401.399938170768,6401.399938170768,6401.399938170768,6403.727092736485,6403.727092736485,6403.727092736485,6403.727092736485,6403.727092736485,6403.727092736485,6403.129342399052,6403.129342399052,6403.129342399052,6403.129342399052,6403.129342399052,6403.129342399052,6403.129342399052,6403.129342399052,6403.129342399052,6403.129342399052,6403.129342399052,6403.129342399052,6403.338565898623,6403.338565898623,6403.338565898623,6403.338565898623,6403.338565898623,6403.338565898623,6403.338565898623,6403.338565898623,6403.338565898623,6403.338565898623,6403.338565898623,6403.338565898623,6403.338565898623,6403.338565898623,6403.338565898623,6403.338565898623,6403.338565898623,6403.338565898623,6403.338565898623,6403.338565898623,6403.338565898623,6403.338565898623,6403.338565898623,6403.338565898623,6403.338565898623,6404.617905214582,6404.617905214582,6404.617905214582,6404.617905214582,6404.617905214582,6403.8248967708805,6403.8248967708805,6403.8248967708805,6403.8248967708805,6403.8248967708805,6403.8248967708805,6403.8248967708805,6403.8248967708805,6403.8248967708805,6403.8248967708805,6403.8248967708805,6403.8248967708805,6403.8248967708805,6403.8248967708805,6403.8248967708805,6403.8248967708805,6403.8248967708805,6403.8248967708805,6403.8248967708805,6403.8248967708805,6403.8248967708805,6403.8248967708805,6403.721486450742,6403.721486450742,6401.6085654676035,6401.6085654676035,6401.6085654676035,6401.6085654676035,6401.6085654676035,6401.6085654676035,6401.6085654676035,6404.37127040952,6404.37127040952,6404.37127040952,6404.37127040952,6404.37127040952,6404.37127040952,6404.37127040952,6404.37127040952,6404.37127040952,6404.37127040952,6404.37127040952,6404.37127040952,6404.37127040952,6404.37127040952,6404.37127040952,6404.37127040952,6404.37127040952,6404.37127040952,6404.37127040952,6404.37127040952,6404.37127040952,6404.37127040952,6404.37127040952,6404.37127040952,6404.37127040952,6404.37127040952,6404.37127040952,6404.37127040952,6404.37127040952,6404.37127040952,6404.37127040952,6404.37127040952,6404.37127040952,6404.37127040952,6404.37127040952,6404.37127040952,6404.37127040952,6404.37127040952,6404.37127040952,6404.37127040952,6404.37127040952,6404.37127040952,6404.37127040952,6404.37127040952,6404.37127040952,6404.37127040952,6404.37127040952,6404.37127040952,6404.37127040952,6404.37127040952,6404.37127040952,6404.37127040952,6404.37127040952,6404.37127040952,6404.37127040952,6404.37127040952,6404.37127040952,6404.37127040952,6404.37127040952,6404.37127040952,6404.37127040952,6404.37127040952,6404.37127040952,6404.37127040952,6404.37127040952,6404.37127040952,6404.37127040952,6404.37127040952,6404.37127040952,6404.37127040952,6404.37127040952,6404.37127040952,6404.37127040952,6404.37127040952,6404.37127040952,6404.37127040952,6404.37127040952,6404.37127040952,6404.37127040952,6404.37127040952,6404.37127040952,6404.37127040952,6404.37127040952,6404.37127040952,6404.37127040952,6404.37127040952,6404.37127040952,6404.37127040952,6404.37127040952,6404.37127040952,6404.37127040952,6404.37127040952,6404.37127040952,6404.37127040952,6404.37127040952,6404.37127040952,6404.37127040952,6405.537343417509,6405.537343417509,6405.537343417509,6405.537343417509,6405.537343417509,6405.537343417509,6405.537343417509,6405.537343417509,6405.537343417509,6405.537343417509,6405.537343417509,6405.537343417509,6405.537343417509,6405.537343417509,6405.537343417509,6405.537343417509,6405.537343417509,6405.537343417509,6405.537343417509,6405.537343417509,6405.537343417509,6405.537343417509,6405.537343417509,6405.537343417509,6405.537343417509,6405.537343417509,6405.537343417509,6405.537343417509,6405.537343417509,6405.537343417509,6405.537343417509,6405.537343417509,6405.537343417509,6405.537343417509,6405.537343417509,6405.537343417509,6405.537343417509,6405.537343417509,6405.537343417509,6405.537343417509,6405.537343417509,6405.537343417509,6405.537343417509,6405.537343417509,6405.537343417509,6405.537343417509,6405.537343417509,6405.537343417509,6405.537343417509,6405.537343417509,6405.537343417509,6405.537343417509,6405.537343417509,6405.537343417509,6405.537343417509,6405.537343417509,6405.537343417509,6405.537343417509,6405.537343417509,6405.537343417509,6405.537343417509,6405.537343417509,6405.537343417509,6405.537343417509,6405.537343417509,6405.537343417509,6405.537343417509,6405.537343417509,6405.537343417509,6405.537343417509,6405.537343417509,6405.537343417509,6405.537343417509,6405.537343417509,6405.537343417509,6405.537343417509,6405.537343417509,6405.537343417509,6405.537343417509,6405.537343417509,6405.537343417509,6405.537343417509,6405.537343417509,6405.537343417509,6405.537343417509,6405.537343417509,6405.537343417509,6405.537343417509,6405.537343417509,6405.537343417509,6405.537343417509,6405.537343417509,6405.537343417509,6405.537343417509,6405.537343417509,6405.537343417509,6405.537343417509,6405.537343417509,6405.537343417509,6405.537343417509,6405.537343417509,6405.537343417509,6405.537343417509,6405.537343417509,6405.537343417509,6405.537343417509,6405.537343417509,6405.537343417509,6405.537343417509,6405.537343417509,6405.537343417509,6405.537343417509,6405.537343417509,6405.537343417509,6405.537343417509,6405.537343417509,6405.537343417509,6405.537343417509,6405.537343417509,6405.537343417509,6405.537343417509,6405.537343417509,6405.537343417509,6405.537343417509,6405.537343417509,6405.537343417509,6405.537343417509,6405.537343417509,6405.537343417509,6405.537343417509,6405.537343417509,6405.537343417509,6405.537343417509,6405.537343417509,6405.537343417509,6405.537343417509,6405.537343417509,6405.537343417509,6405.537343417509,6405.537343417509,6405.537343417509,6405.537343417509,6405.537343417509,6405.537343417509,6405.537343417509,6405.537343417509,6405.537343417509,6405.537343417509,6405.537343417509,6405.537343417509,6405.537343417509,6405.537343417509,6405.537343417509,6405.537343417509,6405.537343417509,6405.537343417509,6405.537343417509,6405.537343417509,6405.537343417509,6405.537343417509,6405.537343417509,6405.537343417509,6405.537343417509,6405.537343417509,6405.537343417509,6405.537343417509,6405.537343417509,6405.537343417509,6405.537343417509,6405.537343417509,6405.537343417509,6405.537343417509,6405.537343417509,6405.537343417509,6405.537343417509,6405.537343417509,6405.537343417509,6405.537343417509,6405.537343417509,6405.537343417509,6405.537343417509,6405.537343417509,6405.537343417509,6405.537343417509,6405.537343417509,6405.537343417509,6405.537343417509,6405.537343417509,6405.537343417509,6405.537343417509,6405.537343417509,6405.3757030219085,6405.3757030219085,6405.3757030219085,6405.3757030219085,6405.3757030219085,6405.3757030219085,6405.3757030219085,6405.3757030219085,6405.3757030219085,6405.3757030219085,6405.3757030219085,6405.3757030219085,6405.3757030219085,6405.3757030219085,6405.3757030219085,6405.3757030219085,6405.3757030219085,6405.3757030219085,6405.3757030219085,6405.3757030219085,6405.3757030219085,6405.3757030219085,6405.3757030219085,6405.3757030219085,6405.3757030219085,6405.3757030219085,6405.3757030219085,6405.3757030219085,6405.3757030219085,6405.3757030219085,6405.3757030219085,6405.3757030219085,6405.3757030219085,6405.3757030219085,6405.3757030219085,6405.3757030219085,6405.3757030219085,6405.3757030219085,6405.3757030219085,6405.3757030219085,6405.3757030219085,6405.3757030219085,6405.3757030219085,6405.3757030219085,6405.3757030219085,6405.3757030219085,6405.3757030219085,6405.3757030219085,6405.3757030219085,6405.3757030219085,6405.3757030219085,6405.3757030219085,6405.3757030219085,6405.3757030219085,6405.3757030219085,6405.3757030219085,6405.3757030219085,6405.3757030219085,6405.3757030219085,6405.3757030219085,6405.3757030219085,6405.3757030219085,6405.3757030219085,6405.3757030219085,6405.3757030219085,6405.3757030219085,6405.3757030219085,6405.3757030219085,6405.3757030219085,6405.3757030219085,6405.3757030219085,6405.3757030219085,6405.3757030219085,6405.3757030219085,6405.3757030219085,6405.3757030219085,6405.3757030219085,6405.3757030219085,6405.3757030219085,6405.3757030219085,6405.3757030219085,6405.3757030219085,6405.3757030219085,6405.3757030219085,6405.3757030219085,6405.3757030219085,6405.3757030219085,6405.3757030219085,6405.3757030219085,6405.3757030219085,6405.3757030219085,6405.3757030219085,6405.3757030219085,6405.3757030219085,6405.3757030219085,6405.3757030219085,6405.3757030219085,6405.3757030219085,6405.3757030219085,6405.3757030219085,6405.3757030219085,6405.3757030219085,6405.3757030219085,6405.3757030219085,6405.3757030219085,6405.3757030219085,6405.3757030219085,6405.3757030219085,6405.3757030219085,6405.3757030219085,6405.3757030219085,6405.3757030219085,6405.3757030219085,6405.32961838596,6405.32961838596,6405.32961838596,6405.32961838596,6405.32961838596,6405.32961838596,6405.32961838596,6405.32961838596,6405.32961838596,6405.32961838596,6405.32961838596,6405.32961838596,6405.32961838596,6405.32961838596,6405.32961838596,6405.32961838596,6405.32961838596,6405.32961838596,6404.7048351265385,6404.7048351265385,6404.7048351265385,6404.7048351265385,6404.7048351265385,6404.7048351265385,6404.7048351265385,6404.7048351265385,6404.7048351265385,6404.7048351265385,6404.7048351265385,6404.7048351265385,6404.7048351265385,6404.7048351265385,6404.7048351265385,6404.7048351265385,6404.7048351265385,6404.7048351265385,6404.7048351265385,6404.7048351265385,6404.7048351265385,6404.7048351265385,6404.7048351265385,6404.7048351265385,6404.7048351265385,6404.7048351265385,6404.7048351265385,6404.7048351265385,6404.7048351265385,6404.7048351265385,6404.7048351265385,6404.7048351265385,6404.7048351265385,6404.7048351265385,6404.7048351265385,6404.7048351265385,6404.7048351265385,6404.7048351265385,6404.7048351265385,6404.7048351265385,6404.7048351265385,6404.7048351265385,6404.7048351265385,6404.7048351265385,6404.7048351265385,6404.7048351265385,6404.7048351265385,6404.7048351265385,6404.7048351265385,6404.7048351265385,6404.7048351265385,6404.7048351265385,6404.7048351265385,6404.7048351265385,6404.7048351265385,6404.7048351265385,6404.7048351265385,6404.7048351265385,6404.7048351265385,6404.7048351265385,6404.7048351265385,6404.7048351265385,6404.7048351265385,6404.7048351265385,6404.7048351265385,6404.7048351265385,6404.7048351265385,6404.7048351265385,6404.7048351265385,6404.7048351265385,6404.7048351265385,6404.7048351265385,6404.7048351265385,6404.7048351265385,6404.015336724363,6404.015336724363,6404.015336724363,6404.015336724363,6404.015336724363,6404.015336724363,6403.1799771232,6403.1799771232,6403.1799771232,6403.1799771232,6403.1799771232,6403.1799771232,6403.1799771232,6400.905159045018,6400.905159045018,6400.905159045018,6399.767541466701,6399.767541466701,6399.767541466701,6399.767541466701,6399.767541466701,6399.767541466701,6399.767541466701,6399.767541466701,6399.767541466701,6399.755523767659,6399.755523767659,6399.755523767659,6399.755523767659,6399.755523767659,6399.755523767659,6399.755523767659,6399.755523767659,6399.755523767659,6399.755523767659,6399.755523767659,6399.755523767659,6399.755523767659,6399.755523767659,6399.755523767659,6399.755523767659,6399.755523767659,6399.755523767659,6399.755523767659,6399.755523767659,6399.755523767659,6402.218795138276,6402.218795138276,6402.218795138276,6402.218795138276,6402.218795138276,6402.218795138276,6402.218795138276,6402.218795138276,6402.218795138276,6402.218795138276,6402.218795138276,6402.218795138276,6404.7942856508225,6404.7942856508225,6404.7942856508225,6404.7942856508225,6404.7942856508225,6404.7942856508225,6404.7942856508225,6404.7942856508225,6404.7942856508225,6404.7942856508225,6404.7942856508225,6404.7942856508225,6404.7942856508225,6404.7942856508225,6404.7942856508225,6404.7942856508225,6404.7942856508225,6404.7942856508225,6404.7942856508225,6404.7942856508225,6404.7942856508225,6404.7942856508225,6404.7942856508225,6404.7942856508225,6404.7942856508225,6404.7942856508225,6404.7942856508225,6404.7942856508225,6404.7942856508225,6404.7942856508225,6404.7942856508225,6404.7942856508225,6404.7942856508225,6404.7942856508225,6404.7942856508225,6404.7942856508225,6404.7942856508225,6404.7942856508225,6404.7942856508225,6404.7942856508225,6404.7942856508225,6404.7942856508225,6404.7942856508225,6404.7942856508225,6404.7942856508225,6404.7942856508225,6404.7942856508225,6404.7942856508225,6404.7942856508225,6404.7942856508225,6404.7942856508225,6404.7942856508225,6404.7942856508225,6404.7942856508225,6404.7942856508225,6404.7942856508225,6403.93133084826,6403.93133084826,6403.93133084826,6403.93133084826,6403.93133084826,6403.93133084826,6403.93133084826,6403.93133084826,6403.93133084826,6403.93133084826,6403.93133084826,6403.93133084826,6403.93133084826,6403.93133084826,6403.93133084826,6403.93133084826,6403.93133084826,6403.93133084826,6403.93133084826,6403.93133084826,6403.93133084826,6403.93133084826,6403.93133084826,6403.93133084826,6403.93133084826,6403.93133084826,6403.93133084826,6403.93133084826,6403.93133084826,6403.93133084826,6403.93133084826,6403.93133084826,6403.93133084826,6403.93133084826,6403.93133084826,6403.93133084826,6403.93133084826,6403.93133084826,6403.93133084826,6403.93133084826,6403.93133084826,6403.93133084826,6403.93133084826,6403.93133084826,6403.93133084826,6403.93133084826,6403.93133084826,6403.93133084826,6403.93133084826,6403.93133084826,6403.93133084826,6403.93133084826,6403.93133084826,6403.93133084826,6403.93133084826,6403.93133084826,6403.93133084826,6403.93133084826,6403.93133084826,6403.93133084826,6403.93133084826,6403.93133084826,6403.515068049332,6403.515068049332,6403.515068049332,6403.515068049332,6403.515068049332,6403.515068049332,6403.515068049332,6403.002306370216,6403.002306370216,6403.002306370216,6403.002306370216,6403.002306370216,6403.002306370216,6403.002306370216,6403.002306370216,6403.002306370216,6403.427434085472,6403.427434085472,6403.427434085472,6403.427434085472,6403.427434085472,6403.427434085472,6403.427434085472,6403.427434085472,6403.427434085472,6403.427434085472,6403.427434085472,6403.427434085472,6403.427434085472,6403.427434085472,6403.427434085472,6403.427434085472,6403.427434085472,6403.427434085472,6403.427434085472,6403.427434085472,6403.427434085472,6403.427434085472,6403.427434085472,6403.427434085472,6403.427434085472,6403.427434085472,6403.427434085472,6402.752925109797,6402.752925109797,6402.752925109797,6402.752925109797,6402.752925109797,6402.752925109797,6402.752925109797,6402.752925109797,6402.752925109797,6402.752925109797,6402.752925109797,6402.752925109797,6402.752925109797,6402.752925109797,6402.752925109797,6402.752925109797,6402.752925109797,6402.752925109797,6402.752925109797,6402.752925109797,6402.752925109797,6402.752925109797,6402.752925109797,6402.752925109797,6402.752925109797,6402.752925109797,6402.321807871489,6402.321807871489,6402.321807871489,6403.711722133322,6403.711722133322,6403.711722133322,6403.711722133322,6403.711722133322,6403.711722133322,6403.711722133322,6403.711722133322,6403.711722133322,6403.711722133322,6403.711722133322,6403.711722133322,6403.711722133322,6403.711722133322,6403.711722133322,6403.711722133322,6403.711722133322,6403.711722133322,6403.711722133322,6403.711722133322,6403.711722133322,6403.711722133322,6403.711722133322,6403.711722133322,6403.711722133322,6403.711722133322,6403.711722133322,6403.711722133322,6403.711722133322,6403.711722133322,6403.711722133322,6403.711722133322,6403.711722133322,6404.2416669798795,6404.2416669798795,6404.2416669798795,6404.771053366168,6404.771053366168,6404.771053366168,6404.771053366168,6404.771053366168,6404.771053366168,6404.771053366168,6404.771053366168,6404.771053366168,6404.771053366168,6404.771053366168,6404.771053366168,6404.771053366168,6404.771053366168,6404.771053366168,6404.771053366168,6404.771053366168,6404.771053366168,6404.771053366168,6404.771053366168,6404.771053366168,6404.771053366168,6404.771053366168,6404.771053366168,6404.771053366168,6404.771053366168,6404.771053366168,6404.771053366168,6404.771053366168,6404.771053366168,6406.095194582989,6406.095194582989,6406.095194582989,6406.095194582989,6406.095194582989,6406.095194582989,6406.095194582989,6406.095194582989,6406.095194582989,6406.095194582989,6406.095194582989,6406.095194582989,6406.095194582989,6406.095194582989,6406.095194582989,6406.095194582989,6406.095194582989,6406.095194582989,6406.095194582989,6406.095194582989,6406.095194582989,6406.095194582989,6406.095194582989,6406.095194582989,6406.095194582989,6406.095194582989,6406.095194582989,6406.095194582989,6406.095194582989,6406.095194582989,6406.095194582989,6406.095194582989,6406.095194582989,6406.095194582989,6406.095194582989,6406.095194582989,6406.095194582989,6406.095194582989,6406.095194582989,6406.095194582989,6406.095194582989,6406.095194582989,6406.095194582989,6406.095194582989,6406.095194582989,6406.095194582989,6406.095194582989,6406.095194582989,6406.095194582989,6406.095194582989,6406.095194582989,6406.095194582989,6406.095194582989,6406.095194582989,6406.095194582989,6406.095194582989,6406.095194582989,6406.095194582989,6406.095194582989,6406.095194582989,6406.095194582989,6406.095194582989,6406.095194582989,6406.095194582989,6406.095194582989,6406.095194582989,6406.095194582989,6406.095194582989,6406.095194582989,6406.095194582989,6406.095194582989,6406.095194582989,6406.095194582989,6406.095194582989,6406.095194582989,6406.095194582989,6406.095194582989,6405.473188784441,6405.473188784441,6405.473188784441,6405.473188784441,6405.473188784441,6405.473188784441,6405.473188784441,6405.473188784441,6405.473188784441,6405.473188784441,6405.473188784441,6405.473188784441,6405.473188784441,6405.473188784441,6405.473188784441,6405.473188784441,6405.473188784441,6405.473188784441,6405.473188784441,6405.473188784441,6405.473188784441,6405.473188784441,6405.473188784441,6405.473188784441,6405.473188784441,6405.473188784441,6405.473188784441,6405.473188784441,6405.473188784441,6405.473188784441,6405.473188784441,6405.473188784441,6405.473188784441,6405.473188784441,6405.473188784441,6405.473188784441,6405.473188784441,6405.473188784441,6405.473188784441,6405.473188784441,6405.473188784441,6405.473188784441,6405.473188784441,6405.473188784441,6405.473188784441,6405.473188784441,6405.473188784441,6405.473188784441,6405.473188784441,6405.473188784441,6405.473188784441,6405.473188784441,6405.473188784441,6405.473188784441,6405.473188784441,6405.473188784441,6405.473188784441,6405.473188784441,6405.473188784441,6405.473188784441,6405.473188784441,6405.473188784441,6405.473188784441,6405.473188784441,6405.473188784441,6405.473188784441,6405.473188784441,6405.473188784441,6405.473188784441,6405.473188784441,6405.473188784441,6405.473188784441,6405.473188784441,6405.473188784441,6405.473188784441,6405.473188784441,6405.473188784441,6405.473188784441,6405.537887361372,6405.537887361372,6405.537887361372,6405.537887361372,6405.537887361372,6405.537887361372,6405.537887361372,6405.537887361372,6405.537887361372,6405.537887361372,6405.537887361372,6405.537887361372,6404.953524891495,6404.953524891495,6404.953524891495,6404.953524891495,6404.953524891495,6404.605214707889,6404.605214707889,6404.605214707889,6404.605214707889,6404.605214707889,6404.605214707889,6404.605214707889,6404.605214707889,6404.605214707889,6404.605214707889,6404.605214707889,6404.605214707889,6404.605214707889,6404.605214707889,6404.605214707889,6404.605214707889,6404.605214707889,6404.605214707889,6404.605214707889,6404.605214707889,6404.605214707889,6404.605214707889,6404.605214707889,6404.605214707889,6404.605214707889,6404.605214707889,6404.605214707889,6404.605214707889,6404.605214707889,6404.605214707889,6404.605214707889,6404.605214707889,6404.605214707889,6404.605214707889,6404.9743107062695,6404.9743107062695,6404.9743107062695,6404.9743107062695,6404.9743107062695,6404.9743107062695,6404.9743107062695,6404.9743107062695,6404.9743107062695,6404.9743107062695,6404.9743107062695,6404.9743107062695,6404.9743107062695,6404.9743107062695,6404.9743107062695,6404.9743107062695,6404.9743107062695,6404.9743107062695,6404.9743107062695,6404.9743107062695,6404.9743107062695,6404.9743107062695,6403.917450611712,6403.917450611712,6403.917450611712,6403.917450611712,6403.917450611712,6403.917450611712,6403.917450611712,6403.917450611712,6403.917450611712,6403.917450611712,6403.917450611712,6403.917450611712,6403.917450611712,6403.917450611712,6403.917450611712,6403.917450611712,6403.917450611712,6403.917450611712,6403.917450611712,6403.917450611712,6403.470110369349,6403.470110369349,6403.470110369349,6403.470110369349,6403.470110369349,6403.470110369349,6403.470110369349,6403.470110369349,6403.470110369349,6403.470110369349,6403.470110369349,6403.470110369349,6403.470110369349,6403.470110369349,6403.470110369349,6403.470110369349,6403.470110369349,6403.470110369349,6403.470110369349,6404.005401216911,6404.005401216911,6404.005401216911,6404.005401216911,6404.005401216911,6404.005401216911,6404.005401216911,6404.005401216911,6404.005401216911,6404.005401216911,6404.005401216911,6404.005401216911,6404.005401216911,6402.683696054891,6402.683696054891,6402.683696054891,6402.683696054891,6403.854453458016,6403.854453458016,6403.854453458016,6403.854453458016,6403.854453458016,6403.854453458016,6403.854453458016,6403.854453458016,6403.854453458016,6403.854453458016,6403.854453458016,6403.854453458016,6403.854453458016,6403.854453458016,6401.9586579213665,6401.9586579213665,6401.9586579213665,6401.9586579213665,6401.9586579213665,6401.9586579213665,6401.9586579213665,6401.9586579213665,6401.9586579213665,6401.9586579213665,6401.9586579213665,6401.9586579213665,6401.9586579213665,6401.9586579213665,6401.9586579213665,6401.9586579213665,6401.9586579213665,6401.9586579213665,6401.9586579213665,6401.9586579213665,6403.5347835292205,6403.5347835292205,6403.5347835292205,6403.5347835292205,6403.5347835292205,6403.5347835292205,6403.5347835292205,6403.5347835292205,6403.5347835292205,6403.5347835292205,6403.5347835292205,6403.5347835292205,6403.5347835292205,6403.5347835292205,6403.5347835292205,6403.5347835292205,6403.5347835292205,6403.5347835292205,6403.5347835292205,6403.5347835292205,6403.5347835292205,6403.5347835292205,6403.5347835292205,6403.5347835292205,6403.5347835292205,6403.5347835292205,6403.5347835292205,6403.5347835292205,6403.5347835292205,6403.5347835292205,6403.5347835292205,6403.5347835292205,6403.5347835292205,6403.5347835292205,6403.5347835292205,6403.5347835292205,6403.5347835292205,6403.5347835292205,6403.5347835292205,6403.5347835292205,6403.5347835292205,6403.5347835292205,6403.5347835292205,6403.5347835292205,6403.5347835292205,6403.5347835292205,6403.5347835292205,6403.5347835292205,6403.5347835292205,6403.5347835292205,6403.5347835292205,6403.5347835292205,6403.5347835292205,6402.179169562551,6402.179169562551,6402.179169562551,6403.2602620202015,6403.2602620202015,6403.2602620202015,6403.2602620202015,6403.2602620202015,6403.2602620202015,6403.2602620202015,6403.2602620202015,6403.2602620202015,6402.814393052308,6402.814393052308,6402.814393052308,6402.814393052308,6402.814393052308,6402.814393052308,6402.814393052308,6402.814393052308,6402.814393052308,6402.814393052308,6402.814393052308,6404.3514370071925,6404.3514370071925,6404.3514370071925,6404.3514370071925,6404.3514370071925,6404.3514370071925,6404.3514370071925,6404.3514370071925,6404.3514370071925,6404.3514370071925,6404.3514370071925,6404.3514370071925,6404.3514370071925,6404.3514370071925,6404.3514370071925,6404.3514370071925,6404.3514370071925,6404.3514370071925,6402.758246096702,6402.758246096702,6402.758246096702,6402.910474415545,6402.910474415545,6402.910474415545,6402.910474415545,6402.910474415545,6402.910474415545,6402.910474415545,6402.910474415545,6402.910474415545,6402.910474415545,6402.910474415545,6402.910474415545,6402.910474415545,6402.910474415545,6402.910474415545,6402.910474415545,6402.910474415545,6402.910474415545,6402.910474415545,6402.910474415545,6402.910474415545,6402.910474415545,6402.910474415545,6402.910474415545,6402.910474415545,6402.910474415545,6402.910474415545,6402.910474415545,6402.910474415545,6402.910474415545,6402.910474415545,6402.910474415545,6402.44532920181,6402.44532920181,6402.44532920181,6402.44532920181,6402.44532920181,6402.44532920181,6402.44532920181,6402.44532920181,6402.44532920181,6402.44532920181,6402.44532920181,6402.44532920181,6402.44532920181,6402.44532920181,6402.44532920181,6402.44532920181,6402.44532920181,6402.44532920181,6402.44532920181,6402.44532920181,6402.44532920181,6402.44532920181,6402.44532920181,6402.44532920181,6402.44532920181,6402.44532920181,6402.44532920181,6402.44532920181,6400.649381323763,6400.649381323763,6400.649381323763,6400.649381323763,6400.649381323763,6400.649381323763,6402.151677090026,6402.151677090026,6402.151677090026,6402.151677090026,6402.151677090026,6402.151677090026,6402.151677090026,6402.151677090026,6402.151677090026,6402.151677090026,6402.151677090026,6402.960633185359,6402.960633185359,6402.960633185359,6402.960633185359,6402.960633185359,6402.960633185359,6402.960633185359,6402.960633185359,6402.960633185359,6402.960633185359,6402.960633185359,6402.960633185359,6402.960633185359,6402.960633185359,6402.960633185359,6402.960633185359,6402.960633185359,6402.960633185359,6402.960633185359,6402.960633185359,6402.755852883087,6402.755852883087,6402.755852883087,6402.755852883087,6402.755852883087,6402.755852883087,6402.755852883087,6402.755852883087,6402.755852883087,6402.755852883087,6402.755852883087,6402.755852883087,6402.755852883087,6402.755852883087,6402.755852883087,6402.755852883087,6402.755852883087,6402.755852883087,6402.755852883087,6402.755852883087,6402.755852883087,6403.061469559764,6403.061469559764,6403.061469559764,6403.061469559764,6403.061469559764,6403.061469559764,6403.061469559764,6403.061469559764,6403.061469559764,6403.061469559764,6403.061469559764,6403.061469559764,6403.061469559764,6404.119642036595,6404.119642036595,6404.119642036595,6404.119642036595,6404.119642036595,6404.119642036595,6404.119642036595,6404.119642036595,6404.119642036595,6404.119642036595,6404.119642036595,6404.119642036595,6404.119642036595,6404.119642036595,6404.119642036595,6404.119642036595,6404.119642036595,6404.119642036595,6404.119642036595,6403.812931139881,6403.812931139881,6403.812931139881,6403.812931139881,6403.812931139881,6403.812931139881,6403.812931139881,6403.812931139881,6403.812931139881,6403.812931139881,6403.812931139881,6403.812931139881,6403.05885635261,6403.05885635261,6403.05885635261,6403.05885635261,6403.05885635261,6403.05885635261,6403.05885635261,6403.05885635261,6403.05885635261,6403.05885635261,6403.05885635261,6403.05885635261,6403.05885635261,6403.05885635261,6403.05885635261,6403.05885635261,6403.05885635261,6403.05885635261,6403.05885635261,6403.05885635261,6403.05885635261,6403.05885635261,6403.05885635261,6403.05885635261,6403.05885635261,6403.867842492639,6403.867842492639,6403.867842492639,6403.867842492639,6403.867842492639,6403.867842492639,6403.867842492639,6403.867842492639,6403.867842492639,6402.792938123517,6402.792938123517,6402.792938123517,6402.792938123517,6402.792938123517,6402.792938123517,6402.209416203788,6402.209416203788,6402.209416203788,6402.209416203788,6402.209416203788,6402.209416203788,6402.209416203788,6402.209416203788,6402.209416203788,6402.209416203788,6402.209416203788,6402.209416203788,6402.209416203788,6402.209416203788,6402.209416203788,6402.209416203788,6402.209416203788,6402.209416203788,6402.209416203788,6402.209416203788,6403.246130947227,6403.246130947227,6403.246130947227,6403.246130947227,6403.246130947227,6403.246130947227,6403.246130947227,6403.246130947227,6403.246130947227,6404.058185066294,6403.539692252789,6403.539692252789,6403.539692252789,6403.539692252789,6403.539692252789,6403.539692252789,6403.539692252789,6403.539692252789,6403.539692252789,6403.539692252789,6403.539692252789,6403.539692252789,6403.539692252789,6403.539692252789,6403.539692252789,6403.539692252789,6403.539692252789,6403.539692252789,6403.539692252789,6403.539692252789,6403.539692252789,6403.539692252789,6403.539692252789,6403.539692252789,6403.539692252789,6403.539692252789,6403.539692252789,6403.539692252789,6403.539692252789,6403.539692252789,6403.539692252789,6403.539692252789,6403.539692252789,6403.539692252789,6403.539692252789,6403.539692252789,6403.539692252789,6403.539692252789,6403.539692252789,6403.539692252789,6403.539692252789,6403.539692252789,6403.539692252789,6403.539692252789,6403.539692252789,6403.539692252789,6403.539692252789,6403.539692252789,6403.539692252789,6403.539692252789,6403.539692252789,6404.214257756369,6404.214257756369,6404.214257756369,6404.214257756369,6404.214257756369,6402.365482661609,6402.61116002684,6402.61116002684,6402.61116002684,6402.61116002684,6402.61116002684,6402.61116002684,6402.61116002684,6402.61116002684,6402.61116002684,6402.61116002684,6402.61116002684,6400.126387661911,6400.126387661911,6400.126387661911,6400.126387661911,6400.126387661911,6400.126387661911,6400.126387661911,6400.126387661911,6403.020021113482,6403.020021113482,6403.020021113482,6403.020021113482,6403.020021113482,6403.020021113482,6403.020021113482,6403.020021113482,6403.020021113482,6403.020021113482,6403.020021113482,6403.020021113482,6403.020021113482,6403.020021113482,6403.020021113482,6403.020021113482,6403.020021113482,6403.020021113482,6403.020021113482,6403.020021113482,6403.020021113482,6403.020021113482,6403.020021113482,6403.020021113482,6403.020021113482,6403.020021113482,6403.020021113482,6403.020021113482,6403.020021113482,6403.020021113482,6403.020021113482,6403.020021113482,6403.020021113482,6403.020021113482,6403.020021113482,6403.020021113482,6403.020021113482,6403.020021113482,6403.020021113482,6403.020021113482,6403.020021113482,6403.020021113482,6403.020021113482,6403.020021113482,6403.020021113482,6403.020021113482,6403.020021113482,6403.020021113482,6403.020021113482,6403.020021113482,6403.020021113482,6403.020021113482,6403.020021113482,6403.020021113482,6403.020021113482,6403.020021113482,6403.020021113482,6403.020021113482,6403.020021113482,6403.020021113482,6400.619988190655,6400.619988190655,6400.619988190655,6400.619988190655,6400.619988190655,6400.619988190655,6400.619988190655,6400.619988190655,6400.619988190655,6404.668514614672,6404.668514614672,6404.668514614672,6404.668514614672,6404.668514614672,6404.668514614672,6403.045063338508,6403.045063338508,6403.045063338508,6403.045063338508,6403.045063338508,6403.045063338508,6403.045063338508,6403.045063338508,6403.045063338508,6403.045063338508,6403.045063338508,6403.045063338508,6403.045063338508,6403.045063338508,6403.045063338508,6403.045063338508,6403.045063338508,6403.045063338508,6403.045063338508,6403.045063338508,6403.045063338508,6403.045063338508,6403.045063338508,6403.045063338508,6403.045063338508,6403.045063338508,6403.045063338508,6403.045063338508,6403.045063338508,6403.045063338508,6403.045063338508,6403.045063338508,6403.045063338508,6403.045063338508,6403.045063338508,6403.045063338508,6403.045063338508,6403.045063338508,6403.045063338508,6403.045063338508,6403.045063338508,6403.107662727729,6403.107662727729,6403.107662727729,6403.107662727729,6403.107662727729,6403.107662727729,6403.107662727729,6403.107662727729,6403.107662727729,6403.107662727729,6403.107662727729,6403.107662727729,6403.107662727729,6403.107662727729,6403.107662727729,6403.107662727729,6403.107662727729,6403.107662727729,6403.107662727729,6403.107662727729,6403.107662727729,6403.107662727729,6402.1251535738475,6402.1251535738475,6402.1251535738475,6402.1251535738475,6402.1251535738475,6402.1251535738475,6402.1251535738475,6402.1251535738475,6402.1251535738475,6402.1251535738475,6404.050813484684,6404.050813484684,6404.050813484684,6404.050813484684,6404.050813484684,6404.050813484684,6404.050813484684,6404.050813484684,6404.050813484684,6404.050813484684,6404.050813484684,6404.050813484684,6404.050813484684,6404.050813484684,6404.008401467034,6404.008401467034,6404.008401467034,6404.008401467034,6404.008401467034,6404.008401467034,6404.008401467034,6404.008401467034,6404.008401467034,6404.008401467034,6404.008401467034,6404.008401467034,6404.008401467034,6404.008401467034,6404.008401467034,6404.008401467034,6404.008401467034,6404.008401467034,6404.008401467034,6404.008401467034,6404.008401467034,6404.008401467034,6404.008401467034,6404.008401467034,6404.008401467034,6404.008401467034,6404.008401467034,6404.054428725845,6404.054428725845,6404.054428725845,6404.054428725845,6404.054428725845,6404.054428725845,6404.054428725845,6404.054428725845,6404.054428725845,6404.054428725845,6404.054428725845,6404.054428725845,6404.054428725845,6403.790463849478,6403.790463849478,6403.3101925994015,6403.3101925994015,6403.3101925994015,6403.3101925994015,6403.3101925994015,6403.3101925994015,6403.3101925994015,6403.3101925994015,6403.3101925994015,6403.3101925994015,6403.3101925994015,6403.3101925994015,6403.3101925994015,6403.3101925994015,6403.3101925994015,6403.3101925994015,6403.3101925994015,6403.3101925994015,6403.3101925994015,6403.3101925994015,6403.3101925994015,6403.3101925994015,6403.3101925994015,6403.3101925994015,6403.3101925994015,6403.3101925994015,6403.3101925994015,6403.3101925994015,6403.3101925994015,6403.3101925994015,6403.3101925994015,6403.3101925994015,6403.3101925994015,6403.3101925994015,6403.3101925994015,6403.3101925994015,6403.3101925994015,6403.3101925994015,6403.3101925994015,6403.3101925994015,6403.3101925994015,6403.680848800111,6403.680848800111,6403.680848800111,6403.680848800111,6403.680848800111,6403.680848800111,6403.680848800111,6403.680848800111,6403.680848800111,6403.680848800111,6403.680848800111,6403.680848800111,6403.873073298229,6403.873073298229,6403.873073298229,6403.873073298229,6403.873073298229,6403.873073298229,6403.873073298229,6403.873073298229,6403.873073298229,6403.873073298229,6403.873073298229,6403.873073298229,6403.873073298229,6403.873073298229,6403.873073298229,6403.873073298229,6403.873073298229,6403.873073298229,6403.873073298229,6403.873073298229,6403.873073298229,6403.873073298229,6403.873073298229,6403.873073298229,6403.873073298229,6403.873073298229,6403.873073298229,6403.873073298229,6403.873073298229,6403.873073298229,6403.873073298229,6404.942562100194,6404.942562100194,6404.942562100194,6404.942562100194,6404.942562100194,6404.942562100194,6404.942562100194,6404.942562100194,6404.942562100194,6404.942562100194,6404.942562100194,6404.942562100194,6404.942562100194,6404.942562100194,6404.942562100194,6404.942562100194,6404.942562100194,6404.942562100194,6404.942562100194,6404.942562100194,6404.942562100194,6404.942562100194,6404.942562100194,6404.942562100194,6404.942562100194,6404.942562100194,6404.942562100194,6404.942562100194,6404.942562100194,6404.942562100194,6404.942562100194,6404.942562100194,6404.942562100194,6404.942562100194,6404.942562100194,6404.942562100194,6404.942562100194,6404.942562100194,6404.942562100194,6404.942562100194,6404.942562100194,6404.942562100194,6404.942562100194,6404.942562100194,6404.942562100194,6404.942562100194,6404.942562100194,6404.942562100194,6405.985095242578,6405.985095242578,6405.985095242578,6405.985095242578,6405.985095242578,6405.985095242578,6405.985095242578,6405.985095242578,6405.985095242578,6405.985095242578,6405.985095242578,6405.985095242578,6405.985095242578,6405.985095242578,6405.985095242578,6405.985095242578,6405.985095242578,6405.985095242578,6405.985095242578,6405.985095242578,6405.985095242578,6405.985095242578,6405.985095242578,6405.985095242578,6405.985095242578,6405.985095242578,6405.985095242578,6405.985095242578,6405.985095242578,6405.985095242578,6405.985095242578,6405.985095242578,6405.985095242578,6405.985095242578,6405.985095242578,6405.985095242578,6405.985095242578,6405.985095242578,6405.985095242578,6405.985095242578,6404.834369465752,6404.834369465752,6404.834369465752,6404.834369465752,6404.834369465752,6404.834369465752,6404.834369465752,6404.834369465752,6404.834369465752,6404.834369465752,6404.834369465752,6404.834369465752,6404.834369465752,6404.834369465752,6404.834369465752,6403.614904637853,6403.614904637853,6403.614904637853,6403.614904637853,6403.614904637853,6403.614904637853,6403.614904637853,6403.614904637853,6403.614904637853,6403.614904637853,6403.614904637853,6403.614904637853,6403.614904637853,6403.614904637853,6403.614904637853,6403.614904637853,6403.614904637853,6403.614904637853,6403.614904637853,6403.614904637853,6403.614904637853,6403.614904637853,6403.614904637853,6403.614904637853,6403.614904637853,6403.614904637853,6403.614904637853,6403.614904637853,6403.614904637853,6403.614904637853,6403.614904637853,6403.614904637853,6403.614904637853,6403.614904637853,6403.614904637853,6403.614904637853,6403.614904637853,6403.614904637853,6403.614904637853,6403.614904637853,6403.614904637853,6403.614904637853,6403.614904637853,6403.614904637853,6403.921098941785,6403.921098941785,6403.921098941785,6403.921098941785,6403.921098941785,6403.921098941785,6403.921098941785,6403.921098941785,6403.921098941785,6403.921098941785,6403.921098941785,6403.921098941785,6403.921098941785,6403.921098941785,6403.921098941785,6403.921098941785,6403.921098941785,6403.921098941785,6403.921098941785,6403.921098941785,6403.921098941785,6403.921098941785,6403.921098941785,6403.921098941785,6403.921098941785,6403.921098941785,6403.921098941785,6403.921098941785,6403.921098941785,6404.749066899403,6404.749066899403,6404.749066899403,6404.749066899403,6405.08199737966,6405.08199737966,6405.08199737966,6405.08199737966,6405.08199737966,6405.08199737966,6405.08199737966,6405.08199737966,6405.08199737966,6405.08199737966,6405.08199737966,6405.08199737966,6405.08199737966,6404.738391679879,6404.738391679879,6404.738391679879,6404.738391679879,6404.738391679879,6404.738391679879,6404.738391679879,6404.738391679879,6404.738391679879,6404.738391679879,6404.738391679879,6403.616623027043,6403.616623027043,6403.616623027043,6403.616623027043,6403.616623027043,6403.616623027043,6403.616623027043,6403.616623027043,6403.616623027043,6403.616623027043,6403.616623027043,6403.616623027043,6403.616623027043,6403.616623027043,6403.616623027043,6403.616623027043,6403.616623027043,6403.616623027043,6403.616623027043,6403.616623027043,6403.616623027043,6403.616623027043,6403.616623027043,6403.616623027043,6403.616623027043,6403.616623027043,6403.616623027043,6403.616623027043,6403.616623027043,6403.616623027043,6403.616623027043,6401.784017462186,6401.784017462186,6401.784017462186,6401.784017462186,6401.784017462186,6401.784017462186,6401.784017462186,6401.784017462186,6401.784017462186,6401.784017462186,6401.784017462186,6403.1480157512,6403.1480157512,6403.1480157512,6403.1480157512,6403.1480157512,6403.1480157512,6403.1480157512,6403.1480157512,6403.1480157512,6403.1480157512,6403.1480157512,6403.1480157512,6403.1480157512,6403.1480157512,6403.1480157512,6403.1480157512,6403.1480157512,6403.1480157512,6403.1480157512,6402.4269223349465,6402.4269223349465,6402.4269223349465,6402.4269223349465,6402.4269223349465,6402.4269223349465,6402.4269223349465,6402.4269223349465,6402.4269223349465,6402.4269223349465,6401.332137793346,6401.723426037088,6401.723426037088,6401.139276285804,6401.139276285804,6401.139276285804,6401.139276285804,6401.139276285804,6401.139276285804,6401.139276285804,6401.139276285804,6401.139276285804,6401.139276285804,6401.139276285804,6401.139276285804,6401.139276285804,6401.139276285804,6401.139276285804,6401.270342651334,6401.270342651334,6401.270342651334,6401.270342651334,6401.270342651334,6401.270342651334,6401.270342651334,6401.270342651334,6401.270342651334,6401.270342651334,6401.270342651334,6401.270342651334,6401.270342651334,6401.270342651334,6401.270342651334,6401.270342651334,6401.270342651334,6401.270342651334,6401.270342651334,6401.270342651334,6401.270342651334,6401.270342651334,6401.270342651334,6401.270342651334,6401.270342651334,6401.270342651334,6401.270342651334,6401.740261887896,6401.740261887896,6401.740261887896,6401.740261887896,6401.740261887896,6401.740261887896,6401.740261887896,6401.740261887896,6401.740261887896,6401.740261887896,6401.740261887896,6401.740261887896,6401.740261887896,6402.062876734282,6402.062876734282,6402.062876734282,6402.062876734282,6402.062876734282,6402.062876734282,6402.062876734282,6402.062876734282,6402.062876734282,6404.308384803542,6404.308384803542,6403.381253026236,6403.381253026236,6403.381253026236,6403.381253026236,6403.381253026236,6403.381253026236,6405.093202860558,6405.093202860558,6405.093202860558,6405.093202860558,6405.093202860558,6405.093202860558,6405.093202860558,6405.093202860558,6405.093202860558,6405.093202860558,6405.093202860558,6405.093202860558,6405.093202860558,6405.093202860558,6405.093202860558,6405.093202860558,6405.093202860558,6405.093202860558,6405.093202860558,6405.093202860558,6405.093202860558,6405.093202860558,6405.093202860558,6405.093202860558,6405.093202860558,6405.093202860558,6405.093202860558,6405.093202860558,6405.093202860558,6405.093202860558,6405.093202860558,6405.093202860558,6405.093202860558,6405.093202860558,6405.093202860558,6405.093202860558,6405.093202860558,6405.093202860558,6405.093202860558,6405.093202860558,6405.093202860558,6405.093202860558,6405.093202860558,6405.093202860558,6405.093202860558,6403.644298137716,6403.644298137716,6403.644298137716,6403.644298137716,6403.644298137716,6403.644298137716,6403.644298137716,6403.644298137716,6403.644298137716,6403.644298137716,6403.644298137716,6403.644298137716,6403.644298137716,6403.644298137716,6403.644298137716,6403.644298137716,6403.644298137716,6403.644298137716,6403.644298137716,6403.644298137716,6403.644298137716,6403.644298137716,6403.644298137716,6403.644298137716,6403.644298137716,6403.644298137716,6403.644298137716,6403.644298137716,6403.7480789616375,6403.7480789616375,6403.7480789616375,6403.7480789616375,6403.7480789616375,6403.7480789616375,6403.7480789616375,6403.7480789616375,6403.7480789616375,6403.7480789616375,6403.7480789616375,6403.7480789616375,6403.7480789616375,6403.7480789616375,6403.7480789616375,6403.7480789616375,6403.7480789616375,6403.7480789616375,6403.584516326254,6403.584516326254,6403.584516326254,6403.584516326254,6403.584516326254,6403.584516326254,6403.584516326254,6402.478626734759,6402.478626734759,6402.478626734759,6402.478626734759,6402.478626734759,6402.478626734759,6402.478626734759,6402.478626734759,6402.478626734759,6402.478626734759,6402.478626734759,6402.478626734759,6402.478626734759,6402.478626734759,6402.478626734759,6402.478626734759,6402.478626734759,6402.478626734759,6402.478626734759,6402.478626734759,6402.478626734759,6402.478626734759,6403.623436109455,6403.623436109455,6403.623436109455,6403.623436109455,6403.623436109455,6403.623436109455,6403.623436109455,6403.623436109455,6403.623436109455,6403.623436109455,6404.428086519918,6404.428086519918,6404.428086519918,6404.428086519918,6404.428086519918,6404.428086519918,6404.428086519918,6404.428086519918,6404.428086519918,6404.428086519918,6404.428086519918,6404.428086519918,6404.428086519918,6404.428086519918,6404.428086519918,6404.428086519918,6404.428086519918,6404.428086519918,6404.428086519918,6404.428086519918,6404.428086519918,6404.428086519918,6404.428086519918,6404.674298744334,6404.916656370059,6404.916656370059,6404.916656370059,6404.916656370059,6404.916656370059,6404.916656370059,6404.916656370059,6404.916656370059,6404.916656370059,6404.916656370059,6404.916656370059,6404.916656370059,6404.916656370059,6404.916656370059,6404.916656370059,6404.916656370059,6404.916656370059,6404.916656370059,6404.916656370059,6404.916656370059,6404.916656370059,6404.916656370059,6404.916656370059,6404.916656370059,6404.916656370059,6404.916656370059,6404.916656370059,6404.916656370059,6404.916656370059,6404.916656370059,6404.916656370059,6404.916656370059,6404.916656370059,6404.916656370059,6404.916656370059,6404.916656370059,6404.916656370059,6404.916656370059,6404.916656370059,6404.916656370059,6404.916656370059,6404.916656370059,6404.916656370059,6404.916656370059,6404.916656370059,6404.916656370059,6404.916656370059,6404.916656370059,6404.916656370059,6404.916656370059,6404.916656370059,6404.916656370059,6404.916656370059,6404.916656370059,6404.916656370059,6404.916656370059,6404.916656370059,6404.916656370059,6404.916656370059,6404.916656370059,6404.916656370059,6404.916656370059,6404.916656370059,6404.916656370059,6404.916656370059,6404.916656370059,6404.916656370059,6404.916656370059,6404.916656370059,6404.916656370059,6404.916656370059,6404.916656370059,6404.916656370059,6404.916656370059,6404.916656370059,6404.916656370059,6404.916656370059,6404.916656370059,6404.916656370059,6404.916656370059,6404.916656370059,6401.81789149928,6401.81789149928,6401.81789149928,6401.81789149928,6401.81789149928,6401.81789149928,6401.81789149928,6401.81789149928,6401.81789149928,6402.900607895085,6402.900607895085,6402.900607895085,6402.900607895085,6402.900607895085,6402.900607895085,6402.900607895085,6402.900607895085,6402.900607895085,6402.900607895085,6402.900607895085,6402.900607895085,6403.574236405449,6403.574236405449,6403.574236405449,6403.574236405449,6405.245612211104,6405.245612211104,6405.245612211104,6405.245612211104,6405.245612211104,6405.245612211104,6405.245612211104,6405.245612211104,6405.245612211104,6405.245612211104,6405.245612211104,6405.245612211104,6404.5088099660625,6404.5088099660625,6404.5088099660625,6404.5088099660625,6404.5088099660625,6404.5088099660625,6404.5088099660625,6405.0368281686715,6405.0368281686715,6405.0368281686715,6405.0368281686715,6405.0368281686715,6405.0368281686715,6405.0368281686715,6405.0368281686715,6405.0368281686715,6405.0368281686715,6405.0368281686715,6405.0368281686715,6405.0368281686715,6405.0368281686715,6405.0368281686715,6405.0368281686715,6405.0368281686715,6405.0368281686715,6405.0368281686715,6405.0368281686715,6405.0368281686715,6405.0368281686715,6405.0368281686715,6405.0368281686715,6405.0368281686715,6405.0368281686715,6405.0368281686715,6405.0368281686715,6405.0368281686715,6404.523086389611,6404.523086389611,6404.523086389611,6404.523086389611,6404.523086389611,6404.523086389611,6404.523086389611,6404.523086389611,6404.523086389611,6404.523086389611,6404.523086389611,6404.523086389611,6404.523086389611,6404.523086389611,6404.523086389611,6404.523086389611,6404.523086389611,6404.523086389611,6404.523086389611,6404.523086389611,6404.523086389611,6404.737937803289,6404.737937803289,6404.737937803289,6404.737937803289,6404.737937803289,6404.737937803289,6404.737937803289,6404.737937803289,6404.737937803289,6404.737937803289,6404.737937803289,6404.737937803289,6404.737937803289,6404.737937803289,6404.737937803289,6404.737937803289,6404.737937803289,6404.737937803289,6404.737937803289,6404.737937803289,6404.737937803289,6404.737937803289,6404.737937803289,6404.737937803289,6404.737937803289,6404.737937803289,6404.737937803289,6404.737937803289,6404.737937803289,6404.737937803289,6404.737937803289,6404.737937803289,6404.737937803289,6404.737937803289,6404.737937803289,6403.257312114656,6403.257312114656,6403.257312114656,6403.257312114656,6403.257312114656,6403.257312114656,6403.257312114656,6403.257312114656,6403.257312114656,6403.257312114656,6403.257312114656,6403.257312114656,6403.257312114656,6403.257312114656,6403.257312114656,6403.257312114656,6403.257312114656,6403.257312114656,6403.257312114656,6403.257312114656,6403.257312114656,6403.257312114656,6403.257312114656,6403.257312114656,6403.257312114656,6403.257312114656,6403.257312114656,6403.257312114656,6403.257312114656,6403.257312114656,6403.257312114656,6403.257312114656,6403.257312114656,6403.257312114656,6403.257312114656,6403.257312114656,6401.586408528072,6401.586408528072,6401.586408528072,6401.586408528072,6401.586408528072,6401.586408528072,6401.586408528072,6401.586408528072,6401.586408528072,6401.586408528072,6401.586408528072,6401.586408528072,6401.586408528072,6401.586408528072,6401.586408528072,6401.586408528072,6401.586408528072,6401.586408528072,6401.586408528072,6401.586408528072,6401.586408528072,6401.586408528072,6401.586408528072,6401.586408528072,6401.586408528072,6401.586408528072,6401.586408528072,6401.586408528072,6401.586408528072,6401.586408528072,6401.586408528072,6401.586408528072,6401.586408528072,6401.586408528072,6401.586408528072,6401.586408528072,6401.586408528072,6401.586408528072,6401.586408528072,6401.586408528072,6401.586408528072,6401.586408528072,6401.586408528072,6401.586408528072,6401.586408528072,6401.586408528072,6401.586408528072,6401.586408528072,6401.586408528072,6401.586408528072,6401.586408528072,6401.586408528072,6401.586408528072,6401.586408528072,6401.586408528072,6401.586408528072,6401.586408528072,6401.586408528072,6401.586408528072,6401.586408528072,6401.586408528072,6401.586408528072,6401.586408528072,6401.586408528072,6401.586408528072,6401.586408528072,6401.586408528072,6401.586408528072,6401.586408528072,6401.586408528072,6401.586408528072,6401.586408528072,6401.586408528072,6401.586408528072,6401.586408528072,6401.586408528072,6401.586408528072,6401.586408528072,6401.586408528072,6401.586408528072,6401.586408528072,6401.586408528072,6401.586408528072,6401.586408528072,6401.586408528072,6401.586408528072,6401.586408528072,6401.586408528072,6401.586408528072,6401.586408528072,6401.586408528072,6401.586408528072,6401.586408528072,6401.586408528072,6401.586408528072,6401.586408528072,6401.586408528072,6401.586408528072,6401.586408528072,6401.586408528072,6401.586408528072,6401.586408528072,6401.586408528072,6401.586408528072,6401.586408528072,6401.586408528072,6401.586408528072,6401.586408528072,6402.0303847780815,6402.0303847780815,6402.0303847780815,6402.0303847780815,6402.0303847780815,6402.0303847780815,6402.0303847780815,6402.0303847780815,6402.0303847780815,6402.0303847780815,6402.0303847780815,6402.0303847780815,6402.0303847780815,6402.0303847780815,6402.0303847780815,6402.0303847780815,6402.0303847780815,6402.0303847780815,6402.0303847780815,6402.0303847780815,6402.0303847780815,6402.0303847780815,6402.0303847780815,6402.0303847780815,6402.0303847780815,6402.0303847780815,6402.0303847780815,6402.0303847780815,6402.0303847780815,6402.0303847780815,6402.0303847780815,6402.0303847780815,6402.0303847780815,6402.0303847780815,6402.0303847780815,6402.0303847780815,6402.0303847780815,6402.0303847780815,6402.0303847780815,6402.0303847780815,6402.0303847780815,6402.0303847780815,6402.0303847780815,6402.0303847780815,6402.0303847780815,6402.0303847780815,6402.0303847780815,6402.0303847780815,6402.0303847780815,6402.0303847780815,6402.0303847780815,6402.0303847780815,6402.0303847780815,6402.0303847780815,6402.0303847780815,6402.0303847780815,6402.0303847780815,6402.0303847780815,6402.0303847780815,6402.0303847780815,6402.0303847780815,6402.0303847780815,6402.0303847780815,6402.0303847780815,6402.0303847780815,6402.0303847780815,6402.0303847780815,6402.0303847780815,6402.0303847780815,6402.0303847780815,6402.0303847780815,6402.0303847780815,6402.0303847780815,6402.0303847780815,6402.0303847780815,6402.0303847780815,6402.121292026931,6402.121292026931,6402.121292026931,6402.121292026931,6402.121292026931,6402.121292026931,6402.121292026931,6402.121292026931,6402.121292026931,6402.121292026931,6402.121292026931,6402.121292026931,6402.121292026931,6402.121292026931,6402.121292026931,6402.121292026931,6402.121292026931,6402.121292026931,6402.121292026931,6402.121292026931,6402.121292026931,6402.121292026931,6402.121292026931,6402.121292026931,6402.121292026931,6402.121292026931,6402.121292026931,6402.121292026931,6402.121292026931,6402.121292026931,6402.121292026931,6402.121292026931,6402.121292026931,6402.121292026931,6402.121292026931,6402.121292026931,6402.121292026931,6402.121292026931,6402.121292026931,6402.121292026931,6402.121292026931,6402.121292026931,6402.121292026931,6402.121292026931,6402.121292026931,6402.121292026931,6402.121292026931,6402.121292026931,6402.121292026931,6402.121292026931,6402.121292026931,6402.121292026931,6402.121292026931,6402.121292026931,6402.121292026931,6402.121292026931,6402.121292026931,6402.121292026931,6402.121292026931,6402.121292026931,6402.121292026931,6402.121292026931,6402.121292026931,6402.121292026931,6402.121292026931,6402.121292026931,6402.121292026931,6402.121292026931,6402.121292026931,6402.121292026931,6402.121292026931,6402.121292026931,6402.121292026931,6403.591341831564,6403.591341831564,6403.591341831564,6403.591341831564,6403.591341831564,6403.591341831564,6404.217207699564,6404.217207699564,6404.217207699564,6404.217207699564,6404.217207699564,6404.217207699564,6404.500847221442,6404.500847221442,6404.500847221442,6404.500847221442,6404.500847221442,6404.500847221442,6404.500847221442,6404.500847221442,6404.500847221442,6404.500847221442,6404.500847221442,6404.500847221442,6404.500847221442,6404.500847221442,6404.500847221442,6404.500847221442,6404.500847221442,6404.500847221442,6404.500847221442,6404.500847221442,6404.500847221442,6403.269770273241,6403.269770273241,6403.269770273241,6403.269770273241,6403.269770273241,6403.269770273241,6403.269770273241,6403.269770273241,6403.269770273241,6403.269770273241,6403.269770273241,6403.269770273241,6403.269770273241,6403.269770273241,6403.269770273241,6403.269770273241,6403.269770273241,6403.269770273241,6403.269770273241,6403.269770273241,6403.269770273241,6403.269770273241,6403.269770273241,6403.269770273241,6403.269770273241,6403.269770273241,6403.269770273241,6403.269770273241,6403.269770273241,6403.269770273241,6403.269770273241,6403.269770273241,6403.269770273241,6403.269770273241,6403.872161386832,6403.872161386832,6403.872161386832,6403.872161386832,6403.872161386832,6403.872161386832,6403.872161386832,6403.872161386832,6403.872161386832,6403.872161386832,6403.752187516734,6405.334587235181,6405.334587235181,6405.334587235181,6405.334587235181,6405.334587235181,6405.334587235181,6405.334587235181,6405.334587235181,6405.334587235181,6405.334587235181,6405.334587235181,6405.334587235181,6405.334587235181,6405.334587235181,6405.334587235181,6405.334587235181,6405.334587235181,6405.334587235181,6405.334587235181,6405.334587235181,6405.334587235181,6405.334587235181,6405.334587235181,6405.334587235181,6405.334587235181,6405.334587235181,6404.552124230275,6404.552124230275,6404.552124230275,6404.552124230275,6404.552124230275,6404.552124230275,6404.552124230275,6404.552124230275,6404.552124230275,6404.552124230275,6404.552124230275,6404.552124230275,6404.552124230275,6404.552124230275,6404.552124230275,6404.552124230275,6404.552124230275,6404.552124230275,6404.552124230275,6404.552124230275,6404.552124230275,6404.552124230275,6404.552124230275,6404.552124230275,6404.552124230275,6404.552124230275,6404.552124230275,6404.552124230275,6404.552124230275,6404.552124230275,6404.552124230275,6404.552124230275,6404.552124230275,6404.552124230275,6404.552124230275,6404.552124230275,6404.552124230275,6404.552124230275,6404.552124230275,6404.552124230275,6404.552124230275,6404.552124230275,6404.552124230275,6404.552124230275,6404.552124230275,6404.552124230275,6404.552124230275,6404.552124230275,6404.552124230275,6404.552124230275,6404.552124230275,6404.552124230275,6404.552124230275,6404.552124230275,6404.552124230275,6404.552124230275,6404.552124230275,6404.552124230275,6404.552124230275,6404.552124230275,6404.552124230275,6404.552124230275,6404.552124230275,6404.552124230275,6404.552124230275,6404.552124230275,6404.552124230275,6404.552124230275,6404.552124230275,6404.552124230275,6404.552124230275,6404.552124230275,6404.552124230275,6404.552124230275,6404.552124230275,6404.552124230275,6404.552124230275,6404.552124230275,6404.552124230275,6404.552124230275,6404.552124230275,6404.552124230275,6404.552124230275,6404.552124230275,6404.552124230275,6404.552124230275,6404.552124230275,6404.552124230275,6404.552124230275,6404.552124230275,6404.552124230275,6404.552124230275,6404.552124230275,6404.552124230275,6404.552124230275,6404.552124230275,6404.552124230275,6404.552124230275,6404.552124230275,6404.552124230275,6404.552124230275,6404.552124230275,6404.552124230275,6404.552124230275,6404.552124230275,6404.552124230275,6404.552124230275,6404.552124230275,6404.552124230275,6404.552124230275,6404.552124230275,6404.552124230275,6404.552124230275,6404.552124230275,6404.552124230275,6404.552124230275,6405.130617073312,6405.130617073312,6405.130617073312,6405.130617073312,6405.130617073312,6405.130617073312,6405.130617073312,6405.130617073312,6403.480647298549,6403.480647298549,6403.480647298549,6403.480647298549,6403.480647298549,6403.480647298549,6403.480647298549,6403.480647298549,6403.480647298549,6403.480647298549,6403.480647298549,6403.480647298549,6403.480647298549,6403.480647298549,6403.480647298549,6403.480647298549,6403.480647298549,6403.480647298549,6403.480647298549,6403.480647298549,6403.480647298549,6403.480647298549,6402.52707850502,6402.52707850502,6402.52707850502,6402.52707850502,6402.52707850502,6402.52707850502,6402.52707850502,6402.52707850502,6402.52707850502,6402.52707850502,6402.52707850502,6401.4135091962235,6402.440633969363,6402.440633969363,6402.440633969363,6402.440633969363,6402.440633969363,6402.440633969363,6402.440633969363,6402.440633969363,6402.440633969363,6402.440633969363,6402.440633969363,6403.564355208111,6403.564355208111,6403.564355208111,6403.564355208111,6403.564355208111,6403.564355208111,6403.564355208111,6403.564355208111,6403.564355208111,6403.564355208111,6403.564355208111,6403.564355208111,6403.564355208111,6403.180153158065,6403.180153158065,6403.180153158065,6403.180153158065,6403.180153158065,6403.180153158065,6403.180153158065,6403.180153158065,6403.180153158065,6403.180153158065,6403.180153158065,6403.180153158065,6403.603650926535,6403.603650926535,6403.603650926535,6403.603650926535,6403.603650926535,6403.603650926535,6404.5819614513475,6404.5819614513475,6404.5819614513475,6404.5819614513475,6404.5819614513475,6404.5819614513475,6404.5819614513475,6404.5819614513475,6404.5819614513475,6404.5819614513475,6404.5819614513475,6404.5819614513475,6404.5819614513475,6404.5819614513475,6404.5819614513475,6404.5819614513475,6404.5819614513475,6404.5819614513475,6404.5819614513475,6404.5819614513475,6404.5819614513475,6404.5819614513475,6404.5819614513475,6404.5819614513475,6404.5819614513475,6404.5819614513475,6404.5819614513475,6404.5819614513475,6404.5819614513475,6404.5819614513475,6404.5819614513475,6404.5819614513475,6404.5819614513475,6404.5819614513475,6404.5819614513475,6404.5819614513475,6404.5819614513475,6404.5819614513475,6404.5819614513475,6404.5819614513475,6404.5819614513475,6404.5819614513475,6404.5819614513475,6404.5819614513475,6404.5819614513475,6404.5819614513475,6404.5819614513475,6404.5819614513475,6404.5819614513475,6404.5819614513475,6404.5819614513475,6404.5819614513475,6404.5819614513475,6404.5819614513475,6404.5819614513475,6404.5819614513475,6404.5819614513475,6404.5819614513475,6404.5819614513475,6404.5819614513475,6404.5819614513475,6404.5819614513475,6404.5819614513475,6404.5819614513475,6404.5819614513475,6404.5819614513475,6404.5819614513475,6404.5819614513475,6404.5819614513475,6404.5819614513475,6404.5819614513475,6404.5819614513475,6404.5819614513475,6404.5819614513475,6404.5819614513475,6404.5819614513475,6404.5819614513475,6404.5819614513475,6404.5819614513475,6404.5819614513475,6404.5819614513475,6404.5819614513475,6404.5819614513475,6404.5819614513475,6404.5819614513475,6404.5819614513475,6404.5819614513475,6404.5819614513475,6404.5819614513475,6402.764933077363,6402.764933077363,6402.764933077363,6402.764933077363,6402.764933077363,6402.764933077363,6402.764933077363,6402.764933077363,6402.764933077363,6402.764933077363,6403.043442288819,6403.043442288819,6404.131629172815,6404.131629172815,6404.131629172815,6404.131629172815,6404.131629172815,6404.131629172815,6404.131629172815,6404.131629172815,6404.131629172815,6404.131629172815,6404.131629172815,6404.131629172815,6404.131629172815,6404.131629172815,6404.131629172815,6404.131629172815,6404.131629172815,6403.26460144508,6403.26460144508,6403.26460144508,6403.26460144508,6403.26460144508,6403.26460144508,6403.26460144508,6403.26460144508,6403.26460144508,6403.26460144508,6403.26460144508,6403.26460144508,6403.26460144508,6403.26460144508,6403.26460144508,6403.26460144508,6403.26460144508,6403.26460144508,6403.26460144508,6403.26460144508,6403.26460144508,6403.26460144508,6403.26460144508,6403.26460144508,6403.26460144508,6403.32581209367,6403.597997135954,6403.597997135954,6403.597997135954,6403.597997135954,6403.597997135954,6403.597997135954,6403.597997135954,6403.597997135954,6403.597997135954,6403.597997135954,6403.597997135954,6403.597997135954,6403.597997135954,6405.5639999317345,6405.5639999317345,6405.5639999317345,6405.5639999317345,6405.5639999317345,6405.5639999317345,6405.5639999317345,6405.5639999317345,6405.5639999317345,6405.5639999317345,6405.5639999317345,6405.5639999317345,6405.5639999317345,6405.5639999317345,6405.5639999317345,6405.5639999317345,6405.5639999317345,6405.5639999317345,6405.5639999317345,6405.5639999317345,6405.5639999317345,6405.5639999317345,6405.5639999317345,6405.5639999317345,6405.5639999317345,6405.5639999317345,6405.5639999317345,6405.5639999317345,6405.5639999317345,6405.5639999317345,6405.5639999317345,6405.5639999317345,6405.5639999317345,6405.5639999317345,6405.5639999317345,6405.5639999317345,6405.5639999317345,6405.5639999317345,6405.5639999317345,6405.5639999317345,6405.5639999317345,6405.5639999317345,6405.5639999317345,6405.5639999317345,6405.5639999317345,6405.5639999317345,6405.5639999317345,6405.5639999317345,6405.5639999317345,6405.5639999317345,6405.5639999317345,6405.5639999317345,6405.5639999317345,6405.5639999317345,6405.5639999317345,6405.5639999317345,6405.5639999317345,6405.661215326679,6405.661215326679,6405.661215326679,6405.661215326679,6405.661215326679,6404.4641091928115,6404.4641091928115,6404.4641091928115,6404.4641091928115,6404.4641091928115,6404.4641091928115,6404.4641091928115,6404.4641091928115,6404.4641091928115,6404.4641091928115,6404.4641091928115,6404.4641091928115,6404.4641091928115,6404.4641091928115,6404.4641091928115,6404.4641091928115,6404.4641091928115,6404.4641091928115,6404.4641091928115,6404.4641091928115,6404.4641091928115,6404.4641091928115,6404.4641091928115,6404.4641091928115,6404.4641091928115,6404.4641091928115,6404.4641091928115,6404.4641091928115,6404.4641091928115,6404.4641091928115,6404.4641091928115,6404.4641091928115,6404.4641091928115,6404.4641091928115,6404.4641091928115,6404.4641091928115,6404.4641091928115,6404.4641091928115,6404.4641091928115,6404.4641091928115,6404.4641091928115,6404.4641091928115,6404.4641091928115,6404.4641091928115,6404.4641091928115,6404.4641091928115,6404.4641091928115,6404.4641091928115,6404.4641091928115,6404.4641091928115,6404.4641091928115,6404.4641091928115,6404.4641091928115,6404.4641091928115,6404.4641091928115,6404.4641091928115,6404.4641091928115,6404.4641091928115,6404.4641091928115,6404.4641091928115,6404.4641091928115,6405.211873493605,6405.211873493605,6405.211873493605,6405.211873493605,6405.211873493605,6405.211873493605,6405.211873493605,6405.211873493605,6405.211873493605,6405.211873493605,6405.211873493605,6405.211873493605,6405.211873493605,6405.211873493605,6405.211873493605,6405.211873493605,6405.211873493605,6405.211873493605,6405.211873493605,6405.211873493605,6405.211873493605,6405.211873493605,6405.211873493605,6405.211873493605,6405.211873493605,6405.211873493605,6405.211873493605,6405.211873493605,6405.211873493605,6405.211873493605,6405.211873493605,6405.211873493605,6405.211873493605,6405.211873493605,6405.211873493605,6405.211873493605,6405.211873493605,6405.211873493605,6405.211873493605,6405.211873493605,6405.211873493605,6405.211873493605,6405.211873493605,6405.211873493605,6405.211873493605,6405.211873493605,6405.211873493605,6405.211873493605,6405.211873493605,6405.211873493605,6405.211873493605,6405.211873493605,6405.211873493605,6405.211873493605,6405.211873493605,6405.211873493605,6405.211873493605,6405.211873493605,6405.211873493605,6405.211873493605,6405.211873493605,6405.211873493605,6405.211873493605,6405.211873493605,6405.211873493605,6405.211873493605,6405.211873493605,6405.211873493605,6405.211873493605,6405.211873493605,6405.211873493605,6405.211873493605,6405.211873493605,6405.211873493605,6405.211873493605,6405.211873493605,6405.211873493605,6405.211873493605,6405.211873493605,6405.211873493605,6405.211873493605,6405.211873493605,6405.211873493605,6405.211873493605,6405.211873493605,6405.211873493605,6405.211873493605,6405.211873493605,6405.211873493605,6405.211873493605,6405.211873493605,6405.211873493605,6405.211873493605,6405.211873493605,6405.211873493605,6405.211873493605,6405.211873493605,6405.211873493605,6405.211873493605,6405.211873493605,6405.211873493605,6405.211873493605,6405.211873493605,6405.211873493605,6405.211873493605,6405.211873493605,6405.211873493605,6405.211873493605,6405.211873493605,6405.211873493605,6405.211873493605,6405.211873493605,6405.211873493605,6405.211873493605,6405.211873493605,6405.211873493605,6405.211873493605,6405.211873493605,6405.211873493605,6405.211873493605,6405.211873493605,6405.211873493605,6405.211873493605,6405.211873493605,6405.211873493605,6405.211873493605,6405.211873493605,6405.211873493605,6405.211873493605,6405.211873493605,6405.211873493605,6405.211873493605,6405.211873493605,6405.211873493605,6405.211873493605,6405.211873493605,6405.211873493605,6405.211873493605,6405.211873493605,6405.211873493605,6405.211873493605,6405.211873493605,6405.211873493605,6405.211873493605,6405.211873493605,6405.211873493605,6405.211873493605,6405.211873493605,6405.211873493605,6405.211873493605,6405.211873493605,6405.211873493605,6405.211873493605,6405.211873493605,6405.211873493605,6405.211873493605,6405.211873493605,6405.211873493605,6405.211873493605,6405.211873493605,6405.211873493605,6405.211873493605,6405.211873493605,6405.211873493605,6405.211873493605,6405.211873493605,6405.211873493605,6405.211873493605,6405.211873493605,6402.466977680345,6402.466977680345,6402.466977680345,6402.466977680345,6402.466977680345,6402.466977680345,6402.466977680345,6402.466977680345,6402.466977680345,6402.466977680345,6402.466977680345,6402.466977680345,6402.466977680345,6402.466977680345,6402.466977680345,6403.87751926182,6403.87751926182,6403.87751926182,6403.87751926182,6403.87751926182,6403.87751926182,6403.87751926182,6403.87751926182,6403.87751926182,6403.87751926182,6403.87751926182,6403.87751926182,6403.587349815459,6403.587349815459,6403.587349815459,6403.587349815459,6403.587349815459,6403.587349815459,6403.587349815459,6403.587349815459,6403.587349815459,6403.587349815459,6403.587349815459,6403.587349815459,6403.587349815459,6403.587349815459,6403.587349815459,6403.587349815459,6403.587349815459,6403.587349815459,6403.587349815459,6403.587349815459,6403.587349815459,6403.587349815459,6403.587349815459,6403.587349815459,6403.587349815459,6403.587349815459,6403.587349815459,6403.587349815459,6403.587349815459,6403.587349815459,6403.587349815459,6403.587349815459,6402.484520211418,6402.484520211418,6402.484520211418,6402.484520211418,6402.484520211418,6402.484520211418,6402.484520211418,6402.484520211418,6402.484520211418,6402.484520211418,6402.484520211418,6402.484520211418,6402.484520211418,6401.530022275118,6401.530022275118,6401.530022275118,6401.530022275118,6401.530022275118,6401.530022275118,6401.530022275118,6401.530022275118,6401.530022275118,6401.530022275118,6401.530022275118,6401.530022275118,6401.530022275118,6401.530022275118,6401.530022275118,6401.878564488626,6401.878564488626,6401.368118810893,6401.368118810893,6401.368118810893,6401.368118810893,6401.368118810893,6401.368118810893,6401.368118810893,6401.368118810893,6401.368118810893,6401.368118810893,6401.368118810893,6401.368118810893,6401.368118810893,6401.368118810893,6401.368118810893,6401.368118810893,6401.368118810893,6401.368118810893,6401.368118810893,6401.368118810893,6401.368118810893,6402.380274997557,6402.380274997557,6402.380274997557,6402.380274997557,6402.380274997557,6402.380274997557,6402.380274997557,6402.380274997557,6400.421549995122,6402.757822653284,6402.757822653284,6402.757822653284,6402.757822653284,6402.757822653284,6402.757822653284,6402.757822653284,6402.757822653284,6402.757822653284,6402.757822653284,6402.757822653284,6402.757822653284,6402.757822653284,6402.757822653284,6402.757822653284,6402.757822653284,6402.757822653284,6402.757822653284,6402.757822653284,6402.757822653284,6402.757822653284,6402.757822653284,6402.757822653284,6402.757822653284,6402.757822653284,6402.757822653284,6402.757822653284,6402.757822653284,6403.158410785254,6403.158410785254,6403.158410785254,6403.158410785254,6403.158410785254,6403.158410785254,6403.158410785254,6403.158410785254,6403.158410785254,6403.158410785254,6403.158410785254,6403.552533793951,6403.552533793951,6403.552533793951,6403.552533793951,6403.552533793951,6403.552533793951,6403.552533793951,6403.552533793951,6403.552533793951,6403.552533793951,6403.552533793951,6403.552533793951,6403.552533793951,6403.552533793951,6403.552533793951,6403.552533793951,6403.552533793951,6403.552533793951,6403.552533793951,6403.552533793951,6402.496359218064,6402.496359218064,6402.496359218064,6402.496359218064,6402.496359218064,6402.496359218064,6402.496359218064,6402.496359218064,6402.496359218064,6402.496359218064,6402.496359218064,6402.496359218064,6402.496359218064,6402.496359218064,6402.496359218064,6402.496359218064,6402.496359218064,6402.496359218064,6402.496359218064,6402.496359218064,6403.972296646073,6403.972296646073,6403.972296646073,6403.972296646073,6403.972296646073,6403.972296646073,6403.972296646073,6403.972296646073,6403.972296646073,6403.972296646073,6403.972296646073,6403.972296646073,6403.972296646073,6403.972296646073,6403.972296646073,6404.924385319581,6404.924385319581,6404.924385319581,6404.924385319581,6404.924385319581,6404.924385319581,6404.924385319581,6404.924385319581,6404.924385319581,6404.686075652477,6404.686075652477,6404.686075652477,6404.686075652477,6404.686075652477,6404.686075652477,6404.686075652477,6404.686075652477,6404.686075652477,6404.686075652477,6404.686075652477,6404.686075652477,6404.686075652477,6404.686075652477,6404.707760807817,6404.707760807817,6404.707760807817,6404.707760807817,6404.707760807817,6404.707760807817,6404.707760807817,6404.707760807817,6404.487053663238,6404.487053663238,6404.487053663238,6404.487053663238,6404.487053663238,6404.487053663238,6404.487053663238,6404.487053663238,6404.487053663238,6404.487053663238,6404.487053663238,6404.487053663238,6404.487053663238,6404.487053663238,6404.487053663238,6404.487053663238,6404.487053663238,6404.487053663238,6404.487053663238,6404.487053663238,6404.487053663238,6404.487053663238,6404.487053663238,6404.487053663238,6404.487053663238,6404.487053663238,6404.487053663238,6404.487053663238,6404.487053663238,6404.487053663238,6404.487053663238,6404.487053663238,6404.487053663238,6404.487053663238,6404.487053663238,6404.487053663238,6404.487053663238,6404.487053663238,6404.487053663238,6402.018411593001,6402.018411593001,6402.018411593001,6402.018411593001,6402.018411593001,6402.018411593001,6402.018411593001,6402.018411593001,6402.018411593001,6402.018411593001,6402.018411593001,6402.018411593001,6402.018411593001,6402.018411593001,6402.018411593001,6402.880719598341,6402.880719598341,6402.880719598341,6402.880719598341,6402.880719598341,6402.880719598341,6402.880719598341,6402.880719598341,6402.880719598341,6402.880719598341,6402.880719598341,6402.880719598341,6402.880719598341,6402.880719598341,6402.880719598341,6402.880719598341,6402.880719598341,6406.228821499084,6406.228821499084,6406.228821499084,6406.228821499084,6406.228821499084,6406.228821499084,6406.228821499084,6406.228821499084,6406.228821499084,6406.228821499084,6406.228821499084,6406.228821499084,6406.228821499084,6406.228821499084,6406.228821499084,6406.228821499084,6406.228821499084,6406.228821499084,6406.228821499084,6406.228821499084,6406.228821499084,6406.228821499084,6406.228821499084,6406.228821499084,6406.228821499084,6406.228821499084,6406.228821499084,6404.379705757607,6404.379705757607,6404.379705757607,6404.379705757607,6404.379705757607,6404.379705757607,6404.379705757607,6404.379705757607,6404.379705757607,6404.379705757607,6404.379705757607,6404.379705757607,6404.6883662653245,6404.6883662653245,6404.6883662653245,6404.6883662653245,6404.6883662653245,6404.333381802839,6404.333381802839,6404.333381802839,6404.333381802839,6404.333381802839,6404.333381802839,6404.333381802839,6404.333381802839,6404.333381802839,6404.333381802839,6404.333381802839,6404.333381802839,6404.333381802839,6404.333381802839,6404.333381802839,6404.333381802839,6404.333381802839,6404.333381802839,6404.333381802839,6404.05267639296,6404.05267639296,6404.76863395,6404.76863395,6404.76863395,6404.76863395,6404.76863395,6404.76863395,6405.685498031857,6405.685498031857,6405.685498031857,6405.685498031857,6405.685498031857,6405.685498031857,6405.685498031857,6405.685498031857,6405.685498031857,6405.685498031857,6405.685498031857,6405.685498031857,6405.685498031857,6405.685498031857,6405.685498031857,6405.685498031857,6405.685498031857,6405.685498031857,6405.685498031857,6405.685498031857,6405.685498031857,6405.685498031857,6405.685498031857,6405.685498031857,6405.685498031857,6405.685498031857,6405.685498031857,6405.685498031857,6405.685498031857,6405.685498031857,6405.685498031857,6405.685498031857,6405.685498031857,6405.685498031857,6405.685498031857,6405.685498031857,6405.685498031857,6405.685498031857,6405.685498031857,6405.685498031857,6405.685498031857,6405.685498031857,6405.685498031857,6405.685498031857,6405.685498031857,6405.685498031857,6405.685498031857,6405.685498031857,6405.685498031857,6405.685498031857,6406.26501155685,6406.26501155685,6406.26501155685,6406.26501155685,6406.26501155685,6406.26501155685,6406.26501155685,6406.26501155685,6406.26501155685,6406.26501155685,6406.26501155685,6406.26501155685,6406.26501155685,6406.26501155685,6406.26501155685,6404.9427646947115,6404.9427646947115,6404.9427646947115,6404.9427646947115,6404.9427646947115,6404.9427646947115,6404.9427646947115,6404.9427646947115,6404.9427646947115,6404.9427646947115,6404.9427646947115,6404.9427646947115,6404.9427646947115,6404.9427646947115,6404.9427646947115,6404.9427646947115,6404.9427646947115,6404.9427646947115,6404.9427646947115,6404.9427646947115,6404.9427646947115,6404.9427646947115,6404.9427646947115,6404.9427646947115,6404.9427646947115,6404.9427646947115,6404.9427646947115,6404.9427646947115,6404.9427646947115,6404.9427646947115,6404.9427646947115,6404.9427646947115,6404.9427646947115,6404.9427646947115,6404.9427646947115,6404.9427646947115,6404.9427646947115,6404.9427646947115,6404.9427646947115,6404.9427646947115,6404.9427646947115,6404.9427646947115,6404.9427646947115,6404.9427646947115,6404.9427646947115,6404.9427646947115,6404.9427646947115,6404.9427646947115,6404.9427646947115,6404.9427646947115,6404.9427646947115,6404.9427646947115,6404.9427646947115,6404.9427646947115,6404.9427646947115,6404.9427646947115,6404.9427646947115,6404.9427646947115,6404.9427646947115,6404.9427646947115,6404.9427646947115,6404.9427646947115,6404.9427646947115,6404.9427646947115,6404.9427646947115,6404.9427646947115,6404.9427646947115,6404.9427646947115,6404.9427646947115,6404.9427646947115,6404.9427646947115,6404.9427646947115,6404.9427646947115,6404.9427646947115,6404.9427646947115,6404.9427646947115,6404.9427646947115,6404.9427646947115,6404.9427646947115,6404.9427646947115,6404.9427646947115,6404.9427646947115,6404.9427646947115,6404.9427646947115,6404.9427646947115,6404.9427646947115,6404.9427646947115,6404.9427646947115,6404.9427646947115,6404.9427646947115,6404.9427646947115,6404.9427646947115,6404.9427646947115,6404.9427646947115,6404.9427646947115,6404.9427646947115,6404.9427646947115,6404.9427646947115,6404.9427646947115,6404.9427646947115,6404.9427646947115,6404.9427646947115,6404.9427646947115,6404.9427646947115,6404.9427646947115,6404.9427646947115,6404.9427646947115,6404.9427646947115,6404.9427646947115,6404.9427646947115,6404.953326289391,6404.953326289391,6404.953326289391,6404.953326289391,6404.953326289391,6404.953326289391,6404.953326289391,6404.953326289391,6405.289939112108,6405.289939112108,6405.289939112108,6405.289939112108,6405.289939112108,6405.289939112108,6405.289939112108,6405.289939112108,6405.289939112108,6405.289939112108,6405.289939112108,6403.844470313261,6403.844470313261,6403.844470313261,6403.844470313261,6403.844470313261,6403.844470313261,6403.844470313261,6404.039716532658,6404.07978263978,6404.07978263978,6404.07978263978,6404.07978263978,6404.07978263978,6404.07978263978,6404.07978263978,6404.07978263978,6403.806273784886,6403.806273784886,6403.806273784886,6403.806273784886,6403.806273784886,6403.806273784886,6403.806273784886,6403.806273784886,6403.806273784886,6403.806273784886,6403.806273784886,6403.806273784886,6403.806273784886,6403.806273784886,6403.806273784886,6403.806273784886,6403.806273784886,6403.806273784886,6403.806273784886,6403.806273784886,6403.806273784886,6403.806273784886,6403.806273784886,6403.806273784886,6403.806273784886,6403.806273784886,6403.806273784886,6403.806273784886,6403.806273784886,6403.806273784886,6403.806273784886,6403.806273784886,6403.806273784886,6403.806273784886,6403.806273784886,6403.806273784886,6403.806273784886,6403.806273784886,6403.806273784886,6403.806273784886,6403.806273784886,6403.806273784886,6405.541030230397,6405.541030230397,6405.541030230397,6405.541030230397,6405.541030230397,6405.541030230397,6405.541030230397,6405.541030230397,6405.541030230397,6405.541030230397,6405.541030230397,6405.541030230397,6406.528589533199,6406.528589533199,6406.528589533199,6406.528589533199,6406.528589533199,6406.528589533199,6406.528589533199,6406.528589533199,6406.528589533199,6406.528589533199,6406.528589533199,6406.528589533199,6406.528589533199,6406.528589533199,6406.528589533199,6406.528589533199,6406.528589533199,6406.528589533199,6406.528589533199,6406.528589533199,6406.528589533199,6406.528589533199,6406.528589533199,6406.528589533199,6406.528589533199,6406.528589533199,6406.528589533199,6406.528589533199,6406.528589533199,6406.528589533199,6406.528589533199,6406.528589533199,6406.528589533199,6406.528589533199,6406.528589533199,6406.528589533199,6406.528589533199,6406.528589533199,6406.528589533199,6406.528589533199,6406.528589533199,6406.528589533199,6406.528589533199,6406.528589533199,6406.528589533199,6406.528589533199,6406.528589533199,6406.528589533199,6406.528589533199,6406.528589533199,6406.528589533199,6406.528589533199,6406.528589533199,6406.528589533199,6406.528589533199,6406.528589533199,6406.528589533199,6406.528589533199,6406.528589533199,6406.528589533199,6406.528589533199,6406.528589533199,6406.528589533199,6406.528589533199,6406.528589533199,6406.528589533199,6406.528589533199,6406.528589533199,6406.528589533199,6406.528589533199,6406.528589533199,6406.528589533199,6406.528589533199,6406.528589533199,6406.528589533199,6406.528589533199,6406.528589533199,6406.528589533199,6406.528589533199,6406.528589533199,6406.528589533199,6406.528589533199,6406.528589533199,6406.528589533199,6406.528589533199,6406.528589533199,6406.528589533199,6406.528589533199,6406.528589533199,6406.528589533199,6406.528589533199,6406.528589533199,6406.528589533199,6406.528589533199,6406.528589533199,6406.528589533199,6406.528589533199,6406.528589533199,6406.528589533199,6406.528589533199,6406.528589533199,6406.528589533199,6406.528589533199,6406.528589533199,6406.528589533199,6406.528589533199,6406.528589533199,6406.528589533199,6406.528589533199,6406.528589533199,6406.528589533199,6406.528589533199,6406.528589533199,6406.528589533199,6406.528589533199,6406.528589533199,6406.528589533199,6406.528589533199,6406.528589533199,6406.528589533199,6406.528589533199,6406.528589533199,6406.528589533199,6406.528589533199,6406.528589533199,6406.528589533199,6406.528589533199,6406.528589533199,6406.528589533199,6406.528589533199,6406.528589533199,6406.528589533199,6406.528589533199,6406.528589533199,6406.528589533199,6406.528589533199,6406.528589533199,6406.528589533199,6406.528589533199,6406.528589533199,6406.528589533199,6406.528589533199,6406.528589533199,6406.528589533199,6406.528589533199,6406.528589533199,6406.528589533199,6406.528589533199,6406.528589533199,6406.528589533199,6406.528589533199,6406.528589533199,6406.528589533199,6406.528589533199,6406.528589533199,6406.528589533199,6406.528589533199,6406.528589533199,6406.528589533199,6406.528589533199,6406.528589533199,6406.528589533199,6406.528589533199,6406.528589533199,6406.528589533199,6406.528589533199,6406.528589533199,6406.528589533199,6406.528589533199,6406.528589533199,6406.528589533199,6406.528589533199,6406.528589533199,6406.528589533199,6406.528589533199,6406.528589533199,6406.528589533199,6406.528589533199,6406.528589533199,6406.528589533199,6406.528589533199,6406.528589533199,6406.528589533199,6406.528589533199,6406.528589533199,6406.528589533199,6406.528589533199,6406.528589533199,6406.528589533199,6406.528589533199,6406.528589533199,6406.528589533199,6406.528589533199,6406.528589533199,6406.528589533199,6406.528589533199,6406.528589533199,6406.528589533199,6406.528589533199,6406.528589533199,6406.528589533199,6406.528589533199,6406.528589533199,6406.528589533199,6406.528589533199,6406.528589533199,6406.528589533199,6406.528589533199,6406.528589533199,6406.528589533199,6406.528589533199,6406.528589533199,6406.528589533199,6406.528589533199,6406.528589533199,6406.528589533199,6406.528589533199,6406.528589533199,6406.528589533199,6406.528589533199,6406.528589533199,6406.528589533199,6406.528589533199,6406.528589533199,6406.528589533199,6406.528589533199,6406.528589533199,6406.528589533199,6406.528589533199,6406.528589533199,6406.528589533199,6406.528589533199,6406.528589533199,6406.528589533199,6406.528589533199,6406.528589533199,6406.528589533199,6406.528589533199,6406.528589533199,6406.528589533199,6406.528589533199,6406.528589533199,6406.528589533199,6406.528589533199,6406.528589533199,6406.528589533199,6406.528589533199,6406.528589533199,6406.528589533199,6406.528589533199,6406.528589533199,6406.528589533199,6406.528589533199,6406.528589533199,6406.528589533199,6406.528589533199,6406.528589533199,6406.528589533199,6406.528589533199,6406.528589533199,6406.528589533199,6406.528589533199,6406.528589533199,6406.528589533199,6406.528589533199,6406.528589533199,6406.528589533199,6406.528589533199,6406.528589533199,6406.528589533199,6406.528589533199,6406.528589533199,6406.528589533199,6406.528589533199,6406.528589533199,6406.528589533199,6406.528589533199,6406.528589533199,6406.528589533199,6406.528589533199,6406.528589533199,6406.528589533199,6406.528589533199,6406.528589533199,6406.528589533199,6406.528589533199,6406.528589533199,6406.528589533199,6406.528589533199,6406.528589533199,6406.528589533199,6406.528589533199,6406.528589533199,6406.528589533199,6406.528589533199,6406.528589533199,6406.528589533199,6406.528589533199,6406.528589533199,6406.528589533199,6406.528589533199,6406.528589533199,6406.528589533199,6406.528589533199,6406.528589533199,6406.528589533199,6406.528589533199,6406.528589533199,6406.528589533199,6406.528589533199,6406.528589533199,6406.528589533199,6406.528589533199,6406.528589533199,6406.528589533199,6406.528589533199,6406.528589533199,6406.528589533199,6406.528589533199,6406.528589533199,6406.528589533199,6406.528589533199,6406.528589533199,6406.528589533199,6406.528589533199,6406.528589533199,6406.528589533199,6406.528589533199,6406.528589533199,6406.528589533199,6406.528589533199,6406.528589533199,6406.528589533199,6406.528589533199,6406.528589533199,6406.528589533199,6406.528589533199,6406.528589533199,6406.528589533199,6406.528589533199,6406.528589533199,6406.528589533199,6406.528589533199,6406.528589533199,6406.528589533199,6406.528589533199,6406.528589533199,6406.528589533199,6406.528589533199,6406.528589533199,6406.528589533199,6406.528589533199,6406.528589533199,6406.528589533199,6406.528589533199,6406.528589533199,6406.528589533199,6406.528589533199,6406.528589533199,6406.528589533199,6406.528589533199,6406.528589533199,6406.528589533199,6406.528589533199,6406.528589533199,6406.528589533199,6406.528589533199,6406.528589533199,6406.528589533199,6406.528589533199,6406.528589533199,6406.528589533199,6406.528589533199,6406.528589533199,6406.528589533199,6406.528589533199,6406.528589533199,6406.528589533199,6406.528589533199,6406.528589533199,6406.528589533199,6406.528589533199,6406.528589533199,6406.528589533199,6406.528589533199,6406.528589533199,6406.528589533199,6406.528589533199,6406.528589533199,6406.528589533199,6406.528589533199,6406.528589533199,6406.528589533199,6406.528589533199,6406.528589533199,6406.528589533199,6406.528589533199,6406.528589533199,6406.528589533199,6406.528589533199,6406.528589533199,6406.528589533199,6406.528589533199,6406.528589533199,6406.528589533199,6406.528589533199,6406.528589533199,6406.528589533199,6406.528589533199,6406.528589533199,6406.528589533199,6406.528589533199,6406.528589533199,6406.528589533199,6406.528589533199,6406.528589533199,6406.528589533199,6406.528589533199,6406.528589533199,6406.528589533199,6406.528589533199,6406.528589533199,6406.528589533199,6406.528589533199,6406.528589533199,6406.528589533199,6406.528589533199,6406.528589533199,6406.528589533199,6406.528589533199,6406.528589533199,6406.528589533199,6406.528589533199,6406.528589533199,6406.528589533199,6406.528589533199,6406.528589533199,6406.528589533199,6406.528589533199,6406.528589533199,6406.528589533199,6406.528589533199,6406.528589533199,6406.528589533199,6406.528589533199,6406.528589533199,6406.528589533199,6406.528589533199,6406.528589533199,6406.528589533199,6406.528589533199,6406.528589533199,6406.528589533199,6406.528589533199,6406.528589533199,6406.528589533199,6406.528589533199,6406.528589533199,6406.528589533199,6406.528589533199,6406.528589533199,6406.528589533199,6406.528589533199,6406.528589533199,6406.528589533199,6406.528589533199,6406.528589533199,6406.528589533199,6406.528589533199,6406.528589533199,6406.528589533199,6406.528589533199,6406.528589533199,6406.528589533199,6406.528589533199,6406.528589533199,6406.528589533199,6406.528589533199,6406.528589533199,6406.528589533199,6406.528589533199,6406.528589533199,6406.528589533199,6406.528589533199,6406.528589533199,6406.528589533199,6406.528589533199,6406.528589533199,6406.528589533199,6406.528589533199,6406.528589533199,6406.528589533199,6406.528589533199,6406.528589533199,6406.528589533199,6406.528589533199,6406.528589533199,6406.528589533199,6406.528589533199,6405.845312124991,6405.845312124991,6405.845312124991,6405.845312124991,6405.845312124991,6405.845312124991,6405.845312124991,6405.845312124991,6405.845312124991,6405.845312124991,6405.845312124991,6405.845312124991,6405.845312124991,6405.845312124991,6405.845312124991,6405.845312124991,6405.845312124991,6405.845312124991,6405.845312124991,6405.845312124991,6405.845312124991,6405.845312124991,6405.845312124991,6405.845312124991,6405.845312124991,6405.845312124991,6405.845312124991,6405.845312124991,6405.845312124991,6405.845312124991,6405.845312124991,6405.845312124991,6405.845312124991,6405.845312124991,6405.845312124991,6405.845312124991,6405.845312124991,6405.845312124991,6405.845312124991,6405.845312124991,6405.845312124991,6405.365261410913,6405.365261410913,6405.365261410913,6405.365261410913,6405.365261410913,6405.365261410913,6405.365261410913,6405.365261410913,6405.365261410913,6404.521036757466,6404.521036757466,6404.521036757466,6404.521036757466,6403.811526180055,6403.811526180055,6403.811526180055,6403.811526180055,6403.811526180055,6403.811526180055,6403.811526180055,6403.811526180055,6403.811526180055,6403.811526180055,6403.811526180055,6404.816952109841,6403.9810060795235,6403.9810060795235,6403.9810060795235,6403.9810060795235,6403.9810060795235,6403.9810060795235,6403.9810060795235,6403.9810060795235,6403.9810060795235,6403.9810060795235,6403.9810060795235,6403.9810060795235,6403.9810060795235,6403.9810060795235,6403.9810060795235,6403.9810060795235,6403.9810060795235,6403.9810060795235,6403.9810060795235,6403.9810060795235,6404.471609181718,6404.471609181718,6404.471609181718,6404.471609181718,6404.471609181718,6404.471609181718,6404.471609181718,6404.471609181718,6404.471609181718,6404.471609181718,6404.471609181718,6404.471609181718,6404.471609181718,6404.471609181718,6404.471609181718,6404.471609181718,6404.471609181718,6404.471609181718,6404.471609181718,6404.471609181718,6404.471609181718,6404.471609181718,6404.471609181718,6404.471609181718,6404.471609181718,6404.471609181718,6404.471609181718,6404.471609181718,6404.471609181718,6404.471609181718,6404.471609181718,6404.471609181718,6404.471609181718,6404.471609181718,6404.471609181718,6404.471609181718,6404.471609181718,6404.471609181718,6404.471609181718,6404.471609181718,6404.471609181718,6404.471609181718,6404.471609181718,6404.471609181718,6404.471609181718,6404.471609181718,6404.471609181718,6404.471609181718,6404.471609181718,6404.471609181718,6402.1103544919815,6402.1103544919815,6402.1103544919815,6402.1103544919815,6402.1103544919815,6402.1103544919815,6402.1103544919815,6402.1103544919815,6402.1103544919815,6402.1103544919815,6402.1103544919815,6402.1103544919815,6402.1103544919815,6402.1103544919815,6402.1103544919815,6402.1103544919815,6402.1103544919815,6402.1103544919815,6402.1103544919815,6402.1103544919815,6402.1103544919815,6402.1103544919815,6402.1103544919815,6402.1103544919815,6402.1103544919815,6402.1103544919815,6402.1103544919815,6402.1103544919815,6402.1103544919815,6402.1103544919815,6402.1103544919815,6402.1103544919815,6402.1103544919815,6402.1103544919815,6402.1103544919815,6402.1103544919815,6402.1103544919815,6402.1103544919815,6402.1103544919815,6402.1103544919815,6402.1103544919815,6402.1103544919815,6402.1103544919815,6402.1103544919815,6402.1103544919815,6402.1103544919815,6402.1103544919815,6402.1103544919815,6402.1103544919815,6402.1103544919815,6402.1103544919815,6402.1103544919815,6403.214588375637,6403.019302710645,6403.019302710645,6403.019302710645,6403.019302710645,6403.019302710645,6403.019302710645,6403.019302710645,6403.019302710645,6403.019302710645,6403.019302710645,6403.019302710645,6403.019302710645,6403.019302710645,6403.019302710645,6403.019302710645,6403.019302710645,6403.019302710645,6403.019302710645,6403.019302710645,6403.019302710645,6403.019302710645,6400.81078760406,6400.81078760406,6400.81078760406,6400.81078760406,6402.531776091232,6402.531776091232,6402.531776091232,6402.531776091232,6402.531776091232,6402.531776091232,6402.531776091232,6402.531776091232,6402.531776091232,6402.531776091232,6402.531776091232,6402.615417625217,6402.615417625217,6402.615417625217,6402.615417625217,6402.615417625217,6402.615417625217,6402.615417625217,6402.615417625217,6403.7624881468255,6403.7624881468255,6403.7624881468255,6403.7624881468255,6403.7624881468255,6403.7624881468255,6403.7624881468255,6403.7624881468255,6403.7624881468255,6403.7624881468255,6403.7624881468255,6403.7624881468255,6403.7624881468255,6403.7624881468255,6403.7624881468255,6403.7624881468255,6403.7624881468255,6403.7624881468255,6403.7624881468255,6403.7624881468255,6403.7624881468255,6403.7624881468255,6403.7624881468255,6403.7624881468255,6403.7624881468255,6403.7624881468255,6403.7624881468255,6403.7624881468255,6403.7624881468255,6403.7624881468255,6403.7624881468255,6403.7624881468255,6403.7624881468255,6403.7624881468255,6403.7624881468255,6403.7624881468255,6403.7624881468255,6403.7624881468255,6403.7624881468255,6403.7624881468255,6401.490756852175,6401.490756852175,6401.490756852175,6401.490756852175,6401.490756852175,6401.115310776429,6401.115310776429,6401.115310776429,6401.115310776429,6401.115310776429,6401.115310776429,6401.115310776429,6401.115310776429,6401.115310776429,6401.115310776429,6401.115310776429,6401.115310776429,6401.115310776429,6401.115310776429,6401.115310776429,6401.115310776429,6401.115310776429,6401.115310776429,6401.115310776429,6401.115310776429,6401.115310776429,6400.082073316411,6400.082073316411,6400.082073316411,6400.082073316411,6400.082073316411,6400.082073316411,6400.082073316411,6400.082073316411,6399.6051483275805,6399.6051483275805,6399.6051483275805,6399.6051483275805,6399.6051483275805,6399.6051483275805,6399.6051483275805,6399.6051483275805,6399.6051483275805,6399.6051483275805,6399.6051483275805,6399.6051483275805,6399.6051483275805,6399.6051483275805,6399.6051483275805,6399.6051483275805,6399.6051483275805,6399.6051483275805,6399.6051483275805,6399.6051483275805,6399.6051483275805,6399.6051483275805,6399.6051483275805,6399.6051483275805,6399.6051483275805,6399.6051483275805,6399.6051483275805,6399.6051483275805,6399.6051483275805,6399.6051483275805,6399.6051483275805,6399.6051483275805,6399.6051483275805,6399.6051483275805,6399.6051483275805,6399.6051483275805,6399.6051483275805,6399.6051483275805,6399.6051483275805,6399.6051483275805,6399.6051483275805,6399.6051483275805,6399.6051483275805,6399.6051483275805,6399.6051483275805,6399.6051483275805,6399.6051483275805,6399.6051483275805,6399.6051483275805,6399.6051483275805,6399.6051483275805,6399.6051483275805,6399.6051483275805,6399.6051483275805,6399.6051483275805,6399.6051483275805,6399.6051483275805,6399.6051483275805,6399.6051483275805,6399.6051483275805,6399.6051483275805,6399.961643561627,6399.961643561627,6399.961643561627,6399.961643561627,6399.961643561627,6399.961643561627,6399.961643561627,6399.961643561627,6400.979714452841,6400.979714452841,6400.979714452841,6400.979714452841,6400.979714452841,6400.979714452841,6400.979714452841,6400.979714452841,6400.979714452841,6400.979714452841,6400.876965195361,6400.876965195361,6400.876965195361,6400.876965195361,6400.876965195361,6400.876965195361,6400.876965195361,6400.876965195361,6402.825087145376,6402.825087145376,6402.825087145376,6402.825087145376,6402.825087145376,6402.728754988781,6402.728754988781,6402.728754988781,6402.728754988781,6402.728754988781,6402.728754988781,6403.051720225976,6403.051720225976,6403.051720225976,6403.051720225976,6403.051720225976,6403.051720225976,6403.051720225976,6402.950883253226,6402.950883253226,6402.950883253226,6402.950883253226,6402.950883253226,6402.950883253226,6402.950883253226,6402.950883253226,6402.950883253226,6402.950883253226,6402.950883253226,6402.950883253226,6402.950883253226,6402.950883253226,6402.950883253226,6402.950883253226,6403.9493914308205,6403.9493914308205,6403.9493914308205,6403.9493914308205,6403.9493914308205,6403.9493914308205,6403.9493914308205,6403.9493914308205,6403.9493914308205,6403.9493914308205,6403.9493914308205,6403.9493914308205,6403.9493914308205,6403.9493914308205,6403.9493914308205,6403.9493914308205,6403.9493914308205,6403.9493914308205,6403.9493914308205,6403.9493914308205,6403.9493914308205,6403.9493914308205,6403.9493914308205,6403.9493914308205,6403.9493914308205,6403.9493914308205,6403.9493914308205,6403.9493914308205,6403.9493914308205,6403.9493914308205,6403.9493914308205,6403.9493914308205,6403.9493914308205,6403.9493914308205,6403.9493914308205,6403.9493914308205,6403.9493914308205,6403.9493914308205,6403.9493914308205,6403.9493914308205,6403.9493914308205,6403.9493914308205,6403.9493914308205,6403.9493914308205,6403.9493914308205,6403.9493914308205,6403.9493914308205,6403.9493914308205,6403.9493914308205,6403.9493914308205,6403.9493914308205,6403.9493914308205,6403.9493914308205,6403.9493914308205,6403.9493914308205,6403.9493914308205,6403.9493914308205,6403.9493914308205,6403.9493914308205,6403.9493914308205,6403.9493914308205,6403.9493914308205,6403.9493914308205,6403.9493914308205,6403.9493914308205,6403.9493914308205,6403.9493914308205,6403.9493914308205,6403.9493914308205,6403.9493914308205,6403.9493914308205,6403.9493914308205,6403.9493914308205,6403.9493914308205,6403.9493914308205,6403.9493914308205,6403.9493914308205,6403.9493914308205,6403.9493914308205,6403.9493914308205,6403.9493914308205,6403.9493914308205,6403.9493914308205,6403.9493914308205,6403.9493914308205,6403.9493914308205,6403.9493914308205,6403.9493914308205,6403.9493914308205,6403.9493914308205,6403.9493914308205,6403.9493914308205,6403.9493914308205,6403.9493914308205,6403.9493914308205,6403.9493914308205,6403.9493914308205,6403.9493914308205,6403.9493914308205,6403.9493914308205,6403.9493914308205,6403.9493914308205,6403.9493914308205,6403.9493914308205,6403.9493914308205,6403.9493914308205,6403.9493914308205,6403.9493914308205,6403.9493914308205,6403.9493914308205,6403.9493914308205,6403.9493914308205,6403.9493914308205,6403.9493914308205,6403.9493914308205,6403.9493914308205,6403.9493914308205,6403.9493914308205,6403.9493914308205,6403.9493914308205,6403.9493914308205,6403.9493914308205,6403.9493914308205,6403.9493914308205,6403.9493914308205,6403.9493914308205,6403.9493914308205,6403.9493914308205,6403.9493914308205,6403.9493914308205,6403.9493914308205,6403.9493914308205,6403.9493914308205,6403.9493914308205,6403.9493914308205,6403.9493914308205,6403.9493914308205,6403.9493914308205,6403.9493914308205,6403.9493914308205,6403.9493914308205,6403.9493914308205,6403.9493914308205,6403.9493914308205,6403.9493914308205,6403.9493914308205,6403.876526858181,6403.876526858181,6403.876526858181,6403.876526858181,6403.876526858181,6403.876526858181,6403.876526858181,6403.876526858181,6403.876526858181,6403.876526858181,6403.876526858181,6403.876526858181,6403.876526858181,6403.876526858181,6403.876526858181,6403.876526858181,6403.876526858181,6403.876526858181,6403.876526858181,6403.876526858181,6403.876526858181,6403.876526858181,6403.876526858181,6403.876526858181,6403.876526858181,6403.876526858181,6403.570626347442,6403.570626347442,6403.570626347442,6403.570626347442,6403.570626347442,6401.389685314721,6401.389685314721,6401.389685314721,6401.389685314721,6401.389685314721,6401.389685314721,6401.389685314721,6401.389685314721,6401.389685314721,6401.389685314721,6401.389685314721,6401.389685314721,6401.389685314721,6401.389685314721,6401.389685314721,6401.389685314721,6401.389685314721,6401.389685314721,6401.389685314721,6401.389685314721,6401.389685314721,6401.389685314721,6401.389685314721,6401.389685314721,6401.389685314721,6401.45869939086,6401.45869939086,6401.45869939086,6401.45869939086,6401.45869939086,6401.45869939086,6401.45869939086,6401.45869939086,6401.45869939086,6401.45869939086,6401.45869939086,6401.45869939086,6401.45869939086,6401.45869939086,6402.249970026203,6402.249970026203,6402.249970026203,6402.249970026203,6402.249970026203,6402.249970026203,6402.249970026203,6402.249970026203,6402.249970026203,6402.249970026203,6402.249970026203,6402.249970026203,6402.249970026203,6402.249970026203,6402.249970026203,6402.249970026203,6402.249970026203,6402.249970026203,6402.249970026203,6402.249970026203,6402.249970026203,6402.249970026203,6402.249970026203,6402.249970026203,6402.249970026203,6402.249970026203,6402.249970026203,6402.249970026203,6402.249970026203,6402.249970026203,6402.249970026203,6402.249970026203,6402.249970026203,6402.249970026203,6402.249970026203,6402.249970026203,6402.249970026203,6404.393789986216,6404.393789986216,6404.393789986216,6404.393789986216,6404.043148346959,6404.043148346959,6404.043148346959,6404.043148346959,6404.043148346959,6404.043148346959,6404.043148346959,6404.043148346959,6404.043148346959,6404.043148346959,6404.043148346959,6404.043148346959,6404.043148346959,6404.043148346959,6404.043148346959,6404.043148346959,6404.043148346959,6404.043148346959,6404.043148346959,6404.043148346959,6404.043148346959,6404.043148346959,6404.043148346959,6404.043148346959,6404.043148346959,6404.043148346959,6404.043148346959,6404.043148346959,6404.043148346959,6404.043148346959,6404.043148346959,6404.043148346959,6404.043148346959,6404.043148346959,6404.043148346959,6404.043148346959,6404.043148346959,6404.043148346959,6404.043148346959,6404.043148346959,6404.043148346959,6404.043148346959,6404.043148346959,6404.043148346959,6404.043148346959,6404.043148346959,6404.043148346959,6404.043148346959,6404.043148346959,6404.043148346959,6404.043148346959,6403.641028946744,6403.641028946744,6402.89076349803,6402.89076349803,6402.89076349803,6402.89076349803,6402.89076349803,6402.89076349803,6402.89076349803,6402.89076349803,6403.4757872310975,6403.4757872310975,6403.4757872310975,6403.4757872310975,6403.4757872310975,6403.4757872310975,6403.4757872310975,6403.4757872310975,6403.4757872310975,6403.4757872310975,6403.4757872310975,6403.4757872310975,6403.4757872310975,6403.4757872310975,6403.4757872310975,6403.4757872310975,6403.4757872310975,6403.4757872310975,6403.4757872310975,6403.4757872310975,6403.4757872310975,6403.4757872310975,6403.4757872310975,6403.4757872310975,6403.4757872310975,6403.4757872310975,6403.4757872310975,6403.4757872310975,6403.4757872310975,6403.4757872310975,6403.4757872310975,6403.4757872310975,6403.4757872310975,6403.4757872310975,6403.4757872310975,6403.4757872310975,6403.4757872310975,6403.4757872310975,6403.4757872310975,6403.4757872310975,6403.4757872310975,6403.4757872310975,6403.4757872310975,6403.4757872310975,6403.4757872310975,6403.4757872310975,6403.4757872310975,6403.4757872310975,6403.4757872310975,6403.4757872310975,6403.4757872310975,6403.4757872310975,6403.4757872310975,6403.4757872310975,6403.91256312811,6403.91256312811,6403.91256312811,6403.130096304534,6403.130096304534,6403.130096304534,6403.130096304534,6405.03338602694,6405.03338602694,6405.03338602694,6405.03338602694,6405.03338602694,6405.03338602694,6405.03338602694,6405.588025528332,6405.588025528332,6405.588025528332,6405.588025528332,6405.588025528332,6405.588025528332,6405.588025528332,6405.588025528332,6405.588025528332,6405.588025528332,6405.588025528332,6405.588025528332,6405.588025528332,6405.588025528332,6405.588025528332,6405.588025528332,6405.588025528332,6405.588025528332,6405.588025528332,6405.588025528332,6405.588025528332,6405.588025528332,6405.588025528332,6405.588025528332,6405.588025528332,6405.588025528332,6405.588025528332,6405.588025528332,6405.588025528332,6405.588025528332,6405.153154067526,6405.153154067526,6405.153154067526,6405.153154067526,6405.153154067526,6405.153154067526,6405.153154067526,6405.153154067526,6405.153154067526,6405.153154067526,6405.153154067526,6405.153154067526,6405.153154067526,6405.153154067526,6405.153154067526,6405.153154067526,6405.153154067526,6405.153154067526,6405.153154067526,6405.153154067526,6405.153154067526,6405.153154067526,6405.153154067526,6405.153154067526,6405.153154067526,6405.153154067526,6405.153154067526,6405.153154067526,6404.553161362155,6404.553161362155,6404.553161362155,6404.553161362155,6404.553161362155,6404.553161362155,6404.553161362155,6404.553161362155,6404.553161362155,6404.553161362155,6404.553161362155,6404.553161362155,6404.553161362155,6404.553161362155,6404.553161362155,6404.553161362155,6404.553161362155,6404.553161362155,6404.553161362155,6404.553161362155,6404.553161362155,6404.553161362155,6404.553161362155,6404.553161362155,6403.430923099933,6403.430923099933,6403.430923099933,6401.608584613966,6401.608584613966,6401.608584613966,6401.608584613966,6401.608584613966,6401.608584613966,6401.608584613966,6401.608584613966,6401.608584613966,6401.608584613966,6401.608584613966,6401.608584613966,6401.608584613966,6401.608584613966,6402.008273712202,6402.008273712202,6402.008273712202,6402.008273712202,6402.008273712202,6402.008273712202,6402.008273712202,6402.008273712202,6403.210763058633,6403.210763058633,6403.210763058633,6403.210763058633,6403.210763058633,6403.210763058633,6403.210763058633,6403.210763058633,6403.210763058633,6403.210763058633,6403.210763058633,6403.210763058633,6403.210763058633,6403.210763058633,6403.210763058633,6403.210763058633,6403.210763058633,6403.210763058633,6403.210763058633,6403.210763058633,6403.210763058633,6403.210763058633,6403.210763058633,6403.210763058633,6403.210763058633,6403.9847278098,6403.9847278098,6403.9847278098,6403.9847278098,6403.9847278098,6403.9847278098,6403.142097209449,6404.4246190809035,6404.4246190809035,6404.4246190809035,6404.4246190809035,6404.4246190809035,6404.4246190809035,6404.4246190809035,6404.4246190809035,6404.4246190809035,6404.4246190809035,6404.4246190809035,6404.4246190809035,6404.4246190809035,6404.4246190809035,6404.4246190809035,6404.4246190809035,6404.4246190809035,6404.4246190809035,6404.4246190809035,6404.4246190809035,6404.4246190809035,6404.4246190809035,6404.4246190809035,6404.4246190809035,6404.913317228757,6404.913317228757,6404.913317228757,6404.913317228757,6404.913317228757,6404.913317228757,6404.913317228757,6404.913317228757,6404.913317228757,6404.913317228757,6404.913317228757,6404.913317228757,6404.913317228757,6404.913317228757,6404.913317228757,6404.913317228757,6404.913317228757,6404.913317228757,6404.913317228757,6404.913317228757,6404.913317228757,6404.913317228757,6404.913317228757,6404.913317228757,6404.913317228757,6404.913317228757,6404.913317228757,6404.913317228757,6404.913317228757,6404.913317228757,6404.913317228757,6404.913317228757,6404.913317228757,6404.913317228757,6404.913317228757,6404.913317228757,6404.913317228757,6404.913317228757,6404.913317228757,6404.913317228757,6404.913317228757,6404.913317228757,6404.913317228757,6404.913317228757,6404.913317228757,6404.913317228757,6404.913317228757,6404.913317228757,6404.913317228757,6404.913317228757,6404.913317228757,6404.913317228757,6404.913317228757,6404.913317228757,6404.913317228757,6404.913317228757,6404.913317228757,6404.913317228757,6404.913317228757,6404.913317228757,6404.913317228757,6404.913317228757,6404.913317228757,6404.913317228757,6404.913317228757,6404.913317228757,6404.913317228757,6404.913317228757,6404.913317228757,6404.913317228757,6404.913317228757,6404.913317228757,6404.913317228757,6404.913317228757,6404.913317228757,6404.913317228757,6404.913317228757,6404.913317228757,6404.913317228757,6404.913317228757,6404.913317228757,6404.913317228757,6404.913317228757,6404.913317228757,6404.913317228757,6404.913317228757,6404.913317228757,6404.913317228757,6404.913317228757,6404.913317228757,6404.913317228757,6404.913317228757,6404.913317228757,6404.913317228757,6404.913317228757,6404.913317228757,6404.913317228757,6404.913317228757,6404.913317228757,6404.913317228757,6404.913317228757,6404.913317228757,6404.913317228757,6402.23829634593,6402.23829634593,6402.23829634593,6402.23829634593,6402.23829634593,6402.23829634593,6402.23829634593,6402.23829634593,6402.23829634593,6402.23829634593,6402.23829634593,6402.23829634593,6402.23829634593,6402.23829634593,6402.23829634593,6402.23829634593,6402.23829634593,6402.23829634593,6402.23829634593,6402.23829634593,6402.23829634593,6402.23829634593,6402.23829634593,6402.23829634593,6402.23829634593,6402.23829634593,6402.23829634593,6402.23829634593,6403.849987792342,6403.849987792342,6403.849987792342,6403.849987792342,6403.849987792342,6403.849987792342,6403.849987792342,6403.849987792342,6403.849987792342,6403.849987792342,6403.849987792342,6403.849987792342,6403.849987792342,6404.528760360879,6404.528760360879,6404.528760360879,6404.528760360879,6404.528760360879,6404.528760360879,6404.528760360879,6404.528760360879,6404.528760360879,6404.528760360879,6404.528760360879,6404.528760360879,6404.528760360879,6404.528760360879,6404.528760360879,6404.528760360879,6404.528760360879,6404.528760360879,6404.528760360879,6404.528760360879,6404.528760360879,6404.528760360879,6404.528760360879,6404.528760360879,6404.528760360879,6404.528760360879,6404.528760360879,6404.528760360879,6404.528760360879,6404.528760360879,6404.528760360879,6404.528760360879,6404.528760360879,6404.528760360879,6404.528760360879,6404.528760360879,6404.528760360879,6404.528760360879,6404.528760360879,6404.528760360879,6404.528760360879,6404.528760360879,6404.528760360879,6404.528760360879,6404.528760360879,6404.528760360879,6404.528760360879,6404.528760360879,6404.528760360879,6404.528760360879,6404.528760360879,6404.528760360879,6404.528760360879,6404.528760360879,6404.528760360879,6404.528760360879,6404.528760360879,6404.528760360879,6404.528760360879,6404.528760360879,6404.528760360879,6404.528760360879,6404.528760360879,6404.528760360879,6404.528760360879,6404.528760360879,6404.528760360879,6404.528760360879,6405.35375780985,6405.35375780985,6405.35375780985,6405.35375780985,6405.35375780985,6405.35375780985,6405.35375780985,6405.35375780985,6405.35375780985,6405.35375780985,6405.35375780985,6405.35375780985,6405.35375780985,6405.35375780985,6405.35375780985,6405.35375780985,6405.35375780985,6405.35375780985,6405.35375780985,6405.35375780985,6405.35375780985,6405.35375780985,6405.35375780985,6405.35375780985,6405.35375780985,6405.35375780985,6405.35375780985,6405.35375780985,6405.35375780985,6405.35375780985,6405.35375780985,6405.35375780985,6405.35375780985,6405.35375780985,6405.35375780985,6405.35375780985,6405.35375780985,6405.35375780985,6405.35375780985,6405.35375780985,6405.35375780985,6405.35375780985,6405.35375780985,6405.35375780985,6405.35375780985,6404.8932779390525,6404.8932779390525,6404.844507901293,6404.844507901293,6404.844507901293,6404.844507901293,6404.844507901293,6404.844507901293,6404.844507901293,6404.844507901293,6404.844507901293,6404.844507901293,6404.844507901293,6404.844507901293,6404.844507901293,6404.844507901293,6404.844507901293,6404.844507901293,6404.844507901293,6404.844507901293,6404.844507901293,6404.844507901293,6404.844507901293,6404.844507901293,6404.844507901293,6404.844507901293,6404.844507901293,6404.844507901293,6404.844507901293,6404.844507901293,6404.844507901293,6404.844507901293,6404.844507901293,6404.844507901293,6404.844507901293,6404.844507901293,6404.844507901293,6404.844507901293,6404.844507901293,6404.844507901293,6404.844507901293,6404.844507901293,6404.844507901293,6404.844507901293,6404.844507901293,6404.902222235919,6404.902222235919,6404.902222235919,6404.902222235919,6404.902222235919,6404.902222235919,6404.902222235919,6404.902222235919,6404.902222235919,6404.902222235919,6404.902222235919,6404.902222235919,6404.902222235919,6404.902222235919,6404.902222235919,6404.902222235919,6404.902222235919,6404.902222235919,6404.902222235919,6404.902222235919,6404.902222235919,6404.902222235919,6404.902222235919,6404.902222235919,6404.902222235919,6404.902222235919,6404.902222235919,6404.902222235919,6404.902222235919,6404.902222235919,6404.902222235919,6404.902222235919,6404.0050494852885,6404.0050494852885,6404.0050494852885,6404.0050494852885,6404.0050494852885,6404.0050494852885,6404.0050494852885,6404.0050494852885,6404.0050494852885,6404.0050494852885,6404.0050494852885,6404.0050494852885,6404.0050494852885,6404.0050494852885,6404.0050494852885,6404.0050494852885,6404.0050494852885,6404.0050494852885,6404.0050494852885,6403.04242867785,6403.04242867785,6403.04242867785,6403.04242867785,6403.04242867785,6403.04242867785,6403.04242867785,6403.04242867785,6403.04242867785,6403.04242867785,6402.420486527257,6402.420486527257,6402.420486527257,6402.420486527257,6402.420486527257,6402.420486527257,6402.420486527257,6402.420486527257,6402.420486527257,6402.420486527257,6402.420486527257,6402.420486527257,6401.67495771023,6401.67495771023,6401.67495771023,6401.67495771023,6401.67495771023,6401.67495771023,6401.67495771023,6401.67495771023,6401.67495771023,6401.67495771023,6401.67495771023,6401.67495771023,6401.67495771023,6401.67495771023,6401.67495771023,6401.67495771023,6401.67495771023,6401.67495771023,6401.67495771023,6401.67495771023,6401.67495771023,6401.67495771023,6401.67495771023,6401.67495771023,6401.67495771023,6401.67495771023,6401.67495771023,6401.67495771023,6401.67495771023,6401.67495771023,6401.67495771023,6401.67495771023,6401.67495771023,6401.67495771023,6401.67495771023,6401.67495771023,6401.67495771023,6401.67495771023,6401.67495771023,6401.67495771023,6401.67495771023,6401.67495771023,6401.67495771023,6401.67495771023,6401.67495771023,6401.67495771023,6401.67495771023,6401.67495771023,6401.67495771023,6401.67495771023,6401.67495771023,6401.67495771023,6401.67495771023,6401.67495771023,6401.67495771023,6401.67495771023,6401.67495771023,6401.67495771023,6401.67495771023,6401.67495771023,6401.67495771023,6401.67495771023,6401.67495771023,6401.67495771023,6401.67495771023,6401.67495771023,6401.67495771023,6401.67495771023,6401.67495771023,6401.67495771023,6401.67495771023,6401.67495771023,6401.67495771023,6401.987092975654,6401.987092975654,6401.987092975654,6401.987092975654,6400.628245874329,6400.628245874329,6401.37689573464,6401.37689573464,6401.37689573464,6401.37689573464,6401.37689573464,6401.37689573464,6401.188037421056,6401.188037421056,6401.188037421056,6401.197657017896,6401.197657017896,6401.197657017896,6401.197657017896,6401.197657017896,6401.197657017896,6398.713014296317,6398.713014296317,6398.713014296317,6398.713014296317,6398.713014296317,6398.713014296317,6398.713014296317,6398.713014296317,6398.713014296317,6398.713014296317,6398.713014296317,6401.149399650776,6401.149399650776,6401.149399650776,6401.149399650776,6401.149399650776,6401.149399650776,6401.149399650776,6401.149399650776,6401.149399650776,6401.149399650776,6401.149399650776,6401.149399650776,6401.149399650776,6401.149399650776,6401.149399650776,6401.149399650776,6401.149399650776,6401.149399650776,6401.149399650776,6401.149399650776,6401.149399650776,6401.149399650776,6401.149399650776,6401.149399650776,6401.149399650776,6401.149399650776,6401.149399650776,6401.149399650776,6401.149399650776,6401.149399650776,6401.149399650776,6401.149399650776,6401.149399650776,6401.149399650776,6401.149399650776,6401.149399650776,6401.149399650776,6401.149399650776,6401.149399650776,6401.149399650776,6401.149399650776,6401.149399650776,6401.149399650776,6401.149399650776,6401.149399650776,6401.149399650776,6401.149399650776,6401.149399650776,6401.149399650776,6401.149399650776,6401.149399650776,6401.149399650776,6401.149399650776,6401.149399650776,6399.752758398706,6399.752758398706,6399.752758398706,6399.752758398706,6399.752758398706,6399.752758398706,6399.752758398706,6399.752758398706,6399.752758398706,6403.024305164363,6403.024305164363,6403.024305164363,6403.024305164363,6403.024305164363,6403.024305164363,6403.024305164363,6403.024305164363,6403.024305164363,6403.024305164363,6403.024305164363,6403.024305164363,6403.024305164363,6403.024305164363,6403.024305164363,6403.024305164363,6403.024305164363,6403.024305164363,6403.024305164363,6403.024305164363,6403.024305164363,6403.024305164363,6403.024305164363,6403.024305164363,6403.024305164363,6403.024305164363,6403.024305164363,6403.024305164363,6403.024305164363,6403.024305164363,6403.024305164363,6403.024305164363,6403.024305164363,6403.024305164363,6403.024305164363,6403.024305164363,6403.024305164363,6403.024305164363,6403.024305164363,6403.024305164363,6403.024305164363,6403.024305164363,6403.024305164363,6403.024305164363,6403.024305164363,6403.024305164363,6403.024305164363,6403.024305164363,6403.024305164363,6403.024305164363,6403.024305164363,6403.024305164363,6403.024305164363,6403.024305164363,6403.024305164363,6403.024305164363,6403.024305164363,6403.024305164363,6403.024305164363,6403.024305164363,6403.024305164363,6403.024305164363,6403.024305164363,6403.024305164363,6403.024305164363,6403.024305164363,6403.024305164363,6403.024305164363,6403.024305164363,6403.024305164363,6403.024305164363,6403.024305164363,6403.024305164363,6403.024305164363,6403.024305164363,6403.024305164363,6403.024305164363,6402.634092664523,6402.634092664523,6402.634092664523,6402.634092664523,6402.634092664523,6402.634092664523,6402.634092664523,6402.634092664523,6402.634092664523,6402.634092664523,6402.634092664523,6402.634092664523,6402.634092664523,6402.634092664523,6402.634092664523,6402.634092664523,6402.634092664523,6402.634092664523,6402.634092664523,6402.634092664523,6402.634092664523,6402.634092664523,6402.634092664523,6402.634092664523,6402.634092664523,6402.634092664523,6402.634092664523,6402.634092664523,6402.634092664523,6402.634092664523,6402.634092664523,6402.634092664523,6402.634092664523,6402.634092664523,6402.634092664523,6402.634092664523,6402.634092664523,6402.634092664523,6402.634092664523,6402.634092664523,6402.634092664523,6402.634092664523,6402.634092664523,6402.634092664523,6403.740045735537,6403.740045735537,6403.740045735537,6403.740045735537,6403.740045735537,6403.565149727406,6403.565149727406,6403.565149727406,6403.565149727406,6403.565149727406,6403.565149727406,6403.565149727406,6403.565149727406,6403.565149727406,6403.565149727406,6403.565149727406,6403.565149727406,6403.565149727406,6403.565149727406,6403.565149727406,6403.565149727406,6403.565149727406,6403.514183527771,6403.514183527771,6403.514183527771,6403.514183527771,6403.514183527771,6403.514183527771,6403.514183527771,6403.514183527771,6403.514183527771,6403.514183527771,6403.514183527771,6403.514183527771,6403.514183527771,6403.514183527771,6403.514183527771,6403.514183527771,6403.514183527771,6403.514183527771,6403.514183527771,6403.514183527771,6403.514183527771,6403.514183527771,6403.514183527771,6403.514183527771,6403.514183527771,6403.514183527771,6403.514183527771,6403.514183527771,6403.514183527771,6403.514183527771,6403.514183527771,6403.514183527771,6403.514183527771,6403.514183527771,6403.514183527771,6403.514183527771,6403.514183527771,6403.514183527771,6403.514183527771,6403.514183527771,6403.514183527771,6403.514183527771,6403.514183527771,6403.514183527771,6403.514183527771,6403.514183527771,6403.514183527771,6403.514183527771,6403.514183527771,6403.514183527771,6403.514183527771,6403.514183527771,6403.514183527771,6403.514183527771,6403.514183527771,6403.514183527771,6403.514183527771,6403.514183527771,6403.514183527771,6403.514183527771,6403.514183527771,6403.514183527771,6403.514183527771,6403.514183527771,6403.514183527771,6403.514183527771,6403.514183527771,6403.514183527771,6403.514183527771,6403.514183527771,6403.514183527771,6403.514183527771,6403.514183527771,6403.514183527771,6403.514183527771,6403.514183527771,6403.514183527771,6403.514183527771,6403.514183527771,6403.514183527771,6403.514183527771,6403.514183527771,6403.514183527771,6403.514183527771,6403.514183527771,6403.514183527771,6403.514183527771,6403.514183527771,6403.514183527771,6403.514183527771,6403.514183527771,6403.514183527771,6403.514183527771,6403.514183527771,6403.514183527771,6403.514183527771,6403.514183527771,6403.514183527771,6403.514183527771,6403.514183527771,6403.514183527771,6403.514183527771,6403.514183527771,6403.514183527771,6403.514183527771,6403.514183527771,6403.514183527771,6403.514183527771,6403.514183527771,6404.546149510488,6404.546149510488,6404.546149510488,6404.546149510488,6404.546149510488,6404.546149510488,6404.546149510488,6404.546149510488,6404.546149510488,6404.546149510488,6404.546149510488,6403.935701927427,6403.935701927427,6403.935701927427,6403.935701927427,6403.935701927427,6403.935701927427,6403.935701927427,6403.935701927427,6403.935701927427,6403.935701927427,6403.935701927427,6403.935701927427,6403.935701927427,6403.935701927427,6403.935701927427,6403.935701927427,6403.935701927427,6403.935701927427,6403.935701927427,6403.935701927427,6403.935701927427,6403.935701927427,6403.935701927427,6403.935701927427,6403.935701927427,6403.935701927427,6403.935701927427,6403.935701927427,6403.935701927427,6403.935701927427,6403.935701927427,6403.935701927427,6403.935701927427,6403.935701927427,6403.935701927427,6403.935701927427,6403.935701927427,6403.935701927427,6403.935701927427,6403.935701927427,6403.935701927427,6403.935701927427,6403.935701927427,6403.935701927427,6403.935701927427,6403.935701927427,6403.935701927427,6403.935701927427,6403.935701927427,6403.935701927427,6403.935701927427,6403.935701927427,6403.935701927427,6403.935701927427,6403.935701927427,6403.935701927427,6403.935701927427,6403.935701927427,6404.235199854708,6404.235199854708,6404.235199854708,6404.235199854708,6404.235199854708,6404.235199854708,6404.235199854708,6404.235199854708,6404.235199854708,6404.235199854708,6404.235199854708,6404.235199854708,6404.235199854708,6404.235199854708,6404.235199854708,6404.235199854708,6404.235199854708,6404.235199854708,6404.235199854708,6404.235199854708,6404.235199854708,6404.235199854708,6404.235199854708,6404.235199854708,6404.235199854708,6404.235199854708,6404.235199854708,6404.235199854708,6404.235199854708,6404.235199854708,6404.235199854708,6404.235199854708,6404.235199854708,6404.235199854708,6404.235199854708,6404.235199854708,6404.235199854708,6404.235199854708,6404.235199854708,6404.235199854708,6404.235199854708,6404.235199854708,6404.235199854708,6404.235199854708,6404.235199854708,6404.235199854708,6405.225423835576,6404.446325213176,6404.446325213176,6404.446325213176,6404.446325213176,6404.446325213176,6404.446325213176,6404.446325213176,6404.446325213176,6404.446325213176,6404.446325213176,6404.446325213176,6404.446325213176,6404.446325213176,6403.684676325207,6403.684676325207,6403.592605849801,6403.592605849801,6403.592605849801,6403.592605849801,6403.592605849801,6403.592605849801,6403.592605849801,6403.592605849801,6403.592605849801,6403.592605849801,6403.592605849801,6403.592605849801,6403.592605849801,6403.592605849801,6403.592605849801,6402.976159844107,6402.976159844107,6402.976159844107,6402.976159844107,6402.976159844107,6402.976159844107,6402.976159844107,6403.944282818052,6403.944282818052,6403.944282818052,6403.944282818052,6403.944282818052,6403.944282818052,6403.944282818052,6403.944282818052,6403.944282818052,6403.944282818052,6403.944282818052,6403.944282818052,6403.944282818052,6403.944282818052,6403.944282818052,6403.944282818052,6403.944282818052,6403.944282818052,6403.944282818052,6403.944282818052,6403.944282818052,6403.944282818052,6403.944282818052,6403.944282818052,6403.944282818052,6403.944282818052,6403.944282818052,6403.944282818052,6403.944282818052,6403.944282818052,6403.944282818052,6403.944282818052,6403.944282818052,6403.944282818052,6403.944282818052,6403.944282818052,6403.944282818052,6403.944282818052,6403.944282818052,6403.944282818052,6403.944282818052,6403.944282818052,6403.380910063162,6404.183394165702,6404.183394165702,6404.183394165702,6404.183394165702,6404.183394165702,6404.183394165702,6404.183394165702,6404.183394165702,6404.183394165702,6404.183394165702,6404.183394165702,6404.183394165702,6404.183394165702,6404.183394165702,6404.183394165702,6404.183394165702,6404.183394165702,6404.183394165702,6404.183394165702,6404.183394165702,6404.183394165702,6404.183394165702,6404.183394165702,6404.183394165702,6404.183394165702,6404.183394165702,6404.183394165702,6404.183394165702,6404.183394165702,6404.183394165702,6404.183394165702,6404.183394165702,6404.183394165702,6404.183394165702,6404.183394165702,6404.183394165702,6404.183394165702,6404.183394165702,6404.183394165702,6404.183394165702,6404.183394165702,6404.183394165702,6404.0957436769595,6404.0957436769595,6404.0957436769595,6404.0957436769595,6404.0957436769595,6404.0957436769595,6404.0957436769595,6404.0957436769595,6404.0957436769595,6404.0957436769595,6404.0957436769595,6404.0957436769595,6404.0957436769595,6404.0957436769595,6404.0957436769595,6404.0957436769595,6404.0957436769595,6404.613861123801,6404.613861123801,6404.860508219874,6403.7469943766155,6403.7469943766155,6403.7469943766155,6403.7469943766155,6403.7469943766155,6403.7469943766155,6403.7469943766155,6403.7469943766155,6403.7469943766155,6403.7469943766155,6403.7469943766155,6403.7469943766155,6403.7469943766155,6403.7469943766155,6403.7469943766155,6403.7469943766155,6403.7469943766155,6403.7469943766155,6403.7469943766155,6403.7469943766155,6403.7469943766155,6403.7469943766155,6403.7469943766155,6403.7469943766155,6405.333239830464,6405.333239830464,6405.333239830464,6405.333239830464,6405.333239830464,6405.333239830464,6405.333239830464,6400.1746220663645,6403.725316368597,6403.725316368597,6403.725316368597,6403.725316368597,6403.725316368597,6403.725316368597,6403.725316368597,6403.725316368597,6403.725316368597,6403.725316368597,6403.725316368597,6403.725316368597,6403.725316368597,6404.59777422213,6404.59777422213,6403.706188982252,6403.706188982252,6403.706188982252,6403.706188982252,6403.706188982252,6403.706188982252,6403.706188982252,6403.706188982252,6403.706188982252,6403.706188982252,6403.706188982252,6403.706188982252,6403.706188982252,6403.948181064107,6403.948181064107,6403.948181064107,6403.948181064107,6403.948181064107,6403.948181064107,6403.948181064107,6403.948181064107,6403.948181064107,6403.948181064107,6403.948181064107,6403.948181064107,6403.948181064107,6403.948181064107,6403.948181064107,6403.948181064107,6403.948181064107,6403.948181064107,6403.948181064107,6403.948181064107,6403.948181064107,6403.948181064107,6403.948181064107,6403.948181064107,6403.948181064107,6403.948181064107,6403.948181064107,6403.948181064107,6403.948181064107,6403.948181064107,6403.948181064107,6403.948181064107,6403.948181064107,6403.948181064107,6403.948181064107,6403.948181064107,6403.948181064107,6403.948181064107,6403.948181064107,6403.948181064107,6403.948181064107,6403.948181064107,6403.948181064107,6403.948181064107,6403.948181064107,6403.948181064107,6403.948181064107,6403.948181064107,6403.948181064107,6403.948181064107,6403.948181064107,6403.948181064107,6403.948181064107,6403.948181064107,6403.948181064107,6403.948181064107,6403.948181064107,6403.948181064107,6403.948181064107,6403.948181064107,6403.948181064107,6403.948181064107,6403.948181064107,6403.948181064107,6403.948181064107,6403.948181064107,6403.948181064107,6403.948181064107,6403.948181064107,6403.948181064107,6403.948181064107,6403.948181064107,6403.948181064107,6403.948181064107,6403.948181064107,6403.948181064107,6403.948181064107,6403.948181064107,6403.948181064107,6403.948181064107,6403.948181064107,6403.948181064107,6403.948181064107,6403.948181064107,6403.948181064107,6403.948181064107,6403.948181064107,6403.948181064107,6403.948181064107,6403.948181064107,6403.948181064107,6403.948181064107,6403.948181064107,6403.948181064107,6403.948181064107,6403.948181064107,6403.948181064107,6403.948181064107,6403.948181064107,6403.7609838460885,6403.7609838460885,6403.7609838460885,6403.7609838460885,6403.7609838460885,6403.7609838460885,6403.7609838460885,6403.7609838460885,6403.7609838460885,6403.7609838460885,6403.7609838460885,6403.7609838460885,6403.7609838460885,6403.7609838460885,6404.369609048539,6404.369609048539,6404.369609048539,6404.369609048539,6401.487614224408,6401.487614224408,6403.76947056379,6403.76947056379,6403.76947056379,6403.76947056379,6403.596758634556,6403.596758634556,6403.596758634556,6403.596758634556,6403.596758634556,6403.596758634556,6403.596758634556,6403.596758634556,6403.596758634556,6403.596758634556,6403.596758634556,6403.596758634556,6403.596758634556,6403.596758634556,6403.596758634556,6404.666829330348,6404.666829330348,6404.666829330348,6404.666829330348,6404.666829330348,6404.666829330348,6404.666829330348,6404.666829330348,6404.666829330348,6404.666829330348,6404.666829330348,6404.666829330348,6404.666829330348,6404.666829330348,6404.666829330348,6404.666829330348,6404.666829330348,6404.666829330348,6404.666829330348,6404.666829330348,6404.666829330348,6404.666829330348,6404.666829330348,6404.666829330348,6404.666829330348,6404.666829330348,6404.666829330348,6404.666829330348,6404.666829330348,6404.666829330348,6404.666829330348,6404.666829330348,6404.666829330348,6404.666829330348,6404.666829330348,6403.121172807396,6403.121172807396,6403.121172807396,6403.121172807396,6403.121172807396,6403.121172807396,6403.121172807396,6403.121172807396,6403.121172807396,6403.121172807396,6403.121172807396,6403.121172807396,6403.121172807396,6403.121172807396,6403.121172807396,6403.121172807396,6403.121172807396,6405.119594919301,6405.119594919301,6405.119594919301,6405.119594919301,6405.119594919301,6405.119594919301,6405.119594919301,6405.119594919301,6405.119594919301,6405.119594919301,6405.119594919301,6405.119594919301,6405.119594919301,6405.119594919301,6405.119594919301,6405.119594919301,6405.119594919301,6405.119594919301,6405.119594919301,6405.119594919301,6405.119594919301,6405.119594919301,6405.119594919301,6405.119594919301,6405.119594919301,6405.119594919301,6405.119594919301,6405.119594919301,6405.119594919301,6405.119594919301,6405.119594919301,6405.119594919301,6405.119594919301,6405.119594919301,6405.119594919301,6405.119594919301,6405.119594919301,6405.119594919301,6405.119594919301,6405.119594919301,6405.119594919301,6405.119594919301,6405.119594919301,6405.119594919301,6405.119594919301,6405.119594919301,6405.119594919301,6405.119594919301,6405.119594919301,6405.119594919301,6405.119594919301,6405.119594919301,6405.119594919301,6405.119594919301,6405.119594919301,6405.119594919301,6405.119594919301,6405.119594919301,6405.119594919301,6405.119594919301,6405.119594919301,6405.119594919301,6405.119594919301,6405.119594919301,6405.119594919301,6405.119594919301,6405.119594919301,6405.119594919301,6405.119594919301,6405.119594919301,6405.119594919301,6405.119594919301,6404.0245284478015,6404.0245284478015,6404.0245284478015,6404.0245284478015,6404.0245284478015,6404.0245284478015,6404.0245284478015,6404.0245284478015,6404.0245284478015,6404.0245284478015,6404.0245284478015,6404.0245284478015,6404.0245284478015,6404.0245284478015,6404.0245284478015,6404.0245284478015,6404.0245284478015,6404.0245284478015,6404.0245284478015,6404.0245284478015,6404.0245284478015,6404.0245284478015,6404.0245284478015,6404.0245284478015,6404.0245284478015,6404.0245284478015,6404.0245284478015,6404.0245284478015,6404.0245284478015,6404.0245284478015,6404.119417121107,6404.119417121107,6404.119417121107,6404.119417121107,6404.119417121107,6404.119417121107,6404.119417121107,6404.119417121107,6404.119417121107,6404.119417121107,6404.119417121107,6404.119417121107,6404.119417121107,6404.119417121107,6404.119417121107,6404.119417121107,6404.119417121107,6404.119417121107,6403.776591179916,6403.776591179916,6403.776591179916,6403.776591179916,6403.776591179916,6403.776591179916,6403.776591179916,6403.776591179916,6403.776591179916,6403.776591179916,6403.776591179916,6403.776591179916,6403.776591179916,6403.776591179916,6403.776591179916,6403.776591179916,6403.776591179916,6403.776591179916,6403.776591179916,6403.776591179916,6403.776591179916,6403.776591179916,6403.776591179916,6403.776591179916,6403.776591179916,6403.776591179916,6403.776591179916,6403.776591179916,6403.776591179916,6403.776591179916,6404.297424024521,6404.297424024521,6404.297424024521,6404.297424024521,6404.297424024521,6404.297424024521,6404.297424024521,6404.297424024521,6404.297424024521,6404.297424024521,6403.797222667046,6403.797222667046,6403.797222667046,6403.797222667046,6403.797222667046,6403.797222667046,6403.797222667046,6403.797222667046,6403.797222667046,6403.797222667046,6403.797222667046,6403.797222667046,6403.797222667046,6403.797222667046,6403.797222667046,6403.797222667046,6403.797222667046,6403.797222667046,6403.797222667046,6403.797222667046,6403.797222667046,6403.797222667046,6403.797222667046,6403.797222667046,6403.797222667046,6403.797222667046,6403.797222667046,6403.797222667046,6403.797222667046,6403.797222667046,6403.797222667046,6403.797222667046,6403.797222667046,6403.797222667046,6403.797222667046,6403.797222667046,6403.797222667046,6403.797222667046,6403.797222667046,6403.797222667046,6403.797222667046,6403.797222667046,6403.797222667046,6403.797222667046,6403.797222667046,6403.797222667046,6403.797222667046,6403.797222667046,6403.797222667046,6403.797222667046,6403.797222667046,6404.724428149252,6404.724428149252,6404.724428149252,6404.724428149252,6404.724428149252,6404.724428149252,6404.724428149252,6404.724428149252,6404.724428149252,6404.724428149252,6404.724428149252,6404.724428149252,6404.724428149252,6404.724428149252,6404.724428149252,6404.724428149252,6404.724428149252,6404.724428149252,6404.724428149252,6404.724428149252,6404.724428149252,6404.724428149252,6404.724428149252,6404.724428149252,6404.724428149252,6404.724428149252,6404.724428149252,6404.724428149252,6404.724428149252,6404.724428149252,6404.724428149252,6404.724428149252,6404.724428149252,6404.724428149252,6404.724428149252,6404.724428149252,6404.724428149252,6404.724428149252,6404.724428149252,6404.724428149252,6404.724428149252,6404.724428149252,6404.724428149252,6404.724428149252,6404.724428149252,6404.724428149252,6404.724428149252,6404.724428149252,6404.724428149252,6404.724428149252,6405.287458394753,6405.287458394753,6405.287458394753,6405.287458394753,6405.287458394753,6405.287458394753,6405.287458394753,6405.287458394753,6405.287458394753,6405.287458394753,6405.287458394753,6405.287458394753,6405.287458394753,6405.287458394753,6405.287458394753,6405.287458394753,6405.287458394753,6405.287458394753,6405.287458394753,6405.287458394753,6405.287458394753,6405.287458394753,6405.287458394753,6405.287458394753,6405.287458394753,6405.287458394753,6405.287458394753,6405.287458394753,6405.287458394753,6405.287458394753,6405.287458394753,6405.287458394753,6405.287458394753,6405.287458394753,6405.287458394753,6405.287458394753,6405.287458394753,6405.287458394753,6405.287458394753,6405.287458394753,6405.287458394753,6405.287458394753,6405.287458394753,6405.287458394753,6405.287458394753,6405.287458394753,6405.287458394753,6405.287458394753,6405.287458394753,6405.287458394753,6405.287458394753,6405.287458394753,6405.287458394753,6405.287458394753,6405.287458394753,6405.287458394753,6405.287458394753,6405.287458394753,6405.287458394753,6405.287458394753,6405.287458394753,6405.287458394753,6405.287458394753,6405.287458394753,6405.287458394753,6405.287458394753,6405.287458394753,6405.287458394753,6405.287458394753,6405.287458394753,6405.180152104069,6405.180152104069,6405.180152104069,6405.180152104069,6405.180152104069,6405.180152104069,6405.180152104069,6405.180152104069,6405.180152104069,6405.180152104069,6405.180152104069,6405.180152104069,6405.180152104069,6405.180152104069,6405.180152104069,6405.180152104069,6405.180152104069,6405.180152104069,6405.180152104069,6405.180152104069,6405.180152104069,6404.726694939952,6404.726694939952,6404.726694939952,6404.726694939952,6404.726694939952,6404.726694939952,6404.726694939952,6404.726694939952,6404.726694939952,6404.726694939952,6404.726694939952,6404.726694939952,6404.726694939952,6404.726694939952,6404.726694939952,6404.726694939952,6404.726694939952,6404.726694939952,6404.726694939952,6404.726694939952,6404.726694939952,6404.726694939952,6404.726694939952,6404.726694939952,6404.726694939952,6404.726694939952,6401.462708690656,6401.462708690656,6405.068355592961,6405.068355592961,6405.068355592961,6405.068355592961,6405.068355592961,6405.068355592961,6405.068355592961,6405.068355592961,6405.068355592961,6405.068355592961,6405.068355592961,6405.068355592961,6405.068355592961,6405.068355592961,6405.068355592961,6405.068355592961,6405.068355592961,6405.068355592961,6405.068355592961,6405.068355592961,6405.068355592961,6405.068355592961,6405.068355592961,6405.068355592961,6405.068355592961,6405.068355592961,6405.068355592961,6405.068355592961,6405.068355592961,6405.068355592961,6405.068355592961,6405.068355592961,6405.068355592961,6405.068355592961,6405.068355592961,6405.068355592961,6405.068355592961,6405.068355592961,6405.068355592961,6405.068355592961,6405.068355592961,6405.068355592961,6405.068355592961,6405.068355592961,6405.068355592961,6405.068355592961,6405.068355592961,6404.178325517825,6404.178325517825,6404.178325517825,6404.178325517825,6404.178325517825,6404.178325517825,6404.178325517825,6404.178325517825,6404.178325517825,6404.178325517825,6404.178325517825,6404.178325517825,6404.178325517825,6404.884950463457,6404.884950463457,6404.884950463457,6404.884950463457,6404.884950463457,6404.884950463457,6404.884950463457,6404.884950463457,6404.884950463457,6404.884950463457,6404.884950463457,6404.884950463457,6404.884950463457,6404.884950463457,6404.884950463457,6404.884950463457,6404.884950463457,6404.884950463457,6404.884950463457,6404.884950463457,6404.884950463457,6404.884950463457,6404.884950463457,6404.884950463457,6404.884950463457,6404.884950463457,6404.884950463457,6404.884950463457,6404.884950463457,6404.884950463457,6404.884950463457,6404.884950463457,6404.884950463457,6404.884950463457,6404.884950463457,6404.884950463457,6404.884950463457,6404.884950463457,6404.884950463457,6404.884950463457,6404.884950463457,6404.884950463457,6404.884950463457,6404.884950463457,6404.884950463457,6404.884950463457,6404.884950463457,6404.884950463457,6404.761337569061,6404.761337569061,6404.761337569061,6404.761337569061,6404.761337569061,6404.761337569061,6404.761337569061,6404.761337569061,6404.761337569061,6404.761337569061,6404.761337569061,6404.761337569061,6404.761337569061,6404.761337569061,6404.761337569061,6404.761337569061,6404.761337569061,6404.761337569061,6404.761337569061,6404.761337569061,6404.761337569061,6404.761337569061,6404.761337569061,6404.761337569061,6404.761337569061,6403.328165585516,6403.328165585516,6403.328165585516,6403.328165585516,6403.328165585516,6403.328165585516,6403.328165585516,6403.328165585516,6403.328165585516,6403.328165585516,6403.328165585516,6403.328165585516,6403.328165585516,6403.328165585516,6403.328165585516,6403.328165585516,6403.328165585516,6403.328165585516,6403.336293454295,6403.336293454295,6403.336293454295,6403.336293454295,6403.168348767818,6403.168348767818,6403.168348767818,6403.168348767818,6403.168348767818,6403.168348767818,6403.168348767818,6403.168348767818,6403.168348767818,6403.168348767818,6403.168348767818,6403.168348767818,6403.168348767818,6403.168348767818,6403.168348767818,6403.168348767818,6403.168348767818,6403.168348767818,6403.168348767818,6403.168348767818,6403.168348767818,6403.168348767818,6404.453736996727,6404.453736996727,6404.453736996727,6404.453736996727,6404.453736996727,6404.453736996727,6404.453736996727,6404.453736996727,6404.453736996727,6404.453736996727,6404.453736996727,6404.453736996727,6404.453736996727,6404.453736996727,6404.453736996727,6404.453736996727,6404.453736996727,6404.453736996727,6404.453736996727,6404.453736996727,6404.453736996727,6404.453736996727,6404.453736996727,6404.453736996727,6404.625075297717,6404.625075297717,6404.625075297717,6404.625075297717,6404.625075297717,6404.625075297717,6404.625075297717,6404.625075297717,6404.625075297717,6404.625075297717,6404.625075297717,6404.625075297717,6404.625075297717,6404.625075297717,6404.625075297717,6404.625075297717,6404.625075297717,6404.625075297717,6404.625075297717,6404.625075297717,6404.625075297717,6404.625075297717,6404.625075297717,6404.625075297717,6404.625075297717,6404.625075297717,6404.625075297717,6404.625075297717,6404.625075297717,6404.625075297717,6404.625075297717,6404.625075297717,6402.623935289167,6402.623935289167,6402.623935289167,6402.623935289167,6402.623935289167,6402.623935289167,6402.623935289167,6402.623935289167,6402.623935289167,6402.623935289167,6402.623935289167,6402.623935289167,6402.623935289167,6402.623935289167,6402.623935289167,6402.623935289167,6402.623935289167,6402.623935289167,6402.623935289167,6402.623935289167,6402.623935289167,6402.623935289167,6402.623935289167,6402.623935289167,6402.623935289167,6402.623935289167,6402.623935289167,6401.700315165125,6401.700315165125,6401.700315165125,6401.700315165125,6401.700315165125,6401.700315165125,6401.700315165125,6401.700315165125,6401.700315165125,6401.700315165125,6402.72042488428,6402.72042488428,6402.72042488428,6402.72042488428,6402.72042488428,6402.72042488428,6402.72042488428,6402.72042488428,6402.72042488428,6402.72042488428,6403.199598501445,6403.199598501445,6403.199598501445,6403.199598501445,6403.199598501445,6403.199598501445,6403.199598501445,6404.302005547973,6404.302005547973,6404.302005547973,6404.302005547973,6404.302005547973,6404.302005547973,6404.302005547973,6404.302005547973,6404.302005547973,6404.302005547973,6404.302005547973,6404.302005547973,6404.302005547973,6404.302005547973,6404.302005547973,6404.302005547973,6404.302005547973,6404.302005547973,6404.302005547973,6404.302005547973,6404.302005547973,6404.302005547973,6404.302005547973,6404.302005547973,6404.302005547973,6404.302005547973,6404.302005547973,6404.302005547973,6404.302005547973,6404.302005547973,6404.302005547973,6404.302005547973,6404.302005547973,6404.302005547973,6404.302005547973,6404.302005547973,6404.302005547973,6404.302005547973,6404.302005547973,6404.302005547973,6404.302005547973,6404.302005547973,6404.302005547973,6404.302005547973,6404.302005547973,6404.302005547973,6404.302005547973,6404.302005547973,6404.302005547973,6404.302005547973,6404.302005547973,6404.302005547973,6404.302005547973,6404.302005547973,6404.302005547973,6404.302005547973,6404.302005547973,6404.302005547973,6404.302005547973,6404.302005547973,6404.302005547973,6404.302005547973,6404.302005547973,6404.302005547973,6404.302005547973,6404.302005547973,6404.302005547973,6404.302005547973,6404.302005547973,6404.302005547973,6404.302005547973,6404.302005547973,6404.302005547973,6404.302005547973,6404.302005547973,6404.302005547973,6404.302005547973,6404.302005547973,6404.302005547973,6404.302005547973,6404.302005547973,6404.302005547973,6404.302005547973,6404.302005547973,6404.302005547973,6404.302005547973,6404.302005547973,6404.302005547973,6404.302005547973,6404.302005547973,6404.302005547973,6404.302005547973,6404.302005547973,6404.302005547973,6404.302005547973,6404.302005547973,6404.302005547973,6404.302005547973,6404.302005547973,6404.302005547973,6404.302005547973,6404.415887700611,6404.415887700611,6404.415887700611,6404.415887700611,6404.415887700611,6404.415887700611,6404.415887700611,6404.415887700611,6404.415887700611,6404.415887700611,6404.415887700611,6404.415887700611,6404.415887700611,6404.415887700611,6404.415887700611,6404.415887700611,6404.415887700611,6404.415887700611,6404.415887700611,6404.415887700611,6404.415887700611,6404.415887700611,6404.415887700611,6404.415887700611,6404.415887700611,6404.415887700611,6404.415887700611,6404.415887700611,6404.415887700611,6404.415887700611,6404.415887700611,6402.895564683898,6402.895564683898,6402.895564683898,6402.895564683898,6402.895564683898,6402.895564683898,6402.895564683898,6402.895564683898,6402.895564683898,6402.895564683898,6402.895564683898,6402.895564683898,6402.895564683898,6402.895564683898,6401.971785493378,6401.971785493378,6401.971785493378,6402.429502015145,6402.429502015145,6402.429502015145,6403.19013969858,6403.19013969858,6402.534487643877,6402.534487643877,6402.534487643877,6402.534487643877,6402.534487643877,6402.534487643877,6402.534487643877,6402.534487643877,6402.173564938781,6402.173564938781,6402.173564938781,6402.173564938781,6402.173564938781,6402.173564938781,6402.173564938781,6402.173564938781,6402.173564938781,6402.173564938781,6402.173564938781,6402.173564938781,6402.173564938781,6402.173564938781,6402.173564938781,6402.173564938781,6402.173564938781,6402.173564938781,6402.173564938781,6402.173564938781,6402.173564938781,6402.173564938781,6402.173564938781,6402.173564938781,6402.173564938781,6402.173564938781,6402.173564938781,6402.173564938781,6402.173564938781,6402.173564938781,6402.173564938781,6402.173564938781,6402.173564938781,6402.173564938781,6402.173564938781,6402.173564938781,6402.173564938781,6402.173564938781,6402.173564938781,6402.173564938781,6402.173564938781,6402.173564938781,6402.200252240079,6402.200252240079,6402.200252240079,6402.200252240079,6402.200252240079,6402.200252240079,6402.200252240079,6402.200252240079,6402.200252240079,6402.200252240079,6402.200252240079,6402.200252240079,6402.200252240079,6402.200252240079,6402.200252240079,6402.200252240079,6402.200252240079,6402.200252240079,6402.200252240079,6402.200252240079,6402.200252240079,6402.200252240079,6402.200252240079,6402.200252240079,6402.200252240079,6402.200252240079,6402.200252240079,6402.200252240079,6402.200252240079,6402.200252240079,6402.200252240079,6402.200252240079,6402.200252240079,6402.200252240079,6402.200252240079,6402.200252240079,6402.200252240079,6402.200252240079,6402.200252240079,6402.200252240079,6402.200252240079,6402.200252240079,6402.200252240079,6402.200252240079,6402.200252240079,6402.200252240079,6402.200252240079,6402.200252240079,6402.200252240079,6402.200252240079,6402.200252240079,6402.200252240079,6402.200252240079,6402.200252240079,6402.200252240079,6402.200252240079,6402.200252240079,6402.200252240079,6402.200252240079,6402.200252240079,6402.200252240079,6402.200252240079,6402.200252240079,6402.200252240079,6402.200252240079,6402.200252240079,6402.200252240079,6403.624716237148,6403.624716237148,6403.624716237148,6403.624716237148,6403.624716237148,6403.624716237148,6403.624716237148,6403.624716237148,6403.624716237148,6403.624716237148,6403.624716237148,6403.624716237148,6403.624716237148,6403.624716237148,6403.624716237148,6403.624716237148,6403.624716237148,6403.624716237148,6403.624716237148,6403.893917293791,6403.893917293791,6403.893917293791,6403.893917293791,6403.893917293791,6403.893917293791,6403.555500866435,6403.555500866435,6403.555500866435,6403.555500866435,6403.555500866435,6403.555500866435,6403.555500866435,6403.555500866435,6403.555500866435,6403.555500866435,6403.555500866435,6403.555500866435,6403.555500866435,6403.555500866435,6403.555500866435,6403.555500866435,6403.555500866435,6403.471585361219,6403.471585361219,6403.471585361219,6403.471585361219,6403.471585361219,6403.471585361219,6403.471585361219,6403.471585361219,6403.471585361219,6403.471585361219,6403.471585361219,6403.471585361219,6403.471585361219,6403.471585361219,6403.471585361219,6403.471585361219,6403.471585361219,6403.471585361219,6403.471585361219,6403.471585361219,6403.471585361219,6403.471585361219,6403.471585361219,6403.471585361219,6403.471585361219,6403.471585361219,6403.471585361219,6403.471585361219,6403.471585361219,6403.471585361219,6403.471585361219,6403.471585361219,6403.471585361219,6403.471585361219,6403.471585361219,6403.471585361219,6403.471585361219,6403.471585361219,6403.967976539825,6403.967976539825,6403.967976539825,6403.967976539825,6403.967976539825,6403.967976539825,6403.967976539825,6403.967976539825,6403.967976539825,6403.967976539825,6403.967976539825,6403.967976539825,6403.967976539825,6403.967976539825,6403.967976539825,6403.967976539825,6403.967976539825,6403.967976539825,6405.552309098317,6405.552309098317,6405.552309098317,6405.552309098317,6405.552309098317,6405.552309098317,6405.552309098317,6405.552309098317,6405.552309098317,6405.552309098317,6405.552309098317,6405.552309098317,6405.552309098317,6405.552309098317,6405.552309098317,6405.552309098317,6405.552309098317,6405.552309098317,6405.552309098317,6405.552309098317,6405.552309098317,6405.552309098317,6405.552309098317,6405.552309098317,6405.552309098317,6405.552309098317,6405.552309098317,6405.552309098317,6405.552309098317,6405.552309098317,6405.552309098317,6405.552309098317,6405.552309098317,6405.552309098317,6405.552309098317,6405.552309098317,6405.552309098317,6405.552309098317,6405.552309098317,6405.552309098317,6405.552309098317,6405.552309098317,6405.552309098317,6405.552309098317,6405.552309098317,6405.552309098317,6405.552309098317,6405.552309098317,6405.552309098317,6405.552309098317,6405.552309098317,6405.552309098317,6405.552309098317,6405.552309098317,6405.552309098317,6405.552309098317,6405.552309098317,6405.552309098317,6405.552309098317,6405.552309098317,6405.552309098317,6405.552309098317,6405.552309098317,6405.552309098317,6405.552309098317,6405.552309098317,6405.552309098317,6405.552309098317,6405.552309098317,6405.552309098317,6405.552309098317,6405.552309098317,6405.552309098317,6405.552309098317,6405.552309098317,6405.552309098317,6405.552309098317,6405.552309098317,6405.552309098317,6405.552309098317,6405.552309098317,6405.552309098317,6405.552309098317,6405.552309098317,6405.552309098317,6405.552309098317,6405.552309098317,6405.552309098317,6405.552309098317,6405.552309098317,6405.552309098317,6405.552309098317,6405.552309098317,6405.552309098317,6405.552309098317,6405.552309098317,6405.552309098317,6405.552309098317,6405.552309098317,6405.552309098317,6405.552309098317,6405.552309098317,6405.552309098317,6405.552309098317,6405.552309098317,6405.552309098317,6405.552309098317,6405.552309098317,6405.552309098317,6405.552309098317,6405.552309098317,6405.552309098317,6405.552309098317,6405.552309098317,6405.552309098317,6405.552309098317,6405.552309098317,6405.552309098317,6405.552309098317,6405.552309098317,6405.552309098317,6405.552309098317,6405.552309098317,6405.552309098317,6405.552309098317,6405.552309098317,6405.552309098317,6405.552309098317,6405.552309098317,6405.552309098317,6405.552309098317,6405.552309098317,6405.552309098317,6405.552309098317,6405.552309098317,6405.552309098317,6405.552309098317,6405.552309098317,6405.552309098317,6405.552309098317,6401.156885885273,6401.156885885273,6401.156885885273,6401.156885885273,6401.156885885273,6401.156885885273,6401.156885885273,6401.156885885273,6401.156885885273,6401.156885885273,6401.156885885273,6402.449076183043,6402.449076183043,6402.449076183043,6402.449076183043,6402.239524006651,6402.239524006651,6403.751173505791,6403.751173505791,6403.751173505791,6404.12514690405,6404.12514690405,6404.12514690405,6404.12514690405,6404.12514690405,6404.12514690405,6402.958648472421,6402.958648472421,6402.958648472421,6402.958648472421,6402.958648472421,6402.958648472421,6402.958648472421,6402.958648472421,6402.958648472421,6402.958648472421,6402.958648472421,6402.958648472421,6402.958648472421,6402.958648472421,6402.958648472421,6402.958648472421,6402.958648472421,6402.958648472421,6402.958648472421,6403.935178987092,6403.935178987092,6403.935178987092,6403.935178987092,6403.935178987092,6403.935178987092,6403.935178987092,6403.935178987092,6403.935178987092,6403.935178987092,6403.935178987092,6403.935178987092,6403.935178987092,6403.935178987092,6403.935178987092,6403.935178987092,6403.935178987092,6404.230571029377,6404.230571029377,6404.230571029377,6404.230571029377,6404.230571029377,6404.230571029377,6404.230571029377,6404.230571029377,6404.230571029377,6404.230571029377,6404.230571029377,6404.4391048980115,6404.4391048980115,6404.4391048980115,6404.4391048980115,6404.4391048980115,6404.4391048980115,6404.4391048980115,6404.4391048980115,6404.4391048980115,6404.4391048980115,6404.4391048980115,6404.4391048980115,6404.4391048980115,6404.4391048980115,6404.4391048980115,6404.4391048980115,6404.4391048980115,6404.4391048980115,6404.4391048980115,6404.4391048980115,6404.4391048980115,6404.4391048980115,6404.4391048980115,6404.4391048980115,6404.4391048980115,6404.4391048980115,6404.4391048980115,6404.4391048980115,6404.4391048980115,6404.760667006999,6404.760667006999,6404.760667006999,6404.760667006999,6404.760667006999,6404.760667006999,6404.760667006999,6404.760667006999,6404.760667006999,6404.760667006999,6403.878494792599,6403.878494792599,6403.878494792599,6403.878494792599,6403.878494792599,6403.878494792599,6403.878494792599,6403.878494792599,6403.878494792599,6403.878494792599,6403.878494792599,6403.878494792599,6403.878494792599,6403.878494792599,6403.878494792599,6403.878494792599,6403.878494792599,6403.878494792599,6403.878494792599,6403.878494792599,6403.878494792599,6403.878494792599,6403.878494792599,6403.878494792599,6403.878494792599,6403.878494792599,6403.878494792599,6404.841476054304,6404.841476054304,6404.841476054304,6404.841476054304,6404.841476054304,6404.841476054304,6404.841476054304,6404.841476054304,6404.841476054304,6404.841476054304,6404.841476054304,6404.841476054304,6404.841476054304,6404.841476054304,6404.841476054304,6404.841476054304,6404.841476054304,6404.841476054304,6404.841476054304,6404.841476054304,6404.841476054304,6404.841476054304,6404.841476054304,6404.841476054304,6404.841476054304,6404.841476054304,6404.841476054304,6404.841476054304,6404.841476054304,6404.841476054304,6404.841476054304,6404.841476054304,6404.841476054304,6404.841476054304,6404.841476054304,6404.841476054304,6404.841476054304,6404.841476054304,6404.841476054304,6404.841476054304,6404.841476054304,6404.841476054304,6404.841476054304,6404.841476054304,6404.841476054304,6404.841476054304,6404.841476054304,6404.841476054304,6404.841476054304,6404.841476054304,6404.841476054304,6404.841476054304,6404.841476054304,6404.841476054304,6404.841476054304,6404.841476054304,6405.225276987503,6405.225276987503,6405.225276987503,6405.225276987503,6405.225276987503,6405.225276987503,6405.225276987503,6405.225276987503,6405.225276987503,6405.225276987503,6405.225276987503,6405.225276987503,6405.225276987503,6405.225276987503,6405.225276987503,6405.225276987503,6405.225276987503,6405.225276987503,6405.225276987503,6405.225276987503,6405.225276987503,6405.383194502929,6405.383194502929,6405.383194502929,6405.383194502929,6403.237851473922,6403.237851473922,6403.237851473922,6403.237851473922,6403.237851473922,6403.237851473922,6403.237851473922,6403.237851473922,6403.237851473922,6403.237851473922,6403.237851473922,6403.237851473922,6403.237851473922,6403.237851473922,6403.237851473922,6403.237851473922,6403.237851473922,6403.237851473922,6403.237851473922,6403.583008860498,6403.583008860498,6403.583008860498,6403.583008860498,6403.583008860498,6403.583008860498,6403.583008860498,6403.583008860498,6403.583008860498,6403.583008860498,6403.583008860498,6401.533483970368,6401.533483970368,6401.533483970368,6401.533483970368,6401.533483970368,6401.533483970368,6401.533483970368,6401.533483970368,6401.533483970368,6401.533483970368,6401.533483970368,6401.533483970368,6401.533483970368,6401.533483970368,6401.533483970368,6401.533483970368,6401.533483970368,6401.533483970368,6401.533483970368,6401.533483970368,6401.533483970368,6401.533483970368,6401.533483970368,6401.533483970368,6401.533483970368,6401.533483970368,6401.533483970368,6401.533483970368,6401.533483970368,6401.533483970368,6401.533483970368,6401.533483970368,6401.533483970368,6401.533483970368,6401.533483970368,6403.15032678504,6403.15032678504,6403.15032678504,6403.15032678504,6403.15032678504,6403.15032678504,6403.15032678504,6403.15032678504,6403.15032678504,6403.15032678504,6403.15032678504,6403.15032678504,6403.65554909323,6403.65554909323,6403.65554909323,6403.65554909323,6403.65554909323,6403.65554909323,6403.65554909323,6403.65554909323,6403.65554909323,6403.65554909323,6403.65554909323,6403.65554909323,6403.65554909323,6403.65554909323,6403.65554909323,6403.65554909323,6403.65554909323,6403.65554909323,6403.65554909323,6403.65554909323,6403.65554909323,6403.65554909323,6403.65554909323,6403.65554909323,6403.65554909323,6403.65554909323,6403.65554909323,6403.65554909323,6403.65554909323,6403.65554909323,6403.65554909323,6403.65554909323,6403.65554909323,6404.000607053257,6403.643826894936,6403.643826894936,6403.643826894936,6403.643826894936,6403.643826894936,6403.643826894936,6403.643826894936,6403.643826894936,6403.643826894936,6403.643826894936,6403.643826894936,6403.643826894936,6403.643826894936,6403.267454482731,6403.267454482731,6403.267454482731,6404.61220603919,6404.61220603919,6404.61220603919,6404.61220603919,6404.61220603919,6404.61220603919,6404.61220603919,6404.61220603919,6404.61220603919,6404.61220603919,6404.61220603919,6404.61220603919,6404.61220603919,6404.61220603919,6404.61220603919,6404.61220603919,6404.61220603919,6404.61220603919,6404.61220603919,6404.61220603919,6404.61220603919,6404.61220603919,6404.61220603919,6404.61220603919,6404.61220603919,6404.61220603919,6404.61220603919,6404.61220603919,6404.61220603919,6404.61220603919,6404.61220603919,6404.61220603919,6404.61220603919,6404.61220603919,6404.61220603919,6404.61220603919,6404.61220603919,6404.61220603919,6404.61220603919,6405.258522163899,6405.258522163899,6405.258522163899,6405.258522163899,6405.258522163899,6405.258522163899,6405.258522163899,6403.9267693863985,6403.9267693863985,6403.9267693863985,6403.9267693863985,6403.9267693863985,6403.9267693863985,6403.9267693863985,6403.9267693863985,6403.9267693863985,6403.9267693863985,6403.9267693863985,6403.9267693863985,6403.9267693863985,6403.9267693863985,6404.946892158846,6404.946892158846,6404.946892158846,6404.946892158846,6404.946892158846,6404.946892158846,6404.946892158846,6404.946892158846,6404.946892158846,6404.946892158846,6404.946892158846,6404.946892158846,6404.946892158846,6404.946892158846,6404.946892158846,6404.946892158846,6404.946892158846,6404.946892158846,6404.946892158846,6404.946892158846,6404.946892158846,6404.946892158846,6404.946892158846,6404.946892158846,6404.946892158846,6404.946892158846,6404.946892158846,6404.946892158846,6404.946892158846,6404.946892158846,6404.946892158846,6404.946892158846,6404.946892158846,6404.946892158846,6404.946892158846,6404.946892158846,6404.946892158846,6404.946892158846,6404.946892158846,6404.946892158846,6404.946892158846,6404.946892158846,6404.946892158846,6404.946892158846,6404.946892158846,6404.946892158846,6404.946892158846,6404.946892158846,6404.946892158846,6404.946892158846,6404.946892158846,6404.946892158846,6404.946892158846,6404.946892158846,6404.946892158846,6404.946892158846,6404.946892158846,6404.946892158846,6404.946892158846,6404.946892158846,6404.946892158846,6404.946892158846,6403.124904195639,6403.124904195639,6403.124904195639,6403.124904195639,6403.124904195639,6403.124904195639,6403.124904195639,6403.124904195639,6403.124904195639,6403.124904195639,6403.124904195639,6403.124904195639,6403.124904195639,6403.124904195639,6403.124904195639,6403.124904195639,6403.124904195639,6401.863044120921,6401.863044120921,6401.863044120921,6401.863044120921,6401.863044120921,6401.863044120921,6401.863044120921,6401.863044120921,6401.863044120921,6401.863044120921,6401.863044120921,6401.863044120921,6401.863044120921,6401.863044120921,6401.863044120921,6401.863044120921,6401.863044120921,6401.863044120921,6401.863044120921,6401.863044120921,6401.863044120921,6401.863044120921,6401.863044120921,6401.863044120921,6401.863044120921,6401.863044120921,6401.863044120921,6401.863044120921,6401.863044120921,6401.863044120921,6401.863044120921,6401.863044120921,6401.863044120921,6401.863044120921,6401.863044120921,6401.863044120921,6401.863044120921,6401.863044120921,6398.877786923969,6398.877786923969,6398.877786923969,6398.877786923969,6398.877786923969,6398.877786923969,6398.877786923969,6398.877786923969,6398.877786923969,6398.877786923969,6398.877786923969,6398.877786923969,6398.877786923969,6398.877786923969,6398.877786923969,6398.877786923969,6398.877786923969,6398.877786923969,6398.877786923969,6398.877786923969,6398.877786923969,6398.877786923969,6398.877786923969,6398.877786923969,6398.877786923969,6400.938087577128,6400.938087577128,6400.938087577128,6403.167794373087,6403.167794373087,6403.167794373087,6403.167794373087,6403.167794373087,6403.167794373087,6403.167794373087,6403.167794373087,6403.167794373087,6403.167794373087,6403.167794373087,6403.167794373087,6403.167794373087,6403.167794373087,6403.167794373087,6403.167794373087,6403.167794373087,6403.167794373087,6403.167794373087,6403.167794373087,6403.167794373087,6403.167794373087,6403.167794373087,6403.167794373087,6403.167794373087,6403.167794373087,6403.167794373087,6403.167794373087,6403.167794373087,6403.167794373087,6403.167794373087,6403.167794373087,6403.167794373087,6403.167794373087,6403.167794373087,6403.167794373087,6403.167794373087,6403.167794373087,6403.167794373087,6403.167794373087,6403.167794373087,6403.167794373087,6403.167794373087,6403.167794373087,6403.167794373087,6403.167794373087,6403.167794373087,6403.167794373087,6403.167794373087,6403.167794373087,6403.167794373087,6403.167794373087,6403.167794373087,6403.167794373087,6403.167794373087,6403.167794373087,6403.167794373087,6403.167794373087,6403.167794373087,6403.167794373087,6403.167794373087,6403.167794373087,6403.167794373087,6403.167794373087,6403.167794373087,6403.167794373087,6403.167794373087,6403.167794373087,6403.167794373087,6403.167794373087,6403.167794373087,6403.167794373087,6403.167794373087,6403.167794373087,6403.167794373087,6403.167794373087,6403.167794373087,6403.167794373087,6403.167794373087,6403.167794373087,6403.167794373087,6401.47434324388,6401.47434324388,6401.47434324388,6401.47434324388,6402.786254653963,6402.786254653963,6402.786254653963,6402.786254653963,6402.786254653963,6402.786254653963,6402.786254653963,6402.786254653963,6402.786254653963,6402.786254653963,6402.786254653963,6402.786254653963,6402.786254653963,6402.786254653963,6402.786254653963,6402.786254653963,6402.786254653963,6402.786254653963,6402.786254653963,6402.786254653963,6402.786254653963,6402.786254653963,6402.786254653963,6402.786254653963,6402.786254653963,6402.786254653963,6402.786254653963,6402.786254653963,6403.235768477499,6403.235768477499,6403.235768477499,6403.235768477499,6403.235768477499,6403.235768477499,6403.235768477499,6403.235768477499,6403.235768477499,6403.235768477499,6403.235768477499,6403.235768477499,6403.235768477499,6403.235768477499,6403.235768477499,6403.235768477499,6403.235768477499,6403.235768477499,6403.235768477499,6403.235768477499,6403.235768477499,6403.235768477499,6403.235768477499,6403.235768477499,6403.235768477499,6403.235768477499,6403.235768477499,6403.235768477499,6403.235768477499,6403.235768477499,6403.235768477499,6403.235768477499,6403.235768477499,6403.235768477499,6403.235768477499,6403.235768477499,6403.235768477499,6403.235768477499,6403.235768477499,6403.235768477499,6403.235768477499,6403.235768477499,6403.235768477499,6403.235768477499,6403.235768477499,6403.235768477499,6403.235768477499,6404.693735593083,6404.693735593083,6404.693735593083,6404.693735593083,6404.693735593083,6404.693735593083,6404.693735593083,6404.693735593083,6404.693735593083,6404.693735593083,6404.693735593083,6404.693735593083,6404.693735593083,6404.693735593083,6404.693735593083,6404.693735593083,6404.693735593083,6404.693735593083,6404.693735593083,6404.693735593083,6404.701509339176,6404.701509339176,6404.701509339176,6404.701509339176,6404.701509339176,6404.701509339176,6404.701509339176,6404.611538379148,6404.611538379148,6404.611538379148,6404.611538379148,6404.611538379148,6404.611538379148,6404.611538379148,6404.611538379148,6404.611538379148,6404.611538379148,6404.611538379148,6404.611538379148,6404.611538379148,6404.611538379148,6404.611538379148,6404.611538379148,6404.611538379148,6404.611538379148,6404.611538379148,6404.611538379148,6404.611538379148,6404.611538379148,6404.611538379148,6404.611538379148,6404.611538379148,6404.611538379148,6404.611538379148,6404.611538379148,6404.611538379148,6404.611538379148,6404.611538379148,6404.611538379148,6404.611538379148,6404.611538379148,6404.611538379148,6404.611538379148,6404.611538379148,6404.611538379148,6404.611538379148,6404.611538379148,6404.611538379148,6404.611538379148,6404.611538379148,6404.611538379148,6404.611538379148,6404.611538379148,6404.611538379148,6404.611538379148,6404.611538379148,6403.264261463285,6403.264261463285,6403.264261463285,6403.264261463285,6403.264261463285,6403.264261463285,6403.264261463285,6403.264261463285,6403.264261463285,6403.264261463285,6403.264261463285,6403.264261463285,6403.264261463285,6403.264261463285,6403.264261463285,6403.264261463285,6403.264261463285,6403.264261463285,6403.264261463285,6403.665249067327,6403.665249067327,6403.665249067327,6403.665249067327,6403.665249067327,6403.665249067327,6403.665249067327,6403.665249067327,6403.665249067327,6403.665249067327,6403.665249067327,6403.862376202426,6403.862376202426,6403.862376202426,6403.862376202426,6403.862376202426,6403.862376202426,6403.862376202426,6403.862376202426,6403.862376202426,6403.862376202426,6403.862376202426,6403.862376202426,6403.862376202426,6403.862376202426,6403.862376202426,6403.862376202426,6403.862376202426,6403.862376202426,6403.862376202426,6403.862376202426,6403.862376202426,6403.862376202426,6403.862376202426,6403.862376202426,6403.862376202426,6403.862376202426,6403.862376202426,6403.862376202426,6403.862376202426,6403.862376202426,6403.862376202426,6403.862376202426,6403.862376202426,6403.862376202426,6403.549409316776,6405.423641899327,6405.423641899327,6405.423641899327,6405.423641899327,6405.423641899327,6405.423641899327,6405.423641899327,6405.423641899327,6405.423641899327,6405.423641899327,6405.423641899327,6405.423641899327,6405.423641899327,6405.423641899327,6405.423641899327,6405.423641899327,6405.423641899327,6405.423641899327,6405.423641899327,6405.423641899327,6405.423641899327,6405.423641899327,6405.423641899327,6405.423641899327,6405.423641899327,6405.423641899327,6405.423641899327,6405.423641899327,6405.423641899327,6405.423641899327,6405.423641899327,6405.423641899327,6405.423641899327,6405.423641899327,6405.423641899327,6405.423641899327,6405.423641899327,6405.423641899327,6405.423641899327,6405.423641899327,6405.423641899327,6405.423641899327,6405.423641899327,6405.423641899327,6405.423641899327,6405.423641899327,6405.423641899327,6405.423641899327,6405.423641899327,6405.423641899327,6405.423641899327,6405.423641899327,6405.423641899327,6405.423641899327,6405.423641899327,6405.423641899327,6405.423641899327,6405.423641899327,6405.423641899327,6405.423641899327,6405.423641899327,6405.423641899327,6405.423641899327,6405.423641899327,6405.423641899327,6405.423641899327,6405.423641899327,6405.423641899327,6405.423641899327,6405.423641899327,6405.423641899327,6405.423641899327,6405.423641899327,6405.423641899327,6405.423641899327,6405.423641899327,6405.423641899327,6405.423641899327,6405.423641899327,6405.423641899327,6405.423641899327,6405.423641899327,6405.423641899327,6405.423641899327,6405.423641899327,6405.423641899327,6405.423641899327,6405.423641899327,6405.423641899327,6405.423641899327,6405.423641899327,6405.423641899327,6405.423641899327,6405.423641899327,6405.423641899327,6405.423641899327,6405.423641899327,6405.423641899327,6405.423641899327,6405.423641899327,6405.423641899327,6405.423641899327,6405.423641899327,6405.423641899327,6405.423641899327,6405.423641899327,6405.423641899327,6405.423641899327,6403.9464540881845,6403.9464540881845,6403.9464540881845,6403.9464540881845,6403.9464540881845,6403.9464540881845,6403.9464540881845,6403.9464540881845,6403.9464540881845,6403.9464540881845,6403.9464540881845,6403.9464540881845,6403.9464540881845,6403.9464540881845,6403.9464540881845,6403.9464540881845,6403.9464540881845,6403.9464540881845,6403.9464540881845,6403.9464540881845,6403.9464540881845,6403.9464540881845,6403.9464540881845,6403.9464540881845,6403.9464540881845,6403.9464540881845,6403.9464540881845,6403.9464540881845,6403.9464540881845,6403.9464540881845,6404.24523909407,6404.24523909407,6404.24523909407,6404.24523909407,6404.24523909407,6404.24523909407,6404.24523909407,6404.24523909407,6404.24523909407,6404.24523909407,6404.24523909407,6404.24523909407,6404.24523909407,6404.24523909407,6404.24523909407,6404.24523909407,6404.24523909407,6404.24523909407,6404.24523909407,6404.24523909407,6404.24523909407,6404.24523909407,6404.24523909407,6404.24523909407,6404.24523909407,6404.24523909407,6404.24523909407,6404.24523909407,6404.24523909407,6404.24523909407,6404.24523909407,6404.24523909407,6404.24523909407,6404.24523909407,6404.474139882343,6404.474139882343,6404.474139882343,6404.474139882343,6404.474139882343,6404.474139882343,6404.474139882343,6404.474139882343,6404.474139882343,6404.474139882343,6404.474139882343,6404.474139882343,6404.474139882343,6404.474139882343,6404.474139882343,6404.474139882343,6404.474139882343,6404.474139882343,6404.474139882343,6404.474139882343,6404.348998335684,6404.348998335684,6404.348998335684,6404.348998335684,6404.348998335684,6403.631705590912,6403.631705590912,6403.631705590912,6403.631705590912,6403.631705590912,6403.631705590912,6403.631705590912,6403.928480850504,6403.928480850504,6403.928480850504,6403.928480850504,6402.947110188358,6402.947110188358,6402.947110188358,6402.947110188358,6402.947110188358,6402.947110188358,6402.947110188358,6402.947110188358,6402.947110188358,6402.947110188358,6402.947110188358,6402.55076464136,6402.55076464136,6402.55076464136,6402.55076464136,6402.55076464136,6402.55076464136,6402.55076464136,6402.55076464136,6402.55076464136,6400.385451117015,6400.385451117015,6400.385451117015,6400.385451117015,6400.385451117015,6400.385451117015,6400.385451117015,6400.385451117015,6400.385451117015,6400.385451117015,6400.385451117015,6400.385451117015,6400.385451117015,6400.385451117015,6400.385451117015,6401.747458945587,6401.747458945587,6401.747458945587,6401.747458945587,6401.747458945587,6403.707069265065,6403.707069265065,6403.707069265065,6403.707069265065,6403.707069265065,6403.707069265065,6403.707069265065,6403.707069265065,6403.707069265065,6403.707069265065,6403.707069265065,6403.707069265065,6403.707069265065,6403.707069265065,6403.707069265065,6403.707069265065,6403.707069265065,6403.707069265065,6403.707069265065,6403.707069265065,6403.707069265065,6402.6487001009955,6402.6487001009955,6402.6487001009955,6402.6487001009955,6402.6487001009955,6402.6487001009955,6402.6487001009955,6402.6487001009955,6402.6487001009955,6402.6487001009955,6402.6487001009955,6402.6487001009955,6402.6487001009955,6402.6487001009955,6402.6487001009955,6402.6487001009955,6402.559577206131,6402.559577206131,6402.559577206131,6402.559577206131,6402.559577206131,6402.559577206131,6401.748663025459,6401.748663025459,6401.748663025459,6401.748663025459,6401.748663025459,6401.748663025459,6401.748663025459,6401.748663025459,6401.748663025459,6401.748663025459,6401.748663025459,6401.748663025459,6401.748663025459,6401.748663025459,6401.748663025459,6401.748663025459,6401.748663025459,6401.748663025459,6401.748663025459,6401.748663025459,6401.748663025459,6401.748663025459,6401.748663025459,6401.748663025459,6401.748663025459,6401.748663025459,6401.748663025459,6401.748663025459,6401.748663025459,6401.748663025459,6401.748663025459,6401.748663025459,6401.748663025459,6401.748663025459,6401.748663025459,6401.748663025459,6401.748663025459,6401.748663025459,6401.748663025459,6401.748663025459,6401.748663025459,6401.748663025459,6401.748663025459,6401.748663025459,6401.748663025459,6401.748663025459,6401.748663025459,6401.748663025459,6401.748663025459,6401.748663025459,6401.748663025459,6401.748663025459,6401.748663025459,6401.748663025459,6401.748663025459,6401.748663025459,6401.748663025459,6401.748663025459,6401.748663025459,6401.748663025459,6401.748663025459,6401.748663025459,6401.748663025459,6401.748663025459,6401.748663025459,6401.748663025459,6401.748663025459,6401.748663025459,6401.748663025459,6401.748663025459,6401.748663025459,6401.748663025459,6401.748663025459,6401.748663025459,6401.748663025459,6401.748663025459,6401.748663025459,6401.748663025459,6401.748663025459,6401.748663025459,6401.748663025459,6401.748663025459,6401.748663025459,6401.748663025459,6401.748663025459,6401.748663025459,6401.748663025459,6401.748663025459,6401.748663025459,6401.748663025459,6401.748663025459,6401.748663025459,6401.748663025459,6401.748663025459,6401.748663025459,6401.748663025459,6401.748663025459,6401.748663025459,6401.748663025459,6401.748663025459,6401.748663025459,6401.748663025459,6401.748663025459,6401.748663025459,6401.748663025459,6401.748663025459,6401.748663025459,6401.748663025459,6401.748663025459,6401.748663025459,6401.748663025459,6401.748663025459,6403.028296536378,6403.028296536378,6403.028296536378,6403.028296536378,6403.028296536378,6403.028296536378,6403.028296536378,6403.028296536378,6405.081296712403,6405.081296712403,6405.081296712403,6405.081296712403,6405.081296712403,6405.081296712403,6405.081296712403,6405.081296712403,6405.081296712403,6405.081296712403,6405.081296712403,6405.081296712403,6405.081296712403,6404.386117246577,6404.386117246577,6404.386117246577,6404.386117246577,6404.386117246577,6404.386117246577,6404.386117246577,6404.386117246577,6404.386117246577,6404.386117246577,6404.386117246577,6404.386117246577,6404.386117246577,6404.386117246577,6404.386117246577,6404.386117246577,6404.386117246577,6404.386117246577,6404.386117246577,6404.386117246577,6404.386117246577,6404.386117246577,6404.386117246577,6404.386117246577,6404.386117246577,6404.386117246577,6404.386117246577,6404.386117246577,6404.386117246577,6404.386117246577,6404.386117246577,6404.386117246577,6404.386117246577,6404.386117246577,6404.386117246577,6403.647057775537,6403.647057775537,6403.647057775537,6403.647057775537,6403.647057775537,6405.3170903924065,6405.3170903924065,6405.3170903924065,6405.3170903924065,6405.3170903924065,6405.3170903924065,6405.3170903924065,6405.3170903924065,6405.3170903924065,6405.3170903924065,6405.3170903924065,6405.3170903924065,6405.3170903924065,6405.3170903924065,6405.3170903924065,6405.3170903924065,6405.3170903924065,6405.3170903924065,6405.3170903924065,6405.3170903924065,6405.3170903924065,6405.3170903924065,6405.3170903924065,6405.3170903924065,6405.3170903924065,6405.3170903924065,6405.3170903924065,6405.3170903924065,6405.3170903924065,6405.3170903924065,6405.3170903924065,6405.3170903924065,6405.3170903924065,6405.3170903924065,6405.3170903924065,6405.3170903924065,6405.3170903924065,6405.3170903924065,6405.3170903924065,6405.3170903924065,6405.3170903924065,6405.3170903924065,6405.3170903924065,6405.3170903924065,6405.3170903924065,6405.3170903924065,6405.3170903924065,6405.3170903924065,6405.3170903924065,6405.3170903924065,6405.3170903924065,6405.3170903924065,6405.3170903924065,6405.3170903924065,6405.3170903924065,6405.3170903924065,6405.3170903924065,6405.3170903924065,6405.3170903924065,6405.3170903924065,6405.3170903924065,6405.3170903924065,6405.3170903924065,6405.3170903924065,6402.780256268997,6402.780256268997,6402.780256268997,6402.780256268997,6402.387049341878,6402.387049341878,6402.387049341878,6402.387049341878,6402.387049341878,6402.387049341878,6402.387049341878,6402.387049341878,6402.387049341878,6402.387049341878,6402.387049341878,6402.387049341878,6402.387049341878,6402.387049341878,6402.387049341878,6402.387049341878,6402.387049341878,6402.387049341878,6402.387049341878,6402.387049341878,6402.387049341878,6402.387049341878,6402.387049341878,6402.387049341878,6402.387049341878,6402.387049341878,6402.387049341878,6402.387049341878,6402.387049341878,6402.387049341878,6404.653718539687,6404.653718539687,6404.653718539687,6404.653718539687,6404.653718539687,6404.653718539687,6404.653718539687,6404.653718539687,6404.653718539687,6404.653718539687,6404.653718539687,6404.653718539687,6404.653718539687,6404.653718539687,6404.653718539687,6404.653718539687,6404.653718539687,6404.653718539687,6404.653718539687,6404.653718539687,6404.653718539687,6404.653718539687,6404.653718539687,6404.653718539687,6404.653718539687,6404.653718539687,6404.653718539687,6404.653541574972,6404.653541574972,6404.653541574972,6404.653541574972,6404.653541574972,6404.653541574972,6404.653541574972,6404.653541574972,6404.653541574972,6404.653541574972,6404.653541574972,6404.653541574972,6404.653541574972,6404.653541574972,6404.653541574972,6404.653541574972,6404.653541574972,6404.653541574972,6404.653541574972,6404.653541574972,6404.653541574972,6404.653541574972,6405.6404843331375,6405.6404843331375,6405.6404843331375,6405.6404843331375,6405.6404843331375,6405.6404843331375,6405.6404843331375,6405.6404843331375,6405.6404843331375,6405.6404843331375,6405.6404843331375,6403.586348267761,6403.586348267761,6403.586348267761,6403.586348267761,6403.586348267761,6403.586348267761,6403.586348267761,6403.586348267761,6403.586348267761,6403.586348267761,6403.586348267761,6403.586348267761,6403.586348267761,6403.586348267761,6403.586348267761,6403.586348267761,6404.925072800245,6404.925072800245,6404.925072800245,6404.925072800245,6404.925072800245,6404.925072800245,6404.925072800245,6404.925072800245,6404.925072800245,6404.925072800245,6404.925072800245,6404.925072800245,6404.925072800245,6404.925072800245,6404.925072800245,6404.925072800245,6404.925072800245,6404.925072800245,6404.925072800245,6404.925072800245,6404.925072800245,6404.925072800245,6404.925072800245,6404.925072800245,6404.925072800245,6404.925072800245,6404.925072800245,6404.925072800245,6404.925072800245,6404.925072800245,6404.925072800245,6404.925072800245,6404.925072800245,6404.925072800245,6404.925072800245,6404.925072800245,6404.925072800245,6404.925072800245,6404.925072800245,6404.925072800245,6404.925072800245,6404.925072800245,6404.925072800245,6404.925072800245,6404.925072800245,6404.925072800245,6404.925072800245,6404.925072800245,6404.925072800245,6404.925072800245,6404.925072800245,6404.925072800245,6404.925072800245,6404.925072800245,6404.925072800245,6404.925072800245,6404.925072800245,6404.925072800245,6404.925072800245,6404.925072800245,6404.925072800245,6404.925072800245,6404.925072800245,6404.925072800245,6404.925072800245,6405.174717731163,6405.174717731163,6405.174717731163,6405.174717731163,6405.174717731163,6405.174717731163,6405.174717731163,6405.174717731163,6405.174717731163,6405.174717731163,6405.174717731163,6405.174717731163,6405.174717731163,6405.174717731163,6405.174717731163,6405.174717731163,6405.174717731163,6405.174717731163,6405.174717731163,6405.174717731163,6405.174717731163,6405.174717731163,6405.174717731163,6405.174717731163,6405.174717731163,6405.174717731163,6405.174717731163,6405.174717731163,6405.174717731163,6405.174717731163,6405.174717731163,6405.174717731163,6405.174717731163,6405.174717731163,6405.174717731163,6405.174717731163,6405.174717731163,6405.174717731163,6405.174717731163,6405.174717731163,6405.174717731163,6405.174717731163,6405.174717731163,6405.174717731163,6405.174717731163,6405.174717731163,6405.446019561547,6405.446019561547,6405.446019561547,6405.446019561547,6405.446019561547,6405.446019561547,6405.446019561547,6405.446019561547,6405.446019561547,6405.446019561547,6405.446019561547,6405.446019561547,6405.446019561547,6405.446019561547,6405.446019561547,6405.446019561547,6405.446019561547,6405.446019561547,6405.446019561547,6405.446019561547,6405.446019561547,6405.446019561547,6405.446019561547,6405.446019561547,6405.446019561547,6405.446019561547,6405.446019561547,6405.446019561547,6405.446019561547,6405.446019561547,6405.446019561547,6405.446019561547,6405.446019561547,6405.446019561547,6405.446019561547,6405.446019561547,6405.446019561547,6405.446019561547,6405.446019561547,6405.446019561547,6405.446019561547,6405.446019561547,6405.446019561547,6405.446019561547,6405.446019561547,6405.446019561547,6405.446019561547,6405.446019561547,6405.446019561547,6405.446019561547,6405.446019561547,6405.446019561547,6405.446019561547,6405.446019561547,6405.446019561547,6405.446019561547,6405.446019561547,6405.446019561547,6405.446019561547,6405.446019561547,6405.446019561547,6405.446019561547,6405.446019561547,6405.446019561547,6405.446019561547,6405.446019561547,6405.446019561547,6405.446019561547,6405.446019561547,6405.446019561547,6405.446019561547,6405.446019561547,6405.446019561547,6405.446019561547,6405.446019561547,6405.446019561547,6405.446019561547,6405.446019561547,6405.446019561547,6405.446019561547,6405.446019561547,6405.446019561547,6405.446019561547,6405.446019561547,6405.446019561547,6405.446019561547,6405.446019561547,6405.446019561547,6405.446019561547,6405.446019561547,6405.446019561547,6405.446019561547,6405.446019561547,6405.446019561547,6405.446019561547,6405.446019561547,6405.446019561547,6405.446019561547,6405.446019561547,6405.446019561547,6405.446019561547,6405.446019561547,6405.446019561547,6405.446019561547,6405.446019561547,6405.446019561547,6405.446019561547,6405.446019561547,6405.446019561547,6405.446019561547,6405.446019561547,6405.446019561547,6405.446019561547,6405.446019561547,6405.446019561547,6405.446019561547,6405.446019561547,6405.446019561547,6405.446019561547,6405.446019561547,6405.446019561547,6405.446019561547,6405.446019561547,6405.446019561547,6405.446019561547,6405.446019561547,6405.446019561547,6405.446019561547,6405.446019561547,6405.446019561547,6405.446019561547,6405.446019561547,6405.446019561547,6405.446019561547,6405.446019561547,6405.446019561547,6405.446019561547,6405.446019561547,6405.446019561547,6405.446019561547,6405.446019561547,6405.446019561547,6405.446019561547,6405.446019561547,6405.446019561547,6405.446019561547,6405.446019561547,6405.446019561547,6405.446019561547,6405.446019561547,6405.446019561547,6405.446019561547,6405.446019561547,6405.446019561547,6405.446019561547,6405.446019561547,6405.446019561547,6405.446019561547,6405.446019561547,6405.446019561547,6405.446019561547,6405.446019561547,6405.446019561547,6405.446019561547,6405.446019561547,6405.446019561547,6405.446019561547,6405.446019561547,6405.446019561547,6405.446019561547,6405.446019561547,6405.446019561547,6405.446019561547,6405.446019561547,6405.446019561547,6405.446019561547,6405.446019561547,6405.446019561547,6405.446019561547,6405.446019561547,6405.446019561547,6405.446019561547,6405.446019561547,6405.446019561547,6405.446019561547,6405.446019561547,6405.446019561547,6405.446019561547,6405.446019561547,6405.446019561547,6405.446019561547,6405.446019561547,6405.446019561547,6405.446019561547,6405.446019561547,6405.446019561547,6405.446019561547,6405.446019561547,6405.446019561547,6405.446019561547,6405.446019561547,6405.446019561547,6405.446019561547,6405.446019561547,6405.446019561547,6405.446019561547,6405.446019561547,6405.446019561547,6405.446019561547,6405.446019561547,6405.446019561547,6405.446019561547,6405.446019561547,6405.446019561547,6405.446019561547,6405.446019561547,6405.446019561547,6405.446019561547,6405.446019561547,6405.446019561547,6405.446019561547,6405.446019561547,6405.446019561547,6405.446019561547,6405.446019561547,6405.446019561547,6405.446019561547,6405.446019561547,6405.446019561547,6405.446019561547,6405.446019561547,6405.446019561547,6405.446019561547,6405.446019561547,6405.446019561547,6405.446019561547,6405.446019561547,6405.446019561547,6405.446019561547,6405.446019561547,6405.446019561547,6405.446019561547,6405.446019561547,6405.446019561547,6405.446019561547,6405.446019561547,6405.446019561547,6405.446019561547,6405.446019561547,6405.446019561547,6405.446019561547,6405.446019561547,6405.446019561547,6405.446019561547,6405.446019561547,6405.446019561547,6405.446019561547,6405.446019561547,6405.446019561547,6405.446019561547,6405.446019561547,6405.446019561547,6405.446019561547,6405.446019561547,6405.446019561547,6405.446019561547,6405.446019561547,6405.446019561547,6405.446019561547,6405.446019561547,6405.446019561547,6405.446019561547,6405.446019561547,6405.446019561547,6405.446019561547,6405.446019561547,6405.446019561547,6405.446019561547,6405.446019561547,6402.901754765403,6402.901754765403,6402.901754765403,6402.901754765403,6402.901754765403,6402.901754765403,6402.901754765403,6402.901754765403,6402.901754765403,6402.901754765403,6402.901754765403,6402.901754765403,6402.901754765403,6402.673758250315,6401.833407826252,6401.833407826252,6401.833407826252,6402.632449363623,6402.632449363623,6402.632449363623,6402.632449363623,6402.632449363623,6402.632449363623,6402.632449363623,6402.632449363623,6402.632449363623,6402.632449363623,6402.632449363623,6402.632449363623,6402.632449363623,6402.632449363623,6402.632449363623,6402.632449363623,6402.632449363623,6402.632449363623,6402.632449363623,6402.632449363623,6402.632449363623,6402.632449363623,6402.632449363623,6402.632449363623,6402.632449363623,6402.632449363623,6402.632449363623,6402.632449363623,6402.632449363623,6402.632449363623,6402.632449363623,6402.632449363623,6402.632449363623,6402.632449363623,6402.632449363623,6402.632449363623,6402.632449363623,6402.632449363623,6402.632449363623,6402.632449363623,6402.632449363623,6402.632449363623,6402.632449363623,6402.632449363623,6402.632449363623,6402.632449363623,6402.632449363623,6402.632449363623,6402.632449363623,6402.632449363623,6402.632449363623,6402.632449363623,6402.632449363623,6404.532914224108,6404.532914224108,6404.532914224108,6403.370879501533,6403.370879501533,6403.370879501533,6403.370879501533,6403.370879501533,6403.370879501533,6403.370879501533,6403.370879501533,6403.370879501533,6403.370879501533,6403.370879501533,6403.370879501533,6403.370879501533,6403.370879501533,6403.370879501533,6402.341754337574,6402.341754337574,6402.341754337574,6402.341754337574,6402.8208817899695,6402.8208817899695,6402.8208817899695,6402.8208817899695,6402.8208817899695,6402.8208817899695,6402.8208817899695,6402.8208817899695,6402.8208817899695,6402.8208817899695,6402.8208817899695,6402.8208817899695,6402.8208817899695,6402.8208817899695,6402.8208817899695,6402.8208817899695,6402.8208817899695,6402.8208817899695,6402.8208817899695,6402.8208817899695,6402.8208817899695,6402.8208817899695,6402.8208817899695,6402.8208817899695,6402.8208817899695,6402.8208817899695,6402.8208817899695,6402.8208817899695,6402.8208817899695,6402.8208817899695,6402.8208817899695,6402.8208817899695,6402.8208817899695,6402.8208817899695,6402.8208817899695,6402.8208817899695,6402.8208817899695,6402.8208817899695,6402.8208817899695,6402.8208817899695,6402.8208817899695,6402.8208817899695,6402.8208817899695,6402.8208817899695,6402.8208817899695,6402.8208817899695,6402.8208817899695,6402.8208817899695,6402.8208817899695,6402.8208817899695,6402.8208817899695,6402.8208817899695,6402.8208817899695,6402.8208817899695,6402.8208817899695,6402.8208817899695,6402.8208817899695,6402.8208817899695,6402.8208817899695,6402.8208817899695,6402.8208817899695,6402.8208817899695,6402.8208817899695,6402.8208817899695,6402.8208817899695,6402.8208817899695,6402.503718433715,6402.503718433715,6402.503718433715,6402.503718433715,6402.503718433715,6402.503718433715,6402.503718433715,6402.503718433715,6402.503718433715,6402.503718433715,6402.503718433715,6402.503718433715,6402.503718433715,6402.503718433715,6402.503718433715,6402.503718433715,6402.503718433715,6402.503718433715,6402.503718433715,6402.503718433715,6402.503718433715,6402.503718433715,6402.503718433715,6402.503718433715,6402.503718433715,6402.503718433715,6402.503718433715,6402.503718433715,6402.503718433715,6402.503718433715,6402.503718433715,6402.503718433715,6402.503718433715,6402.503718433715,6402.503718433715,6402.503718433715,6402.503718433715,6402.503718433715,6402.503718433715,6402.503718433715,6402.503718433715,6402.503718433715,6402.503718433715,6402.503718433715,6402.503718433715,6402.503718433715,6402.503718433715,6402.503718433715,6402.503718433715,6402.503718433715,6402.503718433715,6402.503718433715,6402.503718433715,6402.503718433715,6402.503718433715,6402.503718433715,6402.503718433715,6402.503718433715,6402.503718433715,6402.503718433715,6402.503718433715,6402.503718433715,6402.503718433715,6402.503718433715,6402.503718433715,6402.503718433715,6402.503718433715,6402.503718433715,6402.503718433715,6402.503718433715,6402.503718433715,6402.503718433715,6402.503718433715,6402.503718433715,6402.503718433715,6402.503718433715,6402.503718433715,6402.503718433715,6402.503718433715,6402.503718433715,6402.503718433715,6402.503718433715,6402.451254819682,6402.451254819682,6402.451254819682,6402.451254819682,6402.451254819682,6402.451254819682,6402.451254819682,6402.451254819682,6402.451254819682,6402.451254819682,6402.451254819682,6402.451254819682,6402.451254819682,6402.451254819682,6402.451254819682,6402.451254819682,6402.451254819682,6402.451254819682,6402.451254819682,6402.451254819682,6402.451254819682,6402.451254819682,6402.451254819682,6402.451254819682,6402.451254819682,6402.451254819682,6402.451254819682,6402.451254819682,6402.451254819682,6402.451254819682,6402.451254819682,6402.451254819682,6402.451254819682,6402.451254819682,6402.451254819682,6402.451254819682,6402.451254819682,6402.451254819682,6402.451254819682,6402.451254819682,6402.451254819682,6402.451254819682,6402.451254819682,6402.451254819682,6402.451254819682,6402.451254819682,6402.451254819682,6402.451254819682,6402.451254819682,6402.451254819682,6402.451254819682,6402.451254819682,6402.451254819682,6402.451254819682,6402.451254819682,6402.451254819682,6402.451254819682,6402.451254819682,6402.451254819682,6402.451254819682,6402.451254819682,6402.451254819682,6402.451254819682,6402.451254819682,6402.451254819682,6402.451254819682,6402.451254819682,6402.451254819682,6402.451254819682,6402.451254819682,6402.451254819682,6402.451254819682,6402.451254819682,6402.451254819682,6402.451254819682,6402.451254819682,6402.451254819682,6402.451254819682,6402.451254819682,6402.451254819682,6402.451254819682,6402.451254819682,6402.451254819682,6402.451254819682,6402.451254819682,6402.451254819682,6404.098156743262,6404.098156743262,6404.098156743262,6404.098156743262,6404.098156743262,6404.098156743262,6404.098156743262,6404.098156743262,6404.098156743262,6404.098156743262,6404.098156743262,6404.098156743262,6404.098156743262,6404.098156743262,6404.098156743262,6404.098156743262,6404.098156743262,6404.098156743262,6404.098156743262,6404.098156743262,6404.098156743262,6404.098156743262,6404.098156743262,6404.098156743262,6404.098156743262,6404.098156743262,6404.098156743262,6404.098156743262,6404.098156743262,6404.098156743262,6404.098156743262,6404.098156743262,6404.098156743262,6404.098156743262,6404.098156743262,6404.098156743262,6404.098156743262,6404.098156743262,6404.098156743262,6404.098156743262,6404.098156743262,6404.098156743262,6404.098156743262,6404.098156743262,6404.098156743262,6404.098156743262,6404.098156743262,6404.098156743262,6404.163820285216,6404.163820285216,6404.163820285216,6404.163820285216,6404.163820285216,6404.659222260122,6404.659222260122,6404.659222260122,6404.659222260122,6404.659222260122,6404.659222260122,6404.659222260122,6404.659222260122,6404.659222260122,6404.659222260122,6404.659222260122,6404.659222260122,6404.659222260122,6404.659222260122,6404.659222260122,6404.659222260122,6404.659222260122,6404.659222260122,6404.659222260122,6404.659222260122,6404.659222260122,6404.659222260122,6404.659222260122,6404.659222260122,6404.659222260122,6404.659222260122,6404.659222260122,6404.659222260122,6404.659222260122,6404.659222260122,6404.659222260122,6404.659222260122,6404.659222260122,6404.659222260122,6404.659222260122,6404.659222260122,6404.659222260122,6404.659222260122,6404.659222260122,6404.659222260122,6404.659222260122,6404.659222260122,6404.659222260122,6404.659222260122,6404.659222260122,6404.659222260122,6404.659222260122,6404.659222260122,6404.659222260122,6404.659222260122,6404.659222260122,6404.659222260122,6404.659222260122,6404.659222260122,6404.659222260122,6404.659222260122,6404.659222260122,6404.659222260122,6404.659222260122,6404.1306060227835,6404.1306060227835,6404.1306060227835,6404.1306060227835,6404.1306060227835,6404.1306060227835,6403.609870983921,6403.609870983921,6403.609870983921,6403.609870983921,6403.609870983921,6403.609870983921,6403.609870983921,6403.609870983921,6403.609870983921,6403.609870983921,6403.609870983921,6403.609870983921,6403.609870983921,6403.609870983921,6403.609870983921,6403.609870983921,6403.609870983921,6403.609870983921,6403.609870983921,6403.609870983921,6403.609870983921,6403.609870983921,6403.609870983921,6403.609870983921,6403.609870983921,6403.609870983921,6403.609870983921,6403.609870983921,6403.609870983921,6403.609870983921,6403.609870983921,6403.609870983921,6403.609870983921,6403.609870983921,6403.609870983921,6403.609870983921,6403.609870983921,6403.609870983921,6403.609870983921,6403.609870983921,6403.609870983921,6403.609870983921,6403.609870983921,6403.609870983921,6403.609870983921,6403.609870983921,6403.609870983921,6403.609870983921,6403.609870983921,6403.609870983921,6403.609870983921,6403.609870983921,6403.609870983921,6403.609870983921,6403.609870983921,6403.609870983921,6403.609870983921,6403.609870983921,6403.609870983921,6403.609870983921,6403.609870983921,6403.609870983921,6403.609870983921,6403.181659521665,6403.181659521665,6403.181659521665,6403.181659521665,6403.181659521665,6403.181659521665,6403.181659521665,6403.181659521665,6403.181659521665,6403.181659521665,6403.181659521665,6403.181659521665,6403.181659521665,6403.181659521665,6403.181659521665,6402.974290492688,6402.974290492688,6402.974290492688,6402.974290492688,6402.974290492688,6402.974290492688,6403.330019971964,6403.330019971964,6403.330019971964,6403.330019971964,6403.330019971964,6403.330019971964,6403.330019971964,6403.330019971964,6403.330019971964,6403.330019971964,6403.330019971964,6403.330019971964,6403.330019971964,6403.330019971964,6403.330019971964,6403.330019971964,6403.330019971964,6403.330019971964,6403.330019971964,6403.330019971964,6403.330019971964,6403.330019971964,6403.330019971964,6403.330019971964,6403.330019971964,6403.330019971964,6403.330019971964,6403.330019971964,6403.330019971964,6403.330019971964,6403.330019971964,6403.330019971964,6403.330019971964,6403.330019971964,6403.330019971964,6403.330019971964,6403.330019971964,6403.330019971964,6403.330019971964,6403.330019971964,6403.330019971964,6403.330019971964,6403.330019971964,6403.330019971964,6403.330019971964,6403.330019971964,6403.330019971964,6403.330019971964,6403.330019971964,6403.330019971964,6403.330019971964,6403.330019971964,6403.330019971964,6403.330019971964,6403.330019971964,6403.330019971964,6403.330019971964,6403.330019971964,6403.330019971964,6403.330019971964,6403.330019971964,6403.330019971964,6403.330019971964,6403.330019971964,6403.330019971964,6403.330019971964,6403.330019971964,6403.330019971964,6403.330019971964,6403.330019971964,6403.330019971964,6403.330019971964,6403.330019971964,6403.330019971964,6403.330019971964,6403.330019971964,6403.330019971964,6403.330019971964,6403.330019971964,6403.330019971964,6403.330019971964,6403.330019971964,6403.330019971964,6403.330019971964,6403.330019971964,6403.566786940734,6403.566786940734,6403.566786940734,6403.566786940734,6403.566786940734,6403.566786940734,6403.566786940734,6403.566786940734,6403.566786940734,6403.566786940734,6403.566786940734,6403.566786940734,6403.566786940734,6403.566786940734,6403.566786940734,6403.566786940734,6403.693349813981,6403.693349813981,6403.693349813981,6403.693349813981,6403.693349813981,6403.693349813981,6403.693349813981,6403.693349813981,6403.693349813981,6403.693349813981,6403.693349813981,6403.693349813981,6403.693349813981,6403.693349813981,6403.693349813981,6403.693349813981,6403.693349813981,6403.693349813981,6403.693349813981,6403.693349813981,6403.693349813981,6403.693349813981,6403.693349813981,6403.693349813981,6403.693349813981,6403.693349813981,6403.693349813981,6403.693349813981,6403.693349813981,6403.693349813981,6403.693349813981,6402.766222275435,6402.766222275435,6402.766222275435,6402.766222275435,6402.766222275435,6402.766222275435,6402.766222275435,6402.475785695497,6402.475785695497,6402.475785695497,6402.475785695497,6402.475785695497,6402.475785695497,6402.475785695497,6402.475785695497,6402.475785695497,6402.475785695497,6402.475785695497,6402.475785695497,6402.08536357226,6402.08536357226,6402.08536357226,6402.08536357226,6402.08536357226,6402.08536357226,6402.08536357226,6402.08536357226,6402.08536357226,6402.08536357226,6402.08536357226,6402.08536357226,6402.08536357226,6402.08536357226,6402.08536357226,6402.08536357226,6402.08536357226,6402.08536357226,6402.08536357226,6402.08536357226,6402.08536357226,6402.08536357226,6402.08536357226,6402.08536357226,6402.08536357226,6402.08536357226,6402.08536357226,6402.08536357226,6402.08536357226,6402.08536357226,6402.08536357226,6402.218903760084,6402.218903760084,6402.218903760084,6402.218903760084,6402.218903760084,6402.218903760084,6402.218903760084,6402.218903760084,6402.218903760084,6402.218903760084,6402.218903760084,6402.218903760084,6402.218903760084,6402.218903760084,6402.218903760084,6402.218903760084,6402.218903760084,6402.218903760084,6402.218903760084,6402.218903760084,6402.218903760084,6402.218903760084,6402.218903760084,6402.218903760084,6402.218903760084,6402.218903760084,6402.218903760084,6402.218903760084,6402.218903760084,6404.405302700866,6404.405302700866,6404.405302700866,6404.405302700866,6404.405302700866,6404.405302700866,6404.405302700866,6404.405302700866,6404.405302700866,6402.7951958209505,6402.7951958209505,6402.7951958209505,6402.7951958209505,6402.7951958209505,6402.7951958209505,6402.7951958209505,6402.7951958209505,6402.7951958209505,6402.7951958209505,6402.7951958209505,6402.7951958209505,6402.7951958209505,6402.7951958209505,6402.7951958209505,6402.7951958209505,6402.7951958209505,6403.624555399372,6403.624555399372,6403.624555399372,6403.624555399372,6403.550045811714,6403.550045811714,6403.550045811714,6403.550045811714,6403.550045811714,6403.550045811714,6403.550045811714,6403.550045811714,6403.550045811714,6403.550045811714,6403.550045811714,6403.550045811714,6403.550045811714,6403.550045811714,6403.550045811714,6403.550045811714,6403.550045811714,6403.550045811714,6403.550045811714,6403.550045811714,6403.550045811714,6403.550045811714,6403.550045811714,6403.550045811714,6403.550045811714,6403.550045811714,6403.550045811714,6403.550045811714,6403.550045811714,6403.550045811714,6403.550045811714,6403.550045811714,6403.550045811714,6403.550045811714,6403.550045811714,6403.550045811714,6403.550045811714,6403.550045811714,6403.550045811714,6402.314960335195,6402.314960335195,6402.314960335195,6402.314960335195,6402.314960335195,6402.314960335195,6402.314960335195,6402.314960335195,6402.314960335195,6402.314960335195,6402.314960335195,6402.314960335195,6402.314960335195,6402.314960335195,6402.79248603418,6402.79248603418,6402.79248603418,6402.79248603418,6402.79248603418,6402.79248603418,6402.79248603418,6402.79248603418,6402.79248603418,6402.79248603418,6402.79248603418,6402.79248603418,6402.79248603418,6402.79248603418,6402.79248603418,6402.79248603418,6402.79248603418,6402.79248603418,6402.79248603418,6402.79248603418,6402.79248603418,6402.79248603418,6402.79248603418,6402.79248603418,6402.79248603418,6402.79248603418,6402.79248603418,6402.79248603418,6402.79248603418,6402.79248603418,6402.79248603418,6402.79248603418,6402.79248603418,6402.79248603418,6402.79248603418,6402.79248603418,6404.382827082103,6404.382827082103,6404.382827082103,6402.9959864887505,6402.9959864887505,6402.9959864887505,6402.9959864887505,6402.9959864887505,6402.9959864887505,6402.9959864887505,6402.9959864887505,6402.9959864887505,6402.9959864887505,6402.9959864887505,6402.9959864887505,6402.9959864887505,6402.9959864887505,6404.024707576923,6404.024707576923,6404.024707576923,6404.024707576923,6404.024707576923,6404.024707576923,6403.509567575379,6403.509567575379,6403.509567575379,6403.509567575379,6403.509567575379,6403.509567575379,6403.509567575379,6403.509567575379,6403.509567575379,6403.509567575379,6403.509567575379,6403.509567575379,6403.509567575379,6403.509567575379,6403.509567575379,6403.509567575379,6403.509567575379,6403.509567575379,6403.509567575379,6403.509567575379,6403.509567575379,6403.509567575379,6403.509567575379,6403.509567575379,6403.509567575379,6403.509567575379,6403.509567575379,6404.323136790065,6404.323136790065,6404.323136790065,6404.323136790065,6404.323136790065,6404.323136790065,6404.323136790065,6404.323136790065,6404.323136790065,6404.323136790065,6404.323136790065,6404.323136790065,6404.323136790065,6404.323136790065,6404.323136790065,6404.323136790065,6404.323136790065,6404.323136790065,6404.323136790065,6404.323136790065,6404.323136790065,6404.323136790065,6404.323136790065,6404.323136790065,6404.323136790065,6404.323136790065,6404.323136790065,6404.323136790065,6404.323136790065,6404.323136790065,6404.323136790065,6404.323136790065,6404.323136790065,6404.323136790065,6404.323136790065,6404.323136790065,6404.323136790065,6401.216533942584,6401.216533942584,6401.216533942584,6401.216533942584,6401.216533942584,6401.216533942584,6401.216533942584,6401.216533942584,6401.216533942584,6401.216533942584,6401.216533942584,6401.216533942584,6401.216533942584,6401.216533942584,6401.216533942584,6401.216533942584,6401.216533942584,6401.216533942584,6401.216533942584,6401.216533942584,6401.216533942584,6401.216533942584,6401.216533942584,6401.216533942584,6401.216533942584,6401.216533942584,6401.216533942584,6401.216533942584,6401.216533942584,6401.216533942584,6401.216533942584,6401.216533942584,6401.216533942584,6401.216533942584,6401.216533942584,6401.216533942584,6401.216533942584,6401.216533942584,6401.216533942584,6401.216533942584,6401.216533942584,6401.216533942584,6401.216533942584,6401.216533942584,6401.216533942584,6401.216533942584,6401.216533942584,6401.216533942584,6401.216533942584,6401.216533942584,6401.216533942584,6401.216533942584,6401.216533942584,6401.216533942584,6401.216533942584,6401.216533942584,6401.216533942584,6401.216533942584,6401.216533942584,6401.216533942584,6401.216533942584,6401.216533942584,6401.216533942584,6401.216533942584,6401.216533942584,6401.216533942584,6401.216533942584,6401.216533942584,6401.216533942584,6401.216533942584,6401.216533942584,6401.216533942584,6401.216533942584,6401.216533942584,6401.216533942584,6399.364948926541,6399.364948926541,6399.364948926541,6399.364948926541,6399.364948926541,6399.364948926541,6399.364948926541,6399.590332015635,6399.590332015635,6399.590332015635,6399.590332015635,6399.590332015635,6399.590332015635,6399.590332015635,6399.590332015635,6399.590332015635,6399.590332015635,6399.590332015635,6399.590332015635,6399.590332015635,6399.590332015635,6399.590332015635,6399.590332015635,6399.590332015635,6399.590332015635,6399.590332015635,6399.590332015635,6399.590332015635,6399.590332015635,6399.590332015635,6398.033213972085,6398.033213972085,6398.033213972085,6398.033213972085,6398.033213972085,6398.033213972085,6398.033213972085,6398.033213972085,6398.033213972085,6398.212871715108,6398.212871715108,6398.212871715108,6398.212871715108,6398.212871715108,6398.212871715108,6398.212871715108,6398.212871715108,6398.212871715108,6398.212871715108,6404.015310282154,6404.015310282154,6404.015310282154,6404.015310282154,6404.015310282154,6404.015310282154,6404.015310282154,6404.015310282154,6404.015310282154,6404.015310282154,6404.015310282154,6404.015310282154,6404.015310282154,6404.015310282154,6404.015310282154,6404.015310282154,6404.015310282154,6404.015310282154,6404.015310282154,6404.015310282154,6404.015310282154,6404.015310282154,6404.015310282154,6404.015310282154,6404.015310282154,6404.015310282154,6404.015310282154,6404.015310282154,6404.015310282154,6404.015310282154,6404.015310282154,6404.015310282154,6404.015310282154,6404.110822062085,6404.110822062085,6404.110822062085,6404.110822062085,6404.110822062085,6404.110822062085,6404.110822062085,6404.6390678536645,6404.6390678536645,6404.6390678536645,6404.6390678536645,6404.6390678536645,6404.6390678536645,6404.6390678536645,6404.6390678536645,6404.6390678536645,6404.6390678536645,6404.6390678536645,6404.6390678536645,6404.6390678536645,6404.6390678536645,6404.6390678536645,6404.6390678536645,6404.6390678536645,6404.6390678536645,6404.6390678536645,6404.405190377096,6404.405190377096,6404.405190377096,6404.405190377096,6404.405190377096,6404.405190377096,6404.405190377096,6404.405190377096,6404.405190377096,6404.405190377096,6404.405190377096,6404.405190377096,6404.405190377096,6404.405190377096,6404.405190377096,6403.480098653247,6403.480098653247,6403.480098653247,6403.480098653247,6403.480098653247,6403.480098653247,6403.480098653247,6403.480098653247,6403.480098653247,6403.480098653247,6403.480098653247,6403.480098653247,6403.480098653247,6403.480098653247,6403.480098653247,6403.480098653247,6403.480098653247,6403.480098653247,6403.480098653247,6403.480098653247,6402.660793257423,6402.660793257423,6402.660793257423,6402.660793257423,6402.660793257423,6402.660793257423,6400.835056435,6400.835056435,6400.835056435,6400.835056435,6400.835056435,6403.789194861416,6403.789194861416,6403.789194861416,6403.789194861416,6403.789194861416,6403.789194861416,6403.789194861416,6403.789194861416,6403.611538209025,6403.611538209025,6403.611538209025,6403.611538209025,6403.611538209025,6403.611538209025,6403.611538209025,6403.611538209025,6403.611538209025,6403.611538209025,6403.611538209025,6403.611538209025,6403.611538209025,6403.611538209025,6403.611538209025,6403.611538209025,6403.611538209025,6403.611538209025,6403.611538209025,6403.611538209025,6403.611538209025,6403.611538209025,6403.611538209025,6403.611538209025,6403.611538209025,6403.611538209025,6403.611538209025,6403.611538209025,6404.284504076868,6404.284504076868,6404.284504076868,6404.284504076868,6404.284504076868,6404.284504076868,6404.284504076868,6404.284504076868,6404.284504076868,6404.284504076868,6404.284504076868,6404.284504076868,6404.284504076868,6404.284504076868,6404.284504076868,6404.284504076868,6404.284504076868,6404.284504076868,6404.284504076868,6404.284504076868,6404.284504076868,6404.284504076868,6404.284504076868,6404.284504076868,6404.284504076868,6404.284504076868,6404.670662831273,6404.670662831273,6404.670662831273,6404.670662831273,6404.670662831273,6404.670662831273,6404.670662831273,6404.670662831273,6404.670662831273,6404.670662831273,6404.670662831273,6404.670662831273,6404.670662831273,6404.670662831273,6404.670662831273,6404.670662831273,6404.670662831273,6404.670662831273,6404.670662831273,6404.670662831273,6404.670662831273,6404.670662831273,6404.670662831273,6404.670662831273,6404.670662831273,6404.670662831273,6404.670662831273,6404.670662831273,6404.670662831273,6404.670662831273,6404.670662831273,6404.670662831273,6404.670662831273,6404.670662831273,6403.268994652515,6403.268994652515,6403.268994652515,6403.268994652515,6403.268994652515,6403.268994652515,6403.268994652515,6403.268994652515,6403.268994652515,6403.268994652515,6403.268994652515,6403.268994652515,6403.268994652515,6403.268994652515,6403.268994652515,6403.268994652515,6403.268994652515,6403.268994652515,6403.268994652515,6403.268994652515,6403.268994652515,6403.268994652515,6403.268994652515,6403.268994652515,6403.268994652515,6403.268994652515,6403.268994652515,6403.268994652515,6403.268994652515,6403.268994652515,6403.268994652515,6403.268994652515,6403.268994652515,6403.268994652515,6403.268994652515,6403.268994652515,6403.268994652515,6403.268994652515,6403.268994652515,6403.268994652515,6403.268994652515,6403.268994652515,6403.268994652515,6403.268994652515,6403.268994652515,6403.268994652515,6403.268994652515,6403.268994652515,6403.268994652515,6403.268994652515,6403.268994652515,6403.268994652515,6403.268994652515,6403.268994652515,6403.268994652515,6403.268994652515,6403.268994652515,6403.268994652515,6403.268994652515,6403.268994652515,6403.268994652515,6403.268994652515,6403.268994652515,6403.268994652515,6403.268994652515,6403.268994652515,6403.268994652515,6403.268994652515,6403.268994652515,6403.268994652515,6403.268994652515,6403.268994652515,6403.268994652515,6403.268994652515,6403.268994652515,6403.268994652515,6403.268994652515,6403.268994652515,6403.268994652515,6403.268994652515,6403.268994652515,6403.268994652515,6403.268994652515,6403.268994652515,6403.268994652515,6403.268994652515,6403.268994652515,6403.268994652515,6403.268994652515,6403.268994652515,6403.268994652515,6403.268994652515,6403.268994652515,6402.087050869065,6402.087050869065,6402.087050869065,6402.087050869065,6402.087050869065,6402.087050869065,6402.087050869065,6402.087050869065,6402.087050869065,6402.087050869065,6402.991144970283,6402.991144970283,6402.991144970283,6402.991144970283,6402.991144970283,6402.991144970283,6402.991144970283,6402.991144970283,6402.991144970283,6402.991144970283,6402.991144970283,6402.991144970283,6402.991144970283,6402.991144970283,6402.991144970283,6402.991144970283,6402.991144970283,6402.991144970283,6402.991144970283,6402.991144970283,6405.545016442733,6405.545016442733,6405.545016442733,6405.545016442733,6405.545016442733,6405.545016442733,6405.545016442733,6405.545016442733,6404.099993082195,6404.099993082195,6404.099993082195,6404.099993082195,6404.099993082195,6404.366547323994,6404.366547323994,6404.366547323994,6404.366547323994,6404.366547323994,6404.366547323994,6404.366547323994,6404.366547323994,6404.366547323994,6404.366547323994,6404.366547323994,6404.366547323994,6404.366547323994,6404.366547323994,6404.366547323994,6404.366547323994,6404.366547323994,6404.366547323994,6404.366547323994,6404.366547323994,6404.366547323994,6404.366547323994,6404.366547323994,6404.366547323994,6404.366547323994,6404.366547323994,6404.366547323994,6404.366547323994,6404.366547323994,6404.366547323994,6404.366547323994,6404.366547323994,6404.366547323994,6404.366547323994,6404.366547323994,6404.366547323994,6404.366547323994,6404.366547323994,6404.022924069964,6404.022924069964,6404.022924069964,6404.022924069964,6404.022924069964,6404.022924069964,6404.022924069964,6404.022924069964,6404.022924069964,6404.022924069964,6404.022924069964,6404.022924069964,6404.022924069964,6404.022924069964,6404.022924069964,6404.022924069964,6404.022924069964,6403.217646792621,6403.217646792621,6403.217646792621,6403.217646792621,6403.217646792621,6403.217646792621,6403.217646792621,6403.217646792621,6403.217646792621,6403.217646792621,6403.217646792621,6403.217646792621,6401.634375044342,6401.634375044342,6401.634375044342,6401.634375044342,6401.634375044342,6401.634375044342,6401.634375044342,6401.634375044342,6401.634375044342,6401.634375044342,6401.634375044342,6403.081081053177,6403.081081053177,6403.081081053177,6403.081081053177,6403.081081053177,6403.081081053177,6403.081081053177,6403.081081053177,6403.081081053177,6403.081081053177,6403.081081053177,6403.081081053177,6403.081081053177,6403.081081053177,6403.081081053177,6403.081081053177,6403.081081053177,6403.081081053177,6403.081081053177,6403.081081053177,6403.081081053177,6403.081081053177,6403.081081053177,6403.081081053177,6403.081081053177,6403.081081053177,6403.081081053177,6403.081081053177,6403.081081053177,6402.55654836487,6402.55654836487,6402.55654836487,6402.55654836487,6403.0507441529535,6403.0507441529535,6403.0507441529535,6403.0507441529535,6403.0507441529535,6403.0507441529535,6403.0507441529535,6403.0507441529535,6403.0507441529535,6403.0507441529535,6403.0507441529535,6403.0507441529535,6402.728962795492,6402.728962795492,6402.728962795492,6402.9157395760485,6402.9157395760485,6402.9157395760485,6403.74589869387,6403.365640139743,6403.365640139743,6403.365640139743,6403.365640139743,6403.365640139743,6403.365640139743,6403.365640139743,6403.365640139743,6403.365640139743,6403.365640139743,6403.365640139743,6403.365640139743,6403.365640139743,6403.365640139743,6403.365640139743,6403.365640139743,6403.365640139743,6403.365640139743,6403.365640139743,6404.535409219071,6404.535409219071,6404.535409219071,6404.535409219071,6404.535409219071,6404.535409219071,6404.535409219071,6404.535409219071,6404.535409219071,6404.535409219071,6404.535409219071,6404.535409219071,6404.535409219071,6404.535409219071,6404.535409219071,6404.535409219071,6404.535409219071,6404.535409219071,6404.535409219071,6404.535409219071,6404.535409219071,6404.535409219071,6404.535409219071,6404.535409219071,6404.535409219071,6404.535409219071,6404.535409219071,6404.535409219071,6404.535409219071,6404.535409219071,6404.535409219071,6404.535409219071,6404.535409219071,6404.535409219071,6404.535409219071,6404.535409219071,6404.535409219071,6404.535409219071,6404.535409219071,6404.535409219071,6404.535409219071,6404.535409219071,6404.535409219071,6404.535409219071,6404.535409219071,6404.535409219071,6404.535409219071,6404.535409219071,6404.535409219071,6404.535409219071,6404.535409219071,6404.535409219071,6404.535409219071,6404.535409219071,6403.430544570961,6403.430544570961,6403.430544570961,6403.430544570961,6403.430544570961,6403.430544570961,6403.430544570961,6403.430544570961,6403.430544570961,6403.430544570961,6403.430544570961,6403.430544570961,6403.430544570961,6403.430544570961,6403.430544570961,6403.430544570961,6403.430544570961,6403.430544570961,6403.430544570961,6403.430544570961,6403.430544570961,6403.430544570961,6403.430544570961,6403.430544570961,6403.430544570961,6403.430544570961,6403.430544570961,6403.430544570961,6403.430544570961,6403.430544570961,6401.283338335356,6401.283338335356,6401.283338335356,6401.283338335356,6401.283338335356,6401.283338335356,6401.283338335356,6401.283338335356,6401.283338335356,6401.283338335356,6401.283338335356,6401.283338335356,6401.283338335356,6401.283338335356,6401.283338335356,6401.283338335356,6401.283338335356,6401.283338335356,6401.283338335356,6401.283338335356,6401.283338335356,6400.730961471682,6400.730961471682,6400.730961471682,6400.730961471682,6400.730961471682,6400.730961471682,6400.730961471682,6400.730961471682,6400.730961471682,6400.730961471682,6400.730961471682,6400.730961471682,6400.730961471682,6400.730961471682,6400.730961471682,6400.730961471682,6402.872173888392,6402.872173888392,6402.872173888392,6402.872173888392,6402.872173888392,6402.872173888392,6402.872173888392,6402.872173888392,6402.872173888392,6402.872173888392,6402.872173888392,6402.872173888392,6402.872173888392,6401.640488058113,6401.640488058113,6401.640488058113,6401.640488058113,6401.640488058113,6401.640488058113,6401.640488058113,6403.488990342721,6403.488990342721,6403.488990342721,6403.488990342721,6403.488990342721,6403.488990342721,6403.488990342721,6403.488990342721,6403.488990342721,6403.488990342721,6403.488990342721,6403.488990342721,6403.488990342721,6403.488990342721,6403.488990342721,6403.488990342721,6403.488990342721,6403.488990342721,6403.488990342721,6403.488990342721,6403.488990342721,6403.488990342721,6403.488990342721,6403.488990342721,6403.488990342721,6403.488990342721,6403.488990342721,6403.488990342721,6403.488990342721,6403.488990342721,6403.488990342721,6403.488990342721,6403.488990342721,6403.488990342721,6403.488990342721,6403.488990342721,6403.488990342721,6403.488990342721,6403.488990342721,6403.488990342721,6403.488990342721,6403.488990342721,6403.488990342721,6403.488990342721,6403.488990342721,6403.488990342721,6403.488990342721,6403.488990342721,6403.488990342721,6403.488990342721,6403.488990342721,6403.488990342721,6403.488990342721,6403.488990342721,6403.488990342721,6403.488990342721,6403.488990342721,6402.531160829385,6402.531160829385,6402.531160829385,6402.531160829385,6402.531160829385,6402.531160829385,6402.531160829385,6402.531160829385,6402.531160829385,6402.531160829385,6402.531160829385,6402.531160829385,6402.531160829385,6402.531160829385,6402.531160829385,6402.531160829385,6402.531160829385,6402.531160829385,6402.531160829385,6402.531160829385,6402.531160829385,6404.259798933127,6404.259798933127,6404.259798933127,6404.259798933127,6404.259798933127,6404.259798933127,6404.259798933127,6404.259798933127,6404.259798933127,6404.259798933127,6404.259798933127,6404.259798933127,6404.259798933127,6404.259798933127,6404.259798933127,6404.259798933127,6404.259798933127,6404.259798933127,6404.259798933127,6405.496352526849,6405.496352526849,6405.496352526849,6405.496352526849,6405.496352526849,6405.496352526849,6405.496352526849,6405.496352526849,6405.496352526849,6405.496352526849,6405.496352526849,6405.496352526849,6405.496352526849,6405.496352526849,6405.496352526849,6405.496352526849,6405.496352526849,6405.496352526849,6405.496352526849,6405.496352526849,6405.496352526849,6405.496352526849,6405.496352526849,6405.496352526849,6403.152687182692,6403.152687182692,6403.152687182692,6403.7759973440325,6403.7759973440325,6403.7759973440325,6403.7759973440325,6403.7759973440325,6403.7759973440325,6403.7759973440325,6403.7759973440325,6403.7759973440325,6403.7759973440325,6403.7759973440325,6403.7759973440325,6403.7759973440325,6403.7759973440325,6403.7759973440325,6403.7759973440325,6403.7759973440325,6403.7759973440325,6403.7759973440325,6403.7759973440325,6403.7759973440325,6403.7759973440325,6405.125414462551,6405.125414462551,6405.125414462551,6405.125414462551,6405.125414462551,6405.125414462551,6405.125414462551,6405.125414462551,6405.125414462551,6405.125414462551,6405.125414462551,6405.125414462551,6405.125414462551,6405.125414462551,6405.125414462551,6405.125414462551,6405.125414462551,6405.125414462551,6405.125414462551,6405.125414462551,6405.125414462551,6405.125414462551,6405.125414462551,6405.125414462551,6405.125414462551,6405.125414462551,6405.125414462551,6405.125414462551,6405.125414462551,6405.125414462551,6405.125414462551,6405.125414462551,6405.125414462551,6405.125414462551,6405.125414462551,6405.125414462551,6405.125414462551,6405.125414462551,6405.125414462551,6405.125414462551,6405.125414462551,6405.125414462551,6405.125414462551,6405.125414462551,6405.125414462551,6405.125414462551,6405.125414462551,6405.125414462551,6405.125414462551,6405.125414462551,6405.125414462551,6405.125414462551,6405.125414462551,6405.125414462551,6405.125414462551,6405.125414462551,6403.996506303291,6403.996506303291,6403.996506303291,6403.996506303291,6403.996506303291,6403.996506303291,6403.996506303291,6403.996506303291,6403.996506303291,6403.996506303291,6403.996506303291,6403.996506303291,6403.996506303291,6403.996506303291,6403.996506303291,6403.996506303291,6403.996506303291,6403.996506303291,6403.996506303291,6403.996506303291,6403.996506303291,6403.996506303291,6403.996506303291,6403.996506303291,6403.996506303291,6403.996506303291,6403.996506303291,6403.996506303291,6403.996506303291,6404.206784045038,6404.206784045038,6404.206784045038,6404.206784045038,6404.206784045038,6404.206784045038,6404.206784045038,6404.206784045038,6404.206784045038,6404.206784045038,6404.206784045038,6404.206784045038,6404.206784045038,6403.518878105425,6403.518878105425,6403.518878105425,6403.518878105425,6403.518878105425,6403.518878105425,6403.518878105425,6403.518878105425,6404.094810680678,6404.094810680678,6404.094810680678,6404.094810680678,6404.094810680678,6404.094810680678,6404.094810680678,6404.094810680678,6404.094810680678,6404.094810680678,6404.451270179619,6404.451270179619,6404.451270179619,6404.451270179619,6404.451270179619,6404.451270179619,6404.451270179619,6404.451270179619,6404.451270179619,6404.451270179619,6404.451270179619,6404.451270179619,6404.451270179619,6404.451270179619,6404.451270179619,6404.451270179619,6404.451270179619,6404.451270179619,6404.451270179619,6404.451270179619,6404.451270179619,6404.451270179619,6404.451270179619,6404.451270179619,6404.451270179619,6404.451270179619,6404.451270179619,6404.451270179619,6404.451270179619,6404.451270179619,6404.451270179619,6404.451270179619,6404.451270179619,6404.451270179619,6404.451270179619,6404.451270179619,6404.451270179619,6404.451270179619,6404.451270179619,6404.451270179619,6404.451270179619,6404.451270179619,6404.451270179619,6404.451270179619,6404.451270179619,6404.451270179619,6404.451270179619,6404.451270179619,6404.451270179619,6404.451270179619,6404.451270179619,6404.451270179619,6404.798552740049,6404.798552740049,6404.798552740049,6404.798552740049,6404.798552740049,6404.798552740049,6404.798552740049,6404.798552740049,6404.798552740049,6404.798523915857,6404.798523915857,6404.798523915857,6404.798523915857,6404.798523915857,6404.798523915857,6404.798523915857,6404.798523915857,6404.798523915857,6404.798523915857,6404.798523915857,6404.798523915857,6404.798523915857,6404.798523915857,6404.798523915857,6404.300175267778,6403.415633751339,6403.415633751339,6403.415633751339,6403.415633751339,6403.415633751339,6403.415633751339,6403.415633751339,6403.415633751339,6403.415633751339,6403.415633751339,6403.415633751339,6403.415633751339,6403.415633751339,6403.415633751339,6403.415633751339,6403.415633751339,6403.415633751339,6403.415633751339,6403.415633751339,6403.415633751339,6403.415633751339,6403.415633751339,6403.415633751339,6403.415633751339,6403.415633751339,6403.415633751339,6403.415633751339,6403.415633751339,6403.415633751339,6403.415633751339,6403.415633751339,6403.415633751339,6403.415633751339,6403.415633751339,6403.415633751339,6403.63670991815,6403.63670991815,6403.63670991815,6403.63670991815,6403.63670991815,6403.63670991815,6403.63670991815,6403.63670991815,6403.63670991815,6403.63670991815,6403.63670991815,6403.63670991815,6403.63670991815,6405.014222835713,6405.014222835713,6405.014222835713,6405.014222835713,6405.014222835713,6405.014222835713,6405.014222835713,6405.014222835713,6405.014222835713,6405.014222835713,6405.014222835713,6405.014222835713,6405.014222835713,6405.014222835713,6405.014222835713,6405.014222835713,6405.014222835713,6405.014222835713,6405.014222835713,6405.014222835713,6405.014222835713,6405.014222835713,6405.014222835713,6405.014222835713,6405.014222835713,6405.014222835713,6405.014222835713,6403.793978703648,6403.793978703648,6403.793978703648,6403.793978703648,6404.7335988594405,6404.7335988594405,6404.7335988594405,6404.7335988594405,6404.7335988594405,6404.7335988594405,6404.7335988594405,6404.7335988594405,6404.7335988594405,6404.7335988594405,6404.7335988594405,6404.7335988594405,6402.553076507633,6402.553076507633,6402.553076507633,6402.553076507633,6402.553076507633,6402.553076507633,6402.553076507633,6402.553076507633,6402.553076507633,6402.553076507633,6402.553076507633,6402.553076507633,6402.553076507633,6402.553076507633,6402.553076507633,6402.553076507633,6402.553076507633,6402.553076507633,6402.553076507633,6402.553076507633,6402.553076507633,6402.553076507633,6402.553076507633,6402.553076507633,6402.553076507633,6402.553076507633,6402.553076507633,6402.553076507633,6402.553076507633,6402.553076507633,6402.553076507633,6402.553076507633,6402.553076507633,6402.553076507633,6402.553076507633,6402.553076507633,6402.553076507633,6402.553076507633,6402.553076507633,6402.553076507633,6402.553076507633,6402.553076507633,6402.553076507633,6402.553076507633,6402.553076507633,6402.553076507633,6402.553076507633,6402.553076507633,6402.553076507633,6402.553076507633,6402.553076507633,6402.553076507633,6402.553076507633,6402.553076507633,6402.553076507633,6402.553076507633,6402.553076507633,6402.553076507633,6402.553076507633,6402.553076507633,6402.553076507633,6402.553076507633,6402.553076507633,6402.553076507633,6402.553076507633,6402.553076507633,6402.553076507633,6402.553076507633,6402.553076507633,6402.553076507633,6402.553076507633,6402.553076507633,6402.553076507633,6402.553076507633,6402.553076507633,6402.553076507633,6402.553076507633,6402.553076507633,6402.553076507633,6402.553076507633,6402.553076507633,6402.553076507633,6402.553076507633,6402.553076507633,6402.553076507633,6402.553076507633,6402.553076507633,6402.553076507633,6402.553076507633,6402.553076507633,6402.553076507633,6402.553076507633,6402.553076507633,6402.553076507633,6402.553076507633,6402.553076507633,6402.553076507633,6402.553076507633,6402.553076507633,6402.553076507633,6402.553076507633,6402.553076507633,6402.553076507633,6402.553076507633,6402.553076507633,6402.553076507633,6402.553076507633,6402.553076507633,6402.553076507633,6402.553076507633,6402.553076507633,6402.553076507633,6402.553076507633,6402.553076507633,6402.553076507633,6402.553076507633,6402.553076507633,6402.553076507633,6402.553076507633,6402.553076507633,6402.553076507633,6402.553076507633,6402.553076507633,6402.553076507633,6402.553076507633,6402.553076507633,6402.553076507633,6402.553076507633,6402.553076507633,6402.553076507633,6402.553076507633,6402.553076507633,6402.553076507633,6402.553076507633,6402.553076507633,6402.553076507633,6402.553076507633,6402.553076507633,6402.553076507633,6402.553076507633,6402.553076507633,6402.553076507633,6402.553076507633,6402.553076507633,6402.553076507633,6402.553076507633,6402.553076507633,6402.553076507633,6402.553076507633,6402.553076507633,6402.553076507633,6402.553076507633,6402.553076507633,6402.553076507633,6402.553076507633,6402.553076507633,6402.553076507633,6402.553076507633,6402.553076507633,6402.553076507633,6402.553076507633,6402.553076507633,6402.553076507633,6402.553076507633,6402.553076507633,6402.553076507633,6402.553076507633,6402.553076507633,6402.553076507633,6402.553076507633,6402.553076507633,6402.553076507633,6402.553076507633,6402.553076507633,6402.553076507633,6402.553076507633,6402.553076507633,6402.553076507633,6402.553076507633,6402.553076507633,6402.553076507633,6402.553076507633,6402.553076507633,6402.553076507633,6402.553076507633,6402.553076507633,6402.553076507633,6402.553076507633,6402.553076507633,6402.553076507633,6402.553076507633,6402.553076507633,6402.553076507633,6402.553076507633,6402.553076507633,6402.553076507633,6402.553076507633,6402.553076507633,6402.553076507633,6402.553076507633,6402.553076507633,6402.553076507633,6402.553076507633,6402.553076507633,6402.553076507633,6402.553076507633,6402.553076507633,6402.553076507633,6402.553076507633,6402.553076507633,6402.553076507633,6402.553076507633,6402.553076507633,6402.553076507633,6402.553076507633,6402.553076507633,6402.553076507633,6402.553076507633,6402.553076507633,6402.553076507633,6402.553076507633,6402.553076507633,6402.553076507633,6402.553076507633,6402.553076507633,6402.553076507633,6402.553076507633,6402.553076507633,6402.553076507633,6402.553076507633,6402.553076507633,6402.553076507633,6402.553076507633,6402.553076507633,6402.553076507633,6402.553076507633,6402.553076507633,6402.553076507633,6402.553076507633,6402.553076507633,6402.553076507633,6402.553076507633,6402.553076507633,6402.553076507633,6402.435968878373,6402.435968878373,6402.435968878373,6402.435968878373,6402.435968878373,6402.435968878373,6402.435968878373,6402.435968878373,6402.435968878373,6402.435968878373,6402.435968878373,6402.435968878373,6402.435968878373,6402.435968878373,6402.435968878373,6402.435968878373,6402.435968878373,6402.435968878373,6402.435968878373,6402.435968878373,6402.435968878373,6402.435968878373,6402.435968878373,6402.435968878373,6402.435968878373,6402.435968878373,6402.435968878373,6402.435968878373,6402.435968878373,6402.435968878373,6402.435968878373,6402.435968878373,6402.435968878373,6403.212126698264,6403.212126698264,6403.212126698264,6403.212126698264,6403.212126698264,6403.212126698264,6403.212126698264,6403.212126698264,6403.212126698264,6403.212126698264,6403.212126698264,6403.212126698264,6403.212126698264,6403.212126698264,6403.212126698264,6403.212126698264,6403.212126698264,6403.212126698264,6403.212126698264,6403.212126698264,6403.212126698264,6403.212126698264,6403.212126698264,6403.212126698264,6403.212126698264,6403.212126698264,6403.212126698264,6403.212126698264,6403.212126698264,6403.212126698264,6403.212126698264,6403.212126698264,6403.212126698264,6403.212126698264,6403.212126698264,6403.212126698264,6403.212126698264,6403.212126698264,6403.212126698264,6403.212126698264,6403.212126698264,6403.212126698264,6403.212126698264,6403.212126698264,6403.212126698264,6403.212126698264,6403.212126698264,6403.212126698264,6403.212126698264,6403.212126698264,6403.212126698264,6403.212126698264,6403.212126698264,6403.212126698264,6403.212126698264,6403.212126698264,6403.212126698264,6403.212126698264,6402.833051629608,6402.833051629608,6402.833051629608,6402.833051629608,6402.833051629608,6402.833051629608,6402.833051629608,6402.833051629608,6402.833051629608,6402.833051629608,6402.833051629608,6402.833051629608,6402.833051629608,6402.833051629608,6402.833051629608,6402.833051629608,6402.833051629608,6402.833051629608,6402.833051629608,6402.833051629608,6402.833051629608,6402.833051629608,6402.833051629608,6402.833051629608,6402.833051629608,6402.833051629608,6402.833051629608,6402.833051629608,6402.833051629608,6402.833051629608,6402.833051629608,6402.833051629608,6402.833051629608,6402.833051629608,6402.833051629608,6402.833051629608,6402.833051629608,6402.833051629608,6402.833051629608,6402.833051629608,6402.833051629608,6403.653446204202,6403.653446204202,6403.653446204202,6403.653446204202,6403.653446204202,6403.653446204202,6403.653446204202,6403.653446204202,6403.653446204202,6403.653446204202,6403.653446204202,6403.653446204202,6403.653446204202,6403.653446204202,6403.653446204202,6403.653446204202,6403.653446204202,6403.653446204202,6403.653446204202,6403.653446204202,6403.653446204202,6403.653446204202,6403.653446204202,6403.653446204202,6403.653446204202,6403.653446204202,6403.653446204202,6403.653446204202,6403.653446204202,6403.653446204202,6403.653446204202,6403.653446204202,6403.653446204202,6403.653446204202,6403.653446204202,6403.653446204202,6403.653446204202,6403.653446204202,6403.653446204202,6403.653446204202,6403.653446204202,6403.653446204202,6403.653446204202,6403.653446204202,6403.653446204202,6403.653446204202,6403.653446204202,6403.653446204202,6403.653446204202,6403.653446204202,6403.653446204202,6403.653446204202,6403.653446204202,6403.653446204202,6403.653446204202,6403.653446204202,6405.916089142787,6405.916089142787,6405.916089142787,6405.916089142787,6405.916089142787,6405.916089142787,6405.916089142787,6405.916089142787,6405.916089142787,6405.916089142787,6405.916089142787,6404.784657014249,6404.784657014249,6404.784657014249,6404.784657014249,6404.784657014249,6404.784657014249,6404.784657014249,6404.784657014249,6404.784657014249,6404.784657014249,6404.784657014249,6404.784657014249,6404.784657014249,6404.784657014249,6404.784657014249,6404.784657014249,6404.784657014249,6404.784657014249,6404.784657014249,6404.784657014249,6404.784657014249,6404.784657014249,6404.784657014249,6404.784657014249,6404.784657014249,6404.784657014249,6404.784657014249,6404.784657014249,6404.784657014249,6404.784657014249,6404.784657014249,6404.784657014249,6404.784657014249,6404.784657014249,6404.784657014249,6404.784657014249,6404.784657014249,6404.784657014249,6404.784657014249,6404.784657014249,6404.784657014249,6404.784657014249,6404.784657014249,6404.784657014249,6404.784657014249,6404.784657014249,6404.784657014249,6404.784657014249,6404.784657014249,6404.784657014249,6404.784657014249,6404.784657014249,6404.784657014249,6404.784657014249,6404.784657014249,6404.784657014249,6404.784657014249,6404.784657014249,6404.784657014249,6404.784657014249,6404.784657014249,6404.784657014249,6404.784657014249,6404.784657014249,6404.784657014249,6404.784657014249,6404.784657014249,6404.784657014249,6403.915398605341,6403.915398605341,6403.915398605341,6403.915398605341,6403.915398605341,6403.915398605341,6404.1153742912575,6404.1153742912575,6404.1153742912575,6404.1153742912575,6404.1153742912575,6404.1153742912575,6404.1153742912575,6404.1153742912575,6404.1153742912575,6404.1153742912575,6404.1153742912575,6404.1153742912575,6404.1153742912575,6404.1153742912575,6404.1153742912575,6404.1153742912575,6404.1153742912575,6404.1153742912575,6404.1153742912575,6403.7727707757,6403.7727707757,6402.472207694319,6402.472207694319,6402.472207694319,6402.472207694319,6402.472207694319,6402.472207694319,6402.472207694319,6402.472207694319,6402.472207694319,6402.472207694319,6403.664971818281,6404.051625289129,6404.051625289129,6404.051625289129,6404.051625289129,6404.051625289129,6404.051625289129,6404.051625289129,6404.051625289129,6403.272444523022,6403.272444523022,6403.272444523022,6403.272444523022,6403.272444523022,6403.272444523022,6403.272444523022,6403.272444523022,6403.272444523022,6403.272444523022,6403.272444523022,6403.272444523022,6403.272444523022,6403.272444523022,6403.272444523022,6403.272444523022,6403.272444523022,6403.272444523022,6403.272444523022,6403.272444523022,6403.272444523022,6403.272444523022,6403.272444523022,6403.272444523022,6403.272444523022,6403.272444523022,6403.272444523022,6405.020157808085,6405.020157808085,6405.020157808085,6405.020157808085,6405.020157808085,6405.020157808085,6405.020157808085,6405.020157808085,6405.020157808085,6405.020157808085,6405.020157808085,6405.020157808085,6405.020157808085,6405.020157808085,6405.020157808085,6405.020157808085,6405.020157808085,6405.020157808085,6405.020157808085,6405.020157808085,6405.020157808085,6405.020157808085,6405.020157808085,6405.020157808085,6405.580262366081,6405.580262366081,6405.580262366081,6405.580262366081,6405.580262366081,6405.580262366081,6405.580262366081,6405.580262366081,6405.580262366081,6405.580262366081,6405.580262366081,6405.580262366081,6405.580262366081,6405.580262366081,6405.580262366081,6405.580262366081,6405.580262366081,6405.580262366081,6405.580262366081,6405.580262366081,6405.580262366081,6405.580262366081,6405.580262366081,6405.580262366081,6405.580262366081,6405.580262366081,6405.580262366081,6405.580262366081,6405.580262366081,6405.580262366081,6405.580262366081,6405.580262366081,6405.580262366081,6405.580262366081,6405.580262366081,6405.580262366081,6405.580262366081,6405.580262366081,6405.580262366081,6405.580262366081,6405.580262366081,6405.580262366081,6405.580262366081,6405.580262366081,6405.580262366081,6405.580262366081,6405.580262366081,6405.580262366081,6405.580262366081,6405.580262366081,6405.580262366081,6405.580262366081,6405.580262366081,6405.580262366081,6405.580262366081,6405.580262366081,6405.580262366081,6405.580262366081,6405.580262366081,6405.580262366081,6405.580262366081,6405.580262366081,6405.580262366081,6405.580262366081,6405.580262366081,6405.580262366081,6405.580262366081,6405.580262366081,6405.580262366081,6405.580262366081,6405.580262366081,6405.580262366081,6405.580262366081,6405.580262366081,6405.580262366081,6405.580262366081,6405.580262366081,6405.580262366081,6405.580262366081,6405.580262366081,6405.580262366081,6405.580262366081,6405.580262366081,6405.580262366081,6405.580262366081,6405.580262366081,6405.580262366081,6405.580262366081,6405.580262366081,6405.580262366081,6405.580262366081,6405.580262366081,6405.580262366081,6405.580262366081,6405.580262366081,6405.580262366081,6405.580262366081,6405.580262366081,6405.580262366081,6405.580262366081,6405.580262366081,6405.580262366081,6405.580262366081,6405.580262366081,6405.580262366081,6405.580262366081,6405.580262366081,6405.580262366081,6405.580262366081,6405.580262366081,6405.580262366081,6405.580262366081,6405.580262366081,6405.580262366081,6405.580262366081,6405.580262366081,6405.580262366081,6405.580262366081,6405.580262366081,6405.580262366081,6405.580262366081,6405.580262366081,6405.580262366081,6405.580262366081,6405.580262366081,6405.580262366081,6405.580262366081,6405.580262366081,6405.580262366081,6405.580262366081,6405.580262366081,6405.580262366081,6405.580262366081,6405.580262366081,6405.580262366081,6405.580262366081,6405.580262366081,6405.580262366081,6405.580262366081,6403.8647874856515,6403.8647874856515,6403.8647874856515,6403.8647874856515,6403.8647874856515,6403.8647874856515,6403.8647874856515,6403.8647874856515,6403.8647874856515,6403.8647874856515,6403.8647874856515,6403.8647874856515,6403.8647874856515,6403.8647874856515,6403.8647874856515,6403.8647874856515,6403.8647874856515,6403.8647874856515,6403.8647874856515,6403.8647874856515,6403.8647874856515,6403.8647874856515,6403.8647874856515,6403.8647874856515,6403.8647874856515,6403.8647874856515,6403.8647874856515,6404.471271989037,6404.471271989037,6404.471271989037,6404.471271989037,6404.471271989037,6404.471271989037,6404.471271989037,6404.471271989037,6404.471271989037,6404.471271989037,6404.471271989037,6404.471271989037,6404.471271989037,6404.471271989037,6404.471271989037,6404.471271989037,6404.471271989037,6404.471271989037,6404.471271989037,6404.471271989037,6404.471271989037,6404.471271989037,6404.471271989037,6404.471271989037,6404.471271989037,6404.471271989037,6404.471271989037,6404.471271989037,6404.471271989037,6404.471271989037,6404.471271989037,6404.471271989037,6404.471271989037,6404.471271989037,6404.471271989037,6404.471271989037,6404.471271989037,6404.471271989037,6404.471271989037,6404.471271989037,6404.471271989037,6404.471271989037,6404.471271989037,6404.471271989037,6404.471271989037,6404.471271989037,6404.471271989037,6404.471271989037,6404.471271989037,6404.471271989037,6404.471271989037,6404.471271989037,6404.471271989037,6404.471271989037,6404.471271989037,6404.471271989037,6404.471271989037,6404.471271989037,6404.471271989037,6404.471271989037,6404.471271989037,6404.471271989037,6404.471271989037,6404.471271989037,6404.471271989037,6404.471271989037,6404.471271989037,6404.471271989037,6404.471271989037,6404.471271989037,6404.471271989037,6404.471271989037,6404.471271989037,6404.471271989037,6404.471271989037,6404.471271989037,6404.471271989037,6404.471271989037,6404.471271989037,6404.471271989037,6404.471271989037,6404.471271989037,6404.471271989037,6404.471271989037,6404.471271989037,6404.471271989037,6404.471271989037,6404.471271989037,6404.471271989037,6404.471271989037,6404.471271989037,6404.471271989037,6404.471271989037,6404.471271989037,6404.471271989037,6404.471271989037,6404.471271989037,6404.471271989037,6404.471271989037,6404.471271989037,6404.471271989037,6404.471271989037,6404.471271989037,6404.471271989037,6404.471271989037,6404.471271989037,6404.471271989037,6404.471271989037,6404.471271989037,6404.471271989037,6404.471271989037,6404.471271989037,6404.471271989037,6404.471271989037,6404.471271989037,6404.471271989037,6404.471271989037,6404.471271989037,6404.471271989037,6404.471271989037,6404.471271989037,6404.471271989037,6404.471271989037,6404.471271989037,6404.471271989037,6404.471271989037,6404.471271989037,6404.471271989037,6404.471271989037,6404.471271989037,6404.471271989037,6404.471271989037,6404.471271989037,6404.471271989037,6404.471271989037,6404.471271989037,6404.471271989037,6404.471271989037,6404.471271989037,6404.471271989037,6404.471271989037,6404.471271989037,6404.471271989037,6404.471271989037,6404.471271989037,6404.471271989037,6404.471271989037,6404.471271989037,6404.471271989037,6404.471271989037,6404.471271989037,6404.471271989037,6404.471271989037,6404.471271989037,6404.471271989037,6404.471271989037,6404.471271989037,6404.471271989037,6404.471271989037,6404.471271989037,6404.471271989037,6404.471271989037,6404.471271989037,6404.471271989037,6404.471271989037,6404.471271989037,6404.471271989037,6404.471271989037,6404.471271989037,6404.471271989037,6404.471271989037,6404.471271989037,6404.471271989037,6404.471271989037,6404.471271989037,6404.471271989037,6404.471271989037,6404.471271989037,6404.471271989037,6404.471271989037,6404.471271989037,6404.471271989037,6404.471271989037,6404.471271989037,6404.471271989037,6404.471271989037,6404.471271989037,6404.471271989037,6404.471271989037,6404.471271989037,6404.471271989037,6404.471271989037,6404.471271989037,6404.471271989037,6404.471271989037,6404.471271989037,6404.471271989037,6404.471271989037,6404.471271989037,6404.471271989037,6404.471271989037,6404.471271989037,6404.471271989037,6404.471271989037,6404.471271989037,6404.471271989037,6404.471271989037,6404.471271989037,6404.471271989037,6404.471271989037,6404.471271989037,6404.471271989037,6404.471271989037,6404.471271989037,6404.471271989037,6404.471271989037,6404.471271989037,6404.471271989037,6404.471271989037,6404.471271989037,6404.471271989037,6404.471271989037,6404.471271989037,6404.471271989037,6404.471271989037,6404.471271989037,6404.471271989037,6404.471271989037,6404.471271989037,6404.471271989037,6404.471271989037,6404.471271989037,6404.471271989037,6404.471271989037,6404.471271989037,6404.471271989037,6404.471271989037,6404.471271989037,6404.471271989037,6404.471271989037,6404.471271989037,6404.471271989037,6404.471271989037,6404.471271989037,6404.471271989037,6404.471271989037,6404.471271989037,6404.471271989037,6404.471271989037,6404.471271989037,6404.471271989037,6404.471271989037,6404.471271989037,6404.471271989037,6404.471271989037,6404.471271989037,6404.471271989037,6404.471271989037,6404.471271989037,6404.471271989037,6404.471271989037,6404.471271989037,6404.471271989037,6404.471271989037,6404.471271989037,6404.471271989037,6404.471271989037,6404.471271989037,6404.471271989037,6404.471271989037,6404.471271989037,6404.471271989037,6404.471271989037,6404.471271989037,6404.471271989037,6404.471271989037,6404.471271989037,6404.471271989037,6404.471271989037,6404.471271989037,6404.471271989037,6404.471271989037,6404.471271989037,6404.471271989037,6404.471271989037,6400.919514233063,6400.919514233063,6400.919514233063,6400.919514233063,6400.919514233063,6400.919514233063,6400.919514233063,6400.919514233063,6400.919514233063,6400.919514233063,6400.919514233063,6400.919514233063,6400.919514233063,6400.919514233063,6400.919514233063,6400.919514233063,6400.919514233063,6400.919514233063,6400.919514233063,6400.919514233063,6400.919514233063,6400.919514233063,6400.919514233063,6400.919514233063,6400.919514233063,6400.919514233063,6400.919514233063,6400.919514233063,6400.919514233063,6400.919514233063,6400.919514233063,6400.919514233063,6400.919514233063,6400.919514233063,6400.919514233063,6400.919514233063,6400.919514233063,6400.919514233063,6400.919514233063,6400.919514233063,6400.919514233063,6400.919514233063,6400.919514233063,6400.919514233063,6400.919514233063,6400.919514233063,6400.919514233063,6400.919514233063,6400.919514233063,6400.919514233063,6400.919514233063,6400.919514233063,6400.919514233063,6400.919514233063,6400.919514233063,6400.919514233063,6400.919514233063,6400.919514233063,6400.919514233063,6400.919514233063,6400.919514233063,6400.919514233063,6400.919514233063,6400.919514233063,6400.919514233063,6400.919514233063,6400.919514233063,6400.919514233063,6400.919514233063,6400.919514233063,6400.919514233063,6400.919514233063,6400.919514233063,6400.919514233063,6400.919514233063,6400.919514233063,6400.919514233063,6400.919514233063,6400.919514233063,6400.919514233063,6400.919514233063,6400.919514233063,6400.919514233063,6400.919514233063,6400.919514233063,6400.919514233063,6400.919514233063,6400.919514233063,6400.919514233063,6400.919514233063,6400.919514233063,6400.919514233063,6400.919514233063,6400.919514233063,6400.919514233063,6400.919514233063,6400.919514233063,6400.919514233063,6400.919514233063,6400.919514233063,6400.919514233063,6400.919514233063,6400.919514233063,6400.919514233063,6400.919514233063,6400.919514233063,6400.919514233063,6400.919514233063,6400.919514233063,6400.919514233063,6400.919514233063,6400.919514233063,6400.919514233063,6400.919514233063,6400.919514233063,6400.919514233063,6400.919514233063,6400.919514233063,6400.919514233063,6400.919514233063,6400.919514233063,6403.325834706802,6403.325834706802,6403.325834706802,6403.325834706802,6403.325834706802,6403.325834706802,6403.325834706802,6403.325834706802,6403.325834706802,6403.325834706802,6403.325834706802,6403.325834706802,6404.315277310132,6404.315277310132,6404.315277310132,6404.315277310132,6404.315277310132,6404.315277310132,6404.315277310132,6404.315277310132,6404.315277310132,6404.315277310132,6404.315277310132,6404.315277310132,6404.315277310132,6404.315277310132,6404.315277310132,6404.315277310132,6404.315277310132,6404.315277310132,6404.315277310132,6404.315277310132,6404.315277310132,6404.315277310132,6404.315277310132,6404.315277310132,6404.315277310132,6404.315277310132,6404.315277310132,6404.315277310132,6404.315277310132,6404.315277310132,6404.315277310132,6404.315277310132,6404.315277310132,6404.315277310132,6404.315277310132,6404.315277310132,6404.315277310132,6404.315277310132,6404.315277310132,6404.315277310132,6404.315277310132,6404.315277310132,6404.315277310132,6404.315277310132,6404.315277310132,6404.315277310132,6404.315277310132,6404.315277310132,6404.315277310132,6404.315277310132,6404.315277310132,6404.315277310132,6404.315277310132,6404.315277310132,6404.315277310132,6404.315277310132,6404.315277310132,6404.315277310132,6404.315277310132,6404.315277310132,6404.315277310132,6404.315277310132,6404.315277310132,6404.315277310132,6404.315277310132,6404.315277310132,6404.315277310132,6404.315277310132,6404.315277310132,6404.315277310132,6404.315277310132,6404.315277310132,6404.315277310132,6404.315277310132,6404.315277310132,6404.315277310132,6404.315277310132,6404.315277310132,6404.315277310132,6404.315277310132,6404.315277310132,6404.315277310132,6404.315277310132,6404.315277310132,6404.315277310132,6404.315277310132,6404.315277310132,6404.315277310132,6404.315277310132,6404.315277310132,6404.315277310132,6404.315277310132,6404.315277310132,6404.315277310132,6404.315277310132,6404.315277310132,6404.315277310132,6404.315277310132,6404.315277310132,6404.315277310132,6404.315277310132,6404.315277310132,6404.315277310132,6404.315277310132,6404.315277310132,6404.315277310132,6404.315277310132,6404.315277310132,6404.315277310132,6404.315277310132,6404.315277310132,6404.315277310132,6404.315277310132,6404.315277310132,6404.315277310132,6404.315277310132,6404.315277310132,6404.315277310132,6404.315277310132,6404.315277310132,6404.315277310132,6404.315277310132,6404.315277310132,6404.315277310132,6404.315277310132,6404.315277310132,6404.315277310132,6404.315277310132,6404.315277310132,6404.315277310132,6404.315277310132,6404.315277310132,6404.315277310132,6404.315277310132,6404.315277310132,6404.315277310132,6404.315277310132,6404.315277310132,6404.315277310132,6404.315277310132,6404.315277310132,6404.315277310132,6404.315277310132,6404.315277310132,6404.315277310132,6404.315277310132,6404.315277310132,6404.315277310132,6404.315277310132,6404.315277310132,6404.315277310132,6404.315277310132,6404.315277310132,6404.315277310132,6404.315277310132,6404.315277310132,6404.315277310132,6404.315277310132,6404.315277310132,6404.315277310132,6404.315277310132,6404.315277310132,6404.315277310132,6404.315277310132,6404.315277310132,6404.315277310132,6404.315277310132,6404.315277310132,6404.315277310132,6404.315277310132,6404.315277310132,6404.315277310132,6404.315277310132,6404.315277310132,6404.315277310132,6404.315277310132,6404.315277310132,6404.315277310132,6404.315277310132,6404.315277310132,6404.315277310132,6404.315277310132,6404.315277310132,6404.315277310132,6404.315277310132,6404.315277310132,6404.315277310132,6404.315277310132,6404.315277310132,6404.315277310132,6404.315277310132,6404.315277310132,6404.315277310132,6404.315277310132,6404.315277310132,6404.315277310132,6404.315277310132,6404.315277310132,6404.315277310132,6404.315277310132,6404.315277310132,6404.315277310132,6404.315277310132,6404.315277310132,6404.315277310132,6404.315277310132,6404.315277310132,6404.315277310132,6404.315277310132,6404.315277310132,6404.315277310132,6404.315277310132,6404.315277310132,6404.315277310132,6404.315277310132,6404.315277310132,6404.315277310132,6404.315277310132,6404.315277310132,6404.315277310132,6404.315277310132,6404.315277310132,6404.315277310132,6404.315277310132,6404.315277310132,6404.315277310132,6404.315277310132,6404.315277310132,6404.315277310132,6404.315277310132,6404.315277310132,6404.315277310132,6404.315277310132,6404.315277310132,6404.315277310132,6404.315277310132,6404.315277310132,6404.315277310132,6404.315277310132,6404.315277310132,6404.315277310132,6404.315277310132,6404.315277310132,6404.315277310132,6404.315277310132,6404.315277310132,6404.315277310132,6404.315277310132,6404.315277310132,6404.315277310132,6404.315277310132,6404.315277310132,6404.315277310132,6404.315277310132,6404.315277310132,6404.315277310132,6404.315277310132,6404.315277310132,6404.315277310132,6404.240572865465,6404.240572865465,6404.240572865465,6404.240572865465,6400.944139678739,6400.944139678739,6400.944139678739,6400.944139678739,6400.944139678739,6400.944139678739,6400.944139678739,6400.944139678739,6400.944139678739,6400.944139678739,6400.944139678739,6400.944139678739,6400.944139678739,6400.944139678739,6400.944139678739,6400.944139678739,6400.944139678739,6400.944139678739,6400.944139678739,6400.944139678739,6400.944139678739,6400.944139678739,6405.712801886349,6405.712801886349,6405.712801886349,6405.712801886349,6405.712801886349,6405.712801886349,6405.712801886349,6405.712801886349,6405.712801886349,6405.712801886349,6405.712801886349,6405.712801886349,6405.712801886349,6405.712801886349,6405.712801886349,6405.712801886349,6405.712801886349,6405.712801886349,6405.712801886349,6405.712801886349,6405.712801886349,6405.712801886349,6405.712801886349,6405.712801886349,6405.712801886349,6405.712801886349,6405.712801886349,6405.712801886349,6405.712801886349,6405.712801886349,6405.712801886349,6405.712801886349,6405.712801886349,6405.712801886349,6405.712801886349,6405.712801886349,6405.712801886349,6405.712801886349,6405.712801886349,6405.712801886349,6405.712801886349,6405.712801886349,6405.712801886349,6405.712801886349,6405.712801886349,6405.712801886349,6405.712801886349,6405.712801886349,6405.712801886349,6405.712801886349,6405.712801886349,6405.712801886349,6405.64208144649,6405.64208144649,6405.64208144649,6405.64208144649,6401.672675481479,6401.672675481479,6401.672675481479,6401.672675481479,6401.672675481479,6401.672675481479,6401.672675481479,6401.672675481479,6401.672675481479,6404.022540198174,6404.022540198174,6404.022540198174,6404.977385177326,6404.977385177326,6404.977385177326,6404.977385177326,6404.977385177326,6404.977385177326,6404.977385177326,6404.46453812036,6404.256546082232,6404.256546082232,6404.256546082232,6404.256546082232,6404.256546082232,6404.256546082232,6404.256546082232,6404.256546082232,6404.256546082232,6404.256546082232,6404.256546082232,6404.256546082232,6404.256546082232,6404.256546082232,6404.256546082232,6404.256546082232,6403.557823014061,6403.557823014061,6403.557823014061,6403.557823014061,6403.557823014061,6403.557823014061,6403.557823014061,6403.557823014061,6403.557823014061,6403.557823014061,6403.557823014061,6403.557823014061,6403.557823014061,6403.557823014061,6403.557823014061,6403.557823014061,6403.557823014061,6403.557823014061,6403.557823014061,6403.557823014061,6403.557823014061,6403.557823014061,6403.557823014061,6403.557823014061,6403.557823014061,6403.557823014061,6403.557823014061,6403.557823014061,6403.557823014061,6403.557823014061,6403.557823014061,6403.557823014061,6403.557823014061,6403.557823014061,6403.557823014061,6403.557823014061,6403.557823014061,6403.557823014061,6403.557823014061,6403.962044976662,6403.962044976662,6403.962044976662,6403.962044976662,6403.962044976662,6403.962044976662,6403.962044976662,6403.962044976662,6403.962044976662,6403.962044976662,6403.962044976662,6403.962044976662,6403.962044976662,6403.962044976662,6403.962044976662,6405.207362234659,6405.207362234659,6405.207362234659,6405.207362234659,6405.207362234659,6405.207362234659,6405.207362234659,6405.207362234659,6405.207362234659,6405.207362234659,6405.207362234659,6405.207362234659,6405.207362234659,6405.207362234659,6405.207362234659,6405.207362234659,6405.207362234659,6405.207362234659,6405.207362234659,6405.207362234659,6405.207362234659,6405.207362234659,6405.207362234659,6405.207362234659,6405.207362234659,6405.207362234659,6405.207362234659,6405.207362234659,6405.207362234659,6405.207362234659,6405.207362234659,6405.207362234659,6405.207362234659,6405.207362234659,6405.207362234659,6405.207362234659,6405.207362234659,6405.207362234659,6405.207362234659,6405.207362234659,6405.207362234659,6405.207362234659,6404.09367996461,6404.09367996461,6404.09367996461,6404.09367996461,6404.09367996461,6404.09367996461,6404.09367996461,6404.09367996461,6404.09367996461,6404.09367996461,6404.09367996461,6404.09367996461,6404.09367996461,6404.09367996461,6404.09367996461,6404.09367996461,6404.09367996461,6404.09367996461,6404.09367996461,6404.09367996461,6404.467383433161,6404.467383433161,6404.467383433161,6404.467383433161,6404.467383433161,6404.467383433161,6404.467383433161,6404.467383433161,6404.467383433161,6404.467383433161,6404.467383433161,6404.467383433161,6404.467383433161,6404.467383433161,6404.467383433161,6404.467383433161,6404.467383433161,6404.467383433161,6404.467383433161,6404.467383433161,6404.467383433161,6404.57509942905,6404.57509942905,6404.57509942905,6404.57509942905,6404.57509942905,6404.57509942905,6404.57509942905,6404.57509942905,6404.57509942905,6404.57509942905,6404.57509942905,6404.57509942905,6404.57509942905,6404.57509942905,6404.57509942905,6404.57509942905,6404.57509942905,6404.57509942905,6404.57509942905,6404.57509942905,6404.57509942905,6404.57509942905,6404.57509942905,6404.57509942905,6404.57509942905,6404.57509942905,6404.57509942905,6404.60397998829,6404.60397998829,6404.60397998829,6404.60397998829,6404.60397998829,6404.60397998829,6404.60397998829,6404.60397998829,6404.60397998829,6404.60397998829,6404.60397998829,6404.60397998829,6404.60397998829,6404.60397998829,6404.60397998829,6404.60397998829,6404.60397998829,6404.60397998829,6404.253762358114,6404.253762358114,6404.253762358114,6404.253762358114,6404.253762358114,6404.253762358114,6404.253762358114,6404.253762358114,6404.253762358114,6404.253762358114,6404.253762358114,6404.253762358114,6404.253762358114,6404.253762358114,6404.253762358114,6404.253762358114,6404.253762358114,6404.253762358114,6404.253762358114,6404.253762358114,6404.253762358114,6404.253762358114,6404.253762358114,6404.253762358114,6404.253762358114,6404.253762358114,6404.253762358114,6404.253762358114,6404.253762358114,6404.253762358114,6404.253762358114,6404.253762358114,6404.253762358114,6404.253762358114,6404.253762358114,6404.253762358114,6404.253762358114,6404.253762358114,6404.253762358114,6404.253762358114,6404.253762358114,6404.253762358114,6404.253762358114,6404.253762358114,6404.253762358114,6404.253762358114,6404.253762358114,6404.253762358114,6404.253762358114,6404.253762358114,6404.253762358114,6404.253762358114,6404.253762358114,6404.253762358114,6404.253762358114,6404.253762358114,6404.253762358114,6403.331092094857,6403.876485845532,6403.876485845532,6403.876485845532,6403.876485845532,6403.876485845532,6403.876485845532,6403.876485845532,6403.876485845532,6403.876485845532,6403.876485845532,6403.876485845532,6403.876485845532,6403.876485845532,6403.876485845532,6403.876485845532,6403.876485845532,6403.876485845532,6403.876485845532,6403.876485845532,6403.876485845532,6403.876485845532,6403.876485845532,6403.876485845532,6403.876485845532,6403.876485845532,6403.876485845532,6403.876485845532,6403.876485845532,6403.876485845532,6403.876485845532,6403.876485845532,6403.876485845532,6403.876485845532,6403.876485845532,6403.876485845532,6403.876485845532,6403.876485845532,6403.876485845532,6403.876485845532,6403.876485845532,6403.876485845532,6403.765914218875,6403.765914218875,6404.020177375388,6404.020177375388,6404.020177375388,6404.020177375388,6404.020177375388,6404.020177375388,6404.020177375388,6404.020177375388,6404.020177375388,6404.020177375388,6404.020177375388,6404.4085444775,6404.4085444775,6404.4085444775,6404.4085444775,6404.542716253423,6404.542716253423,6404.288296780043,6404.288296780043,6404.288296780043,6404.288296780043,6404.288296780043,6404.288296780043,6404.288296780043,6404.288296780043,6404.288296780043,6404.288296780043,6404.502013883586,6404.502013883586,6404.502013883586,6404.502013883586,6404.502013883586,6404.502013883586,6404.502013883586,6404.502013883586,6404.502013883586,6404.502013883586,6404.502013883586,6404.502013883586,6404.502013883586,6404.502013883586,6404.502013883586,6404.502013883586,6404.502013883586,6404.502013883586,6404.502013883586,6404.502013883586,6404.502013883586,6404.502013883586,6404.502013883586,6404.502013883586,6404.502013883586,6404.502013883586,6404.502013883586,6404.502013883586,6404.502013883586,6404.502013883586,6404.502013883586,6404.502013883586,6404.502013883586,6404.502013883586,6404.502013883586,6404.502013883586,6404.502013883586,6404.502013883586,6404.502013883586,6404.502013883586,6404.502013883586,6404.502013883586,6404.502013883586,6404.502013883586,6404.502013883586,6404.502013883586,6404.502013883586,6404.502013883586,6404.502013883586,6404.502013883586,6404.502013883586,6404.502013883586,6404.502013883586,6404.502013883586,6404.502013883586,6404.502013883586,6404.502013883586,6404.502013883586,6404.502013883586,6404.502013883586,6404.502013883586,6404.627162923794,6404.627162923794,6404.627162923794,6404.627162923794,6404.627162923794,6404.627162923794,6404.627162923794,6404.627162923794,6404.627162923794,6404.627162923794,6404.627162923794,6404.627162923794,6404.627162923794,6404.627162923794,6404.627162923794,6404.627162923794,6404.627162923794,6404.627162923794,6404.627162923794,6404.627162923794,6404.627162923794,6404.627162923794,6404.627162923794,6404.627162923794,6404.627162923794,6404.627162923794,6404.627162923794,6404.627162923794,6404.627162923794,6404.627162923794,6404.627162923794,6404.627162923794,6404.627162923794,6401.89191635863,6401.89191635863,6401.89191635863,6401.89191635863,6401.89191635863,6401.89191635863,6401.89191635863,6401.89191635863,6401.89191635863,6401.89191635863,6401.89191635863,6401.89191635863,6401.89191635863,6401.89191635863,6401.89191635863,6401.89191635863,6401.89191635863,6401.89191635863,6401.89191635863,6401.89191635863,6401.89191635863,6401.89191635863,6401.89191635863,6401.89191635863,6403.458190016339,6403.458190016339,6403.458190016339,6403.458190016339,6403.458190016339,6403.458190016339,6403.458190016339,6403.458190016339,6403.458190016339,6403.458190016339,6403.458190016339,6403.458190016339,6403.458190016339,6403.458190016339,6403.458190016339,6403.458190016339,6403.458190016339,6403.458190016339,6403.458190016339,6403.458190016339,6403.458190016339,6403.458190016339,6403.458190016339,6403.458190016339,6403.458190016339,6403.458190016339,6403.458190016339,6403.787373892001,6403.787373892001,6403.787373892001,6403.787373892001,6403.787373892001,6403.787373892001,6403.787373892001,6403.787373892001,6403.787373892001,6403.787373892001,6403.787373892001,6403.787373892001,6403.787373892001,6403.787373892001,6403.787373892001,6403.787373892001,6403.787373892001,6403.787373892001,6403.787373892001,6403.787373892001,6403.787373892001,6403.787373892001,6403.787373892001,6403.787373892001,6403.787373892001,6403.787373892001,6403.787373892001,6403.787373892001,6403.787373892001,6403.787373892001,6403.787373892001,6403.787373892001,6403.787373892001,6403.787373892001,6403.787373892001,6403.787373892001,6403.787373892001,6403.787373892001,6403.787373892001,6403.787373892001,6403.787373892001,6403.787373892001,6403.787373892001,6403.787373892001,6403.787373892001,6402.922984833848,6402.922984833848,6402.922984833848,6402.922984833848,6402.922984833848,6402.922984833848,6402.922984833848,6402.922984833848,6402.922984833848,6402.922984833848,6402.922984833848,6402.922984833848,6402.922984833848,6402.922984833848,6402.922984833848,6402.922984833848,6402.922984833848,6402.922984833848,6403.071235902708,6403.071235902708,6403.071235902708,6403.071235902708,6403.071235902708,6403.071235902708,6403.071235902708,6403.071235902708,6403.071235902708,6403.071235902708,6403.071235902708,6403.071235902708,6403.071235902708,6403.071235902708,6403.071235902708,6403.071235902708,6403.071235902708,6403.071235902708,6403.071235902708,6403.071235902708,6403.071235902708,6403.071235902708,6403.071235902708,6403.071235902708,6403.071235902708,6403.071235902708,6403.071235902708,6403.071235902708,6403.071235902708,6403.071235902708,6403.071235902708,6403.071235902708,6403.071235902708,6403.071235902708,6403.071235902708,6403.071235902708,6403.071235902708,6403.071235902708,6403.071235902708,6403.071235902708,6403.071235902708,6403.071235902708,6403.071235902708,6403.071235902708,6403.071235902708,6403.071235902708,6403.071235902708,6403.071235902708,6403.071235902708,6403.071235902708,6403.071235902708,6403.071235902708,6403.071235902708,6403.071235902708,6403.071235902708,6403.071235902708,6403.071235902708,6403.071235902708,6403.071235902708,6403.071235902708,6403.071235902708,6403.071235902708,6403.071235902708,6403.071235902708,6403.071235902708,6403.071235902708,6403.071235902708,6403.071235902708,6403.071235902708,6403.071235902708,6403.071235902708,6403.071235902708,6403.071235902708,6403.071235902708,6403.071235902708,6403.071235902708,6403.071235902708,6403.071235902708,6403.071235902708,6403.071235902708,6403.071235902708,6401.730664223931,6401.730664223931,6401.730664223931,6401.730664223931,6401.730664223931,6401.730664223931,6401.730664223931,6401.730664223931,6401.730664223931,6401.730664223931,6401.730664223931,6401.730664223931,6401.822910686671,6401.822910686671,6401.822910686671,6401.822910686671,6401.822910686671,6401.822910686671,6401.822910686671,6401.822910686671,6401.822910686671,6401.822910686671,6404.295469205339,6404.295469205339,6404.295469205339,6404.295469205339,6404.295469205339,6404.295469205339,6404.295469205339,6404.295469205339,6404.295469205339,6404.295469205339,6404.295469205339,6404.295469205339,6404.295469205339,6404.295469205339,6404.295469205339,6404.295469205339,6404.295469205339,6404.295469205339,6404.295469205339,6404.295469205339,6404.295469205339,6404.295469205339,6404.295469205339,6404.295469205339,6404.295469205339,6404.295469205339,6404.295469205339,6404.295469205339,6404.295469205339,6404.295469205339,6404.295469205339,6404.295469205339,6404.295469205339,6404.295469205339,6404.295469205339,6404.295469205339,6404.295469205339,6404.295469205339,6404.295469205339,6404.295469205339,6404.295469205339,6404.295469205339,6404.295469205339,6404.295469205339,6404.295469205339,6404.295469205339,6404.295469205339,6404.295469205339,6404.295469205339,6404.295469205339,6404.295469205339,6404.295469205339,6404.295469205339,6404.295469205339,6404.295469205339,6404.295469205339,6404.295469205339,6404.295469205339,6404.295469205339,6404.295469205339,6404.295469205339,6404.295469205339,6404.295469205339,6404.295469205339,6403.803255984809,6403.803255984809,6403.803255984809,6403.803255984809,6403.803255984809,6403.803255984809,6403.803255984809,6403.803255984809,6403.803255984809,6403.803255984809,6403.803255984809,6403.803255984809,6403.803255984809,6403.803255984809,6403.803255984809,6403.803255984809,6403.803255984809,6403.803255984809,6403.803255984809,6403.803255984809,6403.803255984809,6403.803255984809,6403.803255984809,6403.803255984809,6403.803255984809,6403.803255984809,6403.803255984809,6403.803255984809,6403.803255984809,6403.803255984809,6403.803255984809,6403.803255984809,6403.803255984809,6403.803255984809,6403.803255984809,6403.803255984809,6403.803255984809,6403.803255984809,6403.803255984809,6403.803255984809,6403.803255984809,6403.803255984809,6403.803255984809,6403.803255984809,6403.803255984809,6403.803255984809,6403.803255984809,6403.803255984809,6403.803255984809,6403.803255984809,6403.803255984809,6403.803255984809,6403.803255984809,6403.803255984809,6403.803255984809,6403.803255984809,6403.803255984809,6403.803255984809,6403.803255984809,6403.803255984809,6403.803255984809,6403.803255984809,6403.803255984809,6403.803255984809,6403.803255984809,6403.803255984809,6403.803255984809,6403.803255984809,6403.803255984809,6403.803255984809,6403.803255984809,6403.803255984809,6403.803255984809,6403.803255984809,6403.803255984809,6403.803255984809,6403.803255984809,6403.803255984809,6403.803255984809,6403.803255984809,6403.803255984809,6403.803255984809,6403.803255984809,6403.803255984809,6403.803255984809,6403.803255984809,6403.803255984809,6403.803255984809,6403.803255984809,6403.803255984809,6403.803255984809,6403.803255984809,6403.803255984809,6403.803255984809,6403.803255984809,6403.803255984809,6403.803255984809,6403.803255984809,6403.803255984809,6403.803255984809,6403.803255984809,6403.803255984809,6403.803255984809,6403.803255984809,6403.803255984809,6403.803255984809,6403.803255984809,6403.803255984809,6403.803255984809,6403.803255984809,6403.803255984809,6403.803255984809,6403.803255984809,6403.803255984809,6403.803255984809,6403.803255984809,6403.803255984809,6404.02481786514,6404.02481786514,6404.02481786514,6404.02481786514,6404.02481786514,6405.0196751645035,6405.0196751645035,6405.0196751645035,6405.0196751645035,6405.0196751645035,6405.0196751645035,6405.0196751645035,6405.0196751645035,6405.0196751645035,6405.0196751645035,6405.0196751645035,6405.0196751645035,6405.0196751645035,6405.0196751645035,6405.0196751645035,6405.0196751645035,6405.0196751645035,6405.0196751645035,6405.0196751645035,6405.0196751645035,6405.0196751645035,6405.0196751645035,6405.0196751645035,6405.0196751645035,6405.0196751645035,6405.0196751645035,6405.0196751645035,6405.0196751645035,6405.0196751645035,6405.0196751645035,6405.0196751645035,6405.0196751645035,6405.0196751645035,6405.0196751645035,6405.0196751645035,6405.0196751645035,6405.0196751645035,6405.0196751645035,6405.0196751645035,6405.0196751645035,6405.0196751645035,6405.0196751645035,6405.0196751645035,6405.0196751645035,6405.0196751645035,6405.0196751645035,6405.0196751645035,6405.0196751645035,6405.0196751645035,6405.0196751645035,6405.0196751645035,6405.0196751645035,6405.0196751645035,6405.0196751645035,6405.0196751645035,6405.0196751645035,6405.0196751645035,6405.0196751645035,6405.0196751645035,6405.0196751645035,6405.0196751645035,6405.0196751645035,6405.439321427274,6405.439321427274,6405.439321427274,6405.439321427274,6405.439321427274,6405.439321427274,6405.439321427274,6405.439321427274,6405.439321427274,6405.439321427274,6405.439321427274,6405.439321427274,6405.439321427274,6405.439321427274,6405.439321427274,6405.439321427274,6405.439321427274,6405.439321427274,6405.439321427274,6405.439321427274,6405.439321427274,6405.439321427274,6405.439321427274,6405.439321427274,6405.439321427274,6405.439321427274,6405.439321427274,6405.439321427274,6405.8113941268375,6405.8113941268375,6405.8113941268375,6405.8113941268375,6405.8113941268375,6405.8113941268375,6405.8113941268375,6405.8113941268375,6405.8113941268375,6405.8113941268375,6405.8113941268375,6405.8113941268375,6405.8113941268375,6405.8113941268375,6405.8113941268375,6405.8113941268375,6405.8113941268375,6405.8113941268375,6405.8113941268375,6405.8113941268375,6405.8113941268375,6405.8113941268375,6405.8113941268375,6405.8113941268375,6405.8113941268375,6405.8113941268375,6405.8113941268375,6405.8113941268375,6405.8113941268375,6405.8113941268375,6405.8113941268375,6405.8113941268375,6405.8113941268375,6405.8113941268375,6405.8113941268375,6405.8113941268375,6405.8113941268375,6405.8113941268375,6405.8113941268375,6405.8113941268375,6405.8113941268375,6405.8113941268375,6405.8113941268375,6405.8113941268375,6405.8113941268375,6405.8113941268375,6405.8113941268375,6405.8113941268375,6405.8113941268375,6405.8113941268375,6405.8113941268375,6405.8113941268375,6405.8113941268375,6405.8113941268375,6405.8113941268375,6405.8113941268375,6401.867085403316,6401.867085403316,6404.562183618098,6404.562183618098,6404.562183618098,6404.562183618098,6404.562183618098,6404.562183618098,6404.562183618098,6404.562183618098,6403.104488460576,6403.104488460576,6403.104488460576,6403.104488460576,6403.104488460576,6403.104488460576,6403.104488460576,6403.104488460576,6403.104488460576,6403.104488460576,6403.104488460576,6403.104488460576,6403.104488460576,6403.104488460576,6403.104488460576,6403.104488460576,6403.104488460576,6403.104488460576,6403.104488460576,6403.104488460576,6403.104488460576,6403.104488460576,6403.104488460576,6403.104488460576,6403.104488460576,6403.104488460576,6403.104488460576,6403.104488460576,6402.623113322885,6402.623113322885,6402.623113322885,6402.623113322885,6402.623113322885,6402.623113322885,6402.623113322885,6402.623113322885,6402.623113322885,6402.623113322885,6402.623113322885,6402.623113322885,6402.623113322885,6402.623113322885,6402.623113322885,6402.623113322885,6402.623113322885,6402.623113322885,6402.623113322885,6402.623113322885,6402.623113322885,6402.613305820177,6402.613305820177,6402.613305820177,6402.613305820177,6402.613305820177,6402.613305820177,6402.613305820177,6402.613305820177,6402.613305820177,6402.613305820177,6402.613305820177,6404.571371486959,6404.571371486959,6404.571371486959,6404.571371486959,6404.571371486959,6404.571371486959,6404.571371486959,6404.571371486959,6404.571371486959,6404.571371486959,6404.571371486959,6404.571371486959,6404.571371486959,6404.571371486959,6404.571371486959,6404.571371486959,6404.571371486959,6404.571371486959,6404.571371486959,6404.571371486959,6404.571371486959,6404.571371486959,6404.571371486959,6404.571371486959,6404.571371486959,6404.571371486959,6404.571371486959,6404.571371486959,6404.571371486959,6404.571371486959,6404.571371486959,6404.571371486959,6404.571371486959,6404.571371486959,6404.571371486959,6402.261240668212,6401.589078451518,6401.589078451518,6401.589078451518,6401.589078451518,6401.589078451518,6401.589078451518,6401.589078451518,6402.282255179501,6402.282255179501,6402.282255179501,6402.282255179501,6402.282255179501,6402.282255179501,6402.282255179501,6403.589326942613,6403.589326942613,6403.589326942613,6403.589326942613,6403.589326942613,6403.589326942613,6403.589326942613,6403.589326942613,6403.589326942613,6403.589326942613,6403.589326942613,6403.589326942613,6403.589326942613,6403.589326942613,6403.589326942613,6403.589326942613,6403.589326942613,6403.589326942613,6403.589326942613,6403.589326942613,6403.589326942613,6403.589326942613,6403.589326942613,6403.589326942613,6403.589326942613,6403.589326942613,6403.589326942613,6403.589326942613,6403.589326942613,6403.589326942613,6403.589326942613,6403.589326942613,6403.589326942613,6403.589326942613,6403.589326942613,6403.589326942613,6403.589326942613,6403.589326942613,6403.589326942613,6403.589326942613,6403.589326942613,6403.589326942613,6403.589326942613,6403.589326942613,6403.589326942613,6403.589326942613,6403.589326942613,6403.589326942613,6403.589326942613,6403.589326942613,6403.321590258894,6403.321590258894,6403.321590258894,6403.321590258894,6403.321590258894,6403.321590258894,6403.321590258894,6403.321590258894,6403.321590258894,6403.321590258894,6403.321590258894,6403.321590258894,6403.321590258894,6403.321590258894,6403.321590258894,6403.321590258894,6403.321590258894,6403.321590258894,6403.321590258894,6403.321590258894,6403.321590258894,6403.321590258894,6403.321590258894,6403.676305502712,6403.676305502712,6403.676305502712,6403.676305502712,6403.676305502712,6403.676305502712,6403.676305502712,6403.676305502712,6403.676305502712,6403.676305502712,6403.676305502712,6403.676305502712,6403.676305502712,6403.676305502712,6403.676305502712,6403.676305502712,6403.676305502712,6403.676305502712,6403.676305502712,6403.676305502712,6403.676305502712,6403.676305502712,6403.088722431619,6403.088722431619,6403.088722431619,6403.088722431619,6403.088722431619,6403.088722431619,6403.088722431619,6403.088722431619,6403.088722431619,6403.088722431619,6403.088722431619,6403.088722431619,6403.088722431619,6403.088722431619,6403.088722431619,6403.088722431619,6403.088722431619,6403.088722431619,6403.088722431619,6403.088722431619,6403.088722431619,6403.088722431619,6403.088722431619,6403.088722431619,6403.088722431619,6403.088722431619,6402.597153735312,6402.597153735312,6402.597153735312,6402.597153735312,6402.597153735312,6402.597153735312,6402.597153735312,6402.597153735312,6402.597153735312,6402.597153735312,6402.597153735312,6402.597153735312,6402.597153735312,6402.597153735312,6402.597153735312,6402.597153735312,6402.597153735312,6402.597153735312,6402.597153735312,6402.597153735312,6402.597153735312,6402.597153735312,6402.597153735312,6402.597153735312,6402.597153735312,6404.886824894609,6404.886824894609,6404.886824894609,6404.886824894609,6404.886824894609,6404.886824894609,6404.886824894609,6404.886824894609,6404.886824894609,6404.886824894609,6404.886824894609,6404.886824894609,6404.886824894609,6404.886824894609,6404.886824894609,6404.886824894609,6404.886824894609,6404.886824894609,6404.886824894609,6404.886824894609,6404.886824894609,6404.886824894609,6404.886824894609,6404.886824894609,6404.886824894609,6404.886824894609,6404.886824894609,6404.886824894609,6404.886824894609,6404.886824894609,6404.886824894609,6404.886824894609,6404.886824894609,6404.886824894609,6404.886824894609,6404.886824894609,6404.886824894609,6404.886824894609,6404.886824894609,6404.886824894609,6404.886824894609,6404.886824894609,6404.886824894609,6404.886824894609,6404.886824894609,6404.886824894609,6404.886824894609,6404.886824894609,6404.886824894609,6404.886824894609,6404.886824894609,6404.886824894609,6404.886824894609,6404.886824894609,6404.886824894609,6404.886824894609,6404.886824894609,6404.886824894609,6404.886824894609,6404.886824894609,6404.886824894609,6404.886824894609,6404.886824894609,6404.886824894609,6404.886824894609,6404.886824894609,6404.886824894609,6404.886824894609,6404.886824894609,6404.886824894609,6404.886824894609,6404.886824894609,6404.782133913053,6404.782133913053,6404.782133913053,6404.782133913053,6404.782133913053,6404.782133913053,6404.782133913053,6404.782133913053,6404.782133913053,6404.782133913053,6404.782133913053,6404.782133913053,6404.782133913053,6404.782133913053,6404.782133913053,6404.782133913053,6404.782133913053,6404.782133913053,6404.782133913053,6404.782133913053,6404.782133913053,6404.782133913053,6404.782133913053,6404.782133913053,6404.782133913053,6404.782133913053,6404.782133913053,6404.782133913053,6404.782133913053,6404.782133913053,6404.782133913053,6404.782133913053,6404.782133913053,6404.782133913053,6404.782133913053,6404.782133913053,6404.782133913053,6404.782133913053,6404.782133913053,6404.347318950337,6404.347318950337,6404.347318950337,6404.347318950337,6404.347318950337,6404.347318950337,6404.347318950337,6404.347318950337,6404.347318950337,6404.347318950337,6404.347318950337,6404.347318950337,6404.347318950337,6404.347318950337,6404.347318950337,6404.347318950337,6404.347318950337,6404.347318950337,6404.347318950337,6404.347318950337,6404.347318950337,6404.347318950337,6404.347318950337,6404.347318950337,6404.347318950337,6404.347318950337,6404.347318950337,6404.347318950337,6404.347318950337,6404.347318950337,6404.347318950337,6404.347318950337,6404.347318950337,6404.347318950337,6404.347318950337,6404.347318950337,6404.347318950337,6404.347318950337,6404.347318950337,6405.051587717504,6405.051587717504,6405.051587717504,6405.051587717504,6405.051587717504,6405.051587717504,6405.051587717504,6405.051587717504,6405.051587717504,6405.051587717504,6405.051587717504,6405.051587717504,6405.051587717504,6405.051587717504,6405.051587717504,6405.051587717504,6405.051587717504,6405.051587717504,6405.051587717504,6405.051587717504,6405.051587717504,6405.051587717504,6405.051587717504,6405.051587717504,6405.051587717504,6405.051587717504,6405.051587717504,6405.051587717504,6405.051587717504,6405.051587717504,6405.051587717504,6405.051587717504,6405.051587717504,6405.051587717504,6405.051587717504,6405.051587717504,6405.051587717504,6405.051587717504,6405.051587717504,6405.051587717504,6405.051587717504,6405.051587717504,6405.051587717504,6405.051587717504,6405.051587717504,6405.051587717504,6405.051587717504,6405.051587717504,6405.051587717504,6405.051587717504,6405.051587717504,6405.051587717504,6405.051587717504,6405.051587717504,6403.818425631864,6403.818425631864,6403.818425631864,6403.818425631864,6403.818425631864,6403.818425631864,6403.818425631864,6403.818425631864,6403.818425631864,6403.818425631864,6403.818425631864,6403.818425631864,6403.818425631864,6403.818425631864,6403.818425631864,6402.740209960759,6402.740209960759,6402.740209960759,6402.740209960759,6402.740209960759,6402.740209960759,6402.740209960759,6402.740209960759,6402.740209960759,6402.740209960759,6402.740209960759,6402.740209960759,6402.740209960759,6402.740209960759,6404.16357073083,6404.16357073083,6405.154404179685,6405.154404179685,6405.154404179685,6405.154404179685,6405.154404179685,6405.154404179685,6405.154404179685,6405.154404179685,6405.154404179685,6405.154404179685,6405.154404179685,6405.154404179685,6405.154404179685,6405.154404179685,6405.154404179685,6405.154404179685,6405.154404179685,6405.154404179685,6405.154404179685,6405.154404179685,6405.154404179685,6405.154404179685,6405.154404179685,6405.154404179685,6405.154404179685,6405.154404179685,6405.154404179685,6405.154404179685,6403.403897589709,6403.403897589709,6403.403897589709,6403.403897589709,6403.403897589709,6403.403897589709,6403.403897589709,6403.403897589709,6403.403897589709,6403.403897589709,6403.403897589709,6403.403897589709,6403.403897589709,6403.403897589709,6403.403897589709,6403.403897589709,6403.403897589709,6403.403897589709,6403.403897589709,6403.403897589709,6403.403897589709,6403.403897589709,6403.403897589709,6403.403897589709,6403.403897589709,6403.403897589709,6403.403897589709,6403.403897589709,6403.403897589709,6403.403897589709,6403.403897589709,6403.403897589709,6403.403897589709,6403.403897589709,6403.403897589709,6403.403897589709,6403.403897589709,6403.403897589709,6403.403897589709,6403.403897589709,6403.403897589709,6403.403897589709,6403.403897589709,6403.403897589709,6403.403897589709,6403.403897589709,6403.403897589709,6403.403897589709,6401.728508077569,6401.728508077569,6401.728508077569,6401.728508077569,6401.728508077569,6401.728508077569,6401.728508077569,6401.728508077569,6401.728508077569,6401.728508077569,6401.728508077569,6401.728508077569,6401.728508077569,6401.728508077569,6403.441243902899,6403.441243902899,6403.441243902899,6403.441243902899,6403.441243902899,6403.441243902899,6403.441243902899,6404.718433185478,6404.718433185478,6404.718433185478,6404.718433185478,6404.718433185478,6404.718433185478,6404.718433185478,6404.718433185478,6404.718433185478,6404.718433185478,6404.718433185478,6404.718433185478,6404.718433185478,6404.718433185478,6404.718433185478,6404.718433185478,6404.718433185478,6404.718433185478,6404.718433185478,6404.718433185478,6404.718433185478,6404.718433185478,6402.774324168919,6402.774324168919,6402.774324168919,6402.774324168919,6403.20587466737,6403.20587466737,6403.20587466737,6403.20587466737,6406.284778358393,6406.284778358393,6406.284778358393,6406.284778358393,6406.284778358393,6406.284778358393,6406.284778358393,6406.284778358393,6406.284778358393,6406.284778358393,6406.284778358393,6406.284778358393,6406.284778358393,6406.284778358393,6406.284778358393,6406.284778358393,6406.284778358393,6406.284778358393,6406.284778358393,6406.284778358393,6406.284778358393,6406.284778358393,6402.671835063656,6402.671835063656,6402.671835063656,6402.671835063656,6402.671835063656,6402.671835063656,6402.671835063656,6402.671835063656,6402.671835063656,6402.671835063656,6402.671835063656,6402.671835063656,6402.671835063656,6402.671835063656,6402.671835063656,6402.671835063656,6402.671835063656,6402.671835063656,6402.671835063656,6402.671835063656,6402.671835063656,6402.671835063656,6402.671835063656,6402.671835063656,6402.671835063656,6402.671835063656,6402.671835063656,6402.671835063656,6402.671835063656,6402.671835063656,6402.671835063656,6402.671835063656,6402.671835063656,6402.671835063656,6402.671835063656,6402.671835063656,6402.671835063656,6402.671835063656,6402.671835063656,6402.671835063656,6402.671835063656,6402.671835063656,6402.671835063656,6402.671835063656,6402.671835063656,6402.671835063656,6402.671835063656,6402.671835063656,6402.671835063656,6402.671835063656,6402.671835063656,6402.671835063656,6402.671835063656,6402.671835063656,6402.671835063656,6402.671835063656,6402.671835063656,6402.671835063656,6402.671835063656,6402.671835063656,6402.671835063656,6402.671835063656,6402.671835063656,6402.671835063656,6402.671835063656,6402.671835063656,6402.671835063656,6402.671835063656,6402.671835063656,6402.671835063656,6402.671835063656,6402.671835063656,6402.671835063656,6402.671835063656,6402.671835063656,6402.671835063656,6402.671835063656,6402.782969206953,6402.782969206953,6402.970293155973,6402.970293155973,6402.970293155973,6402.970293155973,6402.970293155973,6402.970293155973,6402.970293155973,6402.970293155973,6402.970293155973,6402.970293155973,6402.970293155973,6402.970293155973,6402.970293155973,6398.652679680719,6398.652679680719,6398.652679680719,6398.652679680719,6398.652679680719,6398.652679680719,6398.652679680719,6398.652679680719,6398.652679680719,6398.652679680719,6398.652679680719,6398.652679680719,6398.652679680719,6398.652679680719,6398.652679680719,6398.652679680719,6398.652679680719,6398.652679680719,6398.652679680719,6398.652679680719,6398.652679680719,6398.652679680719,6398.652679680719,6398.652679680719,6398.652679680719,6398.652679680719,6398.652679680719,6398.652679680719,6398.652679680719,6398.652679680719,6398.652679680719,6398.652679680719,6398.652679680719,6398.652679680719,6398.652679680719,6398.652679680719,6398.652679680719,6398.652679680719,6398.652679680719,6398.652679680719,6398.652679680719,6398.652679680719,6398.652679680719,6398.652679680719,6398.652679680719,6398.652679680719,6398.652679680719,6398.652679680719,6398.652679680719,6398.652679680719,6398.652679680719,6398.652679680719,6398.652679680719,6402.376064675953,6402.376064675953,6402.376064675953,6402.376064675953,6402.376064675953,6402.376064675953,6402.376064675953,6402.376064675953,6402.376064675953,6402.376064675953,6402.376064675953,6402.376064675953,6402.376064675953,6402.376064675953,6402.376064675953,6402.376064675953,6402.376064675953,6402.376064675953,6402.376064675953,6402.376064675953,6402.376064675953,6402.376064675953,6402.376064675953,6402.376064675953,6402.376064675953,6402.376064675953,6402.376064675953,6402.376064675953,6402.376064675953,6402.376064675953,6402.376064675953,6402.376064675953,6402.376064675953,6402.376064675953,6402.376064675953,6402.376064675953,6402.376064675953,6402.376064675953,6402.376064675953,6402.376064675953,6402.376064675953,6402.376064675953,6402.376064675953,6402.376064675953,6402.564599853262,6401.813934730245,6401.813934730245,6401.813934730245,6401.813934730245,6401.813934730245,6401.813934730245,6401.840016012841,6401.840016012841,6401.840016012841,6401.840016012841,6401.840016012841,6401.840016012841,6401.840016012841,6401.840016012841,6401.840016012841,6401.840016012841,6401.840016012841,6401.840016012841,6401.840016012841,6401.840016012841,6401.859723868406,6401.859723868406,6401.859723868406,6401.859723868406,6401.859723868406,6401.859723868406,6401.859723868406,6401.859723868406,6400.041150983129,6400.041150983129,6400.041150983129,6400.041150983129,6400.041150983129,6400.041150983129,6400.041150983129,6400.041150983129,6400.041150983129,6400.041150983129,6400.041150983129,6400.041150983129,6400.041150983129,6400.041150983129,6400.041150983129,6400.041150983129,6400.041150983129,6400.041150983129,6400.041150983129,6400.041150983129,6400.041150983129,6400.041150983129,6400.041150983129,6400.041150983129,6400.041150983129,6400.041150983129,6400.041150983129,6400.041150983129,6400.041150983129,6400.041150983129,6400.041150983129,6400.041150983129,6401.983871407306,6401.983871407306,6401.983871407306,6401.983871407306,6401.983871407306,6401.983871407306,6401.983871407306,6401.983871407306,6401.983871407306,6401.983871407306,6401.983871407306,6401.983871407306,6401.983871407306,6401.983871407306,6401.983871407306,6401.983871407306,6401.983871407306,6401.983871407306,6401.983871407306,6401.983871407306,6401.983871407306,6401.983871407306,6401.983871407306,6401.983871407306,6401.983871407306,6401.983871407306,6401.983871407306,6401.983871407306,6401.983871407306,6401.983871407306,6401.983871407306,6401.983871407306,6401.983871407306,6401.983871407306,6401.983871407306,6401.983871407306,6401.983871407306,6401.983871407306,6401.983871407306,6401.983871407306,6401.983871407306,6401.983871407306,6401.983871407306,6401.983871407306,6401.983871407306,6401.983871407306,6401.983871407306,6401.983871407306,6401.983871407306,6401.983871407306,6401.983871407306,6401.983871407306,6401.983871407306,6401.983871407306,6401.983871407306,6401.983871407306,6401.983871407306,6401.983871407306,6401.983871407306,6401.983871407306,6401.983871407306,6401.983871407306,6401.983871407306,6401.983871407306,6401.983871407306,6401.983871407306,6401.983871407306,6401.983871407306,6401.983871407306,6401.983871407306,6401.983871407306,6401.983871407306,6401.983871407306,6401.983871407306,6401.983871407306,6401.983871407306,6401.983871407306,6401.983871407306,6401.983871407306,6401.983871407306,6401.983871407306,6401.983871407306,6401.983871407306,6401.983871407306,6401.983871407306,6401.983871407306,6401.983871407306,6401.983871407306,6401.983871407306,6401.983871407306,6401.983871407306,6401.983871407306,6401.983871407306,6401.983871407306,6401.983871407306,6401.983871407306,6401.983871407306,6401.983871407306,6401.983871407306,6401.983871407306,6401.983871407306,6401.983871407306,6401.983871407306,6401.983871407306,6401.983871407306,6401.983871407306,6401.983871407306,6401.983871407306,6401.983871407306,6401.983871407306,6401.983871407306,6401.983871407306,6401.983871407306,6401.983871407306,6401.983871407306,6401.983871407306,6401.983871407306,6401.983871407306,6401.983871407306,6401.983871407306,6401.983871407306,6401.983871407306,6401.983871407306,6401.983871407306,6401.983871407306,6401.983871407306,6401.983871407306,6401.983871407306,6401.983871407306,6401.983871407306,6401.983871407306,6401.983871407306,6401.983871407306,6401.983871407306,6401.983871407306,6401.983871407306,6401.983871407306,6401.983871407306,6401.983871407306,6401.983871407306,6401.983871407306,6401.983871407306,6401.983871407306,6401.983871407306,6401.983871407306,6401.983871407306,6401.983871407306,6401.983871407306,6401.983871407306,6401.983871407306,6401.983871407306,6401.983871407306,6401.983871407306,6401.983871407306,6401.983871407306,6401.983871407306,6401.983871407306,6401.983871407306,6401.983871407306,6401.983871407306,6401.983871407306,6401.983871407306,6403.824492555419,6403.824492555419,6403.824492555419,6403.824492555419,6403.824492555419,6403.824492555419,6403.824492555419,6403.824492555419,6403.824492555419,6403.824492555419,6403.824492555419,6403.824492555419,6403.824492555419,6403.824492555419,6403.824492555419,6403.824492555419,6403.824492555419,6403.824492555419,6402.125525570073,6402.125525570073,6402.125525570073,6402.125525570073,6402.125525570073,6402.125525570073,6402.125525570073,6402.125525570073,6402.125525570073,6402.125525570073,6402.125525570073,6402.125525570073,6402.125525570073,6402.125525570073,6402.125525570073,6402.125525570073,6402.125525570073,6402.125525570073,6402.125525570073,6402.125525570073,6402.125525570073,6402.125525570073,6402.125525570073,6402.125525570073,6402.125525570073,6402.125525570073,6402.125525570073,6402.125525570073,6402.125525570073,6402.125525570073,6402.125525570073,6402.125525570073,6402.125525570073,6402.125525570073,6402.125525570073,6402.125525570073,6402.125525570073,6402.125525570073,6402.125525570073,6402.125525570073,6402.125525570073,6402.125525570073,6402.125525570073,6402.125525570073,6402.125525570073,6402.125525570073,6402.125525570073,6402.125525570073,6402.125525570073,6402.125525570073,6402.125525570073,6402.125525570073,6402.125525570073,6402.125525570073,6402.125525570073,6402.125525570073,6402.125525570073,6402.125525570073,6402.125525570073,6402.125525570073,6402.125525570073,6402.125525570073,6402.125525570073,6402.125525570073,6402.125525570073,6402.125525570073,6401.642352104079,6401.642352104079,6401.642352104079,6401.642352104079,6401.642352104079,6401.642352104079,6401.642352104079,6401.642352104079,6401.642352104079,6401.642352104079,6401.642352104079,6401.642352104079,6401.642352104079,6401.642352104079,6401.642352104079,6402.904911093511,6402.904911093511,6402.904911093511,6402.904911093511,6402.904911093511,6402.904911093511,6402.904911093511,6402.904911093511,6402.904911093511,6400.855314712426,6400.855314712426,6400.855314712426,6400.855314712426,6400.855314712426,6400.855314712426,6400.855314712426,6400.855314712426,6400.855314712426,6400.855314712426,6400.855314712426,6400.855314712426,6400.855314712426,6400.855314712426,6400.855314712426,6400.855314712426,6400.855314712426,6400.855314712426,6400.855314712426,6400.855314712426,6400.855314712426,6400.855314712426,6400.855314712426,6400.855314712426,6400.855314712426,6400.855314712426,6400.855314712426,6400.855314712426,6400.855314712426,6400.855314712426,6400.855314712426,6400.855314712426,6400.855314712426,6400.855314712426,6400.855314712426,6400.855314712426,6400.855314712426,6400.855314712426,6400.855314712426,6400.855314712426,6400.855314712426,6400.855314712426,6402.30214056012,6402.30214056012,6403.198211177651,6403.198211177651,6403.198211177651,6403.198211177651,6403.198211177651,6403.198211177651,6403.198211177651,6403.198211177651,6403.198211177651,6403.198211177651,6403.198211177651,6403.198211177651,6403.198211177651,6401.02427487975,6401.02427487975,6401.02427487975,6401.02427487975,6401.02427487975,6401.02427487975,6401.02427487975,6401.02427487975,6401.02427487975,6401.02427487975,6401.02427487975,6401.02427487975,6400.974571722841,6400.779091412389,6400.779091412389,6400.779091412389,6400.779091412389,6400.779091412389,6400.779091412389,6400.779091412389,6400.779091412389,6400.779091412389,6401.998364966237,6401.998364966237,6401.998364966237,6401.998364966237,6401.998364966237,6401.998364966237,6401.998364966237,6401.998364966237,6401.998364966237,6401.998364966237,6401.998364966237,6401.998364966237,6401.998364966237,6401.998364966237,6401.998364966237,6401.998364966237,6401.998364966237,6401.998364966237,6401.274061975822,6401.274061975822,6401.274061975822,6401.274061975822,6401.274061975822,6401.274061975822,6401.274061975822,6401.274061975822,6401.274061975822,6403.780335980408,6403.780335980408,6403.780335980408,6403.780335980408,6403.780335980408,6403.780335980408,6403.780335980408,6403.780335980408,6403.780335980408,6403.780335980408,6403.780335980408,6403.780335980408,6403.780335980408,6403.780335980408,6403.780335980408,6403.780335980408,6403.780335980408,6403.780335980408,6403.780335980408,6403.780335980408,6403.780335980408,6403.780335980408,6403.780335980408,6403.780335980408,6403.780335980408,6403.780335980408,6403.780335980408,6403.780335980408,6403.780335980408,6403.780335980408,6403.780335980408,6403.780335980408,6403.780335980408,6403.780335980408,6402.312723524556,6402.312723524556,6402.312723524556,6402.312723524556,6402.312723524556,6402.312723524556,6402.312723524556,6402.312723524556,6402.312723524556,6402.488419855941,6402.488419855941,6402.488419855941,6402.488419855941,6402.251710941208,6402.251710941208,6402.251710941208,6402.251710941208,6402.251710941208,6402.251710941208,6402.251710941208,6402.251710941208,6402.251710941208,6402.251710941208,6402.251710941208,6402.251710941208,6402.251710941208,6402.251710941208,6402.251710941208,6402.251710941208,6402.251710941208,6402.251710941208,6402.251710941208,6402.251710941208,6402.251710941208,6402.251710941208,6402.251710941208,6402.251710941208,6402.251710941208,6402.251710941208,6402.251710941208,6402.251710941208,6402.251710941208,6402.251710941208,6402.251710941208,6402.251710941208,6402.251710941208,6402.251710941208,6402.251710941208,6402.251710941208,6402.251710941208,6402.251710941208,6402.251710941208,6402.251710941208,6402.251710941208,6402.251710941208,6402.251710941208,6402.251710941208,6402.251710941208,6402.251710941208,6402.251710941208,6402.251710941208,6402.251710941208,6402.251710941208,6402.251710941208,6402.251710941208,6402.251710941208,6402.251710941208,6402.251710941208,6402.251710941208,6402.251710941208,6402.251710941208,6402.251710941208,6402.251710941208,6402.251710941208,6402.251710941208,6402.251710941208,6402.251710941208,6402.251710941208,6402.251710941208,6402.251710941208,6402.251710941208,6402.251710941208,6402.251710941208,6400.576839158427,6400.576839158427,6400.576839158427,6400.576839158427,6400.576839158427,6400.576839158427,6400.576839158427,6400.576839158427,6400.576839158427,6400.576839158427,6400.576839158427,6400.576839158427,6400.576839158427,6400.576839158427,6400.576839158427,6400.576839158427,6400.576839158427,6400.576839158427,6400.576839158427,6400.576839158427,6400.576839158427,6400.576839158427,6400.576839158427,6400.576839158427,6400.576839158427,6400.576839158427,6400.576839158427,6400.576839158427,6400.576839158427,6400.576839158427,6400.576839158427,6400.576839158427,6400.576839158427,6400.576839158427,6400.576839158427,6400.576839158427,6400.576839158427,6400.576839158427,6400.576839158427,6400.576839158427,6400.576839158427,6400.576839158427,6400.576839158427,6400.576839158427,6400.576839158427,6400.576839158427,6400.576839158427,6400.576839158427,6400.576839158427,6400.576839158427,6400.576839158427,6400.576839158427,6400.576839158427,6400.576839158427,6400.576839158427,6400.576839158427,6400.576839158427,6400.576839158427,6400.576839158427,6400.576839158427,6400.576839158427,6400.576839158427,6400.576839158427,6400.576839158427,6400.576839158427,6400.576839158427,6400.576839158427,6400.576839158427,6400.576839158427,6400.576839158427,6400.576839158427,6400.576839158427,6401.634810969866,6401.634810969866,6401.634810969866,6401.634810969866,6401.634810969866,6401.634810969866,6401.634810969866,6401.634810969866,6401.634810969866,6401.634810969866,6401.634810969866,6401.634810969866,6401.634810969866,6401.634810969866,6401.634810969866,6401.634810969866,6401.634810969866,6401.634810969866,6401.634810969866,6401.634810969866,6401.634810969866,6401.634810969866,6401.634810969866,6401.634810969866,6401.634810969866,6401.634810969866,6401.634810969866,6401.634810969866,6401.634810969866,6401.634810969866,6401.634810969866,6401.634810969866,6401.634810969866,6401.634810969866,6401.634810969866,6401.634810969866,6401.634810969866,6401.634810969866,6401.634810969866,6401.634810969866,6400.458847636355,6400.458847636355,6400.458847636355,6400.458847636355,6400.458847636355,6400.458847636355,6400.458847636355,6400.458847636355,6400.458847636355,6400.458847636355,6403.338966824473,6403.338966824473,6403.338966824473,6403.338966824473,6403.338966824473,6403.338966824473,6403.338966824473,6403.338966824473,6403.338966824473,6403.338966824473,6403.338966824473,6403.338966824473,6403.338966824473,6403.338966824473,6403.338966824473,6403.338966824473,6403.338966824473,6404.3096032727335,6404.3096032727335,6404.3096032727335,6404.3096032727335,6404.3096032727335,6404.3096032727335,6404.546090432652,6404.546090432652,6404.467880971908,6404.467880971908,6404.467880971908,6404.467880971908,6404.467880971908,6404.467880971908,6404.467880971908,6404.467880971908,6404.467880971908,6404.467880971908,6404.467880971908,6404.467880971908,6404.467880971908,6404.467880971908,6404.467880971908,6404.467880971908,6404.467880971908,6404.467880971908,6404.467880971908,6404.467880971908,6404.467880971908,6404.467880971908,6404.467880971908,6404.467880971908,6404.467880971908,6404.467880971908,6404.467880971908,6404.467880971908,6404.467880971908,6404.467880971908,6404.467880971908,6404.467880971908,6404.467880971908,6404.467880971908,6404.467880971908,6404.467880971908,6404.467880971908,6404.467880971908,6404.467880971908,6404.467880971908,6404.467880971908,6404.467880971908,6402.1832180188685,6402.1832180188685,6402.1832180188685,6402.1832180188685,6403.000404154487,6403.000404154487,6403.000404154487,6403.000404154487,6403.000404154487,6403.000404154487,6403.000404154487,6403.000404154487,6403.000404154487,6403.000404154487,6403.000404154487,6403.000404154487,6403.000404154487,6403.000404154487,6403.000404154487,6403.000404154487,6401.828166996318,6401.828166996318,6401.828166996318,6401.828166996318,6401.828166996318,6401.828166996318,6401.828166996318,6399.465331032915,6399.465331032915,6399.465331032915,6399.465331032915,6399.465331032915,6399.465331032915,6399.465331032915,6399.465331032915,6399.465331032915,6399.465331032915,6399.465331032915,6399.465331032915,6399.465331032915,6399.465331032915,6399.465331032915,6399.465331032915,6399.465331032915,6399.465331032915,6399.465331032915,6399.465331032915,6399.465331032915,6399.465331032915,6402.933304252198,6402.933304252198,6402.933304252198,6402.933304252198,6402.933304252198,6402.933304252198,6402.933304252198,6402.933304252198,6402.933304252198,6402.933304252198,6402.933304252198,6402.933304252198,6402.933304252198,6402.933304252198,6402.933304252198,6402.933304252198,6402.933304252198,6402.933304252198,6402.933304252198,6402.933304252198,6402.933304252198,6402.933304252198,6402.933304252198,6402.933304252198,6402.933304252198,6402.933304252198,6402.933304252198,6402.933304252198,6402.933304252198,6402.933304252198,6402.933304252198,6402.933304252198,6402.933304252198,6402.933304252198,6402.933304252198,6402.933304252198,6402.933304252198,6402.933304252198,6402.933304252198,6402.933304252198,6402.933304252198,6402.933304252198,6402.933304252198,6402.933304252198,6402.240540100136,6402.240540100136,6402.240540100136,6402.240540100136,6402.240540100136,6402.240540100136,6402.240540100136,6402.240540100136,6402.240540100136,6402.240540100136,6402.240540100136,6402.240540100136,6404.591813243991,6404.591813243991,6404.591813243991,6404.591813243991,6404.591813243991,6404.591813243991,6404.591813243991,6404.591813243991,6404.591813243991,6404.591813243991,6404.591813243991,6404.591813243991,6404.591813243991,6405.476413149416,6405.476413149416,6405.476413149416,6405.476413149416,6405.476413149416,6405.476413149416,6405.476413149416,6405.476413149416,6405.476413149416,6405.476413149416,6405.476413149416,6405.476413149416,6405.476413149416,6405.476413149416,6405.476413149416,6405.476413149416,6405.476413149416,6405.476413149416,6405.476413149416,6405.476413149416,6405.476413149416,6405.476413149416,6405.476413149416,6405.476413149416,6405.476413149416,6405.476413149416,6403.6624368557705,6404.590123518225,6404.590123518225,6404.590123518225,6404.590123518225,6404.590123518225,6404.590123518225,6404.590123518225,6404.590123518225,6404.590123518225,6404.590123518225,6404.590123518225,6404.590123518225,6404.590123518225,6404.590123518225,6404.590123518225,6404.590123518225,6404.590123518225,6404.590123518225,6404.590123518225,6404.590123518225,6404.590123518225,6404.590123518225,6404.590123518225,6404.590123518225,6404.590123518225,6404.590123518225,6404.590123518225,6404.590123518225,6404.590123518225,6404.590123518225,6404.590123518225,6404.590123518225,6404.590123518225,6404.590123518225,6404.590123518225,6404.590123518225,6404.590123518225,6404.590123518225,6404.590123518225,6404.590123518225,6404.590123518225,6404.590123518225,6404.590123518225,6404.590123518225,6404.590123518225,6403.53669370415,6403.53669370415,6403.53669370415,6403.53669370415,6403.53669370415,6403.53669370415,6403.53669370415,6403.53669370415,6403.53669370415,6403.53669370415,6403.53669370415,6403.53669370415,6403.53669370415,6403.53669370415,6403.53669370415,6403.53669370415,6403.53669370415,6403.53669370415,6403.53669370415,6403.53669370415,6403.53669370415,6404.380806145638,6404.380806145638,6404.380806145638,6404.380806145638,6404.380806145638,6404.380806145638,6404.380806145638,6404.380806145638,6404.380806145638,6404.380806145638,6404.380806145638,6404.380806145638,6404.380806145638,6404.380806145638,6404.380806145638,6404.380806145638,6404.380806145638,6404.380806145638,6404.380806145638,6404.380806145638,6404.380806145638,6404.380806145638,6404.380806145638,6404.380806145638,6404.380806145638,6404.380806145638,6404.380806145638,6404.380806145638,6404.380806145638,6404.380806145638,6404.380806145638,6404.380806145638,6404.380806145638,6404.380806145638,6404.380806145638,6404.959878595487,6404.959878595487,6404.959878595487,6404.959878595487,6404.959878595487,6404.959878595487,6404.959878595487,6404.959878595487,6404.959878595487,6404.959878595487,6404.959878595487,6404.959878595487,6404.959878595487,6404.959878595487,6404.959878595487,6404.959878595487,6404.959878595487,6404.959878595487,6404.959878595487,6404.959878595487,6404.959878595487,6404.959878595487,6404.959878595487,6404.959878595487,6404.959878595487,6404.959878595487,6404.959878595487,6404.959878595487,6404.959878595487,6404.959878595487,6404.959878595487,6404.959878595487,6404.959878595487,6404.959878595487,6404.959878595487,6404.959878595487,6404.959878595487,6404.959878595487,6404.959878595487,6404.959878595487,6404.959878595487,6404.959878595487,6404.959878595487,6404.959878595487,6404.959878595487,6404.119737255419,6404.119737255419,6404.119737255419,6404.119737255419,6404.119737255419,6404.119737255419,6404.119737255419,6404.119737255419,6404.119737255419,6404.119737255419,6404.119737255419,6404.119737255419,6404.119737255419,6404.119737255419,6404.119737255419,6404.119737255419,6404.119737255419,6404.119737255419,6404.119737255419,6404.119737255419,6404.119737255419,6404.119737255419,6404.119737255419,6404.119737255419,6405.5052994986645,6405.5052994986645,6405.5052994986645,6405.5052994986645,6405.5052994986645,6405.5052994986645,6405.338437312698,6405.338437312698,6405.338437312698,6405.338437312698,6405.338437312698,6405.338437312698,6405.338437312698,6405.338437312698,6405.338437312698,6405.338437312698,6405.338437312698,6405.338437312698,6405.338437312698,6405.338437312698,6405.338437312698,6405.338437312698,6405.338437312698,6405.338437312698,6405.338437312698,6405.338437312698,6405.338437312698,6405.338437312698,6405.338437312698,6405.338437312698,6405.338437312698,6405.338437312698,6405.338437312698,6405.338437312698,6405.338437312698,6405.338437312698,6405.338437312698,6405.338437312698,6405.338437312698,6405.338437312698,6405.338437312698,6405.338437312698,6405.1675813552365,6405.1675813552365,6405.1675813552365,6405.1675813552365,6405.1675813552365,6405.1675813552365,6405.1675813552365,6405.1675813552365,6405.1675813552365,6405.1675813552365,6405.1675813552365,6405.1675813552365,6405.1675813552365,6405.1675813552365,6405.1675813552365,6405.1675813552365,6405.1675813552365,6405.1675813552365,6405.1675813552365,6405.1675813552365,6405.1675813552365,6405.1675813552365,6405.1675813552365,6405.1675813552365,6405.1675813552365,6405.1675813552365,6405.1675813552365,6405.1675813552365,6405.1675813552365,6405.1675813552365,6405.1675813552365,6405.1675813552365,6406.001413121001,6406.001413121001,6406.001413121001,6406.001413121001,6406.001413121001,6406.027079298049,6406.027079298049,6406.027079298049,6406.027079298049,6406.027079298049,6406.027079298049,6406.027079298049,6406.027079298049,6406.027079298049,6406.027079298049,6406.027079298049,6406.027079298049,6406.027079298049,6406.027079298049,6406.027079298049,6406.027079298049,6406.027079298049,6406.027079298049,6406.027079298049,6406.027079298049,6406.027079298049,6406.027079298049,6406.027079298049,6406.027079298049,6406.027079298049,6406.027079298049,6406.027079298049,6406.027079298049,6406.027079298049,6406.027079298049,6406.027079298049,6406.027079298049,6406.027079298049,6406.027079298049,6406.027079298049,6406.027079298049,6406.027079298049,6406.027079298049,6406.027079298049,6406.027079298049,6406.027079298049,6406.027079298049,6406.027079298049,6406.027079298049,6406.027079298049,6406.027079298049,6406.027079298049,6406.027079298049,6406.027079298049,6406.027079298049,6406.027079298049,6406.027079298049,6406.027079298049,6406.027079298049,6406.027079298049,6406.027079298049,6406.027079298049,6406.027079298049,6406.027079298049,6406.027079298049,6406.027079298049,6406.027079298049,6404.89058282426,6404.89058282426,6404.89058282426,6404.89058282426,6404.89058282426,6404.89058282426,6404.89058282426,6404.89058282426,6404.89058282426,6404.89058282426,6404.89058282426,6404.89058282426,6404.89058282426,6404.89058282426,6404.89058282426,6404.89058282426,6404.89058282426,6404.89058282426,6404.89058282426,6404.89058282426,6404.89058282426,6404.89058282426,6404.89058282426,6404.89058282426,6404.89058282426,6404.89058282426,6404.89058282426,6404.89058282426,6404.89058282426,6404.89058282426,6404.89058282426,6404.89058282426,6404.89058282426,6404.89058282426,6404.89058282426,6404.89058282426,6404.89058282426,6404.89058282426,6404.89058282426,6404.89058282426,6404.89058282426,6404.89058282426,6404.89058282426,6404.89058282426,6404.89058282426,6404.89058282426,6404.89058282426,6404.89058282426,6404.89058282426,6404.89058282426,6404.89058282426,6404.89058282426,6404.89058282426,6404.89058282426,6404.89058282426,6404.89058282426,6404.89058282426,6404.89058282426,6404.89058282426,6404.89058282426,6404.89058282426,6404.89058282426,6404.89058282426,6404.89058282426,6404.89058282426,6404.89058282426,6404.89058282426,6404.89058282426,6404.89058282426,6404.89058282426,6404.89058282426,6404.89058282426,6404.89058282426,6404.89058282426,6404.89058282426,6404.89058282426,6404.89058282426,6404.89058282426,6404.89058282426,6404.89058282426,6404.89058282426,6404.89058282426,6404.89058282426,6404.89058282426,6404.89058282426,6404.89058282426,6404.89058282426,6404.89058282426,6404.89058282426,6404.89058282426,6404.89058282426,6404.89058282426,6404.89058282426,6404.89058282426,6404.89058282426,6404.89058282426,6404.89058282426,6404.89058282426,6404.89058282426,6404.89058282426,6404.89058282426,6404.89058282426,6404.89058282426,6404.89058282426,6404.89058282426,6404.89058282426,6404.89058282426,6404.89058282426,6404.89058282426,6404.89058282426,6404.89058282426,6404.89058282426,6404.89058282426,6404.89058282426,6404.89058282426,6404.89058282426,6404.89058282426,6404.89058282426,6404.89058282426,6404.89058282426,6404.89058282426,6404.89058282426,6404.89058282426,6404.89058282426,6404.89058282426,6404.89058282426,6404.89058282426,6404.89058282426,6404.89058282426,6404.89058282426,6404.89058282426,6404.89058282426,6404.89058282426,6404.89058282426,6404.89058282426,6404.89058282426,6404.89058282426,6404.89058282426,6404.89058282426,6404.89058282426,6404.89058282426,6404.89058282426,6404.89058282426,6404.89058282426,6404.987356848451,6404.987356848451,6404.987356848451,6404.987356848451,6404.518822274353,6404.518822274353,6404.518822274353,6404.518822274353,6404.518822274353,6404.518822274353,6404.518822274353,6404.518822274353,6404.518822274353,6404.518822274353,6404.518822274353,6404.518822274353,6404.518822274353,6404.518822274353,6404.518822274353,6404.518822274353,6404.518822274353,6404.518822274353,6404.518822274353,6404.518822274353,6404.518822274353,6404.518822274353,6404.518822274353,6404.518822274353,6404.518822274353,6404.518822274353,6403.4848453202785,6403.4848453202785,6403.4848453202785,6403.4848453202785,6403.4848453202785,6403.4848453202785,6403.4848453202785,6403.4848453202785,6403.4848453202785,6403.4848453202785,6403.4848453202785,6403.4848453202785,6403.4848453202785,6403.4848453202785,6403.4848453202785,6403.4848453202785,6403.4848453202785,6403.4848453202785,6403.4848453202785,6403.4848453202785,6403.4848453202785,6403.4848453202785,6403.4848453202785,6403.4848453202785,6403.4848453202785,6403.4848453202785,6403.4848453202785,6403.4848453202785,6403.4848453202785,6403.4848453202785,6403.4848453202785,6403.4848453202785,6403.4848453202785,6403.4848453202785,6403.4848453202785,6403.4848453202785,6403.4848453202785,6403.4848453202785,6403.4848453202785,6403.4848453202785,6403.4848453202785,6403.4848453202785,6403.4848453202785,6403.4848453202785,6403.4848453202785,6403.4848453202785,6403.4848453202785,6403.4848453202785,6403.4848453202785,6403.4848453202785,6403.4848453202785,6403.4848453202785,6403.4848453202785,6403.4848453202785,6403.4848453202785,6403.4848453202785,6403.4848453202785,6403.4848453202785,6403.4848453202785,6403.4848453202785,6403.4848453202785,6403.4848453202785,6403.4848453202785,6403.4848453202785,6402.48673452997,6403.009420984727,6403.009420984727,6403.009420984727,6403.009420984727,6403.009420984727,6403.009420984727,6403.009420984727,6403.009420984727,6403.009420984727,6403.009420984727,6403.009420984727,6403.009420984727,6403.009420984727,6403.009420984727,6403.009420984727,6403.009420984727,6403.009420984727,6403.009420984727,6403.009420984727,6403.009420984727,6403.009420984727,6403.009420984727,6403.009420984727,6403.009420984727,6403.009420984727,6403.009420984727,6403.009420984727,6403.009420984727,6403.009420984727,6403.009420984727,6403.009420984727,6403.009420984727,6403.009420984727,6403.009420984727,6403.009420984727,6403.009420984727,6403.009420984727,6403.009420984727,6403.009420984727,6403.009420984727,6403.009420984727,6403.009420984727,6403.009420984727,6403.009420984727,6403.009420984727,6403.009420984727,6404.054839564396,6404.054839564396,6404.054839564396,6404.054839564396,6404.054839564396,6404.054839564396,6404.054839564396,6404.054839564396,6404.054839564396,6404.054839564396,6404.054839564396,6404.054839564396,6404.054839564396,6404.054839564396,6404.054839564396,6404.054839564396,6404.054839564396,6404.054839564396,6404.054839564396,6404.054839564396,6404.054839564396,6404.054839564396,6404.054839564396,6404.054839564396,6404.054839564396,6404.054839564396,6404.054839564396,6404.054839564396,6404.054839564396,6404.054839564396,6404.054839564396,6404.054839564396,6404.054839564396,6404.054839564396,6403.128044254614,6402.098895715979,6402.098895715979,6402.098895715979,6402.098895715979,6402.098895715979,6402.098895715979,6402.098895715979,6402.098895715979,6402.098895715979,6402.098895715979,6402.098895715979,6402.098895715979,6402.098895715979,6402.098895715979,6402.098895715979,6402.098895715979,6402.098895715979,6402.098895715979,6402.098895715979,6402.098895715979,6402.098895715979,6402.098895715979,6402.098895715979,6402.098895715979,6402.098895715979,6402.098895715979,6402.098895715979,6402.098895715979,6402.098895715979,6402.098895715979,6402.098895715979,6402.098895715979,6402.098895715979,6402.098895715979,6402.098895715979,6402.098895715979,6402.098895715979,6402.098895715979,6402.098895715979,6402.098895715979,6402.098895715979,6402.098895715979,6402.098895715979,6402.098895715979,6402.098895715979,6402.098895715979,6402.098895715979,6402.098895715979,6402.098895715979,6402.098895715979,6402.098895715979,6402.098895715979,6402.098895715979,6402.098895715979,6402.098895715979,6402.098895715979,6402.098895715979,6402.098895715979,6402.098895715979,6402.098895715979,6402.098895715979,6402.098895715979,6402.098895715979,6402.098895715979,6402.098895715979,6402.098895715979,6402.098895715979,6402.098895715979,6402.098895715979,6402.098895715979,6402.098895715979,6402.098895715979,6402.098895715979,6402.098895715979,6402.098895715979,6402.098895715979,6402.098895715979,6402.098895715979,6402.098895715979,6402.098895715979,6402.098895715979,6402.098895715979,6402.098895715979,6402.801894701884,6402.801894701884,6402.801894701884,6402.801894701884,6402.801894701884,6402.801894701884,6402.801894701884,6402.801894701884,6402.801894701884,6402.801894701884,6402.801894701884,6402.801894701884,6402.801894701884,6402.801894701884,6402.801894701884,6402.801894701884,6402.801894701884,6402.801894701884,6402.801894701884,6402.801894701884,6402.801894701884,6402.801894701884,6402.801894701884,6402.801894701884,6402.801894701884,6402.801894701884,6402.801894701884,6402.801894701884,6402.801894701884,6402.801894701884,6402.801894701884,6402.801894701884,6402.801894701884,6402.801894701884,6402.801894701884,6402.801894701884,6402.801894701884,6402.801894701884,6402.801894701884,6402.801894701884,6402.801894701884,6402.801894701884,6402.801894701884,6402.801894701884,6402.801894701884,6402.801894701884,6402.801894701884,6402.801894701884,6402.801894701884,6402.801894701884,6402.801894701884,6402.801894701884,6402.801894701884,6402.801894701884,6402.801894701884,6402.801894701884,6402.801894701884,6402.801894701884,6402.801894701884,6402.801894701884,6402.801894701884,6402.801894701884,6402.801894701884,6402.801894701884,6402.801894701884,6402.801894701884,6402.801894701884,6402.801894701884,6402.801894701884,6402.801894701884,6402.801894701884,6402.801894701884,6402.801894701884,6402.801894701884,6402.801894701884,6402.801894701884,6402.801894701884,6402.801894701884,6402.801894701884,6402.801894701884,6402.801894701884,6402.801894701884,6402.801894701884,6402.801894701884,6402.801894701884,6402.801894701884,6402.801894701884,6402.801894701884,6402.801894701884,6402.801894701884,6402.801894701884,6402.801894701884,6402.801894701884,6402.801894701884,6402.801894701884,6402.801894701884,6402.801894701884,6402.801894701884,6402.801894701884,6402.801894701884,6402.801894701884,6402.801894701884,6402.801894701884,6402.801894701884,6402.801894701884,6402.801894701884,6402.801894701884,6402.801894701884,6402.801894701884,6402.801894701884,6402.158444423737,6402.158444423737,6402.158444423737,6402.158444423737,6402.158444423737,6402.158444423737,6402.158444423737,6402.158444423737,6402.158444423737,6402.158444423737,6402.158444423737,6402.158444423737,6402.158444423737,6402.158444423737,6402.158444423737,6402.158444423737,6402.158444423737,6402.158444423737,6402.158444423737,6402.158444423737,6402.158444423737,6402.158444423737,6402.158444423737,6402.158444423737,6402.158444423737,6402.158444423737,6402.158444423737,6402.158444423737,6402.158444423737,6402.158444423737,6402.158444423737,6402.158444423737,6402.158444423737,6402.158444423737,6402.158444423737,6402.158444423737,6402.158444423737,6402.158444423737,6402.158444423737,6402.158444423737,6402.158444423737,6402.158444423737,6402.158444423737,6402.158444423737,6402.158444423737,6402.158444423737,6402.158444423737,6402.158444423737,6402.158444423737,6402.158444423737,6402.158444423737,6402.158444423737,6402.158444423737,6402.158444423737,6402.158444423737,6402.158444423737,6402.158444423737,6402.158444423737,6402.158444423737,6402.158444423737,6402.158444423737,6402.158444423737,6402.5159546930745,6402.5159546930745,6402.5159546930745,6402.5159546930745,6402.5159546930745,6402.5159546930745,6402.5159546930745,6402.5159546930745,6402.5159546930745,6402.5159546930745,6402.5159546930745,6402.5159546930745,6402.5159546930745,6402.5159546930745,6402.5159546930745,6402.5159546930745,6402.5159546930745,6402.5159546930745,6402.5159546930745,6402.5159546930745,6402.5159546930745,6402.5159546930745,6402.5159546930745,6402.5159546930745,6403.603077869088,6403.603077869088,6403.603077869088,6403.603077869088,6403.603077869088,6403.603077869088,6403.603077869088,6403.603077869088,6403.603077869088,6403.603077869088,6403.603077869088,6403.603077869088,6403.603077869088,6403.603077869088,6403.603077869088,6403.603077869088,6403.603077869088,6403.603077869088,6403.603077869088,6403.603077869088,6403.603077869088,6403.603077869088,6403.603077869088,6403.603077869088,6403.603077869088,6403.603077869088,6403.603077869088,6403.603077869088,6403.603077869088,6403.603077869088,6403.603077869088,6403.603077869088,6405.242941000215,6405.242941000215,6405.242941000215,6405.242941000215,6405.242941000215,6405.242941000215,6405.242941000215,6405.242941000215,6405.242941000215,6405.242941000215,6405.242941000215,6405.242941000215,6405.242941000215,6405.242941000215,6405.242941000215,6405.242941000215,6405.242941000215,6405.242941000215,6405.242941000215,6404.9138463993395,6404.9138463993395,6404.9138463993395,6404.9138463993395,6404.9138463993395,6404.9516608968015,6404.9516608968015,6404.9516608968015,6404.9516608968015,6404.9516608968015,6404.9516608968015,6404.9516608968015,6404.9516608968015,6404.9516608968015,6404.9516608968015,6404.9516608968015,6404.9516608968015,6404.9516608968015,6404.9516608968015,6404.9516608968015,6404.9516608968015,6404.9516608968015,6404.9516608968015,6404.9516608968015,6404.9516608968015,6404.9516608968015,6404.9516608968015,6404.9516608968015,6404.9516608968015,6404.9516608968015,6404.9516608968015,6404.9516608968015,6404.9516608968015,6404.9516608968015,6404.9516608968015,6404.9516608968015,6404.9516608968015,6404.9516608968015,6404.9516608968015,6404.9516608968015,6404.9516608968015,6404.9516608968015,6404.731344971451,6404.731344971451,6404.731344971451,6404.731344971451,6404.731344971451,6404.731344971451,6404.731344971451,6404.731344971451,6404.731344971451,6404.731344971451,6404.731344971451,6404.731344971451,6404.731344971451,6404.731344971451,6404.731344971451,6404.731344971451,6404.235989051917,6404.235989051917,6404.235989051917,6404.235989051917,6404.235989051917,6404.235989051917,6404.235989051917,6404.235989051917,6403.429396255749,6403.429396255749,6403.429396255749,6403.429396255749,6403.429396255749,6403.429396255749,6403.429396255749,6403.429396255749,6403.429396255749,6403.429396255749,6403.429396255749,6403.429396255749,6403.429396255749,6403.429396255749,6403.429396255749,6403.429396255749,6403.429396255749,6403.429396255749,6403.429396255749,6403.429396255749,6403.429396255749,6403.429396255749,6403.429396255749,6403.429396255749,6403.429396255749,6403.429396255749,6403.429396255749,6403.429396255749,6403.429396255749,6403.429396255749,6403.429396255749,6403.429396255749,6403.429396255749,6402.583785537985,6402.583785537985,6402.583785537985,6402.583785537985,6402.583785537985,6402.583785537985,6402.583785537985,6402.583785537985,6402.583785537985,6402.583785537985,6402.583785537985,6402.583785537985,6402.583785537985,6402.583785537985,6402.583785537985,6402.583785537985,6402.583785537985,6403.754956498882,6403.754956498882,6403.754956498882,6403.754956498882,6403.754956498882,6403.754956498882,6403.754956498882,6403.754956498882,6403.754956498882,6403.754956498882,6403.301509472935,6403.301509472935,6403.301509472935,6403.301509472935,6403.301509472935,6403.301509472935,6403.301509472935,6404.3645647930825,6404.3645647930825,6404.3645647930825,6404.3645647930825,6404.3645647930825,6404.3645647930825,6404.3645647930825,6404.3645647930825,6404.3645647930825,6404.3645647930825,6404.3645647930825,6404.3645647930825,6404.3645647930825,6404.3645647930825,6404.3645647930825,6404.3645647930825,6404.3645647930825,6404.3645647930825,6404.3645647930825,6404.3645647930825,6404.3645647930825,6404.3645647930825,6404.3645647930825,6404.3645647930825,6404.3645647930825,6404.3645647930825,6404.3645647930825,6404.3645647930825,6404.3645647930825,6404.3645647930825,6404.3645647930825,6404.3645647930825,6404.3645647930825,6404.3645647930825,6404.3645647930825,6404.3645647930825,6404.3645647930825,6404.3645647930825,6404.3645647930825,6404.3645647930825,6404.3645647930825,6404.3645647930825,6404.3645647930825,6404.3645647930825,6404.3645647930825,6404.3645647930825,6404.3645647930825,6404.3645647930825,6404.3645647930825,6404.724914960681,6404.724914960681,6404.724914960681,6404.724914960681,6404.724914960681,6404.724914960681,6404.724914960681,6404.724914960681,6404.724914960681,6404.724914960681,6404.724914960681,6404.724914960681,6404.724914960681,6404.724914960681,6404.724914960681,6404.724914960681,6404.724914960681,6404.724914960681,6404.724914960681,6404.724914960681,6404.724914960681,6404.724914960681,6404.724914960681,6404.724914960681,6404.724914960681,6404.724914960681,6404.724914960681,6404.724914960681,6404.724914960681,6404.724914960681,6401.364374529445,6401.364374529445,6401.364374529445,6401.364374529445,6401.364374529445,6401.364374529445,6401.364374529445,6401.364374529445,6401.364374529445,6401.364374529445,6401.364374529445,6401.364374529445,6401.364374529445,6401.364374529445,6401.364374529445,6401.364374529445,6401.364374529445,6401.364374529445,6401.364374529445,6401.364374529445,6401.364374529445,6401.364374529445,6401.364374529445,6401.364374529445,6401.364374529445,6401.364374529445,6401.364374529445,6401.364374529445,6401.364374529445,6401.364374529445,6401.364374529445,6401.364374529445,6401.364374529445,6401.364374529445,6401.364374529445,6401.364374529445,6401.364374529445,6401.364374529445,6401.364374529445,6401.364374529445,6403.928529925257,6403.928529925257,6403.928529925257,6403.928529925257,6403.928529925257,6403.928529925257,6403.928529925257,6403.928529925257,6403.928529925257,6403.928529925257,6403.928529925257,6403.928529925257,6403.928529925257,6403.928529925257,6403.928529925257,6403.928529925257,6403.928529925257,6403.928529925257,6403.928529925257,6403.928529925257,6403.928529925257,6403.928529925257,6403.928529925257,6403.928529925257,6403.928529925257,6403.928529925257,6403.928529925257,6403.928529925257,6403.928529925257,6403.928529925257,6403.928529925257,6403.928529925257,6403.928529925257,6403.928529925257,6403.928529925257,6403.928529925257,6402.526963614245,6402.526963614245,6402.526963614245,6402.526963614245,6402.526963614245,6402.526963614245,6402.526963614245,6402.526963614245,6402.526963614245,6402.526963614245,6402.526963614245,6402.526963614245,6402.526963614245,6402.526963614245,6402.526963614245,6402.526963614245,6402.526963614245,6402.526963614245,6402.526963614245,6402.526963614245,6402.526963614245,6402.526963614245,6402.526963614245,6402.526963614245,6402.526963614245,6402.526963614245,6402.526963614245,6402.526963614245,6402.526963614245,6402.526963614245,6402.526963614245,6402.526963614245,6402.526963614245,6402.526963614245,6402.526963614245,6402.526963614245,6402.526963614245,6402.526963614245,6402.526963614245,6402.526963614245,6403.328901178887,6403.328901178887,6403.328901178887,6403.328901178887,6403.328901178887,6403.328901178887,6403.328901178887,6403.328901178887,6403.328901178887,6403.328901178887,6403.328901178887,6403.328901178887,6403.328901178887,6403.328901178887,6403.328901178887,6403.328901178887,6403.328901178887,6403.328901178887,6403.328901178887,6403.328901178887,6403.328901178887,6403.328901178887,6403.328901178887,6403.328901178887,6403.328901178887,6403.328901178887,6403.328901178887,6403.328901178887,6403.328901178887,6403.328901178887,6403.328901178887,6403.328901178887,6403.328901178887,6403.328901178887,6403.328901178887,6403.328901178887,6403.328901178887,6403.328901178887,6403.328901178887,6403.328901178887,6403.328901178887,6403.328901178887,6403.328901178887,6403.328901178887,6403.328901178887,6403.328901178887,6403.328901178887,6403.328901178887,6403.328901178887,6403.328901178887,6403.328901178887,6403.328901178887,6403.328901178887,6403.328901178887,6403.328901178887,6403.328901178887,6403.328901178887,6403.328901178887,6403.328901178887,6403.328901178887,6403.328901178887,6403.328901178887,6403.328901178887,6403.328901178887,6403.328901178887,6403.328901178887,6403.328901178887,6403.328901178887,6403.328901178887,6403.328901178887,6403.328901178887,6403.328901178887,6403.328901178887,6403.328901178887,6403.328901178887,6403.328901178887,6403.328901178887,6403.328901178887,6404.105458082021,6404.105458082021,6404.105458082021,6404.105458082021,6404.105458082021,6404.105458082021,6404.105458082021,6404.105458082021,6404.105458082021,6404.105458082021,6404.105458082021,6404.105458082021,6404.105458082021,6404.105458082021,6404.105458082021,6404.105458082021,6404.105458082021,6404.105458082021,6404.105458082021,6404.105458082021,6404.105458082021,6404.105458082021,6404.105458082021,6404.105458082021,6404.105458082021,6404.105458082021,6404.105458082021,6404.105458082021,6404.105458082021,6404.105458082021,6404.105458082021,6404.105458082021,6404.105458082021,6404.105458082021,6404.105458082021,6404.105458082021,6404.105458082021,6404.105458082021,6404.105458082021,6404.105458082021,6404.105458082021,6404.105458082021,6404.105458082021,6404.105458082021,6404.105458082021,6404.105458082021,6404.105458082021,6405.157259467402,6405.157259467402,6405.157259467402,6405.041853496395,6405.041853496395,6405.041853496395,6405.041853496395,6405.041853496395,6405.041853496395,6405.041853496395,6405.041853496395,6405.041853496395,6405.041853496395,6405.041853496395,6405.041853496395,6405.041853496395,6405.041853496395,6405.041853496395,6405.041853496395,6405.041853496395,6405.041853496395,6405.041853496395,6405.041853496395,6405.041853496395,6405.041853496395,6405.041853496395,6405.041853496395,6405.041853496395,6405.041853496395,6405.041853496395,6405.041853496395,6405.041853496395,6405.041853496395,6405.041853496395,6405.041853496395,6405.041853496395,6405.041853496395,6405.041853496395,6405.041853496395,6405.041853496395,6405.041853496395,6405.041853496395,6405.041853496395,6405.041853496395,6405.041853496395,6405.041853496395,6405.041853496395,6405.041853496395,6405.041853496395,6405.041853496395,6405.041853496395,6405.041853496395,6405.041853496395,6405.041853496395,6405.041853496395,6404.221385169136,6404.221385169136,6404.221385169136,6404.221385169136,6404.221385169136,6404.221385169136,6404.221385169136,6404.221385169136,6403.424059327345,6403.424059327345,6403.424059327345,6403.424059327345,6403.424059327345,6403.424059327345,6403.424059327345,6403.424059327345,6403.424059327345,6403.424059327345,6403.424059327345,6403.424059327345,6403.424059327345,6403.424059327345,6403.424059327345,6403.424059327345,6403.424059327345,6403.424059327345,6403.424059327345,6403.424059327345,6403.424059327345,6403.424059327345,6403.424059327345,6403.424059327345,6403.424059327345,6403.938634596362,6403.938634596362,6403.938634596362,6403.25219757927,6403.25219757927,6403.25219757927,6403.25219757927,6403.25219757927,6403.25219757927,6403.25219757927,6403.25219757927,6403.25219757927,6403.25219757927,6403.25219757927,6403.25219757927,6403.25219757927,6403.25219757927,6403.25219757927,6403.25219757927,6403.25219757927,6403.25219757927,6403.25219757927,6403.25219757927,6403.25219757927,6403.25219757927,6403.25219757927,6403.25219757927,6403.25219757927,6403.25219757927,6403.25219757927,6403.25219757927,6403.25219757927,6403.25219757927,6403.25219757927,6403.25219757927,6403.25219757927,6403.25219757927,6403.25219757927,6403.25219757927,6403.25219757927,6403.25219757927,6403.25219757927,6403.25219757927,6405.381167879711,6405.381167879711,6405.381167879711,6405.381167879711,6405.381167879711,6405.381167879711,6405.381167879711,6405.381167879711,6405.381167879711,6405.381167879711,6405.381167879711,6405.381167879711,6405.381167879711,6405.381167879711,6405.381167879711,6405.381167879711,6405.381167879711,6405.381167879711,6405.381167879711,6405.381167879711,6405.381167879711,6405.381167879711,6405.381167879711,6405.381167879711,6405.381167879711,6405.381167879711,6405.381167879711,6405.381167879711,6405.381167879711,6405.381167879711,6405.381167879711,6405.381167879711,6405.381167879711,6405.381167879711,6405.381167879711,6405.381167879711,6405.381167879711,6405.381167879711,6405.381167879711,6405.381167879711,6405.381167879711,6405.381167879711,6405.381167879711,6405.381167879711,6405.381167879711,6405.381167879711,6405.381167879711,6405.381167879711,6405.381167879711,6405.381167879711,6405.381167879711,6405.381167879711,6405.381167879711,6405.381167879711,6405.381167879711,6405.381167879711,6405.381167879711,6405.381167879711,6405.381167879711,6405.381167879711,6405.381167879711,6405.381167879711,6405.381167879711,6405.381167879711,6405.381167879711,6405.381167879711,6405.381167879711,6405.381167879711,6405.381167879711,6405.1366100057185,6405.1366100057185,6405.1366100057185,6405.1366100057185,6405.1366100057185,6405.1366100057185,6405.1366100057185,6405.1366100057185,6405.1366100057185,6405.1366100057185,6405.1366100057185,6405.1366100057185,6405.1366100057185,6405.1366100057185,6405.1366100057185,6405.1366100057185,6405.1366100057185,6405.1366100057185,6405.1366100057185,6405.1366100057185,6405.1366100057185,6405.1366100057185,6405.1366100057185,6405.1366100057185,6405.1366100057185,6405.1366100057185,6405.1366100057185,6405.1366100057185,6405.1366100057185,6405.1366100057185,6405.1366100057185,6405.1366100057185,6405.1366100057185,6405.1366100057185,6405.1366100057185,6405.1366100057185,6405.1366100057185,6405.1366100057185,6405.1366100057185,6405.1366100057185,6405.1366100057185,6405.1366100057185,6405.1366100057185,6405.1366100057185,6405.1366100057185,6405.1366100057185,6405.1366100057185,6405.1366100057185,6405.1366100057185,6405.1366100057185,6405.1366100057185,6405.1366100057185,6405.1366100057185,6405.1366100057185,6405.1366100057185,6405.1366100057185,6405.1366100057185,6405.1366100057185,6405.1366100057185,6405.1366100057185,6405.1366100057185,6405.1366100057185,6405.1366100057185,6405.1366100057185,6405.1366100057185,6405.1366100057185,6405.1366100057185,6405.1366100057185,6405.1366100057185,6405.1366100057185,6405.1366100057185,6405.1366100057185,6405.1366100057185,6405.1366100057185,6405.394415965729,6405.394415965729,6405.394415965729,6405.394415965729,6405.394415965729,6405.394415965729,6405.394415965729,6405.394415965729,6405.394415965729,6405.394415965729,6405.394415965729,6405.394415965729,6403.74833404216,6403.74833404216,6403.74833404216,6403.74833404216,6403.74833404216,6405.157241069194,6405.157241069194,6405.157241069194,6405.599840317507,6405.599840317507,6405.599840317507,6405.599840317507,6405.599840317507,6405.599840317507,6405.599840317507,6405.599840317507,6405.599840317507,6405.55746623877,6405.55746623877,6405.55746623877,6405.55746623877,6405.55746623877,6405.55746623877,6405.55746623877,6405.55746623877,6405.55746623877,6405.55746623877,6405.55746623877,6405.55746623877,6405.55746623877,6405.55746623877,6405.55746623877,6405.55746623877,6404.1670428486195,6404.1670428486195,6404.1670428486195,6404.1670428486195,6404.1670428486195,6404.1670428486195,6404.1670428486195,6404.1670428486195,6404.1670428486195,6404.1670428486195,6404.1670428486195,6404.1670428486195,6404.1670428486195,6404.1670428486195,6404.1670428486195,6404.1670428486195,6404.1670428486195,6404.1670428486195,6404.1670428486195,6404.1670428486195,6404.1670428486195,6404.1670428486195,6404.1670428486195,6404.1670428486195,6404.1670428486195,6404.1670428486195,6404.1670428486195,6404.1670428486195,6404.1670428486195,6404.1670428486195,6404.1670428486195,6404.1670428486195,6404.1670428486195,6404.1670428486195,6404.1670428486195,6404.1670428486195,6404.1670428486195,6404.1670428486195,6404.1670428486195,6404.1670428486195,6404.1670428486195,6404.1670428486195,6404.1670428486195,6404.1670428486195,6404.1670428486195,6404.1670428486195,6404.1670428486195,6404.1670428486195,6404.1670428486195,6404.1670428486195,6404.1670428486195,6404.1670428486195,6404.1670428486195,6404.1670428486195,6404.1670428486195,6404.1670428486195,6404.1670428486195,6404.1670428486195,6404.1670428486195,6404.1670428486195,6404.1670428486195,6404.1670428486195,6404.1670428486195,6404.1670428486195,6404.1670428486195,6404.1670428486195,6404.1670428486195,6404.1670428486195,6404.1670428486195,6404.1670428486195,6404.1670428486195,6404.1670428486195,6404.1670428486195,6404.1670428486195,6403.08986901069,6403.08986901069,6403.08986901069,6400.980688998445,6400.980688998445,6400.980688998445,6400.980688998445,6400.980688998445,6401.1552329708875,6401.1552329708875,6401.1552329708875,6401.1552329708875,6401.1552329708875,6403.8521495013565,6403.8521495013565,6403.8521495013565,6403.8521495013565,6403.8521495013565,6403.8521495013565,6403.8521495013565,6403.8521495013565,6403.8521495013565,6403.8521495013565,6403.8521495013565,6403.8521495013565,6403.8521495013565,6403.8521495013565,6403.8521495013565,6403.8521495013565,6403.8521495013565,6403.8521495013565,6403.8521495013565,6403.8521495013565,6402.606749811715,6403.100791773257,6403.100791773257,6403.100791773257,6403.100791773257,6403.100791773257,6402.984565740539,6402.984565740539,6402.984565740539,6402.984565740539,6402.984565740539,6404.261538474909,6404.261538474909,6404.261538474909,6404.261538474909,6404.261538474909,6404.261538474909,6404.261538474909,6404.261538474909,6404.261538474909,6404.261538474909,6404.261538474909,6404.261538474909,6404.261538474909,6404.261538474909,6404.261538474909,6404.261538474909,6404.261538474909,6404.261538474909,6404.261538474909,6404.261538474909,6403.77225432907,6403.5923884138865,6403.5923884138865,6403.5923884138865,6403.5923884138865,6403.5923884138865,6403.5923884138865,6403.5923884138865,6403.5923884138865,6403.5923884138865,6403.5923884138865,6403.5923884138865,6403.5923884138865,6403.5923884138865,6403.5923884138865,6403.5923884138865,6403.5923884138865,6403.5923884138865,6403.5923884138865,6403.5923884138865,6403.5923884138865,6403.5923884138865,6403.5923884138865,6403.5923884138865,6403.5923884138865,6403.5923884138865,6403.5923884138865,6403.5923884138865,6403.5923884138865,6403.5923884138865,6403.5923884138865,6403.5923884138865,6403.5923884138865,6403.5923884138865,6403.5923884138865,6403.5923884138865,6403.5923884138865,6403.5923884138865,6403.5923884138865,6403.298048297173,6403.298048297173,6403.298048297173,6403.298048297173,6403.298048297173,6403.298048297173,6403.298048297173,6403.298048297173,6403.298048297173,6403.298048297173,6403.298048297173,6403.298048297173,6403.298048297173,6403.298048297173,6403.721713170209,6403.721713170209,6403.721713170209,6403.721713170209,6403.721713170209,6403.721713170209,6403.721713170209,6403.721713170209,6403.721713170209,6403.721713170209,6403.721713170209,6403.721713170209,6403.721713170209,6403.721713170209,6403.721713170209,6403.721713170209,6403.721713170209,6403.721713170209,6403.721713170209,6403.721713170209,6403.721713170209,6403.721713170209,6403.721713170209,6403.721713170209,6403.721713170209,6403.721713170209,6403.721713170209,6403.721713170209,6403.721713170209,6403.721713170209,6403.721713170209,6403.721713170209,6403.721713170209,6403.721713170209,6403.721713170209,6403.721713170209,6403.721713170209,6403.721713170209,6403.721713170209,6403.721713170209,6403.721713170209,6403.721713170209,6403.721713170209,6403.721713170209,6403.033975912433,6403.033975912433,6403.033975912433,6403.033975912433,6403.033975912433,6403.033975912433,6403.033975912433,6403.033975912433,6403.033975912433,6403.033975912433,6403.033975912433,6403.033975912433,6403.033975912433,6403.033975912433,6403.033975912433,6403.033975912433,6403.033975912433,6403.033975912433,6403.033975912433,6403.033975912433,6403.033975912433,6403.033975912433,6403.033975912433,6403.033975912433,6403.033975912433,6403.033975912433,6403.033975912433,6403.033975912433,6403.033975912433,6403.033975912433,6403.033975912433,6403.033975912433,6403.033975912433,6403.033975912433,6403.033975912433,6403.033975912433,6403.033975912433,6403.033975912433,6403.033975912433,6403.033975912433,6404.3070452836155,6404.3070452836155,6404.3070452836155,6404.3070452836155,6404.3070452836155,6404.3070452836155,6404.3070452836155,6404.3070452836155,6404.3070452836155,6404.3070452836155,6404.3070452836155,6404.3070452836155,6404.3070452836155,6404.3070452836155,6404.3070452836155,6404.3070452836155,6404.3070452836155,6404.3070452836155,6404.3070452836155,6404.3070452836155,6404.3070452836155,6404.3070452836155,6404.3070452836155,6404.3070452836155,6404.3070452836155,6404.3070452836155,6404.3070452836155,6404.3070452836155,6404.3070452836155,6404.3070452836155,6404.3070452836155,6404.3070452836155,6404.953835678767,6404.953835678767,6404.953835678767,6404.953835678767,6404.953835678767,6404.953835678767,6404.953835678767,6404.953835678767,6404.953835678767,6404.953835678767,6404.953835678767,6404.953835678767,6404.953835678767,6404.953835678767,6404.953835678767,6404.953835678767,6404.953835678767,6404.953835678767,6404.953835678767,6404.953835678767,6404.953835678767,6404.953835678767,6404.953835678767,6404.953835678767,6404.953835678767,6404.953835678767,6404.953835678767,6404.953835678767,6404.953835678767,6404.953835678767,6404.953835678767,6404.953835678767,6404.953835678767,6404.953835678767,6404.953835678767,6404.953835678767,6404.953835678767,6404.953835678767,6404.953835678767,6404.953835678767,6404.953835678767,6404.953835678767,6404.953835678767,6404.953835678767,6404.953835678767,6404.953835678767,6404.953835678767,6404.953835678767,6404.953835678767,6404.953835678767,6404.953835678767,6404.953835678767,6404.953835678767,6404.953835678767,6404.953835678767,6404.953835678767,6404.953835678767,6404.953835678767,6404.953835678767,6403.271866833486,6403.271866833486,6403.083703795863,6403.083703795863,6403.083703795863,6403.083703795863,6403.083703795863,6403.083703795863,6403.083703795863,6403.083703795863,6403.083703795863,6403.083703795863,6403.083703795863,6403.083703795863,6403.083703795863,6403.083703795863,6403.239493539606,6403.239493539606,6403.239493539606,6403.239493539606,6403.239493539606,6403.239493539606,6403.239493539606,6403.239493539606,6403.239493539606,6403.239493539606,6403.239493539606,6402.191955743854,6402.191955743854,6402.191955743854,6402.191955743854,6402.191955743854,6402.191955743854,6402.191955743854,6402.191955743854,6402.191955743854,6402.191955743854,6402.191955743854,6402.191955743854,6402.191955743854,6402.191955743854,6402.191955743854,6402.191955743854,6402.191955743854,6402.191955743854,6402.191955743854,6402.191955743854,6402.191955743854,6402.191955743854,6402.191955743854,6402.191955743854,6402.191955743854,6402.191955743854,6402.191955743854,6402.191955743854,6402.191955743854,6402.191955743854,6402.191955743854,6402.191955743854,6402.191955743854,6402.191955743854,6402.191955743854,6402.191955743854,6402.191955743854,6402.191955743854,6402.191955743854,6402.191955743854,6402.191955743854,6402.191955743854,6402.191955743854,6402.191955743854,6402.191955743854,6402.191955743854,6402.191955743854,6402.191955743854,6402.191955743854,6402.191955743854,6402.191955743854,6402.191955743854,6402.191955743854,6402.191955743854,6402.191955743854,6403.181979798773,6403.181979798773,6403.181979798773,6403.181979798773,6403.181979798773,6403.181979798773,6403.181979798773,6403.181979798773,6404.06780444937,6404.06780444937,6404.06780444937,6404.06780444937,6404.06780444937,6404.06780444937,6404.06780444937,6404.06780444937,6404.06780444937,6404.06780444937,6404.8669285538635,6404.8669285538635,6404.8669285538635,6404.8669285538635,6404.328984334511,6404.328984334511,6404.328984334511,6404.328984334511,6404.328984334511,6405.099775937375,6405.099775937375,6405.099775937375,6405.099775937375,6405.099775937375,6405.099775937375,6405.099775937375,6405.099775937375,6405.099775937375,6405.099775937375,6405.099775937375,6405.099775937375,6405.099775937375,6405.099775937375,6405.099775937375,6405.099775937375,6405.099775937375,6405.099775937375,6405.099775937375,6405.099775937375,6405.099775937375,6405.099775937375,6405.099775937375,6405.099775937375,6405.099775937375,6405.099775937375,6405.099775937375,6405.099775937375,6405.099775937375,6405.099775937375,6405.099775937375,6405.099775937375,6405.099775937375,6405.099775937375,6405.099775937375,6405.099775937375,6405.099775937375,6405.099775937375,6405.099775937375,6405.099775937375,6405.099775937375,6405.099775937375,6405.099775937375,6405.099775937375,6405.099775937375,6405.099775937375,6405.099775937375,6405.099775937375,6405.099775937375,6405.099775937375,6405.099775937375,6405.099775937375,6405.099775937375,6405.099775937375,6405.099775937375,6405.099775937375,6405.099775937375,6405.099775937375,6405.099775937375,6405.099775937375,6405.099775937375,6405.099775937375,6405.099775937375,6405.099775937375,6405.099775937375,6405.099775937375,6405.099775937375,6405.099775937375,6405.099775937375,6405.099775937375,6405.099775937375,6405.099775937375,6405.099775937375,6405.099775937375,6405.099775937375,6405.099775937375,6405.099775937375,6405.099775937375,6405.099775937375,6405.099775937375,6405.099775937375,6405.099775937375,6405.099775937375,6405.099775937375,6405.099775937375,6405.099775937375,6405.099775937375,6405.099775937375,6405.099775937375,6405.099775937375,6405.099775937375,6405.099775937375,6405.099775937375,6405.099775937375,6405.099775937375,6405.099775937375,6405.099775937375,6405.099775937375,6405.099775937375,6405.099775937375,6405.099775937375,6405.099775937375,6405.099775937375,6405.099775937375,6405.099775937375,6405.099775937375,6405.099775937375,6405.099775937375,6405.099775937375,6405.099775937375,6405.099775937375,6405.099775937375,6405.099775937375,6405.099775937375,6405.099775937375,6405.099775937375,6405.099775937375,6405.099775937375,6405.099775937375,6405.099775937375,6405.099775937375,6405.099775937375,6405.099775937375,6405.099775937375,6405.099775937375,6405.099775937375,6405.099775937375,6405.099775937375,6405.099775937375,6402.608204307442,6402.608204307442,6402.608204307442,6402.608204307442,6402.608204307442,6402.608204307442,6402.608204307442,6402.608204307442,6402.608204307442,6402.608204307442,6402.608204307442,6402.608204307442,6403.111497922273,6403.111497922273,6403.111497922273,6403.111497922273,6403.111497922273,6403.111497922273,6403.111497922273,6403.111497922273,6403.111497922273,6402.7317384791295,6402.7317384791295,6402.7317384791295,6402.7317384791295,6402.7317384791295,6402.7317384791295,6402.7317384791295,6402.7317384791295,6402.7317384791295,6402.7317384791295,6402.7317384791295,6402.892150044556,6402.892150044556,6402.892150044556,6402.892150044556,6402.892150044556,6402.892150044556,6402.892150044556,6402.892150044556,6402.892150044556,6402.892150044556,6402.892150044556,6402.892150044556,6402.892150044556,6402.892150044556,6402.892150044556,6402.892150044556,6402.892150044556,6402.892150044556,6402.892150044556,6402.892150044556,6402.892150044556,6402.892150044556,6402.892150044556,6402.892150044556,6402.892150044556,6402.892150044556,6402.892150044556,6402.892150044556,6401.934238332495,6401.934238332495,6401.934238332495,6401.934238332495,6401.934238332495,6401.934238332495,6401.934238332495,6401.934238332495,6401.934238332495,6401.934238332495,6401.934238332495,6401.934238332495,6401.934238332495,6401.934238332495,6401.934238332495,6401.934238332495,6401.934238332495,6401.934238332495,6401.934238332495,6401.934238332495,6401.934238332495,6401.934238332495,6401.934238332495,6401.934238332495,6402.919015878687,6402.919015878687,6402.919015878687,6402.919015878687,6402.919015878687,6403.739888918277,6403.739888918277,6403.739888918277,6403.739888918277,6403.739888918277,6403.739888918277,6403.739888918277,6403.739888918277,6403.739888918277,6403.739888918277,6403.739888918277,6403.739888918277,6403.739888918277,6403.739888918277,6403.739888918277,6403.739888918277,6403.739888918277,6403.739888918277,6403.739888918277,6403.739888918277,6403.739888918277,6403.739888918277,6403.739888918277,6403.739888918277,6403.739888918277,6403.739888918277,6403.739888918277,6403.739888918277,6402.5591074914,6402.5591074914,6402.5591074914,6402.5591074914,6402.5591074914,6402.5591074914,6402.5591074914,6402.5591074914,6402.5591074914,6402.5591074914,6402.5591074914,6400.839827671206,6400.839827671206,6402.364227732591,6402.364227732591,6402.364227732591,6402.364227732591,6402.364227732591,6402.364227732591,6402.364227732591,6402.364227732591,6402.364227732591,6402.364227732591,6402.364227732591,6402.364227732591,6402.364227732591,6402.364227732591,6402.364227732591,6402.364227732591,6402.364227732591,6402.364227732591,6402.364227732591,6402.364227732591,6402.364227732591,6402.364227732591,6402.364227732591,6402.364227732591,6402.364227732591,6402.364227732591,6402.364227732591,6402.364227732591,6402.364227732591,6402.364227732591,6402.364227732591,6402.364227732591,6402.364227732591,6402.364227732591,6402.292570754499,6402.292570754499,6402.292570754499,6402.292570754499,6402.292570754499,6402.292570754499,6402.292570754499,6402.292570754499,6402.292570754499,6402.292570754499,6402.292570754499,6402.292570754499,6402.292570754499,6402.292570754499,6402.143569401524,6402.143569401524,6402.143569401524,6402.143569401524,6402.143569401524,6402.143569401524,6402.143569401524,6402.143569401524,6402.143569401524,6402.143569401524,6403.308790993171,6403.308790993171,6403.308790993171,6403.308790993171,6403.308790993171,6403.308790993171,6403.308790993171,6403.308790993171,6403.308790993171,6403.308790993171,6403.308790993171,6403.476143798293,6403.476143798293,6403.476143798293,6403.476143798293,6403.476143798293,6403.476143798293,6403.476143798293,6404.849018847681,6402.592073415215,6402.592073415215,6402.592073415215,6402.592073415215,6402.592073415215,6402.592073415215,6402.592073415215,6402.592073415215,6402.592073415215,6402.592073415215,6402.592073415215,6402.592073415215,6402.592073415215,6402.592073415215,6402.592073415215,6402.592073415215,6402.592073415215,6402.592073415215,6402.592073415215,6402.592073415215,6402.592073415215,6402.592073415215,6402.592073415215,6402.592073415215,6402.592073415215,6402.592073415215,6402.592073415215,6402.592073415215,6402.592073415215,6402.592073415215,6402.592073415215,6402.592073415215,6402.592073415215,6402.592073415215,6402.592073415215,6402.592073415215,6402.592073415215,6402.592073415215,6402.592073415215,6402.592073415215,6402.592073415215,6402.592073415215,6402.592073415215,6402.592073415215,6402.592073415215,6402.592073415215,6402.592073415215,6402.592073415215,6402.592073415215,6402.592073415215,6402.207293080543,6403.223896987483,6403.223896987483,6403.223896987483,6403.223896987483,6403.223896987483,6403.223896987483,6403.223896987483,6403.223896987483,6402.480647780938,6402.480647780938,6402.480647780938,6402.480647780938,6402.480647780938,6402.480647780938,6402.480647780938,6402.480647780938,6402.480647780938,6402.480647780938,6402.480647780938,6402.480647780938,6402.480647780938,6402.480647780938,6402.480647780938,6402.480647780938,6402.480647780938,6402.480647780938,6402.480647780938,6402.480647780938,6402.480647780938,6402.480647780938,6402.480647780938,6402.480647780938,6402.480647780938,6402.480647780938,6403.443246718077,6403.443246718077,6403.443246718077,6403.443246718077,6403.443246718077,6403.443246718077,6403.443246718077,6403.443246718077,6403.443246718077,6403.443246718077,6403.443246718077,6403.443246718077,6403.443246718077,6403.443246718077,6403.443246718077,6403.443246718077,6403.443246718077,6403.443246718077,6403.443246718077,6403.443246718077,6403.443246718077,6403.443246718077,6403.443246718077,6403.443246718077,6403.443246718077,6403.443246718077,6403.443246718077,6403.443246718077,6403.443246718077,6403.443246718077,6403.443246718077,6403.443246718077,6403.443246718077,6403.443246718077,6403.443246718077,6403.443246718077,6403.443246718077,6403.443246718077,6403.443246718077,6403.443246718077,6403.443246718077,6403.443246718077,6403.443246718077,6403.443246718077,6403.443246718077,6403.443246718077,6403.443246718077,6403.443246718077,6403.443246718077,6403.443246718077,6403.443246718077,6403.443246718077,6403.443246718077,6402.819316058986,6402.819316058986,6402.819316058986,6402.819316058986,6402.819316058986,6402.819316058986,6402.819316058986,6402.819316058986,6402.819316058986,6402.819316058986,6402.819316058986,6402.819316058986,6402.819316058986,6402.819316058986,6402.819316058986,6402.819316058986,6402.819316058986,6402.819316058986,6402.819316058986,6402.819316058986,6402.819316058986,6402.819316058986,6402.819316058986,6402.819316058986,6402.819316058986,6403.427012381644,6403.427012381644,6403.427012381644,6403.427012381644,6403.427012381644,6404.900821919664,6404.900821919664,6404.900821919664,6404.900821919664,6404.900821919664,6404.900821919664,6404.900821919664,6404.900821919664,6404.900821919664,6404.900821919664,6404.900821919664,6404.900821919664,6404.900821919664,6404.900821919664,6404.900821919664,6404.900821919664,6404.900821919664,6404.900821919664,6404.900821919664,6404.900821919664,6404.900821919664,6404.900821919664,6404.900821919664,6404.900821919664,6404.900821919664,6404.900821919664,6404.900821919664,6404.900821919664,6403.466039867833,6403.466039867833,6403.466039867833,6403.466039867833,6403.466039867833,6403.466039867833,6403.466039867833,6403.466039867833,6403.466039867833,6403.466039867833,6403.466039867833,6403.466039867833,6403.466039867833,6403.466039867833,6403.466039867833,6403.466039867833,6403.466039867833,6403.466039867833,6403.466039867833,6403.466039867833,6403.466039867833,6403.466039867833,6403.466039867833,6403.466039867833,6403.466039867833,6403.466039867833,6403.466039867833,6403.466039867833,6403.466039867833,6403.466039867833,6403.466039867833,6403.466039867833,6403.466039867833,6403.466039867833,6403.466039867833,6403.466039867833,6403.466039867833,6403.466039867833,6403.466039867833,6403.466039867833,6403.466039867833,6403.466039867833,6403.466039867833,6403.466039867833,6403.466039867833,6403.466039867833,6403.466039867833,6403.466039867833,6403.466039867833,6403.466039867833,6403.466039867833,6403.466039867833,6403.466039867833,6403.466039867833,6403.466039867833,6403.466039867833,6403.466039867833,6403.466039867833,6403.466039867833,6403.466039867833,6403.466039867833,6403.466039867833,6403.466039867833,6403.466039867833,6403.466039867833,6403.466039867833,6403.466039867833,6403.466039867833,6403.466039867833,6403.466039867833,6403.466039867833,6403.466039867833,6403.466039867833,6403.466039867833,6403.466039867833,6403.466039867833,6403.466039867833,6403.466039867833,6403.466039867833,6404.458178961995,6404.458178961995,6404.458178961995,6404.458178961995,6404.458178961995,6404.458178961995,6404.458178961995,6404.458178961995,6404.458178961995,6404.458178961995,6404.458178961995,6404.295693940492,6404.295693940492,6404.295693940492,6404.295693940492,6404.201701773854,6404.201701773854,6404.252200727801,6404.252200727801,6404.252200727801,6404.252200727801,6404.252200727801,6404.252200727801,6404.252200727801,6404.252200727801,6404.252200727801,6404.252200727801,6404.252200727801,6404.252200727801,6404.252200727801,6404.252200727801,6404.252200727801,6404.252200727801,6404.512283650659,6404.512283650659,6403.069617411752,6403.069617411752,6404.062099391939,6404.571240242528,6404.571240242528,6404.571240242528,6404.571240242528,6404.571240242528,6404.571240242528,6404.571240242528,6404.571240242528,6404.571240242528,6404.571240242528,6404.571240242528,6404.571240242528,6404.571240242528,6404.571240242528,6404.571240242528,6404.571240242528,6404.571240242528,6404.571240242528,6404.571240242528,6404.571240242528,6404.571240242528,6404.571240242528,6404.571240242528,6404.571240242528,6404.571240242528,6404.571240242528,6404.571240242528,6404.571240242528,6404.571240242528,6404.997304890619,6404.997304890619,6404.997304890619,6404.997304890619,6404.997304890619,6404.997304890619,6404.997304890619,6404.997304890619,6404.997304890619,6404.997304890619,6404.723189763579,6404.723189763579,6404.723189763579,6404.723189763579,6404.723189763579,6404.723189763579,6404.723189763579,6404.723189763579,6404.723189763579,6404.723189763579,6404.723189763579,6404.723189763579,6405.243072202906,6405.243072202906,6405.243072202906,6405.243072202906,6405.243072202906,6405.243072202906,6405.243072202906,6405.243072202906,6405.243072202906,6405.243072202906,6405.243072202906,6405.243072202906,6405.243072202906,6405.243072202906,6405.243072202906,6405.243072202906,6405.243072202906,6405.243072202906,6405.243072202906,6405.243072202906,6405.243072202906,6405.243072202906,6405.243072202906,6405.243072202906,6405.243072202906,6405.243072202906,6405.243072202906,6405.243072202906,6405.243072202906,6405.243072202906,6404.370481347795,6404.370481347795,6404.370481347795,6404.370481347795,6404.370481347795,6404.370481347795,6404.370481347795,6404.370481347795,6404.370481347795,6404.370481347795,6404.370481347795,6404.370481347795,6404.370481347795,6404.370481347795,6404.370481347795,6404.370481347795,6404.370481347795,6404.370481347795,6404.370481347795,6404.370481347795,6404.370481347795,6404.370481347795,6404.370481347795,6402.984937175916,6402.984937175916,6402.984937175916,6402.984937175916,6402.984937175916,6402.984937175916,6402.984937175916,6402.984937175916,6402.984937175916,6402.984937175916,6402.984937175916,6402.984937175916,6402.984937175916,6402.984937175916,6402.984937175916,6402.984937175916,6402.984937175916,6402.984937175916,6402.984937175916,6403.260659289343,6403.260659289343,6403.260659289343,6403.260659289343,6403.260659289343,6403.260659289343,6403.260659289343,6403.260659289343,6403.260659289343,6403.260659289343,6403.260659289343,6403.260659289343,6403.260659289343,6403.260659289343,6403.260659289343,6403.260659289343,6403.260659289343,6403.260659289343,6403.74794244913,6403.74794244913,6403.74794244913,6403.74794244913,6403.74794244913,6403.74794244913,6403.74794244913,6403.74794244913,6403.74794244913,6403.74794244913,6403.74794244913,6403.74794244913,6403.74794244913,6403.74794244913,6403.74794244913,6403.74794244913,6403.74794244913,6403.74794244913,6403.74794244913,6403.74794244913,6403.74794244913,6403.74794244913,6403.74794244913,6403.74794244913,6403.74794244913,6403.74794244913,6403.74794244913,6403.74794244913,6403.74794244913,6403.74794244913,6403.74794244913,6403.74794244913,6403.74794244913,6403.74794244913,6403.74794244913,6403.74794244913,6403.74794244913,6403.74794244913,6403.74794244913,6403.74794244913,6403.74794244913,6403.74794244913,6403.74794244913,6403.74794244913,6403.74794244913,6403.74794244913,6403.74794244913,6403.74794244913,6403.74794244913,6402.572931405858,6402.572931405858,6402.572931405858,6402.572931405858,6402.572931405858,6402.572931405858,6402.572931405858,6402.572931405858,6402.572931405858,6402.572931405858,6402.572931405858,6402.572931405858,6402.572931405858,6402.572931405858,6402.572931405858,6402.572931405858,6402.572931405858,6402.572931405858,6400.585475686882,6400.585475686882,6400.585475686882,6400.585475686882,6401.970324636533,6401.970324636533,6401.970324636533,6401.970324636533,6401.970324636533,6401.970324636533,6401.970324636533,6401.970324636533,6401.970324636533,6401.970324636533,6401.970324636533,6401.970324636533,6401.970324636533,6401.970324636533,6401.970324636533,6401.970324636533,6401.970324636533,6401.970324636533,6401.970324636533,6401.970324636533,6401.970324636533,6401.970324636533,6405.042688449896,6405.042688449896,6405.042688449896,6405.042688449896,6405.042688449896,6405.042688449896,6405.042688449896,6405.042688449896,6405.042688449896,6405.603251661368,6405.603251661368,6405.603251661368,6405.603251661368,6405.603251661368,6405.603251661368,6405.603251661368,6405.603251661368,6405.603251661368,6405.603251661368,6405.603251661368,6405.603251661368,6405.603251661368,6405.603251661368,6405.603251661368,6405.603251661368,6405.603251661368,6405.603251661368,6405.603251661368,6405.603251661368,6405.603251661368,6405.603251661368,6405.603251661368,6405.603251661368,6405.603251661368,6405.603251661368,6405.603251661368,6405.603251661368,6405.603251661368,6405.603251661368,6405.603251661368,6405.603251661368,6405.603251661368,6405.603251661368,6405.603251661368,6405.603251661368,6405.603251661368,6405.603251661368,6405.603251661368,6405.603251661368,6405.603251661368,6405.603251661368,6405.603251661368,6405.603251661368,6405.603251661368,6405.603251661368,6405.603251661368,6405.603251661368,6405.603251661368,6405.603251661368,6405.603251661368,6405.603251661368,6405.603251661368,6405.603251661368,6405.603251661368,6405.603251661368,6405.603251661368,6405.603251661368,6405.603251661368,6405.603251661368,6405.603251661368,6405.603251661368,6405.603251661368,6405.603251661368,6405.603251661368,6405.603251661368,6405.603251661368,6405.603251661368,6405.603251661368,6405.603251661368,6405.603251661368,6405.603251661368,6405.603251661368,6405.603251661368,6405.603251661368,6405.603251661368,6405.603251661368,6405.603251661368,6405.603251661368,6401.696065510389,6401.696065510389,6401.696065510389,6401.696065510389,6401.696065510389,6401.696065510389,6401.696065510389,6401.696065510389,6401.696065510389,6401.696065510389,6401.696065510389,6401.696065510389,6401.696065510389,6401.696065510389,6401.696065510389,6401.696065510389,6401.696065510389,6401.696065510389,6401.902333170449,6401.902333170449,6401.902333170449,6401.902333170449,6401.902333170449,6401.902333170449,6401.902333170449,6401.902333170449,6401.902333170449,6401.902333170449,6401.902333170449,6401.902333170449,6401.902333170449,6404.364824120888,6404.364824120888,6399.884070596932,6399.884070596932,6402.987765448184,6402.987765448184,6402.987765448184,6402.987765448184,6402.987765448184,6402.987765448184,6402.987765448184,6402.987765448184,6402.987765448184,6402.987765448184,6402.987765448184,6402.987765448184,6402.987765448184,6402.987765448184,6402.987765448184,6402.987765448184,6402.987765448184,6402.987765448184,6402.987765448184,6402.987765448184,6402.987765448184,6402.987765448184,6402.987765448184,6402.987765448184,6402.987765448184,6402.987765448184,6402.987765448184,6402.987765448184,6402.987765448184,6402.987765448184,6402.987765448184,6402.987765448184,6402.987765448184,6402.987765448184,6402.987765448184,6402.987765448184,6402.987765448184,6402.987765448184,6402.987765448184,6402.987765448184,6403.261927646024,6404.240451695342,6404.240451695342,6404.240451695342,6404.240451695342,6404.240451695342,6404.240451695342,6404.240451695342,6404.240451695342,6404.240451695342,6404.240451695342,6404.240451695342,6404.240451695342,6404.240451695342,6404.240451695342,6404.240451695342,6404.240451695342,6404.240451695342,6404.240451695342,6404.240451695342,6404.240451695342,6404.240451695342,6404.240451695342,6404.240451695342,6404.240451695342,6404.240451695342,6403.614034789407,6403.614034789407,6403.614034789407,6403.614034789407,6403.614034789407,6403.614034789407,6403.614034789407,6403.614034789407,6403.614034789407,6403.614034789407,6403.614034789407,6403.614034789407,6403.614034789407,6403.614034789407,6403.530033948556,6403.530033948556,6403.530033948556,6403.530033948556,6403.530033948556,6403.530033948556,6403.530033948556,6403.530033948556,6405.25456597363,6405.25456597363,6405.25456597363,6405.25456597363,6405.25456597363,6403.805883743106,6403.805883743106,6403.805883743106,6403.805883743106,6403.805883743106,6403.805883743106,6403.805883743106,6403.805883743106,6403.805883743106,6403.805883743106,6403.805883743106,6403.805883743106,6403.805883743106,6403.805883743106,6404.314851386703,6404.314851386703,6404.314851386703,6404.314851386703,6404.314851386703,6404.314851386703,6404.314851386703,6404.314851386703,6404.314851386703,6404.314851386703,6404.314851386703,6404.314851386703,6404.314851386703,6404.314851386703,6404.314851386703,6404.314851386703,6404.314851386703,6404.314851386703,6404.314851386703,6404.314851386703,6404.314851386703,6404.314851386703,6404.314851386703,6404.314851386703,6404.314851386703,6404.314851386703,6404.314851386703,6404.314851386703,6404.314851386703,6404.314851386703,6404.314851386703,6404.314851386703,6404.314851386703,6404.314851386703,6404.314851386703,6404.314851386703,6404.314851386703,6404.314851386703,6404.314851386703,6404.314851386703,6404.314851386703,6404.314851386703,6404.103882633553,6404.103882633553,6404.103882633553,6404.103882633553,6404.103882633553,6404.103882633553,6404.103882633553,6404.103882633553,6404.103882633553,6404.103882633553,6404.103882633553,6404.103882633553,6404.103882633553,6404.103882633553,6404.103882633553,6404.103882633553,6404.103882633553,6404.103882633553,6404.103882633553,6404.103882633553,6404.103882633553,6404.103882633553,6404.103882633553,6404.103882633553,6404.103882633553,6404.103882633553,6404.103882633553,6404.103882633553,6404.103882633553,6404.103882633553,6404.103882633553,6404.103882633553,6404.103882633553,6404.103882633553,6404.103882633553,6404.103882633553,6404.103882633553,6404.103882633553,6404.103882633553,6404.103882633553,6404.103882633553,6404.103882633553,6404.103882633553,6404.103882633553,6404.103882633553,6404.103882633553,6404.103882633553,6404.103882633553,6404.103882633553,6404.103882633553,6404.103882633553,6404.103882633553,6404.103882633553,6404.103882633553,6404.103882633553,6404.103882633553,6404.103882633553,6404.103882633553,6404.103882633553,6404.103882633553,6404.103882633553,6404.103882633553,6404.103882633553,6404.103882633553,6404.103882633553,6404.103882633553,6404.103882633553,6404.103882633553,6404.103882633553,6404.103882633553,6404.103882633553,6404.103882633553,6404.103882633553,6404.103882633553,6404.103882633553,6404.103882633553,6404.103882633553,6404.103882633553,6404.103882633553,6404.103882633553,6404.103882633553,6404.103882633553,6404.103882633553,6404.103882633553,6404.103882633553,6404.103882633553,6404.103882633553,6404.103882633553,6404.103882633553,6404.103882633553,6404.103882633553,6404.103882633553,6404.103882633553,6404.103882633553,6404.103882633553,6404.103882633553,6404.103882633553,6404.103882633553,6404.103882633553,6404.103882633553,6404.103882633553,6404.084151895699,6404.084151895699,6404.084151895699,6404.503285014886,6404.503285014886,6404.503285014886,6404.503285014886,6404.503285014886,6404.503285014886,6404.503285014886,6404.503285014886,6404.503285014886,6404.503285014886,6404.503285014886,6404.503285014886,6404.503285014886,6404.503285014886,6404.503285014886,6402.935460332092,6402.935460332092,6402.935460332092,6402.935460332092,6402.935460332092,6402.935460332092,6402.935460332092,6402.935460332092,6402.935460332092,6402.935460332092,6402.935460332092,6402.935460332092,6402.935460332092,6402.935460332092,6402.935460332092,6402.935460332092,6402.935460332092,6402.935460332092,6402.935460332092,6402.935460332092,6402.935460332092,6402.935460332092,6402.935460332092,6402.935460332092,6402.935460332092,6402.935460332092,6402.935460332092,6402.935460332092,6402.935460332092,6402.935460332092,6402.935460332092,6402.935460332092,6402.935460332092,6402.935460332092,6402.935460332092,6402.935460332092,6402.935460332092,6402.935460332092,6402.935460332092,6402.935460332092,6402.935460332092,6402.935460332092,6402.935460332092,6402.935460332092,6402.935460332092,6402.935460332092,6402.935460332092,6402.935460332092,6402.935460332092,6402.935460332092,6402.935460332092,6402.935460332092,6402.935460332092,6402.935460332092,6402.935460332092,6402.935460332092,6402.935460332092,6402.935460332092,6402.935460332092,6402.935460332092,6402.935460332092,6402.935460332092,6402.935460332092,6402.935460332092,6402.935460332092,6402.935460332092,6402.935460332092,6402.935460332092,6402.935460332092,6402.935460332092,6402.935460332092,6402.935460332092,6402.935460332092,6402.935460332092,6402.935460332092,6402.935460332092,6402.935460332092,6402.935460332092,6402.935460332092,6402.935460332092,6402.935460332092,6402.935460332092,6402.935460332092,6402.935460332092,6402.935460332092,6402.935460332092,6402.935460332092,6402.935460332092,6402.935460332092,6402.935460332092,6402.935460332092,6402.935460332092,6402.935460332092,6402.935460332092,6402.935460332092,6402.935460332092,6402.935460332092,6402.935460332092,6401.578958419193,6401.578958419193,6401.578958419193,6401.578958419193,6401.578958419193,6401.578958419193,6401.578958419193,6401.578958419193,6401.578958419193,6401.578958419193,6401.578958419193,6401.578958419193,6401.578958419193,6401.578958419193,6401.578958419193,6401.578958419193,6401.578958419193,6401.578958419193,6401.578958419193,6401.578958419193,6401.578958419193,6401.578958419193,6401.578958419193,6401.578958419193,6401.578958419193,6401.578958419193,6401.578958419193,6401.578958419193,6401.578958419193,6401.578958419193,6401.578958419193,6401.578958419193,6401.578958419193,6401.578958419193,6401.578958419193,6401.578958419193,6401.578958419193,6401.578958419193,6401.578958419193,6401.578958419193,6401.578958419193,6401.578958419193,6401.578958419193,6401.578958419193,6401.578958419193,6401.578958419193,6401.578958419193,6401.578958419193,6401.578958419193,6401.578958419193,6401.578958419193,6401.578958419193,6401.578958419193,6401.578958419193,6401.578958419193,6401.578958419193,6401.578958419193,6401.578958419193,6401.578958419193,6401.578958419193,6401.578958419193,6401.578958419193,6401.578958419193,6401.578958419193,6401.578958419193,6401.578958419193,6401.578958419193,6401.578958419193,6401.578958419193,6401.578958419193,6401.578958419193,6401.578958419193,6401.578958419193,6401.578958419193,6401.578958419193,6401.578958419193,6401.578958419193,6401.578958419193,6401.578958419193,6401.578958419193,6401.578958419193,6401.578958419193,6401.578958419193,6401.578958419193,6401.578958419193,6401.578958419193,6401.578958419193,6401.578958419193,6401.578958419193,6401.578958419193,6401.578958419193,6401.578958419193,6401.578958419193,6401.578958419193,6401.578958419193,6401.578958419193,6401.578958419193,6401.578958419193,6401.578958419193,6401.578958419193,6401.578958419193,6401.578958419193,6401.578958419193
0.0,0.0,0.0,0.0,0.0,0.0,0.0,0.0,1.0,0.0,0.0,0.0,0.0,0.0,0.0,0.0,0.0,0.0,0.0,0.0,0.0,0.0,0.0,0.0,0.0,0.0,0.0,0.0,0.0,0.0,0.0,0.0,0.0,0.0,0.0,0.0,0.0,0.0,0.0,1.0,0.0,0.0,0.0,0.0,0.0,0.0,0.0,0.0,0.0,0.0,0.0,0.0,0.0,0.0,0.0,0.0,0.0,0.0,0.0,0.0,0.0,0.0,0.0,0.0,0.0,0.0,0.0,0.0,0.0,0.0,0.0,0.0,0.0,0.0,0.0,0.0,0.0,0.0,0.0,0.0,0.0,0.0,0.0,0.0,0.0,0.0,0.0,0.0,0.0,0.0,0.0,0.0,0.0,0.0,0.0,0.0,0.0,0.0,0.0,0.0,0.0,0.0,0.0,0.0,0.0,0.0,0.0,0.0,0.0,0.0,0.0,0.0,0.0,0.0,0.0,1.0,0.0,0.0,0.0,0.0,0.0,0.0,0.0,0.0,0.0,0.0,0.0,1.0,0.0,0.0,0.0,0.0,0.0,0.0,1.0,0.0,0.0,0.0,0.0,0.0,1.0,0.0,0.0,0.0,0.0,0.0,0.0,0.0,0.0,0.0,0.0,0.0,0.0,0.0,0.0,0.0,0.0,0.0,0.0,0.0,0.0,0.0,0.0,0.0,0.0,0.0,0.0,0.0,0.0,0.0,0.0,0.0,0.0,0.0,1.0,0.0,0.0,0.0,0.0,0.0,0.0,0.0,0.0,0.0,0.0,0.0,0.0,0.0,0.0,0.0,0.0,0.0,0.0,0.0,0.0,0.0,0.0,0.0,0.0,0.0,0.0,0.0,0.0,0.0,0.0,0.0,0.0,0.0,0.0,0.0,0.0,0.0,0.0,0.0,0.0,0.0,0.0,0.0,0.0,0.0,0.0,0.0,0.0,0.0,0.0,0.0,0.0,0.0,0.0,0.0,0.0,0.0,0.0,0.0,0.0,0.0,0.0,0.0,0.0,0.0,0.0,0.0,0.0,0.0,0.0,0.0,0.0,0.0,0.0,0.0,0.0,0.0,0.0,0.0,0.0,0.0,0.0,0.0,1.0,0.0,0.0,0.0,0.0,0.0,1.0,0.0,0.0,0.0,0.0,0.0,0.0,1.0,0.0,0.0,0.0,0.0,0.0,0.0,0.0,0.0,0.0,0.0,0.0,0.0,0.0,0.0,0.0,0.0,0.0,0.0,0.0,0.0,0.0,0.0,0.0,0.0,0.0,0.0,0.0,0.0,0.0,0.0,0.0,0.0,0.0,0.0,0.0,0.0,0.0,0.0,0.0,0.0,0.0,0.0,0.0,0.0,0.0,0.0,0.0,0.0,0.0,0.0,0.0,0.0,0.0,0.0,0.0,0.0,0.0,0.0,1.0,0.0,0.0,0.0,0.0,0.0,0.0,0.0,0.0,0.0,0.0,0.0,0.0,0.0,0.0,0.0,0.0,0.0,0.0,0.0,0.0,0.0,0.0,0.0,0.0,0.0,0.0,0.0,0.0,0.0,0.0,0.0,0.0,0.0,0.0,0.0,0.0,0.0,0.0,0.0,0.0,0.0,0.0,0.0,0.0,0.0,0.0,0.0,0.0,0.0,0.0,0.0,0.0,0.0,0.0,0.0,0.0,1.0,0.0,0.0,0.0,0.0,0.0,0.0,0.0,0.0,0.0,0.0,0.0,0.0,0.0,0.0,0.0,0.0,0.0,0.0,0.0,0.0,0.0,0.0,0.0,0.0,0.0,0.0,0.0,0.0,0.0,0.0,0.0,0.0,0.0,0.0,0.0,0.0,0.0,0.0,0.0,0.0,1.0,0.0,0.0,0.0,0.0,0.0,0.0,1.0,0.0,0.0,0.0,0.0,0.0,0.0,0.0,0.0,0.0,0.0,0.0,0.0,0.0,0.0,0.0,0.0,0.0,0.0,0.0,0.0,0.0,0.0,0.0,0.0,0.0,0.0,0.0,0.0,0.0,0.0,0.0,0.0,0.0,0.0,0.0,0.0,0.0,0.0,0.0,0.0,0.0,0.0,0.0,0.0,0.0,1.0,0.0,0.0,0.0,0.0,0.0,0.0,0.0,1.0,0.0,0.0,0.0,0.0,0.0,0.0,0.0,0.0,0.0,0.0,0.0,0.0,0.0,0.0,0.0,0.0,0.0,0.0,0.0,0.0,0.0,0.0,0.0,0.0,0.0,0.0,0.0,0.0,0.0,0.0,0.0,0.0,0.0,0.0,0.0,0.0,0.0,0.0,0.0,0.0,0.0,0.0,0.0,0.0,0.0,0.0,0.0,0.0,0.0,0.0,0.0,0.0,0.0,0.0,0.0,0.0,0.0,0.0,0.0,0.0,0.0,0.0,0.0,0.0,0.0,0.0,0.0,0.0,0.0,0.0,0.0,0.0,0.0,0.0,0.0,0.0,0.0,0.0,0.0,0.0,0.0,0.0,0.0,0.0,0.0,0.0,0.0,1.0,0.0,0.0,0.0,0.0,0.0,0.0,0.0,0.0,0.0,0.0,0.0,0.0,0.0,0.0,0.0,0.0,0.0,0.0,0.0,0.0,0.0,0.0,0.0,0.0,0.0,0.0,0.0,0.0,0.0,0.0,0.0,0.0,0.0,0.0,0.0,0.0,0.0,0.0,0.0,0.0,0.0,1.0,0.0,0.0,0.0,0.0,0.0,0.0,0.0,0.0,0.0,0.0,0.0,0.0,1.0,0.0,0.0,0.0,0.0,0.0,0.0,0.0,0.0,0.0,0.0,0.0,0.0,0.0,0.0,0.0,0.0,0.0,0.0,0.0,0.0,0.0,0.0,0.0,1.0,0.0,0.0,0.0,0.0,0.0,0.0,0.0,0.0,0.0,0.0,0.0,0.0,1.0,0.0,0.0,0.0,0.0,0.0,0.0,0.0,0.0,0.0,0.0,0.0,0.0,0.0,0.0,0.0,0.0,0.0,0.0,1.0,0.0,0.0,0.0,0.0,0.0,0.0,0.0,0.0,0.0,0.0,0.0,0.0,0.0,0.0,0.0,0.0,0.0,0.0,0.0,0.0,0.0,0.0,0.0,0.0,0.0,0.0,0.0,0.0,0.0,0.0,0.0,0.0,0.0,0.0,0.0,0.0,0.0,0.0,0.0,0.0,0.0,0.0,0.0,0.0,0.0,0.0,0.0,0.0,0.0,0.0,0.0,0.0,0.0,0.0,0.0,0.0,0.0,0.0,0.0,0.0,1.0,0.0,0.0,0.0,0.0,0.0,0.0,0.0,0.0,0.0,0.0,0.0,0.0,0.0,0.0,0.0,0.0,0.0,0.0,0.0,0.0,0.0,1.0,0.0,0.0,0.0,0.0,0.0,0.0,0.0,0.0,0.0,0.0,0.0,0.0,0.0,0.0,0.0,0.0,0.0,0.0,0.0,0.0,0.0,0.0,0.0,0.0,0.0,0.0,0.0,0.0,0.0,0.0,0.0,0.0,0.0,0.0,0.0,0.0,0.0,0.0,0.0,0.0,0.0,1.0,0.0,0.0,0.0,0.0,0.0,0.0,0.0,0.0,0.0,0.0,0.0,0.0,0.0,0.0,0.0,0.0,0.0,0.0,0.0,0.0,0.0,0.0,0.0,0.0,0.0,1.0,0.0,0.0,0.0,0.0,0.0,0.0,0.0,0.0,0.0,1.0,0.0,0.0,0.0,0.0,0.0,0.0,0.0,0.0,0.0,0.0,0.0,0.0,0.0,0.0,0.0,0.0,0.0,0.0,0.0,0.0,0.0,0.0,0.0,0.0,0.0,1.0,0.0,0.0,0.0,0.0,0.0,0.0,0.0,0.0,0.0,0.0,0.0,0.0,0.0,0.0,0.0,0.0,0.0,1.0,0.0,0.0,0.0,0.0,0.0,0.0,0.0,0.0,1.0,1.0,0.0,0.0,0.0,0.0,0.0,0.0,0.0,1.0,0.0,0.0,0.0,0.0,0.0,0.0,0.0,0.0,0.0,0.0,0.0,1.0,0.0,0.0,0.0,0.0,1.0,0.0,0.0,0.0,0.0,0.0,0.0,0.0,0.0,0.0,0.0,0.0,0.0,0.0,0.0,0.0,0.0,0.0,0.0,0.0,0.0,0.0,0.0,0.0,0.0,0.0,0.0,0.0,0.0,0.0,0.0,0.0,0.0,1.0,0.0,0.0,1.0,0.0,0.0,0.0,0.0,0.0,0.0,0.0,0.0,0.0,1.0,0.0,0.0,0.0,0.0,0.0,0.0,0.0,0.0,0.0,0.0,0.0,0.0,1.0,0.0,0.0,0.0,0.0,0.0,0.0,0.0,0.0,0.0,0.0,0.0,0.0,0.0,0.0,0.0,0.0,0.0,0.0,0.0,0.0,0.0,0.0,0.0,0.0,0.0,0.0,0.0,0.0,0.0,1.0,0.0,0.0,0.0,0.0,1.0,0.0,0.0,0.0,1.0,1.0,0.0,0.0,0.0,0.0,0.0,0.0,0.0,0.0,0.0,0.0,0.0,0.0,0.0,0.0,0.0,0.0,0.0,0.0,0.0,0.0,0.0,0.0,0.0,0.0,0.0,0.0,0.0,0.0,0.0,0.0,0.0,0.0,0.0,0.0,0.0,0.0,0.0,0.0,0.0,0.0,0.0,0.0,0.0,1.0,0.0,0.0,0.0,0.0,0.0,0.0,1.0,0.0,0.0,0.0,0.0,1.0,0.0,0.0,0.0,0.0,0.0,0.0,0.0,0.0,0.0,0.0,0.0,0.0,0.0,0.0,0.0,0.0,0.0,0.0,0.0,0.0,0.0,0.0,0.0,0.0,0.0,0.0,0.0,0.0,0.0,0.0,0.0,0.0,0.0,0.0,0.0,0.0,0.0,0.0,0.0,0.0,0.0,0.0,0.0,0.0,0.0,0.0,0.0,0.0,0.0,0.0,0.0,0.0,1.0,0.0,0.0,0.0,1.0,0.0,0.0,0.0,0.0,0.0,0.0,0.0,0.0,0.0,0.0,0.0,0.0,0.0,0.0,0.0,0.0,0.0,0.0,0.0,0.0,0.0,0.0,0.0,0.0,0.0,0.0,0.0,0.0,0.0,0.0,0.0,0.0,0.0,0.0,0.0,0.0,0.0,0.0,0.0,0.0,0.0,0.0,0.0,0.0,0.0,0.0,0.0,0.0,0.0,0.0,0.0,0.0,0.0,0.0,0.0,0.0,0.0,0.0,0.0,0.0,0.0,0.0,0.0,0.0,0.0,0.0,0.0,1.0,0.0,0.0,0.0,0.0,0.0,0.0,0.0,0.0,0.0,0.0,0.0,0.0,0.0,0.0,0.0,0.0,0.0,0.0,0.0,0.0,0.0,0.0,0.0,0.0,0.0,0.0,0.0,0.0,0.0,0.0,0.0,1.0,0.0,0.0,0.0,0.0,0.0,0.0,0.0,0.0,0.0,0.0,0.0,0.0,0.0,0.0,0.0,0.0,0.0,0.0,0.0,0.0,0.0,0.0,0.0,0.0,0.0,1.0,0.0,0.0,0.0,0.0,0.0,1.0,1.0,0.0,0.0,0.0,0.0,0.0,0.0,0.0,0.0,0.0,0.0,0.0,0.0,0.0,0.0,0.0,0.0,0.0,0.0,0.0,0.0,0.0,0.0,0.0,0.0,0.0,0.0,0.0,0.0,0.0,0.0,0.0,0.0,0.0,0.0,1.0,0.0,0.0,0.0,0.0,0.0,0.0,0.0,0.0,0.0,0.0,0.0,0.0,0.0,0.0,0.0,0.0,0.0,0.0,0.0,0.0,0.0,0.0,0.0,0.0,0.0,0.0,0.0,0.0,0.0,0.0,0.0,0.0,0.0,0.0,0.0,0.0,0.0,0.0,0.0,0.0,0.0,0.0,0.0,0.0,0.0,0.0,0.0,0.0,0.0,0.0,0.0,0.0,0.0,0.0,0.0,0.0,0.0,0.0,0.0,0.0,0.0,0.0,0.0,0.0,0.0,0.0,0.0,0.0,0.0,0.0,0.0,0.0,0.0,0.0,0.0,0.0,0.0,0.0,0.0,0.0,0.0,0.0,0.0,0.0,0.0,0.0,0.0,0.0,0.0,0.0,0.0,0.0,0.0,0.0,0.0,0.0,0.0,0.0,0.0,0.0,0.0,0.0,0.0,0.0,0.0,0.0,0.0,0.0,0.0,0.0,0.0,0.0,0.0,0.0,0.0,0.0,0.0,0.0,0.0,0.0,0.0,0.0,0.0,0.0,0.0,0.0,0.0,0.0,0.0,0.0,0.0,0.0,0.0,0.0,0.0,0.0,0.0,0.0,0.0,0.0,0.0,1.0,0.0,0.0,0.0,0.0,0.0,0.0,0.0,1.0,0.0,0.0,0.0,0.0,0.0,0.0,0.0,0.0,0.0,0.0,0.0,0.0,0.0,0.0,0.0,0.0,0.0,0.0,0.0,0.0,0.0,0.0,0.0,0.0,0.0,0.0,0.0,0.0,0.0,0.0,0.0,0.0,0.0,0.0,0.0,0.0,0.0,0.0,0.0,0.0,0.0,0.0,0.0,0.0,0.0,0.0,0.0,0.0,0.0,0.0,0.0,0.0,0.0,0.0,0.0,1.0,0.0,0.0,0.0,0.0,0.0,0.0,0.0,0.0,0.0,0.0,0.0,0.0,0.0,0.0,0.0,0.0,0.0,0.0,0.0,0.0,0.0,0.0,0.0,0.0,0.0,0.0,0.0,0.0,0.0,0.0,0.0,0.0,1.0,0.0,0.0,0.0,0.0,0.0,0.0,0.0,0.0,0.0,0.0,0.0,0.0,0.0,0.0,0.0,0.0,0.0,0.0,0.0,0.0,0.0,0.0,1.0,1.0,0.0,0.0,0.0,0.0,0.0,0.0,0.0,0.0,0.0,1.0,0.0,0.0,0.0,0.0,0.0,0.0,0.0,0.0,0.0,0.0,0.0,0.0,0.0,0.0,0.0,0.0,0.0,0.0,0.0,0.0,1.0,0.0,0.0,0.0,0.0,0.0,0.0,0.0,0.0,0.0,0.0,0.0,0.0,0.0,0.0,0.0,0.0,0.0,0.0,0.0,0.0,0.0,0.0,0.0,0.0,0.0,0.0,0.0,0.0,0.0,0.0,1.0,0.0,0.0,0.0,0.0,0.0,0.0,1.0,0.0,0.0,0.0,0.0,0.0,0.0,0.0,0.0,0.0,0.0,0.0,1.0,0.0,0.0,0.0,0.0,0.0,0.0,0.0,0.0,0.0,0.0,0.0,1.0,0.0,0.0,0.0,0.0,0.0,0.0,0.0,0.0,0.0,0.0,0.0,0.0,0.0,0.0,0.0,0.0,0.0,0.0,0.0,0.0,0.0,0.0,0.0,0.0,0.0,0.0,0.0,0.0,0.0,0.0,0.0,0.0,0.0,0.0,0.0,0.0,0.0,0.0,0.0,0.0,0.0,0.0,1.0,0.0,0.0,0.0,0.0,0.0,0.0,0.0,0.0,0.0,0.0,0.0,0.0,0.0,0.0,0.0,0.0,0.0,0.0,0.0,0.0,0.0,0.0,0.0,0.0,0.0,0.0,0.0,0.0,0.0,0.0,0.0,0.0,0.0,0.0,0.0,0.0,0.0,0.0,0.0,0.0,0.0,0.0,0.0,0.0,0.0,0.0,0.0,0.0,0.0,0.0,0.0,0.0,0.0,0.0,0.0,0.0,0.0,0.0,0.0,0.0,0.0,0.0,0.0,0.0,0.0,0.0,0.0,0.0,0.0,0.0,0.0,0.0,0.0,0.0,0.0,0.0,0.0,0.0,0.0,0.0,0.0,0.0,0.0,0.0,0.0,0.0,0.0,0.0,0.0,0.0,0.0,0.0,0.0,0.0,0.0,0.0,0.0,0.0,0.0,0.0,1.0,0.0,0.0,0.0,0.0,0.0,0.0,0.0,0.0,0.0,0.0,0.0,0.0,0.0,0.0,0.0,0.0,0.0,0.0,0.0,0.0,0.0,0.0,0.0,0.0,0.0,0.0,0.0,0.0,0.0,0.0,0.0,0.0,0.0,0.0,0.0,0.0,0.0,0.0,0.0,0.0,0.0,0.0,0.0,0.0,0.0,0.0,0.0,0.0,0.0,0.0,0.0,0.0,0.0,1.0,0.0,0.0,0.0,0.0,0.0,0.0,0.0,0.0,0.0,0.0,0.0,0.0,0.0,0.0,0.0,0.0,0.0,0.0,0.0,0.0,0.0,0.0,0.0,0.0,0.0,1.0,0.0,0.0,0.0,0.0,0.0,0.0,0.0,0.0,1.0,0.0,0.0,0.0,0.0,0.0,0.0,0.0,0.0,0.0,0.0,0.0,0.0,0.0,0.0,0.0,0.0,0.0,0.0,0.0,0.0,0.0,0.0,0.0,0.0,0.0,0.0,0.0,0.0,0.0,0.0,0.0,0.0,0.0,0.0,0.0,0.0,0.0,0.0,0.0,0.0,0.0,0.0,0.0,0.0,0.0,0.0,0.0,0.0,0.0,0.0,0.0,0.0,0.0,0.0,0.0,0.0,0.0,0.0,0.0,0.0,0.0,0.0,0.0,0.0,0.0,0.0,0.0,0.0,0.0,0.0,0.0,0.0,0.0,0.0,0.0,0.0,0.0,0.0,0.0,0.0,0.0,0.0,1.0,0.0,0.0,0.0,0.0,0.0,0.0,0.0,0.0,1.0,0.0,0.0,0.0,0.0,0.0,0.0,0.0,0.0,0.0,0.0,0.0,0.0,0.0,0.0,0.0,0.0,0.0,0.0,0.0,0.0,0.0,0.0,0.0,0.0,0.0,0.0,0.0,0.0,0.0,0.0,0.0,0.0,0.0,0.0,0.0,0.0,0.0,0.0,0.0,0.0,0.0,0.0,0.0,0.0,0.0,0.0,0.0,0.0,0.0,0.0,0.0,0.0,0.0,0.0,0.0,0.0,0.0,0.0,0.0,0.0,0.0,0.0,0.0,0.0,0.0,0.0,0.0,0.0,0.0,0.0,0.0,0.0,0.0,0.0,0.0,0.0,0.0,0.0,0.0,0.0,0.0,0.0,0.0,0.0,0.0,0.0,0.0,0.0,0.0,0.0,0.0,0.0,0.0,0.0,0.0,0.0,0.0,0.0,0.0,0.0,0.0,0.0,0.0,0.0,0.0,0.0,0.0,0.0,0.0,0.0,0.0,0.0,0.0,0.0,0.0,0.0,0.0,0.0,0.0,0.0,0.0,1.0,0.0,0.0,0.0,0.0,0.0,0.0,0.0,0.0,1.0,1.0,0.0,0.0,0.0,0.0,0.0,0.0,0.0,0.0,0.0,0.0,0.0,1.0,0.0,0.0,0.0,0.0,0.0,0.0,0.0,0.0,0.0,0.0,0.0,0.0,0.0,0.0,0.0,0.0,0.0,0.0,0.0,0.0,0.0,0.0,0.0,1.0,0.0,1.0,0.0,0.0,0.0,0.0,0.0,0.0,0.0,0.0,0.0,0.0,0.0,0.0,0.0,0.0,0.0,0.0,0.0,0.0,0.0,0.0,0.0,0.0,0.0,0.0,0.0,0.0,0.0,0.0,0.0,0.0,0.0,0.0,0.0,0.0,0.0,0.0,0.0,0.0,0.0,0.0,0.0,0.0,0.0,0.0,0.0,0.0,0.0,0.0,0.0,0.0,0.0,0.0,0.0,0.0,0.0,0.0,0.0,0.0,0.0,0.0,0.0,0.0,0.0,1.0,0.0,0.0,0.0,0.0,0.0,0.0,0.0,0.0,0.0,0.0,0.0,0.0,0.0,0.0,0.0,0.0,0.0,0.0,0.0,0.0,0.0,0.0,0.0,0.0,0.0,0.0,0.0,0.0,0.0,0.0,0.0,0.0,0.0,0.0,0.0,0.0,0.0,0.0,0.0,0.0,0.0,0.0,0.0,0.0,0.0,0.0,0.0,0.0,0.0,0.0,0.0,0.0,0.0,0.0,0.0,0.0,0.0,0.0,0.0,0.0,0.0,0.0,0.0,0.0,0.0,0.0,0.0,0.0,0.0,0.0,0.0,1.0,0.0,0.0,0.0,0.0,0.0,0.0,0.0,0.0,0.0,0.0,0.0,0.0,0.0,0.0,0.0,0.0,0.0,0.0,0.0,0.0,0.0,0.0,0.0,0.0,0.0,0.0,0.0,1.0,1.0,0.0,1.0,0.0,0.0,0.0,0.0,0.0,0.0,0.0,0.0,0.0,0.0,0.0,0.0,0.0,0.0,0.0,0.0,0.0,1.0,0.0,0.0,0.0,0.0,0.0,0.0,0.0,0.0,0.0,0.0,0.0,0.0,0.0,0.0,0.0,0.0,0.0,0.0,0.0,0.0,0.0,0.0,0.0,1.0,0.0,0.0,0.0,0.0,0.0,0.0,0.0,0.0,1.0,0.0,0.0,0.0,0.0,0.0,0.0,0.0,0.0,0.0,0.0,0.0,0.0,0.0,0.0,1.0,0.0,0.0,0.0,0.0,0.0,0.0,0.0,0.0,0.0,1.0,0.0,0.0,0.0,0.0,0.0,0.0,0.0,0.0,0.0,0.0,0.0,0.0,0.0,0.0,0.0,0.0,0.0,0.0,0.0,0.0,0.0,0.0,0.0,0.0,0.0,0.0,1.0,0.0,0.0,0.0,0.0,0.0,0.0,0.0,0.0,0.0,0.0,0.0,0.0,0.0,0.0,0.0,0.0,0.0,0.0,0.0,0.0,0.0,0.0,0.0,0.0,0.0,0.0,0.0,0.0,0.0,0.0,0.0,0.0,0.0,0.0,0.0,0.0,0.0,1.0,0.0,0.0,0.0,0.0,0.0,0.0,0.0,1.0,0.0,0.0,0.0,0.0,0.0,1.0,0.0,0.0,0.0,0.0,0.0,0.0,1.0,0.0,0.0,0.0,0.0,0.0,1.0,0.0,0.0,0.0,0.0,0.0,0.0,0.0,0.0,0.0,1.0,0.0,0.0,0.0,0.0,0.0,0.0,0.0,0.0,0.0,0.0,0.0,0.0,0.0,0.0,0.0,0.0,0.0,0.0,0.0,1.0,0.0,0.0,0.0,0.0,0.0,0.0,0.0,0.0,0.0,0.0,0.0,0.0,0.0,0.0,0.0,0.0,0.0,0.0,0.0,0.0,0.0,0.0,0.0,0.0,0.0,0.0,0.0,0.0,0.0,0.0,0.0,0.0,0.0,0.0,0.0,0.0,0.0,0.0,0.0,0.0,0.0,0.0,0.0,0.0,0.0,0.0,0.0,0.0,0.0,0.0,0.0,1.0,0.0,0.0,0.0,0.0,0.0,0.0,0.0,0.0,0.0,0.0,0.0,0.0,0.0,0.0,0.0,0.0,0.0,0.0,0.0,0.0,0.0,0.0,0.0,0.0,0.0,0.0,0.0,0.0,0.0,0.0,0.0,0.0,0.0,0.0,0.0,0.0,0.0,0.0,0.0,0.0,0.0,0.0,0.0,0.0,0.0,0.0,0.0,0.0,0.0,0.0,0.0,0.0,0.0,0.0,0.0,0.0,0.0,0.0,0.0,0.0,0.0,0.0,0.0,0.0,0.0,0.0,0.0,0.0,0.0,0.0,0.0,0.0,0.0,0.0,0.0,0.0,0.0,0.0,0.0,0.0,0.0,0.0,0.0,0.0,0.0,0.0,0.0,0.0,0.0,0.0,0.0,0.0,0.0,0.0,0.0,0.0,0.0,0.0,0.0,0.0,0.0,0.0,0.0,0.0,0.0,0.0,0.0,0.0,0.0,0.0,0.0,0.0,0.0,0.0,0.0,0.0,0.0,0.0,0.0,0.0,1.0,0.0,0.0,0.0,0.0,0.0,0.0,0.0,0.0,0.0,0.0,0.0,0.0,0.0,0.0,0.0,0.0,0.0,0.0,0.0,0.0,0.0,0.0,0.0,0.0,0.0,0.0,0.0,0.0,0.0,0.0,0.0,0.0,0.0,0.0,0.0,0.0,0.0,0.0,0.0,0.0,0.0,0.0,0.0,0.0,0.0,0.0,0.0,0.0,0.0,0.0,0.0,0.0,0.0,0.0,0.0,0.0,0.0,0.0,0.0,0.0,0.0,0.0,0.0,0.0,0.0,0.0,0.0,0.0,0.0,0.0,0.0,0.0,0.0,0.0,0.0,0.0,0.0,0.0,0.0,0.0,0.0,0.0,0.0,0.0,0.0,0.0,0.0,0.0,0.0,0.0,0.0,0.0,0.0,0.0,0.0,0.0,0.0,0.0,0.0,0.0,0.0,0.0,0.0,0.0,0.0,0.0,0.0,0.0,0.0,0.0,0.0,0.0,0.0,0.0,0.0,0.0,0.0,0.0,0.0,0.0,0.0,0.0,0.0,0.0,0.0,0.0,0.0,0.0,0.0,0.0,0.0,0.0,1.0,0.0,0.0,0.0,0.0,0.0,0.0,0.0,0.0,0.0,0.0,0.0,0.0,0.0,0.0,0.0,0.0,0.0,0.0,0.0,0.0,0.0,0.0,0.0,0.0,0.0,0.0,0.0,0.0,0.0,0.0,0.0,0.0,0.0,0.0,0.0,0.0,0.0,0.0,0.0,0.0,0.0,0.0,0.0,0.0,0.0,0.0,1.0,0.0,0.0,0.0,0.0,0.0,0.0,0.0,0.0,0.0,0.0,0.0,0.0,0.0,0.0,0.0,0.0,1.0,0.0,0.0,0.0,0.0,0.0,0.0,1.0,0.0,0.0,0.0,0.0,1.0,0.0,0.0,0.0,1.0,0.0,0.0,0.0,0.0,0.0,0.0,0.0,0.0,0.0,0.0,0.0,0.0,0.0,0.0,0.0,0.0,0.0,0.0,0.0,0.0,0.0,0.0,0.0,0.0,0.0,0.0,0.0,0.0,0.0,0.0,0.0,0.0,0.0,0.0,0.0,0.0,0.0,0.0,0.0,0.0,0.0,0.0,0.0,0.0,0.0,0.0,0.0,0.0,0.0,0.0,0.0,0.0,0.0,0.0,0.0,0.0,0.0,0.0,0.0,0.0,0.0,0.0,0.0,0.0,0.0,0.0,0.0,0.0,1.0,0.0,0.0,0.0,0.0,0.0,0.0,0.0,0.0,0.0,0.0,0.0,0.0,0.0,1.0,0.0,0.0,0.0,0.0,0.0,0.0,0.0,0.0,0.0,0.0,0.0,0.0,0.0,0.0,0.0,0.0,0.0,0.0,0.0,0.0,0.0,0.0,0.0,0.0,0.0,0.0,0.0,0.0,0.0,0.0,0.0,1.0,0.0,0.0,0.0,0.0,0.0,0.0,0.0,0.0,0.0,0.0,0.0,0.0,0.0,0.0,0.0,0.0,0.0,0.0,0.0,0.0,0.0,0.0,0.0,0.0,0.0,0.0,0.0,0.0,0.0,0.0,0.0,0.0,0.0,0.0,0.0,0.0,0.0,0.0,0.0,0.0,0.0,0.0,0.0,0.0,0.0,0.0,0.0,0.0,0.0,0.0,0.0,0.0,0.0,0.0,1.0,0.0,1.0,0.0,0.0,0.0,0.0,0.0,0.0,0.0,0.0,0.0,0.0,0.0,0.0,0.0,0.0,0.0,0.0,0.0,0.0,0.0,0.0,0.0,0.0,0.0,0.0,1.0,0.0,0.0,0.0,1.0,0.0,0.0,0.0,0.0,0.0,0.0,0.0,0.0,0.0,0.0,0.0,0.0,0.0,0.0,0.0,0.0,0.0,0.0,0.0,0.0,0.0,0.0,0.0,0.0,0.0,0.0,0.0,0.0,0.0,0.0,0.0,0.0,0.0,0.0,0.0,0.0,0.0,1.0,0.0,0.0,0.0,0.0,0.0,0.0,0.0,0.0,0.0,0.0,0.0,0.0,0.0,0.0,0.0,0.0,0.0,0.0,0.0,0.0,0.0,0.0,0.0,0.0,0.0,0.0,0.0,0.0,0.0,0.0,0.0,0.0,0.0,0.0,0.0,0.0,0.0,0.0,1.0,0.0,0.0,0.0,0.0,0.0,0.0,0.0,0.0,0.0,0.0,0.0,0.0,0.0,0.0,0.0,0.0,0.0,0.0,0.0,0.0,0.0,0.0,0.0,0.0,0.0,0.0,0.0,0.0,1.0,0.0,0.0,0.0,0.0,0.0,0.0,0.0,0.0,0.0,0.0,0.0,0.0,0.0,0.0,0.0,0.0,0.0,0.0,0.0,0.0,0.0,0.0,0.0,0.0,0.0,0.0,0.0,0.0,0.0,0.0,0.0,0.0,0.0,0.0,0.0,0.0,0.0,0.0,0.0,0.0,0.0,0.0,0.0,0.0,0.0,0.0,0.0,0.0,0.0,0.0,0.0,0.0,0.0,0.0,0.0,0.0,0.0,0.0,0.0,0.0,0.0,0.0,0.0,0.0,0.0,0.0,0.0,0.0,0.0,0.0,0.0,0.0,0.0,0.0,0.0,0.0,0.0,0.0,0.0,0.0,0.0,0.0,0.0,0.0,0.0,0.0,0.0,0.0,0.0,0.0,0.0,0.0,0.0,0.0,0.0,0.0,0.0,0.0,0.0,0.0,0.0,0.0,0.0,0.0,0.0,0.0,0.0,0.0,0.0,0.0,0.0,0.0,0.0,0.0,0.0,0.0,0.0,0.0,0.0,0.0,0.0,0.0,0.0,0.0,0.0,0.0,0.0,0.0,0.0,0.0,0.0,0.0,0.0,0.0,0.0,0.0,0.0,0.0,0.0,0.0,0.0,0.0,0.0,0.0,0.0,0.0,0.0,0.0,0.0,0.0,0.0,0.0,0.0,0.0,0.0,0.0,0.0,0.0,0.0,0.0,0.0,0.0,0.0,0.0,0.0,0.0,0.0,0.0,0.0,0.0,0.0,0.0,0.0,0.0,0.0,0.0,0.0,0.0,0.0,0.0,0.0,0.0,0.0,0.0,0.0,0.0,0.0,0.0,0.0,0.0,0.0,0.0,0.0,0.0,0.0,0.0,0.0,0.0,0.0,0.0,0.0,0.0,0.0,0.0,0.0,0.0,0.0,0.0,0.0,0.0,0.0,0.0,0.0,0.0,0.0,0.0,0.0,0.0,0.0,0.0,0.0,0.0,0.0,0.0,0.0,0.0,0.0,0.0,0.0,0.0,0.0,0.0,0.0,0.0,0.0,0.0,0.0,0.0,0.0,0.0,0.0,0.0,0.0,0.0,0.0,0.0,0.0,0.0,0.0,0.0,0.0,0.0,0.0,0.0,0.0,0.0,0.0,0.0,0.0,0.0,0.0,0.0,0.0,0.0,0.0,0.0,0.0,0.0,0.0,0.0,0.0,0.0,0.0,0.0,0.0,0.0,0.0,0.0,0.0,0.0,0.0,0.0,0.0,0.0,0.0,0.0,0.0,0.0,0.0,0.0,0.0,0.0,0.0,0.0,0.0,0.0,0.0,0.0,0.0,0.0,0.0,0.0,0.0,0.0,0.0,0.0,0.0,0.0,0.0,0.0,0.0,0.0,0.0,0.0,0.0,0.0,0.0,0.0,0.0,0.0,0.0,0.0,0.0,0.0,0.0,0.0,0.0,0.0,0.0,0.0,0.0,0.0,0.0,0.0,0.0,0.0,0.0,0.0,0.0,0.0,0.0,0.0,0.0,0.0,0.0,0.0,0.0,0.0,0.0,0.0,0.0,0.0,0.0,0.0,0.0,0.0,0.0,0.0,0.0,0.0,0.0,0.0,0.0,0.0,0.0,0.0,0.0,0.0,0.0,0.0,0.0,0.0,0.0,0.0,0.0,0.0,0.0,0.0,0.0,0.0,0.0,0.0,0.0,0.0,0.0,0.0,0.0,0.0,0.0,0.0,0.0,0.0,0.0,0.0,0.0,0.0,0.0,0.0,0.0,0.0,0.0,0.0,0.0,0.0,0.0,0.0,0.0,0.0,0.0,1.0,0.0,0.0,0.0,0.0,0.0,0.0,0.0,0.0,0.0,0.0,0.0,0.0,0.0,0.0,0.0,0.0,0.0,0.0,0.0,0.0,0.0,0.0,0.0,0.0,0.0,0.0,0.0,0.0,0.0,0.0,0.0,0.0,0.0,0.0,0.0,0.0,0.0,0.0,0.0,0.0,0.0,0.0,0.0,0.0,1.0,0.0,0.0,0.0,0.0,0.0,0.0,0.0,0.0,0.0,0.0,0.0,0.0,0.0,0.0,0.0,0.0,0.0,0.0,0.0,0.0,0.0,0.0,0.0,0.0,0.0,0.0,0.0,0.0,0.0,0.0,0.0,0.0,0.0,0.0,0.0,0.0,0.0,0.0,0.0,0.0,0.0,0.0,0.0,0.0,0.0,0.0,0.0,0.0,0.0,0.0,0.0,0.0,0.0,0.0,0.0,0.0,1.0,1.0,0.0,0.0,0.0,0.0,0.0,0.0,0.0,0.0,0.0,0.0,0.0,0.0,0.0,0.0,0.0,0.0,0.0,0.0,0.0,0.0,0.0,0.0,0.0,0.0,0.0,0.0,0.0,0.0,0.0,0.0,0.0,0.0,0.0,0.0,0.0,0.0,0.0,0.0,0.0,0.0,0.0,0.0,0.0,0.0,0.0,0.0,0.0,0.0,0.0,0.0,0.0,0.0,0.0,0.0,0.0,0.0,0.0,0.0,0.0,0.0,0.0,0.0,0.0,0.0,0.0,0.0,0.0,0.0,0.0,0.0,0.0,0.0,0.0,0.0,0.0,0.0,0.0,0.0,0.0,1.0,0.0,0.0,0.0,0.0,0.0,0.0,0.0,0.0,0.0,0.0,0.0,0.0,0.0,0.0,0.0,0.0,0.0,0.0,0.0,0.0,0.0,0.0,0.0,0.0,0.0,0.0,0.0,0.0,0.0,0.0,0.0,0.0,0.0,0.0,0.0,0.0,0.0,0.0,0.0,0.0,0.0,0.0,0.0,0.0,0.0,0.0,0.0,0.0,0.0,0.0,0.0,0.0,0.0,0.0,0.0,0.0,0.0,0.0,0.0,0.0,0.0,0.0,0.0,0.0,0.0,0.0,0.0,0.0,0.0,0.0,0.0,0.0,0.0,0.0,0.0,0.0,0.0,0.0,0.0,0.0,0.0,0.0,0.0,0.0,0.0,0.0,0.0,0.0,1.0,0.0,0.0,0.0,0.0,0.0,0.0,0.0,0.0,0.0,0.0,0.0,0.0,0.0,0.0,0.0,0.0,0.0,0.0,0.0,0.0,0.0,0.0,0.0,0.0,0.0,0.0,0.0,0.0,0.0,0.0,0.0,0.0,0.0,0.0,0.0,0.0,0.0,0.0,0.0,0.0,0.0,0.0,0.0,0.0,0.0,0.0,0.0,0.0,0.0,0.0,0.0,0.0,0.0,0.0,0.0,0.0,0.0,0.0,0.0,1.0,0.0,0.0,0.0,0.0,0.0,0.0,0.0,0.0,0.0,0.0,0.0,0.0,0.0,0.0,0.0,0.0,0.0,0.0,0.0,1.0,0.0,0.0,0.0,0.0,0.0,0.0,0.0,0.0,0.0,0.0,0.0,0.0,0.0,0.0,0.0,0.0,0.0,0.0,0.0,0.0,0.0,0.0,0.0,0.0,0.0,0.0,0.0,0.0,0.0,0.0,0.0,0.0,0.0,0.0,0.0,0.0,0.0,0.0,0.0,0.0,0.0,0.0,0.0,0.0,0.0,0.0,0.0,0.0,0.0,1.0,0.0,0.0,0.0,0.0,0.0,0.0,0.0,0.0,0.0,0.0,0.0,0.0,0.0,1.0,0.0,0.0,0.0,0.0,0.0,0.0,0.0,0.0,0.0,0.0,0.0,0.0,0.0,0.0,0.0,0.0,0.0,0.0,0.0,0.0,0.0,0.0,0.0,0.0,1.0,0.0,0.0,0.0,1.0,0.0,0.0,0.0,0.0,1.0,0.0,0.0,0.0,0.0,0.0,0.0,0.0,0.0,0.0,0.0,0.0,0.0,0.0,1.0,0.0,1.0,0.0,0.0,0.0,0.0,0.0,0.0,0.0,0.0,0.0,0.0,0.0,0.0,0.0,0.0,0.0,0.0,0.0,0.0,0.0,0.0,0.0,0.0,0.0,0.0,0.0,0.0,0.0,0.0,0.0,0.0,0.0,0.0,0.0,0.0,0.0,0.0,0.0,0.0,0.0,0.0,0.0,0.0,0.0,0.0,0.0,0.0,0.0,0.0,0.0,0.0,0.0,0.0,0.0,0.0,0.0,0.0,0.0,0.0,0.0,0.0,0.0,0.0,0.0,0.0,0.0,0.0,0.0,0.0,0.0,0.0,0.0,0.0,0.0,0.0,0.0,0.0,0.0,0.0,0.0,0.0,0.0,0.0,0.0,0.0,0.0,0.0,0.0,0.0,0.0,0.0,0.0,0.0,0.0,0.0,0.0,0.0,0.0,0.0,0.0,0.0,0.0,0.0,0.0,0.0,0.0,0.0,0.0,0.0,0.0,0.0,0.0,0.0,0.0,0.0,1.0,0.0,0.0,0.0,0.0,0.0,0.0,0.0,0.0,0.0,0.0,0.0,0.0,0.0,0.0,0.0,0.0,0.0,0.0,0.0,0.0,0.0,0.0,0.0,0.0,0.0,0.0,0.0,0.0,0.0,0.0,0.0,1.0,0.0,1.0,0.0,0.0,0.0,0.0,0.0,0.0,0.0,0.0,0.0,0.0,0.0,0.0,0.0,0.0,0.0,0.0,0.0,0.0,0.0,0.0,0.0,0.0,0.0,0.0,0.0,0.0,0.0,0.0,0.0,0.0,0.0,0.0,0.0,0.0,0.0,1.0,0.0,0.0,0.0,0.0,0.0,0.0,0.0,0.0,0.0,0.0,0.0,0.0,1.0,0.0,0.0,0.0,0.0,0.0,0.0,1.0,0.0,0.0,0.0,0.0,0.0,0.0,0.0,0.0,0.0,0.0,0.0,0.0,0.0,1.0,0.0,0.0,0.0,0.0,0.0,0.0,0.0,0.0,0.0,0.0,0.0,0.0,0.0,1.0,0.0,0.0,0.0,1.0,0.0,0.0,0.0,0.0,0.0,0.0,0.0,0.0,0.0,0.0,0.0,0.0,0.0,1.0,0.0,0.0,0.0,0.0,0.0,0.0,0.0,0.0,0.0,0.0,0.0,0.0,0.0,0.0,0.0,0.0,0.0,0.0,0.0,0.0,0.0,0.0,0.0,0.0,1.0,0.0,0.0,0.0,0.0,0.0,0.0,0.0,0.0,0.0,0.0,0.0,0.0,1.0,0.0,0.0,0.0,0.0,0.0,0.0,0.0,0.0,0.0,0.0,0.0,0.0,0.0,0.0,0.0,0.0,0.0,0.0,0.0,0.0,0.0,0.0,0.0,0.0,0.0,0.0,0.0,0.0,0.0,0.0,0.0,0.0,0.0,0.0,0.0,0.0,0.0,0.0,0.0,0.0,0.0,0.0,0.0,0.0,0.0,0.0,0.0,0.0,0.0,0.0,0.0,0.0,1.0,0.0,0.0,0.0,0.0,0.0,0.0,0.0,0.0,0.0,0.0,0.0,0.0,0.0,0.0,0.0,0.0,0.0,0.0,0.0,0.0,1.0,0.0,0.0,0.0,0.0,0.0,0.0,0.0,0.0,0.0,0.0,0.0,0.0,0.0,0.0,0.0,0.0,0.0,0.0,0.0,0.0,0.0,0.0,0.0,0.0,0.0,0.0,0.0,0.0,0.0,0.0,0.0,0.0,0.0,0.0,0.0,0.0,0.0,0.0,0.0,0.0,0.0,0.0,0.0,0.0,0.0,0.0,0.0,0.0,0.0,0.0,0.0,0.0,0.0,0.0,0.0,0.0,0.0,0.0,0.0,0.0,0.0,0.0,0.0,0.0,0.0,0.0,0.0,0.0,0.0,0.0,0.0,0.0,0.0,0.0,0.0,0.0,0.0,0.0,0.0,0.0,0.0,0.0,0.0,0.0,0.0,0.0,0.0,0.0,0.0,0.0,0.0,0.0,0.0,0.0,1.0,0.0,0.0,1.0,0.0,0.0,0.0,0.0,0.0,0.0,0.0,0.0,0.0,0.0,0.0,0.0,0.0,0.0,0.0,0.0,0.0,0.0,0.0,0.0,0.0,0.0,0.0,1.0,0.0,0.0,0.0,0.0,0.0,0.0,0.0,0.0,0.0,0.0,0.0,0.0,0.0,0.0,0.0,0.0,0.0,0.0,0.0,0.0,0.0,0.0,0.0,0.0,0.0,0.0,0.0,0.0,0.0,0.0,0.0,0.0,0.0,0.0,0.0,0.0,0.0,0.0,0.0,1.0,0.0,0.0,0.0,0.0,0.0,0.0,0.0,0.0,0.0,0.0,0.0,0.0,0.0,0.0,0.0,0.0,0.0,0.0,1.0,0.0,0.0,0.0,0.0,0.0,0.0,0.0,0.0,0.0,0.0,0.0,0.0,0.0,0.0,0.0,0.0,0.0,0.0,0.0,0.0,0.0,0.0,0.0,0.0,0.0,0.0,0.0,0.0,0.0,0.0,0.0,0.0,0.0,0.0,0.0,0.0,0.0,0.0,0.0,0.0,0.0,0.0,0.0,0.0,0.0,0.0,0.0,0.0,0.0,0.0,0.0,1.0,0.0,0.0,0.0,0.0,0.0,0.0,1.0,0.0,0.0,0.0,0.0,0.0,0.0,0.0,0.0,0.0,0.0,0.0,0.0,0.0,0.0,0.0,0.0,0.0,0.0,0.0,0.0,0.0,0.0,0.0,0.0,1.0,0.0,0.0,0.0,0.0,0.0,0.0,0.0,0.0,0.0,0.0,0.0,0.0,0.0,0.0,0.0,0.0,0.0,0.0,0.0,0.0,0.0,0.0,0.0,1.0,0.0,0.0,0.0,0.0,0.0,0.0,0.0,0.0,0.0,0.0,0.0,0.0,0.0,0.0,0.0,0.0,0.0,0.0,0.0,0.0,0.0,0.0,0.0,0.0,0.0,0.0,0.0,0.0,0.0,0.0,0.0,0.0,0.0,0.0,0.0,0.0,0.0,0.0,0.0,0.0,0.0,1.0,0.0,0.0,0.0,0.0,0.0,1.0,0.0,0.0,0.0,0.0,0.0,1.0,0.0,0.0,0.0,0.0,0.0,1.0,0.0,0.0,0.0,0.0,0.0,0.0,0.0,0.0,0.0,0.0,0.0,1.0,0.0,0.0,0.0,0.0,0.0,0.0,0.0,0.0,0.0,0.0,0.0,0.0,0.0,0.0,0.0,0.0,0.0,0.0,0.0,0.0,0.0,0.0,0.0,0.0,1.0,0.0,0.0,0.0,0.0,1.0,0.0,0.0,0.0,0.0,0.0,0.0,0.0,0.0,0.0,0.0,0.0,0.0,0.0,0.0,0.0,0.0,0.0,0.0,0.0,0.0,0.0,1.0,0.0,1.0,0.0,0.0,0.0,0.0,0.0,0.0,1.0,0.0,0.0,0.0,0.0,0.0,0.0,0.0,0.0,0.0,0.0,0.0,0.0,0.0,0.0,0.0,0.0,0.0,0.0,0.0,0.0,0.0,0.0,0.0,0.0,0.0,0.0,0.0,0.0,0.0,0.0,0.0,0.0,0.0,0.0,0.0,0.0,0.0,0.0,0.0,0.0,0.0,0.0,0.0,0.0,0.0,0.0,0.0,0.0,0.0,0.0,0.0,0.0,0.0,0.0,0.0,0.0,0.0,0.0,0.0,0.0,0.0,0.0,0.0,0.0,0.0,0.0,0.0,0.0,0.0,0.0,0.0,0.0,0.0,0.0,0.0,0.0,0.0,0.0,0.0,0.0,0.0,0.0,0.0,0.0,0.0,0.0,0.0,0.0,0.0,0.0,0.0,0.0,0.0,0.0,0.0,0.0,1.0,0.0,0.0,0.0,0.0,0.0,0.0,0.0,0.0,0.0,0.0,0.0,0.0,0.0,0.0,0.0,0.0,0.0,0.0,0.0,0.0,0.0,0.0,0.0,0.0,0.0,0.0,0.0,0.0,0.0,0.0,0.0,0.0,0.0,0.0,0.0,0.0,0.0,0.0,0.0,0.0,0.0,0.0,0.0,0.0,0.0,0.0,0.0,0.0,0.0,0.0,0.0,0.0,0.0,0.0,0.0,0.0,0.0,0.0,0.0,0.0,0.0,0.0,0.0,0.0,0.0,0.0,0.0,0.0,0.0,0.0,0.0,0.0,0.0,0.0,0.0,0.0,0.0,0.0,0.0,0.0,0.0,0.0,0.0,0.0,0.0,0.0,0.0,0.0,0.0,0.0,0.0,0.0,0.0,0.0,0.0,0.0,0.0,0.0,0.0,0.0,0.0,0.0,0.0,0.0,0.0,0.0,0.0,0.0,0.0,0.0,0.0,0.0,0.0,0.0,0.0,0.0,0.0,0.0,0.0,0.0,0.0,0.0,0.0,0.0,0.0,0.0,0.0,0.0,0.0,0.0,0.0,0.0,0.0,0.0,0.0,0.0,0.0,0.0,0.0,0.0,0.0,0.0,0.0,0.0,0.0,0.0,0.0,0.0,0.0,0.0,0.0,0.0,0.0,0.0,0.0,0.0,0.0,0.0,0.0,0.0,0.0,0.0,0.0,0.0,0.0,0.0,0.0,0.0,0.0,0.0,0.0,0.0,0.0,0.0,0.0,0.0,0.0,0.0,0.0,0.0,0.0,0.0,0.0,0.0,0.0,0.0,0.0,0.0,0.0,0.0,1.0,0.0,0.0,0.0,0.0,0.0,0.0,0.0,0.0,0.0,0.0,0.0,0.0,0.0,0.0,0.0,0.0,0.0,0.0,0.0,0.0,0.0,0.0,0.0,0.0,0.0,0.0,0.0,0.0,0.0,0.0,0.0,0.0,0.0,0.0,0.0,0.0,0.0,0.0,0.0,0.0,0.0,0.0,0.0,0.0,0.0,0.0,0.0,0.0,0.0,0.0,0.0,0.0,0.0,0.0,0.0,0.0,0.0,0.0,0.0,0.0,0.0,0.0,0.0,0.0,0.0,0.0,0.0,0.0,0.0,0.0,0.0,0.0,0.0,0.0,0.0,0.0,0.0,0.0,0.0,0.0,0.0,0.0,0.0,0.0,0.0,0.0,0.0,0.0,0.0,0.0,0.0,0.0,0.0,0.0,0.0,0.0,0.0,0.0,0.0,0.0,0.0,0.0,0.0,0.0,0.0,0.0,0.0,0.0,0.0,0.0,0.0,0.0,1.0,0.0,0.0,0.0,0.0,0.0,0.0,0.0,0.0,0.0,0.0,0.0,0.0,0.0,0.0,0.0,0.0,0.0,1.0,0.0,0.0,0.0,0.0,0.0,0.0,0.0,0.0,0.0,0.0,0.0,0.0,0.0,0.0,0.0,0.0,0.0,0.0,0.0,0.0,0.0,0.0,0.0,0.0,0.0,0.0,0.0,0.0,0.0,0.0,0.0,0.0,0.0,0.0,0.0,0.0,0.0,0.0,0.0,0.0,0.0,0.0,0.0,0.0,0.0,0.0,0.0,0.0,0.0,0.0,0.0,0.0,0.0,0.0,0.0,0.0,0.0,0.0,0.0,0.0,0.0,0.0,0.0,0.0,0.0,0.0,0.0,0.0,0.0,0.0,0.0,0.0,0.0,1.0,0.0,0.0,0.0,0.0,0.0,1.0,0.0,0.0,0.0,0.0,0.0,0.0,1.0,0.0,0.0,1.0,0.0,0.0,0.0,0.0,0.0,0.0,0.0,0.0,1.0,0.0,0.0,0.0,0.0,0.0,0.0,0.0,0.0,0.0,0.0,0.0,0.0,0.0,0.0,0.0,0.0,0.0,0.0,0.0,0.0,1.0,0.0,0.0,0.0,0.0,0.0,0.0,0.0,0.0,0.0,0.0,0.0,1.0,0.0,0.0,0.0,0.0,0.0,0.0,0.0,0.0,0.0,0.0,0.0,0.0,0.0,0.0,0.0,0.0,0.0,0.0,0.0,0.0,0.0,0.0,0.0,0.0,0.0,0.0,0.0,0.0,0.0,0.0,0.0,0.0,0.0,0.0,0.0,0.0,0.0,0.0,0.0,0.0,0.0,0.0,0.0,0.0,0.0,0.0,0.0,0.0,0.0,0.0,0.0,0.0,0.0,0.0,0.0,1.0,0.0,0.0,0.0,0.0,0.0,0.0,0.0,0.0,0.0,0.0,0.0,0.0,0.0,0.0,0.0,0.0,0.0,0.0,0.0,0.0,0.0,0.0,0.0,0.0,0.0,0.0,0.0,0.0,0.0,0.0,0.0,0.0,0.0,0.0,0.0,0.0,0.0,0.0,0.0,0.0,0.0,0.0,0.0,0.0,0.0,0.0,0.0,0.0,0.0,0.0,0.0,0.0,0.0,0.0,0.0,0.0,0.0,0.0,0.0,0.0,0.0,1.0,0.0,0.0,0.0,0.0,0.0,0.0,1.0,0.0,0.0,0.0,0.0,0.0,0.0,0.0,0.0,1.0,0.0,0.0,0.0,0.0,0.0,0.0,0.0,0.0,0.0,0.0,0.0,0.0,0.0,0.0,0.0,0.0,0.0,0.0,0.0,0.0,0.0,0.0,0.0,0.0,0.0,0.0,1.0,0.0,0.0,0.0,0.0,0.0,0.0,0.0,0.0,0.0,0.0,0.0,0.0,0.0,0.0,0.0,0.0,0.0,0.0,0.0,0.0,0.0,0.0,0.0,0.0,0.0,1.0,0.0,0.0,1.0,0.0,0.0,0.0,0.0,0.0,0.0,0.0,0.0,0.0,0.0,0.0,0.0,0.0,0.0,0.0,0.0,0.0,0.0,0.0,0.0,0.0,0.0,0.0,0.0,0.0,0.0,0.0,0.0,0.0,0.0,0.0,0.0,1.0,0.0,0.0,1.0,0.0,0.0,0.0,0.0,0.0,0.0,0.0,0.0,0.0,0.0,0.0,0.0,0.0,0.0,0.0,0.0,0.0,0.0,0.0,0.0,0.0,0.0,0.0,0.0,0.0,0.0,0.0,0.0,0.0,1.0,0.0,0.0,0.0,0.0,0.0,0.0,0.0,0.0,0.0,0.0,0.0,0.0,0.0,0.0,0.0,0.0,0.0,0.0,0.0,0.0,0.0,0.0,0.0,0.0,0.0,0.0,0.0,0.0,0.0,0.0,0.0,0.0,0.0,0.0,0.0,0.0,0.0,0.0,0.0,0.0,0.0,0.0,0.0,0.0,0.0,0.0,0.0,0.0,0.0,0.0,0.0,0.0,0.0,0.0,0.0,0.0,0.0,0.0,0.0,0.0,0.0,0.0,0.0,0.0,0.0,0.0,0.0,0.0,0.0,0.0,0.0,0.0,0.0,0.0,0.0,0.0,1.0,0.0,0.0,0.0,0.0,0.0,0.0,0.0,0.0,0.0,0.0,0.0,0.0,0.0,0.0,0.0,0.0,0.0,0.0,0.0,0.0,0.0,0.0,0.0,0.0,0.0,0.0,0.0,0.0,0.0,0.0,0.0,0.0,0.0,0.0,0.0,0.0,0.0,0.0,0.0,0.0,0.0,0.0,0.0,0.0,0.0,0.0,0.0,0.0,0.0,0.0,0.0,0.0,0.0,0.0,0.0,0.0,0.0,0.0,0.0,0.0,0.0,0.0,0.0,0.0,0.0,0.0,0.0,0.0,0.0,0.0,0.0,0.0,0.0,0.0,0.0,0.0,0.0,1.0,0.0,0.0,0.0,0.0,0.0,0.0,0.0,0.0,0.0,0.0,0.0,1.0,0.0,0.0,0.0,0.0,1.0,0.0,0.0,0.0,0.0,0.0,0.0,0.0,0.0,0.0,0.0,0.0,0.0,0.0,0.0,0.0,0.0,0.0,0.0,0.0,0.0,0.0,0.0,0.0,0.0,0.0,0.0,0.0,0.0,0.0,0.0,0.0,0.0,0.0,1.0,0.0,0.0,0.0,0.0,0.0,0.0,0.0,0.0,0.0,0.0,0.0,0.0,0.0,0.0,0.0,0.0,0.0,0.0,0.0,0.0,0.0,1.0,0.0,0.0,0.0,0.0,0.0,0.0,0.0,0.0,0.0,0.0,0.0,0.0,0.0,0.0,0.0,0.0,0.0,0.0,0.0,1.0,0.0,0.0,0.0,0.0,0.0,0.0,0.0,0.0,0.0,0.0,0.0,0.0,0.0,0.0,0.0,0.0,0.0,0.0,1.0,0.0,0.0,0.0,0.0,0.0,0.0,0.0,0.0,0.0,0.0,0.0,0.0,1.0,0.0,0.0,0.0,1.0,0.0,0.0,0.0,0.0,0.0,0.0,0.0,0.0,0.0,0.0,0.0,0.0,0.0,1.0,0.0,0.0,0.0,0.0,0.0,0.0,0.0,0.0,0.0,0.0,0.0,0.0,0.0,0.0,0.0,0.0,0.0,0.0,0.0,1.0,0.0,0.0,0.0,0.0,0.0,0.0,0.0,0.0,0.0,0.0,0.0,0.0,0.0,0.0,0.0,0.0,0.0,0.0,0.0,0.0,0.0,0.0,0.0,0.0,0.0,0.0,0.0,0.0,0.0,0.0,0.0,0.0,0.0,0.0,0.0,0.0,0.0,0.0,0.0,0.0,0.0,0.0,0.0,0.0,0.0,0.0,0.0,0.0,0.0,0.0,0.0,0.0,1.0,0.0,0.0,1.0,0.0,0.0,0.0,0.0,0.0,0.0,0.0,0.0,1.0,0.0,0.0,0.0,0.0,0.0,0.0,0.0,0.0,0.0,0.0,1.0,0.0,0.0,0.0,0.0,0.0,0.0,0.0,0.0,0.0,0.0,0.0,0.0,0.0,0.0,0.0,0.0,0.0,1.0,0.0,0.0,1.0,0.0,0.0,0.0,0.0,0.0,0.0,0.0,0.0,0.0,0.0,0.0,0.0,0.0,0.0,0.0,0.0,0.0,0.0,0.0,0.0,0.0,0.0,0.0,0.0,0.0,0.0,0.0,0.0,0.0,0.0,0.0,1.0,0.0,0.0,0.0,0.0,0.0,0.0,0.0,0.0,0.0,0.0,0.0,0.0,0.0,0.0,0.0,0.0,0.0,0.0,0.0,0.0,0.0,0.0,0.0,0.0,0.0,0.0,0.0,1.0,0.0,0.0,0.0,0.0,0.0,1.0,0.0,0.0,0.0,0.0,0.0,0.0,0.0,0.0,0.0,0.0,1.0,0.0,0.0,0.0,0.0,0.0,0.0,0.0,0.0,0.0,0.0,0.0,0.0,0.0,0.0,0.0,0.0,0.0,0.0,0.0,1.0,0.0,0.0,0.0,0.0,0.0,0.0,0.0,0.0,0.0,0.0,0.0,0.0,0.0,0.0,0.0,0.0,0.0,0.0,0.0,0.0,1.0,0.0,0.0,0.0,0.0,0.0,0.0,0.0,0.0,0.0,0.0,0.0,0.0,1.0,0.0,0.0,0.0,0.0,0.0,0.0,0.0,0.0,0.0,0.0,0.0,0.0,0.0,0.0,0.0,0.0,0.0,0.0,1.0,0.0,0.0,0.0,0.0,0.0,0.0,0.0,0.0,0.0,0.0,0.0,1.0,0.0,0.0,0.0,0.0,0.0,0.0,0.0,0.0,0.0,0.0,0.0,0.0,0.0,0.0,0.0,0.0,0.0,0.0,0.0,0.0,0.0,0.0,0.0,0.0,1.0,0.0,0.0,0.0,0.0,0.0,0.0,0.0,0.0,1.0,0.0,0.0,0.0,0.0,0.0,1.0,0.0,0.0,0.0,0.0,0.0,0.0,0.0,0.0,0.0,0.0,0.0,0.0,0.0,0.0,0.0,0.0,0.0,0.0,0.0,1.0,0.0,0.0,0.0,0.0,0.0,0.0,0.0,0.0,1.0,1.0,0.0,0.0,0.0,0.0,0.0,0.0,0.0,0.0,0.0,0.0,0.0,0.0,0.0,0.0,0.0,0.0,0.0,0.0,0.0,0.0,0.0,0.0,0.0,0.0,0.0,0.0,0.0,0.0,0.0,0.0,0.0,0.0,0.0,0.0,0.0,0.0,0.0,0.0,0.0,0.0,0.0,0.0,0.0,0.0,0.0,0.0,0.0,0.0,0.0,0.0,1.0,0.0,0.0,0.0,0.0,1.0,1.0,0.0,0.0,0.0,0.0,0.0,0.0,0.0,0.0,0.0,0.0,1.0,0.0,0.0,0.0,0.0,0.0,0.0,0.0,1.0,0.0,0.0,0.0,0.0,0.0,0.0,0.0,0.0,0.0,0.0,0.0,0.0,0.0,0.0,0.0,0.0,0.0,0.0,0.0,0.0,0.0,0.0,0.0,0.0,0.0,0.0,0.0,0.0,0.0,0.0,0.0,0.0,0.0,0.0,0.0,0.0,0.0,0.0,0.0,0.0,0.0,0.0,0.0,0.0,0.0,0.0,0.0,0.0,0.0,0.0,0.0,0.0,0.0,0.0,0.0,0.0,0.0,0.0,0.0,1.0,0.0,0.0,0.0,0.0,0.0,0.0,0.0,0.0,1.0,0.0,0.0,0.0,0.0,0.0,1.0,0.0,0.0,0.0,0.0,0.0,0.0,0.0,0.0,0.0,0.0,0.0,0.0,0.0,0.0,0.0,0.0,0.0,0.0,0.0,0.0,0.0,0.0,0.0,0.0,0.0,0.0,0.0,0.0,0.0,0.0,0.0,0.0,0.0,0.0,0.0,0.0,0.0,0.0,0.0,0.0,1.0,0.0,0.0,0.0,0.0,0.0,0.0,0.0,0.0,0.0,0.0,0.0,0.0,0.0,0.0,0.0,0.0,0.0,0.0,0.0,0.0,0.0,1.0,0.0,0.0,0.0,0.0,0.0,0.0,0.0,0.0,0.0,1.0,0.0,0.0,0.0,0.0,0.0,0.0,0.0,0.0,0.0,0.0,0.0,0.0,0.0,1.0,0.0,0.0,0.0,0.0,0.0,0.0,0.0,0.0,0.0,0.0,0.0,0.0,0.0,0.0,0.0,0.0,0.0,0.0,0.0,0.0,0.0,0.0,0.0,0.0,0.0,0.0,1.0,0.0,0.0,0.0,0.0,0.0,0.0,0.0,0.0,0.0,0.0,0.0,0.0,1.0,0.0,1.0,0.0,0.0,0.0,0.0,0.0,0.0,0.0,0.0,0.0,0.0,0.0,0.0,0.0,0.0,0.0,0.0,0.0,0.0,0.0,0.0,0.0,0.0,0.0,0.0,0.0,0.0,0.0,0.0,0.0,0.0,0.0,0.0,0.0,0.0,0.0,0.0,0.0,0.0,0.0,0.0,1.0,0.0,0.0,0.0,0.0,0.0,0.0,0.0,0.0,0.0,0.0,0.0,1.0,0.0,0.0,0.0,0.0,0.0,0.0,0.0,0.0,0.0,0.0,0.0,0.0,0.0,0.0,0.0,0.0,0.0,0.0,0.0,0.0,0.0,0.0,0.0,0.0,0.0,0.0,0.0,0.0,0.0,0.0,1.0,0.0,0.0,0.0,0.0,0.0,0.0,0.0,0.0,0.0,0.0,0.0,0.0,0.0,0.0,0.0,0.0,0.0,0.0,0.0,0.0,0.0,0.0,0.0,0.0,0.0,0.0,0.0,0.0,0.0,0.0,0.0,0.0,0.0,0.0,0.0,0.0,0.0,0.0,0.0,0.0,0.0,0.0,0.0,0.0,0.0,0.0,0.0,1.0,0.0,0.0,0.0,0.0,0.0,0.0,0.0,0.0,0.0,0.0,0.0,0.0,0.0,0.0,0.0,0.0,0.0,0.0,0.0,0.0,0.0,0.0,0.0,0.0,0.0,0.0,0.0,0.0,0.0,0.0,0.0,0.0,0.0,0.0,0.0,0.0,0.0,0.0,0.0,1.0,0.0,0.0,0.0,0.0,0.0,0.0,0.0,0.0,0.0,0.0,0.0,0.0,0.0,0.0,1.0,0.0,0.0,0.0,0.0,0.0,0.0,0.0,0.0,0.0,0.0,0.0,0.0,0.0,0.0,0.0,0.0,0.0,0.0,0.0,0.0,0.0,0.0,0.0,0.0,0.0,0.0,0.0,0.0,0.0,0.0,0.0,0.0,0.0,0.0,0.0,0.0,0.0,0.0,0.0,0.0,0.0,0.0,0.0,1.0,0.0,0.0,0.0,0.0,0.0,0.0,0.0,0.0,0.0,0.0,0.0,0.0,0.0,0.0,0.0,0.0,0.0,0.0,0.0,0.0,0.0,0.0,0.0,0.0,0.0,0.0,0.0,0.0,1.0,0.0,0.0,0.0,1.0,0.0,0.0,0.0,0.0,0.0,0.0,0.0,0.0,0.0,0.0,0.0,0.0,1.0,0.0,0.0,0.0,0.0,0.0,0.0,0.0,0.0,0.0,0.0,1.0,0.0,0.0,0.0,0.0,0.0,0.0,0.0,0.0,0.0,0.0,0.0,0.0,0.0,0.0,0.0,0.0,0.0,0.0,0.0,0.0,0.0,0.0,0.0,0.0,0.0,0.0,0.0,0.0,0.0,0.0,1.0,0.0,0.0,0.0,0.0,0.0,0.0,0.0,0.0,0.0,0.0,1.0,0.0,0.0,0.0,0.0,0.0,0.0,0.0,0.0,0.0,0.0,0.0,0.0,0.0,0.0,0.0,0.0,0.0,0.0,1.0,0.0,0.0,0.0,0.0,0.0,0.0,0.0,0.0,0.0,1.0,1.0,0.0,1.0,0.0,0.0,0.0,0.0,0.0,0.0,0.0,0.0,0.0,0.0,0.0,0.0,0.0,0.0,1.0,0.0,0.0,0.0,0.0,0.0,0.0,0.0,0.0,0.0,0.0,0.0,0.0,0.0,0.0,0.0,0.0,0.0,0.0,0.0,0.0,0.0,0.0,0.0,0.0,0.0,0.0,1.0,0.0,0.0,0.0,0.0,0.0,0.0,0.0,0.0,0.0,0.0,0.0,0.0,1.0,0.0,0.0,0.0,0.0,0.0,0.0,0.0,0.0,1.0,0.0,1.0,0.0,0.0,0.0,0.0,0.0,1.0,0.0,0.0,0.0,0.0,0.0,0.0,0.0,0.0,0.0,0.0,0.0,0.0,0.0,0.0,0.0,0.0,0.0,0.0,0.0,0.0,0.0,0.0,0.0,0.0,0.0,0.0,0.0,0.0,0.0,0.0,0.0,0.0,0.0,0.0,0.0,0.0,0.0,0.0,0.0,0.0,0.0,0.0,0.0,0.0,1.0,0.0,0.0,0.0,0.0,0.0,0.0,0.0,0.0,0.0,0.0,0.0,0.0,0.0,0.0,0.0,0.0,0.0,0.0,0.0,0.0,0.0,0.0,0.0,0.0,0.0,0.0,0.0,1.0,0.0,0.0,0.0,0.0,0.0,0.0,0.0,0.0,0.0,0.0,0.0,0.0,0.0,0.0,0.0,0.0,0.0,1.0,0.0,0.0,0.0,0.0,0.0,0.0,1.0,0.0,0.0,0.0,0.0,0.0,0.0,0.0,0.0,0.0,0.0,0.0,0.0,0.0,0.0,0.0,0.0,0.0,0.0,0.0,0.0,0.0,1.0,0.0,0.0,0.0,0.0,0.0,0.0,0.0,0.0,0.0,1.0,0.0,0.0,0.0,0.0,0.0,0.0,0.0,0.0,0.0,0.0,0.0,0.0,0.0,0.0,0.0,0.0,0.0,0.0,0.0,0.0,0.0,0.0,1.0,1.0,0.0,0.0,0.0,0.0,0.0,0.0,0.0,0.0,0.0,0.0,0.0,0.0,0.0,0.0,0.0,0.0,0.0,0.0,0.0,0.0,0.0,0.0,0.0,0.0,0.0,0.0,0.0,0.0,0.0,0.0,0.0,0.0,0.0,0.0,0.0,0.0,0.0,0.0,0.0,0.0,0.0,0.0,0.0,0.0,0.0,0.0,0.0,0.0,0.0,0.0,0.0,0.0,0.0,0.0,0.0,0.0,0.0,0.0,0.0,0.0,0.0,0.0,0.0,0.0,0.0,0.0,0.0,0.0,0.0,0.0,0.0,0.0,0.0,0.0,0.0,0.0,0.0,0.0,0.0,0.0,1.0,0.0,0.0,0.0,0.0,0.0,0.0,0.0,0.0,1.0,0.0,0.0,0.0,0.0,0.0,0.0,0.0,0.0,0.0,0.0,0.0,1.0,0.0,0.0,0.0,1.0,0.0,0.0,0.0,0.0,0.0,0.0,0.0,0.0,0.0,0.0,0.0,1.0,0.0,0.0,0.0,0.0,0.0,0.0,1.0,0.0,0.0,0.0,0.0,0.0,0.0,0.0,0.0,0.0,0.0,0.0,0.0,0.0,0.0,0.0,0.0,0.0,0.0,0.0,0.0,0.0,0.0,0.0,0.0,0.0,0.0,0.0,0.0,1.0,0.0,0.0,0.0,0.0,0.0,0.0,0.0,0.0,0.0,0.0,0.0,0.0,0.0,0.0,0.0,0.0,0.0,0.0,0.0,0.0,1.0,0.0,0.0,0.0,0.0,0.0,0.0,0.0,0.0,0.0,0.0,0.0,0.0,0.0,0.0,0.0,0.0,0.0,0.0,0.0,0.0,0.0,0.0,0.0,0.0,0.0,0.0,0.0,0.0,0.0,0.0,0.0,0.0,0.0,0.0,1.0,0.0,0.0,0.0,0.0,0.0,0.0,0.0,0.0,0.0,0.0,0.0,0.0,0.0,0.0,0.0,0.0,0.0,0.0,0.0,0.0,0.0,0.0,0.0,0.0,0.0,0.0,0.0,0.0,0.0,0.0,0.0,0.0,0.0,0.0,0.0,1.0,0.0,0.0,0.0,0.0,0.0,0.0,0.0,0.0,0.0,0.0,0.0,0.0,0.0,0.0,0.0,0.0,0.0,0.0,0.0,0.0,0.0,0.0,0.0,0.0,0.0,0.0,0.0,0.0,0.0,0.0,0.0,0.0,0.0,0.0,0.0,0.0,0.0,0.0,0.0,0.0,0.0,0.0,0.0,0.0,0.0,0.0,0.0,0.0,0.0,0.0,0.0,0.0,0.0,0.0,0.0,0.0,0.0,0.0,0.0,0.0,0.0,0.0,0.0,0.0,0.0,0.0,0.0,0.0,0.0,0.0,0.0,0.0,0.0,0.0,0.0,0.0,0.0,0.0,0.0,0.0,0.0,0.0,0.0,0.0,0.0,0.0,0.0,0.0,0.0,0.0,0.0,0.0,0.0,0.0,0.0,0.0,0.0,0.0,0.0,0.0,0.0,0.0,0.0,0.0,0.0,0.0,0.0,1.0,0.0,0.0,0.0,0.0,0.0,0.0,0.0,0.0,0.0,0.0,0.0,0.0,0.0,0.0,0.0,0.0,0.0,0.0,0.0,0.0,0.0,0.0,0.0,0.0,0.0,0.0,0.0,0.0,0.0,0.0,0.0,0.0,0.0,0.0,0.0,0.0,0.0,0.0,0.0,0.0,0.0,0.0,0.0,0.0,0.0,0.0,0.0,0.0,0.0,0.0,0.0,0.0,0.0,0.0,0.0,0.0,0.0,0.0,0.0,0.0,0.0,0.0,0.0,0.0,0.0,0.0,0.0,0.0,0.0,0.0,0.0,0.0,0.0,0.0,0.0,1.0,0.0,0.0,0.0,0.0,0.0,0.0,0.0,0.0,0.0,0.0,0.0,0.0,0.0,0.0,0.0,0.0,0.0,0.0,0.0,0.0,0.0,0.0,0.0,0.0,0.0,0.0,0.0,0.0,0.0,0.0,0.0,0.0,0.0,0.0,0.0,0.0,0.0,0.0,0.0,0.0,0.0,0.0,0.0,0.0,0.0,0.0,0.0,0.0,0.0,0.0,0.0,0.0,0.0,0.0,0.0,0.0,0.0,0.0,0.0,0.0,0.0,0.0,0.0,0.0,0.0,0.0,0.0,0.0,0.0,0.0,0.0,0.0,1.0,0.0,0.0,0.0,0.0,0.0,1.0,0.0,0.0,0.0,0.0,0.0,1.0,0.0,0.0,0.0,0.0,0.0,0.0,0.0,0.0,0.0,0.0,0.0,0.0,0.0,0.0,0.0,0.0,0.0,0.0,0.0,0.0,1.0,0.0,0.0,0.0,0.0,0.0,0.0,0.0,0.0,0.0,0.0,0.0,0.0,0.0,0.0,0.0,0.0,0.0,0.0,0.0,0.0,0.0,0.0,0.0,0.0,0.0,0.0,0.0,0.0,0.0,0.0,0.0,0.0,0.0,1.0,0.0,0.0,0.0,0.0,0.0,0.0,0.0,0.0,0.0,1.0,1.0,0.0,0.0,0.0,0.0,0.0,0.0,0.0,0.0,0.0,0.0,0.0,0.0,0.0,0.0,0.0,0.0,0.0,0.0,0.0,0.0,0.0,0.0,0.0,0.0,0.0,1.0,0.0,0.0,0.0,0.0,0.0,0.0,0.0,0.0,0.0,0.0,0.0,0.0,0.0,0.0,0.0,0.0,0.0,0.0,0.0,0.0,0.0,0.0,0.0,0.0,0.0,0.0,0.0,0.0,0.0,0.0,0.0,0.0,0.0,0.0,0.0,0.0,0.0,0.0,0.0,0.0,0.0,0.0,0.0,0.0,0.0,0.0,0.0,0.0,0.0,0.0,0.0,0.0,0.0,0.0,0.0,0.0,0.0,0.0,0.0,0.0,0.0,0.0,0.0,0.0,0.0,0.0,0.0,0.0,0.0,0.0,0.0,0.0,0.0,0.0,0.0,0.0,0.0,0.0,0.0,0.0,0.0,0.0,0.0,0.0,0.0,0.0,0.0,0.0,0.0,0.0,0.0,0.0,0.0,0.0,0.0,0.0,0.0,0.0,0.0,0.0,0.0,0.0,0.0,0.0,0.0,0.0,0.0,0.0,0.0,0.0,0.0,0.0,0.0,0.0,0.0,1.0,0.0,0.0,0.0,0.0,0.0,0.0,0.0,1.0,0.0,0.0,0.0,0.0,0.0,0.0,0.0,0.0,0.0,0.0,0.0,0.0,0.0,0.0,0.0,0.0,0.0,0.0,0.0,0.0,0.0,1.0,0.0,0.0,0.0,0.0,0.0,0.0,0.0,0.0,0.0,0.0,1.0,1.0,0.0,0.0,0.0,0.0,0.0,0.0,0.0,0.0,0.0,0.0,1.0,0.0,0.0,0.0,0.0,0.0,0.0,0.0,0.0,0.0,0.0,0.0,0.0,1.0,0.0,0.0,0.0,0.0,0.0,0.0,0.0,0.0,0.0,0.0,0.0,1.0,0.0,0.0,0.0,0.0,0.0,1.0,0.0,0.0,0.0,0.0,0.0,0.0,0.0,0.0,0.0,0.0,0.0,0.0,0.0,0.0,0.0,0.0,0.0,0.0,0.0,0.0,0.0,0.0,0.0,0.0,0.0,0.0,0.0,0.0,0.0,0.0,0.0,0.0,0.0,0.0,0.0,0.0,0.0,0.0,0.0,0.0,0.0,0.0,0.0,0.0,0.0,0.0,0.0,0.0,0.0,0.0,0.0,0.0,0.0,0.0,0.0,0.0,0.0,0.0,0.0,0.0,0.0,0.0,0.0,0.0,0.0,0.0,0.0,0.0,0.0,0.0,0.0,0.0,0.0,0.0,0.0,0.0,0.0,0.0,0.0,0.0,0.0,0.0,0.0,0.0,0.0,0.0,0.0,0.0,1.0,0.0,0.0,0.0,0.0,0.0,0.0,0.0,0.0,0.0,1.0,0.0,1.0,0.0,0.0,0.0,0.0,0.0,0.0,0.0,0.0,0.0,0.0,0.0,0.0,0.0,0.0,0.0,0.0,1.0,0.0,0.0,0.0,0.0,0.0,0.0,0.0,0.0,0.0,0.0,0.0,0.0,0.0,0.0,0.0,0.0,0.0,0.0,0.0,0.0,0.0,0.0,0.0,0.0,1.0,1.0,0.0,0.0,0.0,0.0,0.0,0.0,0.0,0.0,0.0,0.0,0.0,0.0,1.0,0.0,0.0,0.0,0.0,0.0,0.0,0.0,0.0,0.0,0.0,0.0,0.0,0.0,0.0,0.0,0.0,0.0,0.0,0.0,0.0,0.0,0.0,0.0,0.0,0.0,0.0,0.0,0.0,0.0,0.0,0.0,0.0,0.0,0.0,0.0,0.0,0.0,0.0,0.0,0.0,0.0,0.0,0.0,0.0,0.0,0.0,0.0,0.0,0.0,0.0,0.0,0.0,0.0,0.0,0.0,0.0,1.0,0.0,0.0,0.0,0.0,1.0,0.0,0.0,0.0,0.0,0.0,0.0,0.0,0.0,0.0,0.0,0.0,0.0,0.0,0.0,0.0,0.0,0.0,0.0,0.0,0.0,0.0,0.0,0.0,0.0,0.0,0.0,0.0,0.0,0.0,0.0,0.0,0.0,0.0,0.0,0.0,0.0,0.0,0.0,0.0,0.0,0.0,0.0,0.0,0.0,0.0,0.0,0.0,0.0,0.0,0.0,0.0,0.0,0.0,0.0,0.0,0.0,0.0,0.0,0.0,0.0,1.0,0.0,0.0,0.0,0.0,0.0,0.0,0.0,0.0,0.0,0.0,0.0,0.0,0.0,0.0,0.0,0.0,0.0,0.0,0.0,0.0,0.0,0.0,0.0,0.0,0.0,0.0,0.0,0.0,0.0,0.0,0.0,0.0,0.0,0.0,0.0,0.0,0.0,0.0,0.0,0.0,0.0,0.0,0.0,0.0,0.0,0.0,0.0,0.0,0.0,0.0,0.0,0.0,0.0,0.0,0.0,0.0,0.0,0.0,0.0,0.0,0.0,0.0,0.0,0.0,0.0,0.0,0.0,0.0,0.0,0.0,0.0,0.0,0.0,0.0,0.0,0.0,0.0,0.0,0.0,0.0,0.0,0.0,0.0,0.0,0.0,0.0,0.0,0.0,0.0,0.0,0.0,0.0,0.0,0.0,0.0,0.0,0.0,0.0,0.0,0.0,0.0,0.0,0.0,0.0,0.0,0.0,0.0,0.0,0.0,0.0,0.0,0.0,0.0,0.0,0.0,0.0,0.0,0.0,0.0,0.0,0.0,0.0,0.0,0.0,0.0,0.0,0.0,0.0,0.0,0.0,0.0,0.0,0.0,0.0,0.0,0.0,0.0,0.0,0.0,0.0,0.0,0.0,0.0,0.0,0.0,0.0,0.0,0.0,0.0,0.0,0.0,0.0,0.0,0.0,0.0,0.0,0.0,0.0,0.0,0.0,0.0,0.0,0.0,0.0,0.0,0.0,0.0,0.0,1.0,0.0,0.0,0.0,0.0,0.0,0.0,0.0,0.0,0.0,0.0,0.0,0.0,0.0,0.0,1.0,0.0,0.0,0.0,0.0,0.0,0.0,0.0,0.0,0.0,0.0,0.0,1.0,0.0,0.0,0.0,0.0,0.0,0.0,0.0,0.0,0.0,0.0,0.0,0.0,0.0,0.0,0.0,0.0,0.0,0.0,0.0,0.0,0.0,0.0,0.0,0.0,0.0,0.0,0.0,0.0,0.0,0.0,0.0,1.0,0.0,0.0,0.0,0.0,0.0,0.0,0.0,0.0,0.0,0.0,0.0,0.0,1.0,0.0,0.0,0.0,0.0,0.0,0.0,0.0,0.0,0.0,0.0,0.0,0.0,0.0,0.0,1.0,0.0,1.0,0.0,0.0,0.0,0.0,0.0,0.0,0.0,0.0,0.0,0.0,0.0,0.0,0.0,0.0,0.0,0.0,0.0,0.0,0.0,0.0,1.0,0.0,0.0,0.0,0.0,0.0,0.0,0.0,1.0,1.0,0.0,0.0,0.0,0.0,0.0,0.0,0.0,0.0,0.0,0.0,0.0,0.0,0.0,0.0,0.0,0.0,0.0,0.0,0.0,0.0,0.0,0.0,0.0,0.0,0.0,0.0,0.0,1.0,0.0,0.0,0.0,0.0,0.0,0.0,0.0,0.0,0.0,0.0,1.0,0.0,0.0,0.0,0.0,0.0,0.0,0.0,0.0,0.0,0.0,0.0,0.0,0.0,0.0,0.0,0.0,0.0,0.0,0.0,1.0,0.0,0.0,0.0,0.0,0.0,0.0,0.0,0.0,0.0,0.0,0.0,0.0,0.0,0.0,0.0,0.0,0.0,0.0,0.0,1.0,0.0,0.0,0.0,0.0,0.0,0.0,0.0,0.0,0.0,0.0,0.0,0.0,0.0,0.0,1.0,0.0,0.0,0.0,0.0,0.0,0.0,0.0,0.0,1.0,0.0,0.0,0.0,0.0,0.0,0.0,0.0,0.0,0.0,0.0,0.0,0.0,0.0,1.0,0.0,0.0,0.0,0.0,0.0,0.0,0.0,1.0,0.0,0.0,0.0,0.0,0.0,0.0,0.0,0.0,0.0,0.0,0.0,0.0,0.0,0.0,0.0,0.0,0.0,0.0,0.0,0.0,0.0,0.0,0.0,0.0,0.0,0.0,0.0,0.0,0.0,0.0,0.0,0.0,0.0,0.0,0.0,0.0,0.0,0.0,1.0,0.0,0.0,0.0,0.0,0.0,0.0,0.0,0.0,0.0,0.0,0.0,0.0,0.0,0.0,1.0,0.0,0.0,0.0,0.0,0.0,0.0,0.0,0.0,0.0,0.0,0.0,0.0,0.0,0.0,0.0,0.0,1.0,0.0,0.0,0.0,0.0,0.0,0.0,0.0,0.0,0.0,0.0,0.0,0.0,0.0,0.0,0.0,0.0,0.0,0.0,0.0,0.0,0.0,0.0,0.0,0.0,0.0,0.0,1.0,0.0,0.0,0.0,0.0,0.0,0.0,0.0,0.0,0.0,0.0,0.0,1.0,0.0,0.0,0.0,0.0,1.0,0.0,0.0,0.0,0.0,0.0,0.0,0.0,0.0,0.0,0.0,0.0,0.0,0.0,0.0,0.0,0.0,0.0,0.0,1.0,0.0,1.0,0.0,0.0,0.0,0.0,0.0,1.0,0.0,0.0,0.0,0.0,0.0,0.0,0.0,0.0,0.0,0.0,0.0,0.0,0.0,0.0,0.0,0.0,0.0,0.0,0.0,0.0,0.0,0.0,0.0,0.0,0.0,0.0,0.0,0.0,0.0,0.0,0.0,0.0,0.0,0.0,0.0,0.0,0.0,0.0,0.0,0.0,0.0,0.0,0.0,0.0,0.0,0.0,0.0,0.0,0.0,1.0,0.0,0.0,0.0,0.0,0.0,0.0,0.0,0.0,0.0,0.0,0.0,0.0,0.0,0.0,1.0,0.0,0.0,0.0,0.0,0.0,0.0,0.0,0.0,0.0,0.0,0.0,0.0,0.0,0.0,0.0,0.0,0.0,0.0,0.0,0.0,0.0,0.0,0.0,0.0,0.0,0.0,0.0,0.0,0.0,0.0,0.0,0.0,0.0,0.0,0.0,0.0,0.0,0.0,0.0,0.0,0.0,0.0,0.0,0.0,0.0,0.0,0.0,0.0,0.0,0.0,0.0,0.0,0.0,0.0,0.0,0.0,0.0,0.0,0.0,0.0,0.0,0.0,0.0,0.0,0.0,0.0,0.0,0.0,0.0,0.0,0.0,0.0,0.0,0.0,0.0,0.0,0.0,0.0,0.0,0.0,0.0,0.0,0.0,0.0,0.0,0.0,0.0,0.0,0.0,0.0,0.0,0.0,0.0,0.0,0.0,0.0,0.0,0.0,0.0,0.0,0.0,0.0,0.0,0.0,0.0,0.0,0.0,0.0,0.0,1.0,0.0,0.0,0.0,0.0,0.0,0.0,0.0,1.0,0.0,0.0,0.0,0.0,0.0,0.0,0.0,0.0,0.0,0.0,1.0,0.0,0.0,0.0,0.0,0.0,0.0,1.0,1.0,0.0,0.0,0.0,0.0,0.0,0.0,0.0,1.0,0.0,0.0,0.0,0.0,0.0,0.0,0.0,0.0,0.0,0.0,0.0,0.0,0.0,0.0,0.0,0.0,0.0,0.0,0.0,0.0,0.0,0.0,0.0,0.0,0.0,0.0,0.0,0.0,0.0,0.0,0.0,0.0,0.0,0.0,0.0,0.0,0.0,0.0,0.0,0.0,0.0,1.0,0.0,0.0,0.0,0.0,0.0,0.0,0.0,0.0,0.0,0.0,0.0,1.0,0.0,0.0,0.0,0.0,0.0,0.0,0.0,0.0,0.0,0.0,0.0,0.0,0.0,0.0,0.0,0.0,0.0,0.0,0.0,0.0,0.0,0.0,0.0,0.0,0.0,0.0,0.0,0.0,0.0,0.0,0.0,0.0,0.0,0.0,0.0,0.0,0.0,0.0,0.0,0.0,0.0,0.0,0.0,0.0,0.0,0.0,0.0,0.0,0.0,0.0,0.0,0.0,0.0,0.0,0.0,0.0,0.0,0.0,0.0,0.0,0.0,0.0,0.0,0.0,0.0,0.0,0.0,0.0,0.0,0.0,0.0,0.0,0.0,0.0,0.0,0.0,0.0,0.0,0.0,0.0,0.0,0.0,0.0,0.0,0.0,0.0,0.0,0.0,0.0,0.0,0.0,0.0,0.0,0.0,0.0,0.0,0.0,0.0,0.0,0.0,0.0,0.0,0.0,0.0,0.0,0.0,0.0,0.0,0.0,0.0,0.0,0.0,0.0,0.0,0.0,0.0,0.0,0.0,0.0,0.0,0.0,0.0,0.0,0.0,0.0,0.0,0.0,0.0,0.0,0.0,0.0,0.0,0.0,0.0,0.0,0.0,0.0,0.0,0.0,0.0,0.0,0.0,0.0,0.0,0.0,0.0,0.0,0.0,0.0,0.0,0.0,0.0,0.0,0.0,0.0,0.0,0.0,0.0,0.0,0.0,0.0,0.0,0.0,0.0,0.0,0.0,0.0,0.0,0.0,0.0,0.0,0.0,0.0,0.0,0.0,0.0,0.0,0.0,0.0,0.0,0.0,0.0,0.0,0.0,0.0,0.0,0.0,0.0,0.0,0.0,0.0,0.0,0.0,0.0,0.0,0.0,0.0,0.0,0.0,0.0,0.0,0.0,0.0,0.0,0.0,0.0,0.0,0.0,0.0,0.0,0.0,0.0,0.0,0.0,0.0,0.0,0.0,0.0,0.0,0.0,0.0,0.0,0.0,0.0,0.0,0.0,0.0,0.0,0.0,0.0,0.0,0.0,0.0,0.0,0.0,0.0,0.0,0.0,0.0,0.0,0.0,0.0,0.0,0.0,0.0,0.0,0.0,0.0,0.0,0.0,0.0,0.0,0.0,0.0,0.0,0.0,0.0,0.0,0.0,0.0,0.0,0.0,0.0,0.0,0.0,0.0,0.0,0.0,0.0,0.0,0.0,0.0,0.0,0.0,0.0,0.0,0.0,0.0,0.0,0.0,0.0,0.0,0.0,0.0,0.0,0.0,0.0,0.0,0.0,0.0,0.0,0.0,0.0,0.0,0.0,0.0,0.0,0.0,0.0,0.0,0.0,0.0,0.0,0.0,0.0,0.0,0.0,0.0,0.0,0.0,0.0,0.0,0.0,0.0,0.0,0.0,0.0,0.0,0.0,0.0,0.0,0.0,0.0,0.0,0.0,0.0,0.0,0.0,0.0,0.0,0.0,0.0,0.0,0.0,0.0,0.0,0.0,0.0,0.0,0.0,0.0,0.0,0.0,0.0,0.0,0.0,0.0,0.0,0.0,0.0,0.0,0.0,0.0,0.0,0.0,0.0,0.0,0.0,0.0,0.0,0.0,0.0,0.0,0.0,0.0,0.0,0.0,0.0,0.0,0.0,0.0,0.0,0.0,0.0,0.0,0.0,0.0,0.0,0.0,0.0,0.0,0.0,0.0,0.0,0.0,0.0,0.0,0.0,0.0,0.0,0.0,0.0,0.0,0.0,0.0,0.0,0.0,0.0,0.0,0.0,0.0,0.0,0.0,0.0,0.0,0.0,0.0,0.0,0.0,0.0,0.0,0.0,0.0,0.0,0.0,0.0,0.0,0.0,0.0,0.0,0.0,0.0,0.0,0.0,0.0,0.0,0.0,0.0,0.0,0.0,0.0,0.0,0.0,0.0,0.0,0.0,0.0,0.0,0.0,0.0,0.0,0.0,0.0,0.0,0.0,0.0,0.0,0.0,0.0,0.0,0.0,0.0,0.0,0.0,0.0,0.0,0.0,0.0,0.0,0.0,0.0,0.0,0.0,0.0,0.0,0.0,0.0,0.0,0.0,0.0,0.0,0.0,0.0,0.0,0.0,0.0,0.0,0.0,0.0,0.0,0.0,0.0,0.0,0.0,0.0,0.0,0.0,0.0,0.0,0.0,0.0,0.0,0.0,0.0,0.0,0.0,0.0,0.0,1.0,0.0,0.0,0.0,0.0,0.0,0.0,0.0,0.0,0.0,0.0,0.0,0.0,0.0,0.0,0.0,0.0,0.0,0.0,0.0,0.0,0.0,0.0,0.0,0.0,0.0,0.0,0.0,0.0,0.0,0.0,0.0,0.0,0.0,0.0,0.0,0.0,0.0,0.0,0.0,0.0,1.0,0.0,0.0,0.0,0.0,0.0,0.0,0.0,0.0,1.0,0.0,0.0,0.0,1.0,0.0,0.0,0.0,0.0,0.0,0.0,0.0,0.0,0.0,0.0,1.0,1.0,0.0,0.0,0.0,0.0,0.0,0.0,0.0,0.0,0.0,0.0,0.0,0.0,0.0,0.0,0.0,0.0,0.0,0.0,0.0,1.0,0.0,0.0,0.0,0.0,0.0,0.0,0.0,0.0,0.0,0.0,0.0,0.0,0.0,0.0,0.0,0.0,0.0,0.0,0.0,0.0,0.0,0.0,0.0,0.0,0.0,0.0,0.0,0.0,0.0,0.0,0.0,0.0,0.0,0.0,0.0,0.0,0.0,0.0,0.0,0.0,0.0,0.0,0.0,0.0,0.0,0.0,0.0,0.0,0.0,1.0,0.0,0.0,0.0,0.0,0.0,0.0,0.0,0.0,0.0,0.0,0.0,0.0,0.0,0.0,0.0,0.0,0.0,0.0,0.0,0.0,0.0,0.0,0.0,0.0,0.0,0.0,0.0,0.0,0.0,0.0,0.0,0.0,0.0,0.0,0.0,0.0,0.0,0.0,0.0,0.0,0.0,0.0,0.0,0.0,0.0,0.0,0.0,0.0,0.0,0.0,0.0,1.0,1.0,0.0,0.0,0.0,0.0,0.0,0.0,0.0,0.0,0.0,0.0,0.0,0.0,0.0,0.0,0.0,0.0,0.0,0.0,0.0,0.0,1.0,0.0,0.0,0.0,1.0,0.0,0.0,0.0,0.0,0.0,0.0,0.0,0.0,0.0,0.0,1.0,0.0,0.0,0.0,0.0,0.0,0.0,0.0,1.0,0.0,0.0,0.0,0.0,0.0,0.0,0.0,0.0,0.0,0.0,0.0,0.0,0.0,0.0,0.0,0.0,0.0,0.0,0.0,0.0,0.0,0.0,0.0,0.0,0.0,0.0,0.0,0.0,0.0,0.0,0.0,0.0,0.0,0.0,0.0,0.0,0.0,0.0,0.0,1.0,0.0,0.0,0.0,0.0,1.0,0.0,0.0,0.0,0.0,0.0,0.0,0.0,0.0,0.0,0.0,0.0,0.0,0.0,0.0,0.0,0.0,0.0,0.0,0.0,0.0,1.0,0.0,0.0,0.0,0.0,0.0,0.0,0.0,1.0,0.0,0.0,0.0,0.0,0.0,0.0,0.0,0.0,0.0,0.0,0.0,0.0,0.0,0.0,0.0,0.0,0.0,0.0,0.0,0.0,0.0,0.0,0.0,0.0,0.0,0.0,0.0,0.0,0.0,0.0,0.0,0.0,0.0,0.0,0.0,0.0,0.0,0.0,0.0,0.0,0.0,0.0,0.0,0.0,0.0,0.0,0.0,0.0,0.0,0.0,0.0,0.0,0.0,0.0,0.0,0.0,0.0,0.0,0.0,0.0,1.0,0.0,0.0,0.0,0.0,0.0,0.0,0.0,1.0,0.0,0.0,0.0,0.0,0.0,0.0,0.0,0.0,0.0,1.0,0.0,0.0,0.0,0.0,0.0,0.0,0.0,1.0,0.0,0.0,0.0,0.0,1.0,0.0,0.0,0.0,0.0,0.0,1.0,0.0,0.0,0.0,0.0,0.0,0.0,1.0,0.0,0.0,0.0,0.0,0.0,0.0,0.0,0.0,0.0,0.0,0.0,0.0,0.0,0.0,0.0,1.0,0.0,0.0,0.0,0.0,0.0,0.0,0.0,0.0,0.0,0.0,0.0,0.0,0.0,0.0,0.0,0.0,0.0,0.0,0.0,0.0,0.0,0.0,0.0,0.0,0.0,0.0,0.0,0.0,0.0,0.0,0.0,0.0,0.0,0.0,0.0,0.0,0.0,0.0,0.0,0.0,0.0,0.0,0.0,0.0,0.0,0.0,0.0,0.0,0.0,0.0,0.0,0.0,0.0,0.0,0.0,0.0,0.0,0.0,0.0,0.0,0.0,0.0,0.0,0.0,0.0,0.0,0.0,0.0,0.0,0.0,0.0,0.0,0.0,0.0,0.0,0.0,0.0,0.0,0.0,0.0,0.0,0.0,0.0,0.0,0.0,0.0,0.0,0.0,0.0,0.0,0.0,0.0,0.0,0.0,0.0,0.0,0.0,0.0,0.0,0.0,0.0,0.0,0.0,0.0,0.0,0.0,0.0,0.0,0.0,0.0,0.0,0.0,0.0,0.0,0.0,0.0,0.0,0.0,0.0,0.0,0.0,0.0,0.0,0.0,0.0,0.0,0.0,0.0,0.0,0.0,0.0,0.0,0.0,0.0,0.0,0.0,0.0,0.0,0.0,0.0,0.0,0.0,0.0,0.0,0.0,1.0,0.0,0.0,0.0,0.0,0.0,0.0,0.0,0.0,0.0,0.0,0.0,0.0,0.0,0.0,0.0,0.0,0.0,0.0,0.0,0.0,0.0,0.0,0.0,0.0,0.0,1.0,0.0,0.0,0.0,0.0,1.0,0.0,0.0,0.0,0.0,0.0,0.0,0.0,0.0,0.0,0.0,0.0,0.0,0.0,0.0,0.0,0.0,0.0,0.0,0.0,0.0,0.0,0.0,0.0,0.0,1.0,0.0,0.0,0.0,0.0,0.0,0.0,0.0,0.0,0.0,0.0,0.0,0.0,0.0,1.0,0.0,0.0,0.0,0.0,0.0,0.0,0.0,0.0,0.0,0.0,0.0,0.0,0.0,0.0,0.0,0.0,0.0,0.0,0.0,0.0,0.0,0.0,0.0,0.0,0.0,0.0,0.0,0.0,0.0,0.0,0.0,0.0,0.0,0.0,0.0,0.0,1.0,0.0,0.0,0.0,1.0,0.0,0.0,0.0,0.0,0.0,0.0,0.0,0.0,0.0,0.0,0.0,0.0,0.0,0.0,0.0,0.0,0.0,0.0,0.0,0.0,0.0,0.0,0.0,0.0,0.0,0.0,0.0,0.0,0.0,0.0,0.0,0.0,0.0,0.0,0.0,0.0,0.0,0.0,0.0,0.0,0.0,0.0,0.0,0.0,0.0,0.0,0.0,0.0,0.0,0.0,1.0,0.0,1.0,0.0,0.0,0.0,0.0,0.0,0.0,0.0,1.0,0.0,0.0,0.0,0.0,0.0,0.0,0.0,0.0,0.0,0.0,0.0,0.0,0.0,0.0,0.0,0.0,0.0,0.0,0.0,0.0,0.0,0.0,0.0,0.0,0.0,0.0,0.0,0.0,0.0,0.0,0.0,0.0,0.0,0.0,0.0,0.0,0.0,0.0,0.0,0.0,0.0,0.0,0.0,0.0,0.0,0.0,0.0,0.0,0.0,0.0,0.0,0.0,0.0,1.0,0.0,0.0,1.0,0.0,0.0,0.0,1.0,0.0,0.0,0.0,0.0,0.0,0.0,1.0,0.0,0.0,0.0,0.0,0.0,0.0,0.0,0.0,0.0,0.0,0.0,0.0,0.0,0.0,0.0,0.0,0.0,0.0,0.0,0.0,0.0,0.0,0.0,0.0,0.0,0.0,0.0,0.0,0.0,1.0,0.0,0.0,0.0,0.0,0.0,0.0,0.0,0.0,0.0,0.0,0.0,0.0,0.0,0.0,0.0,0.0,0.0,0.0,0.0,0.0,0.0,0.0,0.0,0.0,0.0,0.0,0.0,1.0,0.0,0.0,0.0,0.0,0.0,0.0,0.0,0.0,0.0,0.0,0.0,0.0,0.0,0.0,0.0,0.0,0.0,0.0,0.0,0.0,0.0,0.0,0.0,1.0,0.0,0.0,1.0,0.0,0.0,0.0,0.0,0.0,0.0,0.0,0.0,0.0,0.0,0.0,0.0,0.0,1.0,0.0,0.0,0.0,0.0,0.0,0.0,0.0,1.0,0.0,0.0,0.0,0.0,0.0,0.0,0.0,0.0,0.0,0.0,0.0,0.0,0.0,0.0,0.0,0.0,0.0,0.0,0.0,0.0,0.0,0.0,0.0,0.0,1.0,0.0,0.0,0.0,0.0,0.0,1.0,1.0,0.0,0.0,0.0,0.0,0.0,0.0,0.0,0.0,0.0,0.0,0.0,0.0,0.0,0.0,0.0,0.0,0.0,0.0,0.0,0.0,0.0,0.0,0.0,1.0,0.0,0.0,0.0,0.0,0.0,0.0,0.0,0.0,0.0,0.0,0.0,0.0,0.0,0.0,0.0,0.0,0.0,0.0,0.0,0.0,0.0,0.0,0.0,0.0,0.0,0.0,0.0,0.0,0.0,0.0,0.0,0.0,0.0,0.0,0.0,0.0,0.0,0.0,0.0,0.0,0.0,0.0,0.0,0.0,0.0,0.0,0.0,0.0,0.0,0.0,0.0,0.0,0.0,0.0,0.0,0.0,0.0,0.0,0.0,0.0,0.0,0.0,0.0,0.0,0.0,0.0,0.0,0.0,0.0,0.0,0.0,0.0,0.0,0.0,0.0,0.0,0.0,0.0,0.0,0.0,0.0,0.0,0.0,0.0,0.0,0.0,0.0,0.0,0.0,0.0,0.0,0.0,0.0,0.0,0.0,0.0,0.0,0.0,0.0,0.0,0.0,0.0,1.0,0.0,0.0,0.0,0.0,0.0,0.0,0.0,0.0,0.0,0.0,0.0,0.0,0.0,0.0,0.0,0.0,0.0,0.0,0.0,0.0,0.0,0.0,0.0,0.0,0.0,0.0,0.0,1.0,0.0,0.0,0.0,0.0,0.0,0.0,0.0,0.0,0.0,0.0,0.0,0.0,1.0,0.0,0.0,0.0,0.0,0.0,0.0,0.0,0.0,0.0,0.0,0.0,0.0,0.0,0.0,0.0,0.0,0.0,0.0,0.0,0.0,0.0,0.0,0.0,0.0,0.0,0.0,0.0,0.0,0.0,0.0,0.0,0.0,0.0,0.0,0.0,0.0,0.0,0.0,0.0,0.0,0.0,0.0,0.0,0.0,0.0,0.0,0.0,0.0,0.0,0.0,0.0,0.0,0.0,0.0,0.0,0.0,0.0,0.0,0.0,0.0,0.0,0.0,0.0,0.0,0.0,0.0,0.0,1.0,0.0,0.0,0.0,0.0,0.0,0.0,0.0,0.0,0.0,0.0,0.0,0.0,0.0,0.0,0.0,0.0,0.0,0.0,0.0,0.0,0.0,0.0,0.0,0.0,0.0,0.0,0.0,0.0,0.0,0.0,0.0,0.0,0.0,0.0,0.0,0.0,0.0,0.0,0.0,0.0,0.0,0.0,0.0,0.0,1.0,0.0,1.0,0.0,0.0,0.0,0.0,0.0,0.0,0.0,0.0,0.0,0.0,0.0,0.0,0.0,0.0,0.0,0.0,0.0,0.0,0.0,0.0,0.0,0.0,0.0,0.0,0.0,0.0,0.0,0.0,0.0,0.0,0.0,0.0,0.0,0.0,0.0,0.0,0.0,0.0,0.0,0.0,0.0,0.0,1.0,0.0,0.0,0.0,0.0,0.0,0.0,0.0,0.0,0.0,0.0,0.0,0.0,0.0,0.0,0.0,0.0,0.0,0.0,0.0,0.0,0.0,0.0,0.0,0.0,0.0,0.0,0.0,0.0,0.0,0.0,0.0,1.0,0.0,0.0,0.0,0.0,0.0,0.0,0.0,0.0,0.0,0.0,0.0,0.0,0.0,0.0,0.0,0.0,0.0,0.0,1.0,0.0,0.0,0.0,0.0,0.0,0.0,0.0,0.0,0.0,1.0,0.0,0.0,0.0,0.0,0.0,0.0,0.0,0.0,0.0,0.0,0.0,1.0,0.0,0.0,0.0,0.0,0.0,0.0,0.0,0.0,0.0,0.0,0.0,0.0,0.0,0.0,0.0,0.0,0.0,0.0,0.0,0.0,0.0,0.0,0.0,0.0,0.0,0.0,0.0,0.0,0.0,0.0,0.0,0.0,0.0,0.0,0.0,0.0,0.0,0.0,0.0,0.0,0.0,0.0,0.0,0.0,0.0,0.0,0.0,0.0,0.0,0.0,0.0,0.0,0.0,0.0,0.0,0.0,0.0,0.0,0.0,0.0,0.0,0.0,0.0,0.0,0.0,0.0,0.0,0.0,0.0,0.0,0.0,0.0,1.0,0.0,0.0,0.0,1.0,0.0,1.0,0.0,0.0,0.0,0.0,0.0,1.0,0.0,0.0,1.0,0.0,0.0,0.0,0.0,0.0,1.0,0.0,0.0,0.0,0.0,0.0,0.0,0.0,0.0,0.0,0.0,1.0,0.0,0.0,0.0,0.0,0.0,0.0,0.0,0.0,0.0,0.0,0.0,0.0,0.0,0.0,0.0,0.0,0.0,0.0,0.0,0.0,0.0,0.0,0.0,0.0,0.0,0.0,0.0,0.0,0.0,0.0,0.0,0.0,0.0,0.0,0.0,0.0,0.0,0.0,0.0,0.0,0.0,0.0,0.0,0.0,0.0,0.0,0.0,0.0,0.0,0.0,0.0,0.0,0.0,1.0,0.0,0.0,0.0,0.0,0.0,0.0,0.0,0.0,1.0,0.0,0.0,0.0,0.0,0.0,0.0,0.0,0.0,0.0,0.0,0.0,0.0,0.0,0.0,0.0,0.0,0.0,0.0,0.0,0.0,0.0,0.0,0.0,0.0,0.0,0.0,0.0,0.0,0.0,0.0,0.0,0.0,0.0,0.0,0.0,0.0,0.0,0.0,0.0,0.0,0.0,0.0,0.0,0.0,0.0,0.0,0.0,0.0,0.0,0.0,0.0,0.0,0.0,0.0,0.0,0.0,0.0,0.0,0.0,0.0,0.0,0.0,0.0,0.0,0.0,0.0,0.0,0.0,0.0,0.0,0.0,0.0,0.0,0.0,0.0,0.0,1.0,0.0,0.0,0.0,0.0,0.0,0.0,0.0,0.0,0.0,0.0,0.0,0.0,0.0,0.0,0.0,0.0,0.0,0.0,0.0,0.0,0.0,0.0,0.0,0.0,0.0,0.0,0.0,0.0,0.0,0.0,0.0,0.0,0.0,0.0,0.0,0.0,0.0,0.0,0.0,0.0,0.0,0.0,0.0,1.0,0.0,0.0,0.0,0.0,1.0,0.0,0.0,0.0,0.0,0.0,0.0,0.0,0.0,0.0,0.0,0.0,0.0,0.0,0.0,0.0,0.0,1.0,0.0,0.0,0.0,0.0,0.0,0.0,0.0,0.0,0.0,0.0,0.0,0.0,0.0,0.0,0.0,0.0,0.0,0.0,0.0,0.0,0.0,0.0,0.0,0.0,0.0,0.0,0.0,0.0,0.0,0.0,0.0,0.0,0.0,0.0,0.0,0.0,0.0,0.0,0.0,0.0,0.0,0.0,0.0,0.0,0.0,0.0,0.0,0.0,0.0,0.0,0.0,0.0,0.0,0.0,0.0,0.0,0.0,0.0,0.0,0.0,0.0,0.0,0.0,0.0,0.0,0.0,0.0,0.0,0.0,0.0,0.0,0.0,0.0,0.0,0.0,0.0,0.0,0.0,0.0,0.0,0.0,0.0,0.0,0.0,0.0,0.0,0.0,0.0,0.0,0.0,0.0,0.0,0.0,0.0,0.0,0.0,0.0,0.0,0.0,0.0,0.0,0.0,0.0,0.0,0.0,0.0,0.0,0.0,1.0,0.0,0.0,0.0,0.0,0.0,0.0,0.0,0.0,0.0,0.0,1.0,0.0,0.0,0.0,0.0,0.0,0.0,0.0,0.0,0.0,0.0,0.0,0.0,0.0,0.0,0.0,0.0,0.0,0.0,0.0,0.0,0.0,0.0,0.0,0.0,0.0,0.0,0.0,0.0,0.0,0.0,0.0,0.0,0.0,0.0,0.0,0.0,0.0,0.0,0.0,0.0,0.0,0.0,0.0,0.0,0.0,0.0,0.0,0.0,0.0,0.0,0.0,0.0,0.0,0.0,0.0,0.0,0.0,1.0,0.0,0.0,0.0,0.0,0.0,0.0,0.0,0.0,0.0,0.0,0.0,0.0,0.0,0.0,0.0,0.0,0.0,0.0,0.0,0.0,0.0,0.0,0.0,0.0,0.0,0.0,0.0,0.0,0.0,0.0,0.0,0.0,0.0,0.0,0.0,0.0,0.0,0.0,0.0,0.0,0.0,0.0,0.0,0.0,0.0,1.0,1.0,0.0,0.0,0.0,0.0,0.0,0.0,0.0,0.0,0.0,0.0,0.0,0.0,1.0,0.0,1.0,0.0,0.0,0.0,0.0,0.0,0.0,0.0,0.0,0.0,0.0,0.0,0.0,0.0,0.0,1.0,0.0,0.0,0.0,0.0,0.0,0.0,1.0,0.0,0.0,0.0,0.0,0.0,0.0,0.0,0.0,0.0,0.0,0.0,0.0,0.0,0.0,0.0,0.0,0.0,0.0,0.0,0.0,0.0,0.0,0.0,0.0,0.0,0.0,0.0,0.0,0.0,0.0,0.0,0.0,0.0,0.0,0.0,0.0,0.0,0.0,0.0,0.0,0.0,1.0,1.0,0.0,0.0,0.0,0.0,0.0,0.0,0.0,0.0,0.0,0.0,0.0,0.0,0.0,0.0,0.0,0.0,0.0,0.0,0.0,0.0,0.0,0.0,0.0,0.0,0.0,0.0,0.0,0.0,0.0,0.0,0.0,0.0,0.0,0.0,0.0,0.0,0.0,0.0,0.0,0.0,0.0,1.0,0.0,0.0,0.0,0.0,0.0,0.0,0.0,0.0,0.0,0.0,0.0,0.0,0.0,0.0,0.0,0.0,1.0,0.0,1.0,1.0,0.0,0.0,0.0,0.0,0.0,0.0,0.0,0.0,0.0,0.0,0.0,0.0,0.0,0.0,0.0,0.0,0.0,0.0,0.0,0.0,0.0,0.0,0.0,1.0,0.0,0.0,0.0,0.0,0.0,0.0,1.0,1.0,0.0,0.0,0.0,0.0,0.0,0.0,0.0,0.0,0.0,0.0,0.0,0.0,1.0,0.0,1.0,0.0,0.0,0.0,0.0,0.0,0.0,0.0,0.0,0.0,0.0,0.0,0.0,1.0,0.0,0.0,0.0,0.0,0.0,0.0,0.0,0.0,0.0,0.0,0.0,0.0,0.0,0.0,0.0,0.0,0.0,0.0,0.0,0.0,0.0,0.0,0.0,0.0,0.0,0.0,0.0,0.0,0.0,0.0,0.0,0.0,0.0,0.0,0.0,0.0,0.0,0.0,0.0,0.0,0.0,0.0,0.0,0.0,0.0,0.0,0.0,0.0,0.0,0.0,0.0,0.0,0.0,0.0,0.0,0.0,0.0,0.0,0.0,0.0,0.0,0.0,0.0,0.0,0.0,0.0,0.0,0.0,0.0,0.0,0.0,0.0,0.0,0.0,0.0,0.0,0.0,0.0,0.0,0.0,0.0,0.0,0.0,0.0,0.0,0.0,0.0,0.0,0.0,0.0,0.0,0.0,0.0,0.0,0.0,0.0,0.0,0.0,1.0,0.0,0.0,0.0,0.0,0.0,0.0,0.0,0.0,0.0,0.0,0.0,0.0,0.0,1.0,0.0,0.0,0.0,1.0,0.0,1.0,0.0,0.0,0.0,1.0,0.0,0.0,0.0,0.0,0.0,0.0,0.0,0.0,0.0,0.0,0.0,0.0,0.0,0.0,1.0,0.0,0.0,0.0,0.0,0.0,0.0,0.0,0.0,0.0,0.0,0.0,0.0,0.0,0.0,0.0,0.0,0.0,0.0,0.0,0.0,0.0,0.0,0.0,0.0,0.0,0.0,0.0,0.0,0.0,0.0,0.0,0.0,0.0,0.0,1.0,0.0,0.0,0.0,0.0,0.0,0.0,0.0,0.0,0.0,0.0,0.0,0.0,0.0,0.0,0.0,0.0,1.0,0.0,0.0,0.0,0.0,0.0,0.0,0.0,0.0,0.0,0.0,0.0,0.0,0.0,0.0,0.0,0.0,0.0,0.0,0.0,0.0,0.0,0.0,0.0,0.0,0.0,0.0,0.0,0.0,0.0,0.0,0.0,0.0,0.0,0.0,0.0,0.0,0.0,0.0,0.0,0.0,0.0,0.0,0.0,0.0,0.0,0.0,0.0,0.0,0.0,0.0,0.0,0.0,0.0,0.0,0.0,0.0,0.0,0.0,0.0,0.0,0.0,0.0,0.0,0.0,0.0,0.0,0.0,0.0,0.0,0.0,0.0,1.0,0.0,0.0,0.0,0.0,0.0,0.0,0.0,0.0,0.0,0.0,0.0,0.0,0.0,0.0,0.0,0.0,0.0,0.0,0.0,0.0,0.0,0.0,0.0,0.0,0.0,0.0,0.0,0.0,0.0,1.0,0.0,0.0,0.0,0.0,0.0,0.0,0.0,0.0,0.0,0.0,0.0,0.0,0.0,0.0,0.0,0.0,0.0,1.0,0.0,0.0,0.0,0.0,0.0,0.0,0.0,0.0,0.0,0.0,0.0,0.0,0.0,0.0,0.0,0.0,0.0,0.0,0.0,0.0,0.0,0.0,0.0,0.0,0.0,0.0,0.0,0.0,0.0,1.0,0.0,0.0,0.0,0.0,0.0,0.0,0.0,0.0,0.0,1.0,0.0,0.0,0.0,0.0,0.0,0.0,0.0,0.0,0.0,0.0,0.0,0.0,0.0,0.0,0.0,0.0,0.0,0.0,0.0,0.0,0.0,0.0,0.0,0.0,0.0,0.0,0.0,0.0,0.0,0.0,0.0,0.0,0.0,0.0,0.0,0.0,0.0,0.0,0.0,0.0,0.0,0.0,0.0,0.0,0.0,0.0,0.0,0.0,0.0,0.0,1.0,0.0,0.0,0.0,0.0,0.0,0.0,0.0,0.0,0.0,0.0,0.0,0.0,0.0,0.0,0.0,0.0,0.0,0.0,0.0,0.0,0.0,0.0,0.0,0.0,0.0,0.0,0.0,0.0,0.0,0.0,0.0,0.0,0.0,0.0,0.0,0.0,0.0,0.0,0.0,0.0,0.0,0.0,0.0,0.0,0.0,0.0,0.0,0.0,0.0,1.0,0.0,0.0,0.0,0.0,0.0,0.0,0.0,0.0,0.0,0.0,0.0,0.0,0.0,0.0,0.0,0.0,0.0,0.0,0.0,0.0,0.0,0.0,0.0,0.0,0.0,0.0,0.0,0.0,0.0,0.0,0.0,0.0,0.0,0.0,0.0,0.0,0.0,0.0,0.0,0.0,0.0,0.0,0.0,0.0,0.0,0.0,0.0,0.0,0.0,0.0,0.0,0.0,0.0,0.0,0.0,0.0,0.0,0.0,0.0,0.0,0.0,0.0,0.0,0.0,0.0,0.0,0.0,0.0,0.0,1.0,0.0,0.0,0.0,0.0,0.0,0.0,0.0,0.0,0.0,0.0,0.0,0.0,0.0,0.0,0.0,0.0,0.0,0.0,0.0,0.0,1.0,0.0,0.0,0.0,0.0,0.0,0.0,0.0,0.0,0.0,0.0,0.0,0.0,0.0,0.0,0.0,0.0,0.0,0.0,0.0,0.0,0.0,0.0,0.0,0.0,0.0,1.0,0.0,1.0,0.0,0.0,0.0,0.0,0.0,0.0,0.0,0.0,0.0,0.0,0.0,0.0,0.0,0.0,0.0,0.0,0.0,0.0,0.0,0.0,0.0,0.0,0.0,0.0,0.0,0.0,0.0,0.0,0.0,0.0,0.0,0.0,0.0,0.0,0.0,0.0,0.0,0.0,0.0,0.0,0.0,0.0,0.0,0.0,0.0,0.0,1.0,0.0,0.0,0.0,0.0,0.0,0.0,0.0,0.0,0.0,0.0,0.0,0.0,1.0,0.0,0.0,0.0,0.0,0.0,0.0,0.0,0.0,0.0,0.0,0.0,0.0,0.0,0.0,0.0,0.0,0.0,0.0,0.0,0.0,0.0,0.0,0.0,0.0,0.0,0.0,0.0,0.0,0.0,0.0,0.0,0.0,0.0,0.0,0.0,0.0,0.0,0.0,0.0,0.0,0.0,0.0,0.0,0.0,0.0,0.0,0.0,1.0,0.0,0.0,0.0,0.0,0.0,0.0,0.0,0.0,0.0,0.0,0.0,0.0,0.0,0.0,0.0,0.0,0.0,0.0,0.0,0.0,0.0,0.0,0.0,0.0,1.0,0.0,0.0,0.0,0.0,0.0,0.0,0.0,0.0,0.0,0.0,0.0,0.0,0.0,0.0,0.0,0.0,0.0,1.0,0.0,0.0,0.0,1.0,0.0,0.0,0.0,0.0,0.0,0.0,0.0,0.0,0.0,0.0,0.0,0.0,0.0,0.0,0.0,0.0,0.0,0.0,0.0,0.0,0.0,1.0,0.0,0.0,0.0,0.0,0.0,0.0,0.0,0.0,0.0,0.0,0.0,0.0,0.0,0.0,0.0,0.0,0.0,0.0,0.0,0.0,0.0,0.0,0.0,1.0,0.0,0.0,0.0,0.0,0.0,0.0,0.0,0.0,0.0,0.0,0.0,0.0,0.0,0.0,0.0,0.0,0.0,0.0,0.0,0.0,0.0,0.0,0.0,0.0,0.0,0.0,0.0,0.0,0.0,0.0,0.0,1.0,0.0,0.0,0.0,0.0,0.0,0.0,0.0,0.0,0.0,0.0,0.0,0.0,0.0,0.0,0.0,0.0,0.0,0.0,0.0,0.0,0.0,0.0,0.0,0.0,0.0,0.0,1.0,0.0,0.0,0.0,0.0,0.0,0.0,0.0,0.0,0.0,1.0,0.0,0.0,0.0,0.0,0.0,0.0,0.0,0.0,0.0,1.0,0.0,0.0,0.0,0.0,0.0,0.0,1.0,0.0,0.0,0.0,0.0,0.0,0.0,0.0,0.0,0.0,0.0,0.0,0.0,0.0,0.0,0.0,0.0,0.0,0.0,0.0,0.0,0.0,0.0,0.0,0.0,0.0,0.0,0.0,0.0,0.0,0.0,0.0,0.0,0.0,0.0,0.0,0.0,0.0,0.0,0.0,0.0,0.0,0.0,0.0,0.0,0.0,0.0,0.0,0.0,0.0,0.0,0.0,0.0,0.0,0.0,0.0,0.0,0.0,0.0,0.0,0.0,0.0,0.0,0.0,0.0,0.0,0.0,0.0,0.0,0.0,0.0,0.0,0.0,0.0,0.0,0.0,0.0,0.0,0.0,0.0,0.0,0.0,0.0,0.0,0.0,0.0,0.0,0.0,0.0,0.0,0.0,0.0,0.0,0.0,0.0,0.0,0.0,0.0,0.0,0.0,0.0,1.0,0.0,0.0,0.0,0.0,0.0,0.0,0.0,0.0,0.0,0.0,0.0,0.0,0.0,0.0,0.0,0.0,0.0,0.0,0.0,0.0,0.0,0.0,0.0,0.0,0.0,0.0,0.0,0.0,0.0,0.0,1.0,0.0,0.0,0.0,0.0,0.0,0.0,0.0,0.0,0.0,0.0,0.0,0.0,0.0,1.0,0.0,0.0,1.0,0.0,0.0,1.0,0.0,1.0,0.0,0.0,0.0,0.0,0.0,0.0,0.0,1.0,0.0,0.0,0.0,0.0,0.0,0.0,0.0,0.0,0.0,0.0,0.0,0.0,0.0,0.0,0.0,0.0,0.0,0.0,0.0,0.0,0.0,0.0,0.0,0.0,0.0,0.0,0.0,0.0,0.0,0.0,0.0,0.0,0.0,0.0,0.0,0.0,0.0,0.0,0.0,0.0,0.0,1.0,0.0,0.0,0.0,0.0,0.0,0.0,0.0,0.0,0.0,0.0,0.0,0.0,0.0,0.0,0.0,0.0,0.0,0.0,0.0,0.0,0.0,0.0,0.0,0.0,0.0,0.0,0.0,0.0,0.0,0.0,0.0,0.0,0.0,0.0,0.0,0.0,0.0,0.0,0.0,0.0,0.0,0.0,0.0,0.0,0.0,0.0,0.0,0.0,0.0,0.0,0.0,0.0,0.0,0.0,0.0,0.0,0.0,0.0,0.0,0.0,0.0,0.0,0.0,0.0,0.0,0.0,1.0,0.0,0.0,0.0,0.0,0.0,0.0,0.0,0.0,0.0,0.0,0.0,0.0,0.0,0.0,0.0,0.0,0.0,0.0,1.0,0.0,0.0,0.0,0.0,0.0,1.0,0.0,0.0,0.0,0.0,0.0,0.0,0.0,0.0,0.0,0.0,0.0,0.0,0.0,0.0,0.0,0.0,1.0,0.0,0.0,0.0,0.0,0.0,0.0,0.0,0.0,0.0,0.0,0.0,0.0,0.0,0.0,0.0,0.0,0.0,0.0,0.0,0.0,0.0,0.0,0.0,0.0,0.0,0.0,0.0,0.0,0.0,0.0,0.0,0.0,0.0,0.0,0.0,0.0,0.0,1.0,0.0,0.0,0.0,0.0,0.0,0.0,0.0,0.0,0.0,0.0,0.0,0.0,0.0,0.0,0.0,0.0,0.0,1.0,0.0,0.0,0.0,0.0,0.0,0.0,0.0,0.0,0.0,0.0,0.0,0.0,0.0,0.0,0.0,0.0,0.0,0.0,0.0,0.0,0.0,0.0,0.0,0.0,0.0,0.0,0.0,0.0,0.0,0.0,0.0,0.0,0.0,0.0,0.0,0.0,0.0,0.0,0.0,0.0,0.0,0.0,0.0,0.0,0.0,0.0,0.0,0.0,0.0,0.0,0.0,0.0,0.0,0.0,0.0,0.0,0.0,0.0,0.0,0.0,0.0,0.0,0.0,0.0,0.0,0.0,0.0,0.0,0.0,0.0,0.0,0.0,0.0,0.0,0.0,0.0,0.0,0.0,0.0,0.0,0.0,0.0,0.0,0.0,0.0,0.0,0.0,0.0,0.0,0.0,0.0,0.0,0.0,0.0,0.0,0.0,0.0,0.0,0.0,0.0,0.0,0.0,0.0,0.0,0.0,0.0,0.0,0.0,0.0,0.0,0.0,0.0,0.0,0.0,0.0,0.0,0.0,0.0,0.0,0.0,0.0,0.0,0.0,0.0,0.0,0.0,0.0,0.0,0.0,0.0,0.0,0.0,0.0,0.0,0.0,0.0,0.0,0.0,0.0,1.0,0.0,0.0,0.0,0.0,0.0,0.0,0.0,0.0,0.0,0.0,1.0,0.0,0.0,0.0,1.0,0.0,1.0,0.0,0.0,1.0,0.0,0.0,0.0,0.0,0.0,1.0,0.0,0.0,0.0,0.0,0.0,0.0,0.0,0.0,0.0,0.0,0.0,0.0,0.0,0.0,0.0,0.0,0.0,0.0,1.0,0.0,0.0,0.0,0.0,0.0,0.0,0.0,0.0,0.0,0.0,0.0,0.0,0.0,0.0,0.0,0.0,1.0,0.0,0.0,0.0,0.0,0.0,0.0,0.0,0.0,0.0,0.0,1.0,0.0,0.0,0.0,0.0,0.0,0.0,0.0,0.0,0.0,0.0,0.0,0.0,0.0,0.0,0.0,0.0,0.0,0.0,0.0,0.0,0.0,0.0,0.0,0.0,0.0,0.0,0.0,0.0,1.0,0.0,0.0,0.0,0.0,0.0,0.0,0.0,0.0,0.0,1.0,0.0,0.0,0.0,0.0,0.0,0.0,0.0,0.0,0.0,0.0,0.0,0.0,0.0,0.0,0.0,0.0,0.0,0.0,0.0,0.0,0.0,0.0,0.0,0.0,0.0,0.0,1.0,0.0,0.0,0.0,0.0,0.0,0.0,0.0,0.0,0.0,0.0,0.0,0.0,0.0,0.0,0.0,0.0,0.0,0.0,0.0,0.0,0.0,0.0,0.0,0.0,0.0,0.0,0.0,0.0,0.0,0.0,0.0,0.0,0.0,0.0,0.0,0.0,0.0,0.0,0.0,0.0,0.0,0.0,0.0,0.0,0.0,0.0,0.0,0.0,0.0,0.0,0.0,0.0,0.0,0.0,0.0,1.0,0.0,0.0,0.0,0.0,0.0,0.0,0.0,0.0,0.0,0.0,0.0,0.0,0.0,0.0,0.0,0.0,0.0,0.0,0.0,0.0,1.0,0.0,0.0,0.0,1.0,0.0,0.0,0.0,0.0,0.0,0.0,0.0,0.0,0.0,0.0,0.0,0.0,0.0,0.0,0.0,0.0,0.0,0.0,1.0,0.0,0.0,0.0,0.0,0.0,0.0,0.0,0.0,0.0,0.0,1.0,0.0,0.0,0.0,0.0,0.0,0.0,0.0,0.0,0.0,0.0,0.0,0.0,0.0,0.0,0.0,0.0,0.0,0.0,0.0,0.0,0.0,0.0,0.0,0.0,0.0,0.0,0.0,0.0,0.0,0.0,0.0,0.0,0.0,0.0,1.0,0.0,0.0,0.0,0.0,0.0,0.0,0.0,0.0,0.0,0.0,0.0,1.0,0.0,0.0,0.0,0.0,0.0,0.0,0.0,0.0,0.0,0.0,0.0,0.0,0.0,0.0,0.0,0.0,0.0,0.0,0.0,0.0,0.0,0.0,0.0,0.0,0.0,0.0,0.0,0.0,0.0,0.0,0.0,0.0,1.0,1.0,0.0,0.0,0.0,0.0,0.0,0.0,0.0,0.0,0.0,0.0,0.0,0.0,1.0,0.0,0.0,1.0,0.0,0.0,0.0,0.0,0.0,0.0,0.0,0.0,0.0,0.0,0.0,0.0,0.0,0.0,0.0,0.0,0.0,0.0,0.0,0.0,0.0,0.0,0.0,0.0,0.0,0.0,0.0,0.0,0.0,0.0,0.0,0.0,0.0,0.0,0.0,0.0,0.0,0.0,1.0,0.0,0.0,0.0,0.0,0.0,0.0,1.0,0.0,0.0,0.0,0.0,0.0,0.0,0.0,0.0,0.0,0.0,0.0,0.0,0.0,1.0,0.0,0.0,0.0,0.0,0.0,0.0,0.0,0.0,0.0,0.0,0.0,0.0,0.0,0.0,0.0,0.0,0.0,0.0,0.0,0.0,0.0,0.0,0.0,0.0,0.0,0.0,0.0,0.0,0.0,0.0,0.0,0.0,0.0,0.0,0.0,0.0,0.0,0.0,0.0,0.0,0.0,0.0,0.0,0.0,0.0,0.0,0.0,0.0,0.0,0.0,0.0,0.0,0.0,0.0,0.0,0.0,0.0,0.0,0.0,0.0,0.0,1.0,0.0,0.0,0.0,0.0,0.0,0.0,0.0,0.0,0.0,0.0,0.0,0.0,0.0,0.0,0.0,0.0,1.0,0.0,0.0,0.0,0.0,0.0,0.0,0.0,0.0,0.0,0.0,0.0,0.0,0.0,0.0,0.0,0.0,0.0,0.0,0.0,0.0,0.0,0.0,0.0,0.0,0.0,0.0,0.0,0.0,0.0,0.0,0.0,0.0,0.0,0.0,0.0,0.0,0.0,1.0,0.0,0.0,0.0,0.0,0.0,0.0,0.0,0.0,0.0,0.0,0.0,0.0,0.0,0.0,0.0,0.0,0.0,0.0,0.0,0.0,0.0,0.0,0.0,0.0,1.0,0.0,0.0,1.0,0.0,0.0,0.0,0.0,0.0,0.0,0.0,0.0,0.0,0.0,0.0,0.0,0.0,0.0,0.0,0.0,0.0,0.0,0.0,0.0,0.0,0.0,0.0,0.0,0.0,0.0,0.0,0.0,0.0,0.0,0.0,0.0,0.0,0.0,0.0,0.0,0.0,0.0,0.0,0.0,0.0,0.0,0.0,0.0,0.0,0.0,0.0,0.0,0.0,0.0,0.0,0.0,0.0,0.0,0.0,0.0,0.0,0.0,0.0,0.0,0.0,0.0,0.0,0.0,0.0,0.0,0.0,0.0,0.0,0.0,0.0,0.0,0.0,0.0,0.0,0.0,0.0,0.0,0.0,0.0,1.0,0.0,0.0,0.0,1.0,0.0,0.0,0.0,0.0,0.0,0.0,0.0,0.0,0.0,0.0,0.0,0.0,0.0,0.0,0.0,0.0,0.0,0.0,0.0,0.0,0.0,0.0,0.0,0.0,0.0,0.0,0.0,1.0,0.0,0.0,0.0,0.0,0.0,0.0,0.0,0.0,0.0,0.0,0.0,0.0,0.0,0.0,0.0,0.0,0.0,0.0,0.0,0.0,0.0,0.0,0.0,0.0,0.0,0.0,0.0,0.0,0.0,0.0,0.0,0.0,0.0,0.0,0.0,0.0,0.0,0.0,0.0,0.0,0.0,0.0,0.0,0.0,0.0,0.0,1.0,0.0,0.0,0.0,0.0,0.0,0.0,0.0,0.0,0.0,0.0,0.0,0.0,0.0,0.0,0.0,0.0,0.0,0.0,0.0,1.0,0.0,0.0,0.0,0.0,0.0,0.0,1.0,0.0,0.0,0.0,0.0,0.0,0.0,0.0,0.0,0.0,0.0,0.0,0.0,0.0,0.0,0.0,0.0,0.0,0.0,0.0,0.0,0.0,0.0,0.0,0.0,0.0,0.0,0.0,0.0,0.0,0.0,0.0,0.0,0.0,0.0,0.0,0.0,0.0,0.0,0.0,0.0,0.0,0.0,0.0,0.0,0.0,0.0,0.0,0.0,1.0,0.0,0.0,0.0,0.0,0.0,0.0,0.0,0.0,0.0,0.0,0.0,0.0,0.0,0.0,0.0,0.0,0.0,0.0,1.0,0.0,0.0,0.0,0.0,0.0,0.0,0.0,0.0,0.0,0.0,1.0,0.0,0.0,0.0,0.0,0.0,0.0,0.0,0.0,0.0,0.0,0.0,0.0,0.0,0.0,0.0,0.0,0.0,0.0,0.0,0.0,0.0,0.0,0.0,0.0,0.0,0.0,0.0,0.0,0.0,0.0,0.0,0.0,0.0,1.0,1.0,0.0,0.0,0.0,0.0,0.0,0.0,0.0,0.0,0.0,0.0,0.0,0.0,0.0,0.0,0.0,0.0,0.0,0.0,0.0,0.0,0.0,0.0,0.0,0.0,0.0,0.0,0.0,0.0,0.0,0.0,0.0,0.0,0.0,0.0,0.0,0.0,0.0,0.0,0.0,0.0,0.0,0.0,0.0,0.0,0.0,0.0,0.0,0.0,0.0,0.0,0.0,0.0,0.0,0.0,0.0,0.0,0.0,0.0,0.0,0.0,0.0,0.0,0.0,0.0,0.0,0.0,0.0,0.0,0.0,0.0,0.0,0.0,0.0,0.0,0.0,0.0,0.0,0.0,0.0,0.0,0.0,0.0,0.0,0.0,0.0,0.0,0.0,0.0,0.0,0.0,0.0,0.0,0.0,0.0,0.0,0.0,0.0,0.0,0.0,0.0,0.0,0.0,0.0,0.0,0.0,0.0,0.0,1.0,0.0,0.0,0.0,0.0,0.0,0.0,0.0,0.0,0.0,0.0,0.0,0.0,0.0,0.0,0.0,0.0,0.0,0.0,0.0,0.0,0.0,0.0,0.0,0.0,0.0,0.0,0.0,0.0,0.0,1.0,0.0,0.0,0.0,0.0,0.0,0.0,0.0,0.0,0.0,0.0,0.0,0.0,0.0,0.0,0.0,0.0,0.0,0.0,0.0,0.0,0.0,0.0,0.0,0.0,0.0,0.0,0.0,0.0,0.0,0.0,0.0,0.0,0.0,1.0,0.0,0.0,0.0,0.0,0.0,0.0,0.0,0.0,0.0,0.0,0.0,0.0,0.0,0.0,0.0,0.0,0.0,0.0,0.0,1.0,0.0,0.0,0.0,0.0,1.0,0.0,0.0,0.0,0.0,0.0,0.0,1.0,0.0,0.0,0.0,1.0,0.0,0.0,0.0,0.0,0.0,0.0,0.0,0.0,0.0,0.0,1.0,0.0,0.0,0.0,0.0,0.0,0.0,0.0,0.0,1.0,0.0,0.0,0.0,0.0,0.0,0.0,0.0,0.0,0.0,0.0,0.0,0.0,0.0,0.0,1.0,0.0,0.0,0.0,0.0,1.0,0.0,0.0,0.0,0.0,0.0,0.0,0.0,0.0,0.0,0.0,0.0,0.0,0.0,0.0,0.0,0.0,0.0,0.0,0.0,0.0,1.0,0.0,0.0,0.0,0.0,0.0,0.0,0.0,0.0,0.0,0.0,0.0,0.0,0.0,0.0,0.0,1.0,0.0,0.0,0.0,0.0,0.0,1.0,0.0,0.0,0.0,0.0,0.0,0.0,0.0,0.0,0.0,0.0,0.0,0.0,0.0,0.0,0.0,0.0,0.0,0.0,0.0,0.0,0.0,0.0,0.0,0.0,0.0,0.0,0.0,0.0,0.0,0.0,0.0,0.0,0.0,0.0,0.0,0.0,0.0,0.0,0.0,0.0,0.0,0.0,0.0,0.0,0.0,0.0,0.0,0.0,0.0,0.0,0.0,0.0,0.0,0.0,0.0,0.0,0.0,0.0,0.0,0.0,0.0,0.0,0.0,0.0,0.0,0.0,0.0,0.0,0.0,0.0,0.0,0.0,0.0,0.0,0.0,0.0,0.0,0.0,0.0,0.0,0.0,0.0,0.0,0.0,0.0,0.0,0.0,0.0,0.0,0.0,0.0,0.0,0.0,0.0,0.0,0.0,0.0,0.0,0.0,0.0,0.0,0.0,0.0,0.0,0.0,0.0,0.0,0.0,0.0,0.0,0.0,1.0,0.0,0.0,0.0,0.0,0.0,0.0,0.0,1.0,0.0,0.0,0.0,0.0,0.0,0.0,0.0,0.0,0.0,0.0,0.0,0.0,1.0,0.0,0.0,0.0,0.0,0.0,0.0,0.0,0.0,0.0,0.0,0.0,0.0,0.0,0.0,0.0,0.0,0.0,0.0,0.0,0.0,0.0,0.0,0.0,0.0,0.0,0.0,0.0,0.0,0.0,0.0,0.0,0.0,0.0,0.0,1.0,0.0,0.0,0.0,0.0,1.0,0.0,0.0,0.0,0.0,0.0,0.0,0.0,0.0,0.0,0.0,0.0,0.0,0.0,0.0,0.0,0.0,0.0,0.0,0.0,0.0,0.0,0.0,0.0,0.0,0.0,0.0,0.0,0.0,0.0,0.0,0.0,0.0,0.0,0.0,0.0,0.0,0.0,0.0,0.0,0.0,0.0,0.0,0.0,0.0,0.0,0.0,0.0,0.0,0.0,0.0,0.0,0.0,0.0,0.0,0.0,0.0,0.0,0.0,0.0,0.0,0.0,0.0,0.0,1.0,0.0,0.0,0.0,1.0,0.0,0.0,0.0,0.0,0.0,0.0,0.0,0.0,0.0,0.0,0.0,0.0,0.0,0.0,0.0,0.0,0.0,0.0,0.0,0.0,0.0,0.0,0.0,0.0,0.0,0.0,0.0,0.0,0.0,1.0,0.0,0.0,0.0,0.0,0.0,0.0,0.0,0.0,0.0,0.0,0.0,0.0,0.0,0.0,0.0,0.0,0.0,0.0,0.0,0.0,0.0,0.0,0.0,0.0,0.0,0.0,1.0,0.0,0.0,0.0,0.0,0.0,0.0,0.0,0.0,0.0,0.0,0.0,0.0,0.0,0.0,0.0,0.0,0.0,0.0,0.0,0.0,0.0,1.0,0.0,0.0,0.0,0.0,0.0,0.0,0.0,0.0,0.0,0.0,1.0,0.0,0.0,0.0,0.0,0.0,0.0,0.0,0.0,0.0,0.0,0.0,0.0,0.0,0.0,0.0,1.0,0.0,0.0,0.0,0.0,0.0,0.0,0.0,0.0,0.0,0.0,0.0,0.0,0.0,0.0,0.0,0.0,0.0,0.0,0.0,0.0,0.0,0.0,0.0,0.0,0.0,0.0,0.0,0.0,0.0,0.0,0.0,0.0,0.0,0.0,0.0,0.0,0.0,0.0,0.0,0.0,0.0,0.0,0.0,0.0,0.0,0.0,0.0,0.0,0.0,0.0,0.0,0.0,0.0,0.0,0.0,0.0,0.0,0.0,0.0,0.0,0.0,0.0,0.0,0.0,1.0,0.0,0.0,0.0,0.0,0.0,0.0,0.0,0.0,0.0,0.0,0.0,0.0,0.0,0.0,0.0,0.0,0.0,0.0,0.0,0.0,0.0,0.0,0.0,0.0,0.0,0.0,0.0,0.0,0.0,0.0,0.0,0.0,0.0,0.0,0.0,0.0,0.0,0.0,0.0,0.0,0.0,0.0,0.0,0.0,0.0,1.0,0.0,0.0,0.0,0.0,0.0,0.0,0.0,0.0,0.0,0.0,0.0,0.0,0.0,0.0,0.0,0.0,0.0,0.0,0.0,0.0,0.0,0.0,0.0,0.0,0.0,0.0,0.0,0.0,0.0,0.0,0.0,0.0,0.0,0.0,0.0,0.0,0.0,0.0,0.0,0.0,0.0,0.0,0.0,0.0,0.0,0.0,0.0,0.0,0.0,0.0,0.0,0.0,0.0,0.0,0.0,0.0,0.0,0.0,0.0,0.0,0.0,0.0,0.0,0.0,0.0,0.0,0.0,0.0,0.0,0.0,0.0,0.0,0.0,0.0,0.0,0.0,0.0,0.0,0.0,0.0,0.0,0.0,0.0,0.0,0.0,0.0,0.0,0.0,0.0,0.0,0.0,0.0,0.0,0.0,0.0,0.0,0.0,0.0,0.0,0.0,0.0,0.0,0.0,0.0,0.0,0.0,0.0,0.0,0.0,0.0,0.0,0.0,0.0,0.0,0.0,0.0,0.0,0.0,0.0,0.0,0.0,0.0,0.0,0.0,0.0,0.0,0.0,0.0,0.0,0.0,0.0,0.0,0.0,0.0,0.0,0.0,0.0,0.0,0.0,0.0,0.0,0.0,0.0,0.0,0.0,0.0,0.0,0.0,0.0,0.0,0.0,0.0,0.0,0.0,0.0,0.0,0.0,0.0,0.0,0.0,0.0,0.0,0.0,0.0,0.0,0.0,0.0,0.0,0.0,0.0,0.0,0.0,0.0,0.0,0.0,0.0,0.0,0.0,0.0,0.0,0.0,0.0,0.0,0.0,0.0,0.0,0.0,0.0,0.0,0.0,0.0,0.0,0.0,0.0,0.0,0.0,0.0,0.0,0.0,0.0,0.0,0.0,0.0,0.0,0.0,0.0,0.0,0.0,0.0,0.0,0.0,0.0,0.0,0.0,0.0,0.0,0.0,0.0,0.0,0.0,0.0,0.0,0.0,0.0,0.0,0.0,0.0,0.0,0.0,0.0,0.0,0.0,0.0,0.0,0.0,0.0,0.0,0.0,0.0,0.0,0.0,0.0,0.0,0.0,0.0,0.0,0.0,0.0,0.0,0.0,0.0,0.0,0.0,0.0,0.0,0.0,0.0,0.0,0.0,0.0,0.0,0.0,0.0,0.0,0.0,0.0,0.0,0.0,0.0,0.0,0.0,0.0,0.0,0.0,0.0,0.0,0.0,0.0,1.0,0.0,0.0,0.0,0.0,0.0,0.0,0.0,0.0,0.0,0.0,0.0,0.0,1.0,1.0,0.0,0.0,1.0,0.0,0.0,0.0,0.0,0.0,0.0,0.0,0.0,0.0,0.0,0.0,0.0,0.0,0.0,0.0,0.0,0.0,0.0,0.0,0.0,0.0,0.0,0.0,0.0,0.0,0.0,0.0,0.0,0.0,0.0,0.0,0.0,0.0,0.0,0.0,0.0,0.0,0.0,0.0,0.0,0.0,0.0,0.0,0.0,0.0,0.0,0.0,0.0,0.0,0.0,0.0,0.0,1.0,0.0,0.0,1.0,0.0,0.0,0.0,0.0,0.0,0.0,0.0,0.0,0.0,0.0,0.0,0.0,0.0,0.0,1.0,0.0,0.0,0.0,1.0,0.0,0.0,0.0,0.0,0.0,0.0,0.0,0.0,0.0,0.0,0.0,0.0,0.0,0.0,0.0,0.0,0.0,0.0,0.0,0.0,0.0,0.0,0.0,0.0,0.0,0.0,0.0,0.0,0.0,0.0,0.0,0.0,0.0,0.0,0.0,0.0,0.0,0.0,0.0,0.0,0.0,0.0,0.0,0.0,0.0,0.0,0.0,0.0,0.0,0.0,0.0,0.0,0.0,0.0,0.0,0.0,0.0,0.0,0.0,0.0,0.0,0.0,0.0,0.0,0.0,1.0,0.0,0.0,0.0,0.0,0.0,0.0,0.0,0.0,0.0,0.0,0.0,0.0,0.0,0.0,0.0,0.0,0.0,0.0,0.0,0.0,0.0,0.0,0.0,0.0,0.0,0.0,0.0,0.0,0.0,0.0,0.0,0.0,0.0,0.0,0.0,0.0,0.0,0.0,0.0,0.0,0.0,0.0,0.0,0.0,0.0,0.0,0.0,0.0,0.0,0.0,0.0,0.0,0.0,0.0,0.0,0.0,0.0,0.0,0.0,0.0,0.0,0.0,0.0,0.0,0.0,0.0,0.0,0.0,0.0,0.0,0.0,0.0,0.0,0.0,0.0,0.0,0.0,0.0,0.0,0.0,0.0,1.0,0.0,0.0,0.0,0.0,0.0,0.0,0.0,0.0,0.0,0.0,0.0,0.0,0.0,0.0,0.0,0.0,0.0,0.0,0.0,0.0,0.0,0.0,0.0,0.0,0.0,0.0,0.0,0.0,0.0,0.0,0.0,0.0,0.0,0.0,0.0,0.0,0.0,0.0,0.0,0.0,0.0,0.0,0.0,0.0,0.0,0.0,0.0,0.0,0.0,0.0,0.0,0.0,0.0,0.0,0.0,0.0,0.0,0.0,0.0,0.0,0.0,0.0,0.0,0.0,0.0,0.0,0.0,0.0,0.0,0.0,0.0,0.0,0.0,0.0,0.0,0.0,0.0,0.0,0.0,0.0,0.0,0.0,0.0,0.0,0.0,1.0,0.0,0.0,0.0,0.0,0.0,0.0,0.0,0.0,0.0,0.0,0.0,0.0,0.0,0.0,0.0,0.0,0.0,0.0,0.0,0.0,0.0,0.0,0.0,0.0,0.0,0.0,0.0,0.0,0.0,0.0,0.0,0.0,0.0,0.0,0.0,0.0,0.0,0.0,0.0,0.0,0.0,0.0,0.0,0.0,0.0,0.0,0.0,1.0,0.0,0.0,0.0,0.0,1.0,0.0,0.0,0.0,0.0,0.0,0.0,0.0,0.0,0.0,0.0,0.0,0.0,0.0,0.0,0.0,0.0,0.0,0.0,0.0,0.0,0.0,0.0,0.0,0.0,0.0,0.0,0.0,0.0,0.0,0.0,0.0,0.0,0.0,0.0,0.0,0.0,0.0,0.0,0.0,0.0,0.0,0.0,0.0,0.0,0.0,0.0,0.0,0.0,0.0,0.0,0.0,0.0,0.0,0.0,0.0,0.0,0.0,0.0,1.0,0.0,0.0,0.0,0.0,0.0,1.0,0.0,0.0,0.0,0.0,0.0,0.0,0.0,0.0,0.0,0.0,0.0,0.0,0.0,0.0,0.0,0.0,0.0,0.0,0.0,0.0,0.0,0.0,0.0,0.0,0.0,0.0,0.0,0.0,0.0,0.0,0.0,0.0,0.0,0.0,0.0,0.0,0.0,0.0,0.0,0.0,0.0,0.0,0.0,0.0,0.0,0.0,0.0,0.0,0.0,0.0,0.0,0.0,0.0,0.0,0.0,0.0,0.0,0.0,0.0,0.0,0.0,0.0,1.0,0.0,0.0,0.0,0.0,0.0,0.0,0.0,0.0,0.0,0.0,0.0,0.0,0.0,0.0,1.0,0.0,0.0,0.0,0.0,0.0,1.0,0.0,0.0,0.0,0.0,0.0,0.0,0.0,0.0,0.0,0.0,0.0,0.0,0.0,0.0,0.0,0.0,0.0,0.0,0.0,0.0,0.0,0.0,0.0,0.0,0.0,0.0,0.0,0.0,0.0,0.0,0.0,0.0,0.0,0.0,0.0,0.0,0.0,0.0,0.0,0.0,0.0,0.0,0.0,0.0,0.0,0.0,0.0,0.0,0.0,0.0,0.0,0.0,0.0,0.0,0.0,0.0,0.0,0.0,0.0,0.0,0.0,0.0,0.0,0.0,0.0,0.0,0.0,0.0,0.0,0.0,0.0,0.0,0.0,0.0,0.0,0.0,0.0,0.0,0.0,0.0,0.0,0.0,0.0,0.0,1.0,0.0,0.0,0.0,0.0,0.0,0.0,0.0,0.0,0.0,0.0,0.0,0.0,0.0,0.0,0.0,1.0,0.0,0.0,0.0,0.0,0.0,0.0,0.0,0.0,0.0,0.0,0.0,0.0,0.0,0.0,0.0,0.0,0.0,0.0,0.0,0.0,0.0,0.0,0.0,0.0,0.0,0.0,0.0,0.0,0.0,0.0,1.0,0.0,0.0,0.0,0.0,0.0,0.0,1.0,0.0,0.0,0.0,0.0,0.0,0.0,0.0,0.0,0.0,0.0,0.0,1.0,0.0,0.0,0.0,0.0,0.0,0.0,0.0,0.0,0.0,0.0,0.0,0.0,0.0,0.0,0.0,0.0,0.0,0.0,0.0,0.0,0.0,0.0,0.0,0.0,0.0,0.0,0.0,0.0,0.0,0.0,1.0,0.0,0.0,0.0,0.0,0.0,0.0,0.0,0.0,0.0,0.0,0.0,0.0,0.0,0.0,0.0,0.0,0.0,0.0,0.0,0.0,0.0,0.0,0.0,0.0,0.0,0.0,0.0,0.0,1.0,0.0,0.0,0.0,0.0,0.0,0.0,0.0,0.0,1.0,0.0,0.0,0.0,0.0,0.0,0.0,0.0,0.0,0.0,0.0,0.0,0.0,0.0,0.0,0.0,0.0,1.0,0.0,0.0,0.0,1.0,0.0,0.0,0.0,0.0,0.0,0.0,0.0,0.0,0.0,0.0,0.0,0.0,0.0,0.0,0.0,0.0,0.0,0.0,0.0,0.0,0.0,0.0,0.0,0.0,0.0,0.0,0.0,0.0,0.0,0.0,0.0,0.0,0.0,0.0,0.0,0.0,0.0,0.0,1.0,0.0,0.0,0.0,0.0,0.0,0.0,0.0,0.0,0.0,0.0,0.0,0.0,0.0,1.0,0.0,0.0,0.0,0.0,0.0,0.0,0.0,0.0,0.0,0.0,0.0,0.0,0.0,0.0,0.0,0.0,0.0,0.0,0.0,0.0,0.0,0.0,0.0,0.0,0.0,0.0,0.0,0.0,0.0,0.0,0.0,0.0,0.0,0.0,0.0,1.0,0.0,0.0,1.0,0.0,0.0,0.0,0.0,0.0,0.0,0.0,0.0,0.0,0.0,0.0,0.0,0.0,1.0,0.0,0.0,0.0,0.0,0.0,1.0,0.0,0.0,0.0,0.0,0.0,0.0,0.0,0.0,0.0,0.0,0.0,0.0,0.0,0.0,0.0,0.0,0.0,0.0,0.0,0.0,0.0,0.0,0.0,0.0,0.0,0.0,1.0,0.0,0.0,0.0,0.0,0.0,0.0,0.0,0.0,0.0,0.0,0.0,0.0,0.0,0.0,0.0,0.0,0.0,0.0,0.0,0.0,0.0,0.0,0.0,0.0,0.0,0.0,0.0,0.0,0.0,0.0,0.0,0.0,0.0,0.0,0.0,0.0,1.0,0.0,0.0,0.0,0.0,0.0,0.0,0.0,0.0,0.0,0.0,0.0,0.0,0.0,0.0,0.0,0.0,0.0,0.0,0.0,0.0,0.0,0.0,0.0,0.0,0.0,0.0,0.0,0.0,0.0,0.0,0.0,0.0,0.0,0.0,0.0,0.0,0.0,0.0,0.0,0.0,0.0,0.0,0.0,0.0,0.0,0.0,0.0,0.0,0.0,0.0,0.0,0.0,0.0,0.0,0.0,0.0,0.0,0.0,0.0,0.0,0.0,0.0,0.0,0.0,0.0,0.0,0.0,0.0,0.0,0.0,0.0,0.0,0.0,0.0,1.0,0.0,0.0,0.0,0.0,0.0,0.0,1.0,0.0,0.0,0.0,0.0,0.0,0.0,0.0,0.0,0.0,0.0,0.0,0.0,0.0,0.0,0.0,0.0,0.0,0.0,0.0,0.0,0.0,0.0,1.0,0.0,0.0,0.0,0.0,0.0,0.0,0.0,0.0,1.0,0.0,0.0,0.0,0.0,0.0,0.0,0.0,0.0,0.0,1.0,0.0,0.0,0.0,0.0,0.0,0.0,0.0,0.0,0.0,0.0,0.0,0.0,0.0,0.0,0.0,0.0,0.0,0.0,0.0,0.0,0.0,0.0,0.0,0.0,0.0,0.0,0.0,0.0,0.0,0.0,0.0,0.0,1.0,0.0,0.0,0.0,0.0,0.0,0.0,1.0,0.0,0.0,0.0,0.0,0.0,0.0,0.0,0.0,0.0,0.0,0.0,0.0,0.0,0.0,0.0,0.0,0.0,0.0,1.0,0.0,0.0,0.0,0.0,0.0,0.0,0.0,0.0,0.0,0.0,0.0,0.0,0.0,0.0,1.0,0.0,0.0,0.0,0.0,0.0,0.0,0.0,0.0,0.0,0.0,0.0,0.0,0.0,0.0,0.0,0.0,0.0,0.0,0.0,1.0,0.0,0.0,0.0,0.0,0.0,1.0,0.0,0.0,0.0,0.0,1.0,0.0,0.0,0.0,0.0,0.0,0.0,0.0,1.0,0.0,0.0,0.0,0.0,0.0,0.0,0.0,0.0,0.0,0.0,0.0,0.0,0.0,0.0,0.0,0.0,0.0,0.0,0.0,0.0,0.0,0.0,0.0,0.0,0.0,0.0,0.0,1.0,0.0,0.0,0.0,0.0,0.0,0.0,0.0,0.0,0.0,0.0,0.0,0.0,0.0,0.0,0.0,0.0,0.0,0.0,0.0,0.0,0.0,0.0,0.0,0.0,0.0,1.0,0.0,0.0,0.0,0.0,0.0,0.0,0.0,0.0,0.0,0.0,0.0,0.0,0.0,0.0,0.0,0.0,0.0,0.0,0.0,0.0,0.0,0.0,0.0,0.0,0.0,0.0,0.0,0.0,0.0,0.0,0.0,0.0,0.0,1.0,0.0,0.0,0.0,0.0,0.0,0.0,0.0,0.0,0.0,0.0,0.0,0.0,0.0,0.0,0.0,0.0,0.0,0.0,0.0,0.0,0.0,0.0,0.0,0.0,0.0,0.0,0.0,0.0,0.0,0.0,0.0,0.0,0.0,0.0,0.0,0.0,0.0,0.0,0.0,0.0,0.0,0.0,0.0,0.0,0.0,0.0,0.0,0.0,0.0,0.0,0.0,0.0,0.0,0.0,0.0,0.0,0.0,0.0,0.0,0.0,0.0,0.0,0.0,0.0,0.0,0.0,0.0,0.0,0.0,0.0,0.0,0.0,0.0,0.0,0.0,0.0,0.0,0.0,0.0,0.0,0.0,0.0,0.0,0.0,0.0,0.0,0.0,0.0,0.0,0.0,0.0,0.0,1.0,0.0,0.0,0.0,0.0,0.0,0.0,0.0,0.0,0.0,1.0,0.0,0.0,0.0,0.0,0.0,0.0,0.0,0.0,0.0,0.0,0.0,0.0,0.0,0.0,0.0,0.0,0.0,0.0,0.0,1.0,0.0,0.0,0.0,0.0,0.0,0.0,0.0,1.0,0.0,0.0,0.0,0.0,1.0,0.0,0.0,0.0,0.0,0.0,0.0,0.0,0.0,0.0,0.0,0.0,0.0,0.0,0.0,0.0,0.0,0.0,0.0,0.0,0.0,0.0,0.0,0.0,0.0,0.0,0.0,0.0,0.0,0.0,0.0,0.0,0.0,0.0,0.0,0.0,0.0,0.0,1.0,0.0,0.0,0.0,0.0,0.0,0.0,0.0,0.0,0.0,0.0,0.0,0.0,0.0,0.0,0.0,0.0,1.0,0.0,0.0,0.0,0.0,0.0,0.0,0.0,0.0,0.0,0.0,0.0,1.0,0.0,0.0,0.0,0.0,0.0,0.0,0.0,0.0,0.0,0.0,1.0,0.0,0.0,0.0,0.0,0.0,0.0,0.0,0.0,0.0,0.0,0.0,0.0,0.0,0.0,0.0,0.0,0.0,0.0,0.0,0.0,0.0,0.0,0.0,0.0,0.0,0.0,0.0,0.0,1.0,0.0,0.0,0.0,1.0,0.0,0.0,0.0,0.0,0.0,0.0,0.0,0.0,0.0,0.0,0.0,1.0,0.0,0.0,1.0,0.0,0.0,1.0,1.0,0.0,0.0,0.0,0.0,0.0,0.0,0.0,0.0,0.0,0.0,0.0,0.0,0.0,0.0,0.0,0.0,0.0,0.0,1.0,0.0,0.0,0.0,0.0,0.0,0.0,0.0,0.0,0.0,0.0,0.0,0.0,0.0,0.0,0.0,0.0,0.0,0.0,0.0,0.0,0.0,0.0,0.0,0.0,0.0,0.0,0.0,0.0,0.0,0.0,0.0,0.0,0.0,0.0,0.0,0.0,0.0,0.0,0.0,0.0,0.0,0.0,0.0,0.0,0.0,0.0,0.0,0.0,0.0,0.0,0.0,0.0,0.0,1.0,0.0,0.0,0.0,0.0,0.0,0.0,0.0,0.0,0.0,0.0,0.0,0.0,0.0,0.0,0.0,0.0,0.0,0.0,0.0,0.0,0.0,0.0,0.0,0.0,0.0,0.0,0.0,0.0,0.0,1.0,0.0,0.0,0.0,0.0,0.0,0.0,0.0,0.0,0.0,0.0,0.0,0.0,0.0,0.0,0.0,0.0,0.0,0.0,0.0,0.0,1.0,0.0,0.0,0.0,0.0,0.0,0.0,0.0,0.0,0.0,0.0,0.0,0.0,0.0,0.0,0.0,1.0,0.0,0.0,0.0,0.0,0.0,0.0,0.0,0.0,0.0,0.0,0.0,0.0,1.0,0.0,0.0,0.0,0.0,0.0,0.0,1.0,0.0,0.0,0.0,0.0,0.0,0.0,0.0,0.0,0.0,0.0,0.0,0.0,0.0,0.0,0.0,0.0,0.0,0.0,0.0,0.0,0.0,0.0,0.0,0.0,0.0,0.0,0.0,0.0,0.0,0.0,0.0,0.0,0.0,0.0,0.0,0.0,0.0,0.0,0.0,0.0,0.0,0.0,0.0,0.0,0.0,0.0,0.0,0.0,0.0,0.0,0.0,0.0,0.0,0.0,0.0,0.0,1.0,0.0,0.0,0.0,0.0,0.0,0.0,0.0,0.0,0.0,0.0,0.0,0.0,0.0,0.0,0.0,0.0,0.0,0.0,0.0,0.0,1.0,0.0,0.0,0.0,0.0,0.0,0.0,0.0,0.0,0.0,0.0,0.0,0.0,0.0,0.0,0.0,0.0,0.0,0.0,1.0,0.0,0.0,0.0,0.0,0.0,0.0,0.0,0.0,0.0,0.0,0.0,0.0,0.0,0.0,0.0,0.0,0.0,0.0,0.0,0.0,0.0,0.0,0.0,1.0,0.0,0.0,1.0,0.0,0.0,0.0,0.0,0.0,0.0,0.0,0.0,0.0,0.0,0.0,0.0,0.0,0.0,0.0,0.0,0.0,0.0,0.0,0.0,0.0,1.0,0.0,0.0,0.0,0.0,0.0,0.0,0.0,0.0,0.0,0.0,0.0,0.0,0.0,0.0,0.0,0.0,0.0,0.0,0.0,0.0,0.0,0.0,0.0,0.0,0.0,0.0,0.0,0.0,0.0,0.0,0.0,0.0,0.0,0.0,0.0,0.0,0.0,0.0,0.0,0.0,0.0,0.0,0.0,0.0,0.0,0.0,0.0,0.0,0.0,0.0,0.0,0.0,0.0,0.0,0.0,1.0,0.0,0.0,0.0,0.0,0.0,0.0,0.0,0.0,0.0,0.0,0.0,0.0,0.0,0.0,0.0,0.0,0.0,0.0,0.0,0.0,0.0,0.0,0.0,0.0,0.0,0.0,0.0,0.0,1.0,0.0,0.0,0.0,0.0,0.0,0.0,0.0,0.0,0.0,0.0,0.0,0.0,1.0,0.0,0.0,0.0,0.0,0.0,0.0,0.0,1.0,0.0,0.0,0.0,0.0,0.0,0.0,0.0,0.0,0.0,1.0,0.0,0.0,0.0,0.0,0.0,0.0,0.0,0.0,0.0,0.0,0.0,0.0,0.0,0.0,0.0,0.0,0.0,0.0,0.0,0.0,0.0,0.0,0.0,0.0,0.0,0.0,0.0,0.0,0.0,0.0,0.0,0.0,0.0,0.0,0.0,0.0,0.0,0.0,0.0,0.0,0.0,0.0,0.0,0.0,0.0,0.0,0.0,0.0,0.0,0.0,0.0,1.0,0.0,0.0,0.0,0.0,0.0,0.0,0.0,0.0,1.0,0.0,0.0,0.0,0.0,0.0,0.0,0.0,0.0,0.0,0.0,0.0,0.0,0.0,0.0,1.0,1.0,0.0,0.0,0.0,0.0,0.0,0.0,0.0,0.0,0.0,0.0,0.0,0.0,0.0,0.0,0.0,0.0,0.0,0.0,0.0,0.0,0.0,0.0,0.0,0.0,0.0,0.0,0.0,0.0,0.0,0.0,0.0,0.0,0.0,0.0,1.0,0.0,0.0,0.0,0.0,0.0,0.0,0.0,0.0,0.0,0.0,0.0,0.0,1.0,0.0,0.0,0.0,0.0,0.0,0.0,0.0,0.0,0.0,0.0,0.0,0.0,0.0,0.0,0.0,0.0,0.0,0.0,0.0,0.0,0.0,0.0,0.0,0.0,0.0,0.0,1.0,0.0,0.0,0.0,1.0,0.0,0.0,0.0,0.0,0.0,0.0,0.0,0.0,0.0,0.0,0.0,1.0,0.0,0.0,0.0,0.0,0.0,0.0,0.0,0.0,0.0,0.0,0.0,0.0,0.0,0.0,0.0,0.0,0.0,0.0,0.0,0.0,0.0,0.0,0.0,0.0,0.0,0.0,0.0,0.0,0.0,0.0,0.0,0.0,0.0,0.0,0.0,0.0,0.0,0.0,0.0,0.0,0.0,0.0,0.0,0.0,0.0,0.0,0.0,0.0,0.0,0.0,0.0,0.0,0.0,0.0,0.0,0.0,0.0,0.0,0.0,0.0,0.0,0.0,0.0,0.0,0.0,0.0,0.0,0.0,0.0,0.0,0.0,0.0,0.0,0.0,0.0,0.0,0.0,0.0,0.0,0.0,0.0,0.0,0.0,0.0,0.0,0.0,0.0,0.0,0.0,0.0,0.0,0.0,0.0,0.0,0.0,0.0,0.0,0.0,0.0,0.0,0.0,0.0,0.0,0.0,0.0,0.0,0.0,0.0,0.0,0.0,0.0,0.0,0.0,0.0,0.0,0.0,0.0,0.0,0.0,0.0,0.0,0.0,0.0,0.0,0.0,0.0,0.0,0.0,0.0,0.0,0.0,0.0,0.0,0.0,0.0,0.0,0.0,0.0,0.0,0.0,0.0,0.0,0.0,0.0,0.0,0.0,0.0,0.0,0.0,0.0,0.0,0.0,0.0,0.0,0.0,0.0,0.0,0.0,0.0,0.0,0.0,0.0,0.0,0.0,0.0,0.0,0.0,0.0,0.0,0.0,0.0,0.0,0.0,0.0,0.0,0.0,0.0,0.0,0.0,0.0,0.0,0.0,0.0,0.0,0.0,0.0,0.0,0.0,0.0,0.0,0.0,0.0,0.0,0.0,0.0,0.0,0.0,0.0,0.0,0.0,0.0,0.0,0.0,0.0,0.0,0.0,0.0,0.0,0.0,0.0,0.0,0.0,0.0,0.0,0.0,0.0,0.0,0.0,0.0,0.0,0.0,0.0,0.0,0.0,0.0,0.0,0.0,0.0,0.0,0.0,0.0,0.0,0.0,0.0,0.0,0.0,0.0,0.0,0.0,0.0,0.0,0.0,0.0,1.0,0.0,0.0,0.0,0.0,0.0,0.0,0.0,0.0,0.0,0.0,0.0,0.0,0.0,0.0,0.0,0.0,0.0,0.0,0.0,0.0,0.0,0.0,0.0,0.0,0.0,0.0,0.0,0.0,0.0,0.0,0.0,0.0,1.0,0.0,0.0,0.0,0.0,0.0,0.0,0.0,0.0,0.0,0.0,0.0,0.0,0.0,0.0,0.0,0.0,0.0,0.0,0.0,0.0,0.0,0.0,0.0,0.0,0.0,0.0,0.0,0.0,0.0,0.0,0.0,0.0,0.0,0.0,0.0,0.0,0.0,0.0,0.0,0.0,0.0,0.0,0.0,0.0,0.0,0.0,0.0,0.0,0.0,0.0,0.0,0.0,0.0,0.0,0.0,0.0,0.0,1.0,0.0,0.0,0.0,0.0,0.0,0.0,0.0,0.0,0.0,0.0,0.0,0.0,0.0,0.0,0.0,0.0,0.0,0.0,0.0,0.0,0.0,0.0,0.0,0.0,0.0,0.0,0.0,0.0,0.0,0.0,0.0,0.0,0.0,0.0,0.0,0.0,0.0,0.0,0.0,0.0,1.0,0.0,0.0,0.0,0.0,0.0,0.0,0.0,0.0,0.0,0.0,0.0,0.0,0.0,0.0,0.0,0.0,0.0,0.0,0.0,0.0,0.0,0.0,0.0,0.0,0.0,0.0,0.0,0.0,0.0,0.0,0.0,0.0,0.0,0.0,0.0,0.0,0.0,0.0,0.0,0.0,0.0,0.0,0.0,0.0,0.0,0.0,0.0,0.0,0.0,0.0,0.0,0.0,0.0,0.0,0.0,1.0,0.0,0.0,0.0,0.0,0.0,0.0,0.0,0.0,0.0,0.0,1.0,0.0,0.0,0.0,0.0,0.0,0.0,0.0,0.0,0.0,0.0,0.0,0.0,0.0,0.0,0.0,0.0,0.0,0.0,0.0,0.0,0.0,0.0,0.0,0.0,0.0,0.0,0.0,0.0,0.0,0.0,0.0,0.0,0.0,0.0,0.0,0.0,0.0,0.0,0.0,0.0,0.0,0.0,0.0,0.0,0.0,0.0,0.0,0.0,0.0,0.0,0.0,0.0,0.0,0.0,0.0,0.0,0.0,0.0,0.0,0.0,0.0,0.0,0.0,0.0,0.0,0.0,0.0,1.0,0.0,0.0,0.0,0.0,0.0,1.0,0.0,0.0,0.0,0.0,0.0,0.0,0.0,0.0,0.0,0.0,0.0,0.0,0.0,0.0,0.0,0.0,0.0,0.0,1.0,0.0,1.0,0.0,0.0,0.0,0.0,0.0,0.0,0.0,0.0,0.0,1.0,1.0,0.0,0.0,0.0,0.0,0.0,0.0,0.0,1.0,0.0,0.0,0.0,0.0,0.0,0.0,0.0,0.0,0.0,0.0,0.0,0.0,0.0,0.0,0.0,0.0,0.0,0.0,0.0,0.0,0.0,0.0,0.0,0.0,0.0,0.0,1.0,0.0,0.0,0.0,0.0,0.0,0.0,0.0,0.0,0.0,0.0,0.0,0.0,0.0,0.0,0.0,0.0,0.0,0.0,0.0,0.0,0.0,0.0,0.0,1.0,0.0,0.0,0.0,0.0,0.0,0.0,0.0,0.0,0.0,0.0,0.0,0.0,0.0,0.0,0.0,0.0,0.0,0.0,0.0,0.0,0.0,0.0,0.0,0.0,0.0,0.0,0.0,0.0,0.0,0.0,0.0,0.0,0.0,0.0,0.0,0.0,0.0,0.0,0.0,0.0,0.0,0.0,0.0,0.0,0.0,0.0,0.0,0.0,0.0,0.0,0.0,0.0,0.0,0.0,0.0,0.0,0.0,0.0,0.0,0.0,0.0,0.0,0.0,0.0,0.0,0.0,0.0,0.0,0.0,0.0,0.0,0.0,0.0,0.0,0.0,0.0,0.0,0.0,0.0,0.0,0.0,0.0,0.0,0.0,0.0,0.0,0.0,0.0,0.0,0.0,0.0,0.0,0.0,0.0,0.0,0.0,0.0,0.0,0.0,0.0,0.0,0.0,0.0,0.0,0.0,0.0,0.0,0.0,0.0,0.0,0.0,0.0,0.0,0.0,0.0,0.0,0.0,0.0,0.0,0.0,0.0,0.0,0.0,0.0,0.0,0.0,0.0,0.0,0.0,0.0,0.0,0.0,0.0,0.0,0.0,0.0,0.0,0.0,1.0,0.0,0.0,0.0,0.0,0.0,0.0,0.0,0.0,0.0,0.0,0.0,0.0,0.0,0.0,0.0,0.0,0.0,0.0,0.0,0.0,0.0,0.0,0.0,0.0,0.0,0.0,1.0,0.0,0.0,0.0,0.0,0.0,0.0,0.0,0.0,0.0,0.0,0.0,0.0,0.0,0.0,0.0,0.0,0.0,0.0,0.0,0.0,0.0,0.0,0.0,0.0,0.0,0.0,0.0,0.0,0.0,0.0,0.0,0.0,0.0,0.0,0.0,0.0,0.0,0.0,0.0,0.0,0.0,0.0,0.0,0.0,0.0,0.0,0.0,0.0,0.0,0.0,0.0,0.0,0.0,0.0,0.0,0.0,0.0,0.0,0.0,0.0,0.0,0.0,0.0,0.0,0.0,0.0,0.0,0.0,0.0,0.0,0.0,0.0,0.0,0.0,0.0,0.0,0.0,0.0,0.0,0.0,0.0,0.0,0.0,0.0,0.0,0.0,0.0,0.0,0.0,0.0,0.0,0.0,0.0,0.0,0.0,0.0,0.0,0.0,0.0,0.0,0.0,0.0,0.0,0.0,0.0,0.0,0.0,0.0,0.0,0.0,0.0,0.0,0.0,0.0,0.0,0.0,0.0,0.0,0.0,0.0,0.0,0.0,0.0,0.0,0.0,0.0,0.0,0.0,0.0,0.0,0.0,0.0,0.0,0.0,0.0,0.0,0.0,0.0,0.0,0.0,0.0,0.0,0.0,0.0,0.0,0.0,0.0,0.0,0.0,0.0,0.0,0.0,0.0,0.0,0.0,0.0,0.0,0.0,0.0,0.0,0.0,0.0,0.0,0.0,0.0,0.0,0.0,0.0,0.0,0.0,0.0,0.0,0.0,0.0,0.0,0.0,0.0,0.0,0.0,0.0,0.0,0.0,0.0,0.0,0.0,0.0,0.0,0.0,0.0,0.0,0.0,0.0,0.0,0.0,0.0,0.0,0.0,0.0,0.0,0.0,0.0,0.0,0.0,0.0,0.0,0.0,0.0,0.0,0.0,0.0,0.0,0.0,0.0,0.0,0.0,0.0,0.0,0.0,0.0,0.0,0.0,0.0,0.0,0.0,0.0,0.0,0.0,0.0,0.0,0.0,0.0,0.0,0.0,0.0,0.0,0.0,0.0,0.0,0.0,0.0,0.0,0.0,0.0,0.0,0.0,0.0,0.0,0.0,0.0,0.0,0.0,0.0,0.0,0.0,0.0,0.0,0.0,0.0,0.0,0.0,0.0,0.0,0.0,0.0,0.0,0.0,0.0,0.0,0.0,0.0,0.0,0.0,0.0,0.0,0.0,0.0,0.0,0.0,0.0,0.0,0.0,0.0,0.0,0.0,1.0,0.0,0.0,0.0,0.0,0.0,0.0,0.0,0.0,0.0,0.0,0.0,0.0,0.0,0.0,0.0,0.0,0.0,0.0,0.0,0.0,0.0,0.0,0.0,0.0,0.0,0.0,0.0,0.0,0.0,0.0,0.0,0.0,0.0,0.0,0.0,0.0,0.0,0.0,0.0,0.0,0.0,0.0,0.0,0.0,0.0,0.0,0.0,0.0,0.0,0.0,0.0,0.0,0.0,0.0,0.0,0.0,0.0,0.0,0.0,0.0,0.0,0.0,0.0,0.0,0.0,0.0,0.0,0.0,0.0,0.0,0.0,0.0,0.0,0.0,0.0,0.0,0.0,0.0,0.0,0.0,0.0,0.0,0.0,0.0,0.0,0.0,0.0,0.0,0.0,0.0,0.0,0.0,0.0,0.0,0.0,0.0,0.0,0.0,0.0,0.0,0.0,0.0,0.0,0.0,0.0,0.0,0.0,0.0,0.0,0.0,0.0,0.0,0.0,0.0,0.0,0.0,0.0,0.0,0.0,0.0,1.0,0.0,0.0,0.0,0.0,0.0,0.0,0.0,0.0,0.0,0.0,0.0,1.0,0.0,0.0,0.0,0.0,0.0,0.0,0.0,0.0,0.0,0.0,0.0,0.0,0.0,0.0,0.0,0.0,0.0,0.0,0.0,0.0,0.0,0.0,0.0,0.0,0.0,0.0,0.0,0.0,0.0,0.0,0.0,0.0,0.0,0.0,0.0,0.0,0.0,0.0,0.0,0.0,0.0,0.0,0.0,0.0,0.0,0.0,0.0,0.0,0.0,0.0,0.0,0.0,0.0,0.0,0.0,0.0,0.0,0.0,0.0,0.0,0.0,0.0,0.0,0.0,0.0,0.0,0.0,0.0,0.0,0.0,0.0,0.0,0.0,0.0,0.0,0.0,0.0,0.0,0.0,0.0,0.0,0.0,0.0,0.0,0.0,0.0,0.0,0.0,0.0,0.0,0.0,0.0,0.0,0.0,0.0,0.0,0.0,0.0,0.0,0.0,0.0,0.0,0.0,0.0,0.0,0.0,0.0,0.0,0.0,0.0,0.0,0.0,0.0,0.0,0.0,0.0,0.0,0.0,0.0,0.0,0.0,0.0,0.0,0.0,0.0,0.0,0.0,0.0,0.0,0.0,0.0,0.0,0.0,0.0,0.0,0.0,0.0,0.0,0.0,0.0,0.0,0.0,0.0,0.0,0.0,0.0,0.0,0.0,0.0,0.0,0.0,0.0,0.0,0.0,0.0,0.0,0.0,0.0,0.0,0.0,0.0,0.0,0.0,0.0,0.0,0.0,0.0,0.0,0.0,0.0,0.0,0.0,0.0,0.0,0.0,0.0,0.0,0.0,0.0,0.0,0.0,0.0,0.0,0.0,0.0,0.0,0.0,0.0,0.0,0.0,0.0,0.0,0.0,0.0,0.0,0.0,0.0,0.0,0.0,0.0,0.0,0.0,0.0,0.0,0.0,0.0,0.0,0.0,0.0,0.0,0.0,0.0,0.0,0.0,0.0,0.0,0.0,0.0,0.0,0.0,0.0,0.0,0.0,0.0,0.0,0.0,0.0,0.0,0.0,0.0,0.0,0.0,0.0,0.0,0.0,0.0,0.0,0.0,0.0,0.0,0.0,0.0,0.0,0.0,0.0,0.0,0.0,0.0,0.0,0.0,0.0,0.0,0.0,0.0,0.0,0.0,0.0,0.0,1.0,0.0,0.0,0.0,1.0,0.0,0.0,0.0,0.0,0.0,0.0,0.0,0.0,0.0,0.0,0.0,0.0,0.0,0.0,0.0,0.0,0.0,0.0,0.0,0.0,0.0,1.0,0.0,0.0,0.0,0.0,0.0,0.0,0.0,0.0,0.0,0.0,0.0,0.0,0.0,0.0,0.0,0.0,0.0,0.0,0.0,0.0,0.0,0.0,0.0,0.0,0.0,0.0,0.0,0.0,0.0,0.0,0.0,0.0,0.0,0.0,0.0,0.0,0.0,0.0,0.0,0.0,0.0,0.0,0.0,0.0,0.0,0.0,0.0,0.0,0.0,0.0,0.0,1.0,0.0,0.0,0.0,1.0,0.0,0.0,0.0,0.0,0.0,0.0,0.0,0.0,1.0,0.0,0.0,1.0,0.0,0.0,0.0,0.0,0.0,0.0,1.0,1.0,0.0,0.0,0.0,0.0,0.0,0.0,0.0,0.0,0.0,0.0,0.0,0.0,0.0,0.0,0.0,1.0,0.0,0.0,0.0,0.0,0.0,0.0,0.0,0.0,0.0,0.0,0.0,0.0,0.0,0.0,0.0,0.0,0.0,0.0,0.0,0.0,0.0,0.0,0.0,0.0,0.0,0.0,0.0,0.0,0.0,0.0,0.0,0.0,0.0,0.0,0.0,0.0,0.0,0.0,1.0,0.0,0.0,0.0,0.0,0.0,0.0,0.0,0.0,0.0,0.0,0.0,0.0,0.0,0.0,1.0,0.0,0.0,0.0,0.0,0.0,0.0,0.0,0.0,0.0,0.0,0.0,0.0,0.0,0.0,0.0,0.0,0.0,0.0,0.0,0.0,0.0,0.0,0.0,0.0,0.0,0.0,0.0,0.0,0.0,0.0,0.0,0.0,0.0,0.0,0.0,0.0,0.0,0.0,0.0,0.0,0.0,1.0,0.0,0.0,0.0,0.0,0.0,0.0,0.0,0.0,0.0,0.0,0.0,0.0,0.0,0.0,0.0,0.0,0.0,0.0,0.0,1.0,0.0,0.0,0.0,0.0,0.0,0.0,0.0,0.0,0.0,0.0,0.0,0.0,0.0,0.0,0.0,0.0,0.0,0.0,0.0,0.0,1.0,0.0,0.0,0.0,0.0,0.0,0.0,0.0,0.0,0.0,0.0,0.0,0.0,0.0,0.0,0.0,0.0,0.0,0.0,0.0,0.0,0.0,0.0,0.0,0.0,0.0,0.0,1.0,0.0,0.0,0.0,0.0,0.0,0.0,0.0,0.0,0.0,0.0,0.0,0.0,0.0,0.0,0.0,0.0,0.0,1.0,0.0,0.0,0.0,0.0,0.0,0.0,0.0,0.0,0.0,0.0,0.0,0.0,0.0,0.0,0.0,0.0,0.0,0.0,0.0,0.0,0.0,0.0,0.0,0.0,0.0,0.0,0.0,0.0,0.0,0.0,0.0,0.0,0.0,0.0,0.0,0.0,0.0,0.0,0.0,0.0,0.0,0.0,0.0,0.0,0.0,0.0,0.0,0.0,0.0,0.0,0.0,0.0,0.0,0.0,0.0,0.0,1.0,1.0,0.0,0.0,0.0,0.0,0.0,0.0,0.0,0.0,0.0,0.0,0.0,0.0,0.0,0.0,0.0,0.0,0.0,0.0,0.0,0.0,0.0,0.0,0.0,0.0,0.0,0.0,0.0,0.0,0.0,0.0,0.0,0.0,0.0,0.0,0.0,0.0,0.0,0.0,0.0,0.0,1.0,0.0,1.0,0.0,0.0,0.0,0.0,0.0,0.0,0.0,0.0,0.0,0.0,1.0,0.0,0.0,0.0,1.0,0.0,1.0,0.0,0.0,0.0,0.0,0.0,0.0,0.0,0.0,0.0,1.0,0.0,0.0,0.0,0.0,0.0,0.0,0.0,0.0,0.0,0.0,0.0,0.0,0.0,0.0,0.0,0.0,0.0,0.0,0.0,0.0,0.0,0.0,0.0,0.0,0.0,0.0,0.0,0.0,0.0,0.0,0.0,0.0,0.0,0.0,0.0,0.0,0.0,0.0,0.0,0.0,0.0,0.0,0.0,0.0,0.0,0.0,0.0,0.0,0.0,0.0,0.0,0.0,0.0,0.0,0.0,0.0,0.0,0.0,0.0,0.0,1.0,0.0,0.0,0.0,0.0,0.0,0.0,0.0,0.0,0.0,0.0,0.0,0.0,0.0,0.0,0.0,0.0,0.0,0.0,0.0,0.0,0.0,0.0,0.0,0.0,0.0,0.0,0.0,0.0,0.0,0.0,0.0,0.0,1.0,0.0,0.0,0.0,0.0,0.0,0.0,0.0,0.0,0.0,0.0,0.0,0.0,0.0,0.0,0.0,0.0,0.0,0.0,0.0,0.0,0.0,0.0,0.0,1.0,0.0,0.0,0.0,0.0,0.0,0.0,0.0,0.0,0.0,0.0,0.0,0.0,0.0,0.0,0.0,0.0,0.0,0.0,0.0,0.0,0.0,0.0,0.0,0.0,0.0,0.0,1.0,0.0,0.0,0.0,0.0,0.0,0.0,0.0,0.0,0.0,0.0,0.0,0.0,0.0,0.0,0.0,0.0,0.0,0.0,0.0,0.0,0.0,0.0,0.0,0.0,0.0,0.0,0.0,0.0,0.0,0.0,0.0,0.0,0.0,0.0,0.0,0.0,0.0,0.0,0.0,0.0,0.0,0.0,0.0,0.0,1.0,0.0,0.0,0.0,0.0,0.0,0.0,0.0,0.0,0.0,0.0,0.0,0.0,0.0,0.0,0.0,0.0,0.0,1.0,0.0,0.0,0.0,0.0,0.0,0.0,0.0,0.0,0.0,0.0,0.0,0.0,0.0,0.0,0.0,0.0,0.0,0.0,0.0,0.0,0.0,0.0,0.0,0.0,0.0,0.0,0.0,0.0,0.0,0.0,0.0,0.0,0.0,0.0,0.0,0.0,0.0,0.0,0.0,0.0,0.0,0.0,0.0,0.0,0.0,0.0,0.0,0.0,0.0,0.0,0.0,0.0,0.0,0.0,0.0,0.0,0.0,0.0,0.0,0.0,0.0,0.0,0.0,0.0,0.0,0.0,0.0,0.0,0.0,0.0,0.0,0.0,0.0,0.0,0.0,0.0,0.0,0.0,0.0,0.0,1.0,0.0,0.0,0.0,0.0,0.0,0.0,0.0,0.0,0.0,0.0,0.0,1.0,0.0,0.0,0.0,0.0,0.0,0.0,0.0,0.0,0.0,1.0,0.0,0.0,0.0,0.0,0.0,0.0,0.0,0.0,0.0,0.0,0.0,0.0,0.0,0.0,0.0,0.0,0.0,0.0,0.0,0.0,0.0,0.0,0.0,0.0,0.0,0.0,0.0,0.0,0.0,0.0,0.0,0.0,0.0,0.0,0.0,0.0,0.0,0.0,0.0,0.0,0.0,0.0,0.0,0.0,0.0,0.0,0.0,0.0,0.0,0.0,0.0,0.0,0.0,0.0,0.0,0.0,0.0,0.0,0.0,0.0,0.0,0.0,0.0,1.0,0.0,0.0,0.0,0.0,0.0,0.0,0.0,0.0,0.0,0.0,0.0,0.0,0.0,0.0,0.0,0.0,0.0,0.0,0.0,0.0,0.0,0.0,0.0,0.0,0.0,0.0,0.0,0.0,0.0,0.0,0.0,0.0,0.0,0.0,0.0,0.0,0.0,0.0,0.0,0.0,0.0,0.0,0.0,0.0,0.0,0.0,0.0,0.0,0.0,0.0,0.0,0.0,0.0,0.0,0.0,0.0,0.0,0.0,0.0,0.0,0.0,0.0,0.0,0.0,0.0,0.0,0.0,0.0,0.0,0.0,0.0,0.0,0.0,0.0,0.0,0.0,0.0,0.0,0.0,0.0,0.0,0.0,0.0,0.0,0.0,0.0,0.0,0.0,0.0,0.0,0.0,0.0,0.0,0.0,0.0,0.0,0.0,0.0,0.0,0.0,0.0,0.0,0.0,0.0,0.0,0.0,0.0,0.0,0.0,0.0,0.0,0.0,0.0,0.0,0.0,0.0,1.0,0.0,0.0,0.0,0.0,1.0,0.0,0.0,0.0,0.0,0.0,0.0,0.0,0.0,0.0,0.0,0.0,0.0,0.0,0.0,0.0,0.0,0.0,0.0,0.0,0.0,0.0,0.0,0.0,0.0,0.0,0.0,0.0,0.0,0.0,0.0,0.0,0.0,0.0,0.0,0.0,0.0,0.0,0.0,0.0,0.0,0.0,0.0,0.0,0.0,0.0,0.0,0.0,0.0,0.0,0.0,0.0,0.0,0.0,0.0,0.0,0.0,0.0,0.0,0.0,0.0,0.0,1.0,0.0,0.0,0.0,0.0,0.0,0.0,0.0,0.0,0.0,0.0,0.0,0.0,0.0,0.0,0.0,0.0,0.0,0.0,0.0,0.0,0.0,0.0,0.0,0.0,0.0,0.0,0.0,1.0,0.0,0.0,0.0,0.0,0.0,0.0,0.0,0.0,0.0,0.0,0.0,0.0,0.0,0.0,0.0,0.0,0.0,0.0,0.0,0.0,0.0,0.0,0.0,0.0,0.0,0.0,0.0,0.0,0.0,0.0,0.0,0.0,0.0,0.0,0.0,0.0,0.0,0.0,0.0,0.0,0.0,0.0,0.0,0.0,0.0,0.0,0.0,0.0,0.0,0.0,0.0,0.0,0.0,0.0,0.0,1.0,0.0,1.0,0.0,0.0,0.0,0.0,0.0,0.0,0.0,1.0,0.0,0.0,0.0,0.0,0.0,0.0,0.0,0.0,0.0,0.0,0.0,0.0,0.0,0.0,0.0,0.0,0.0,0.0,0.0,0.0,0.0,0.0,0.0,0.0,0.0,0.0,0.0,1.0,0.0,0.0,0.0,0.0,0.0,0.0,0.0,0.0,0.0,0.0,0.0,0.0,0.0,0.0,0.0,0.0,0.0,0.0,0.0,0.0,1.0,0.0,0.0,0.0,0.0,0.0,0.0,0.0,0.0,0.0,0.0,1.0,0.0,0.0,0.0,0.0,0.0,0.0,0.0,0.0,0.0,0.0,0.0,0.0,0.0,0.0,0.0,0.0,0.0,0.0,0.0,0.0,0.0,0.0,0.0,0.0,0.0,0.0,0.0,0.0,0.0,0.0,0.0,0.0,0.0,0.0,1.0,1.0,0.0,0.0,0.0,0.0,0.0,0.0,1.0,0.0,0.0,0.0,0.0,0.0,0.0,1.0,0.0,0.0,0.0,0.0,0.0,0.0,0.0,0.0,0.0,0.0,0.0,0.0,0.0,0.0,0.0,0.0,0.0,0.0,0.0,0.0,0.0,0.0,0.0,0.0,0.0,0.0,0.0,0.0,0.0,0.0,0.0,0.0,0.0,0.0,0.0,0.0,0.0,0.0,0.0,0.0,0.0,0.0,0.0,0.0,0.0,0.0,0.0,0.0,0.0,1.0,0.0,0.0,0.0,0.0,0.0,0.0,0.0,0.0,0.0,0.0,0.0,0.0,0.0,0.0,0.0,0.0,0.0,0.0,0.0,0.0,0.0,0.0,1.0,0.0,0.0,0.0,0.0,0.0,0.0,0.0,0.0,0.0,0.0,0.0,0.0,0.0,0.0,0.0,0.0,0.0,0.0,0.0,0.0,0.0,1.0,0.0,0.0,0.0,0.0,0.0,0.0,0.0,0.0,0.0,0.0,0.0,0.0,0.0,0.0,0.0,0.0,0.0,0.0,0.0,0.0,0.0,0.0,0.0,0.0,0.0,1.0,0.0,0.0,0.0,0.0,0.0,0.0,0.0,0.0,0.0,0.0,0.0,0.0,0.0,0.0,0.0,0.0,0.0,0.0,0.0,0.0,0.0,0.0,0.0,0.0,1.0,0.0,0.0,0.0,0.0,0.0,0.0,0.0,0.0,0.0,0.0,0.0,0.0,0.0,0.0,0.0,0.0,0.0,0.0,0.0,0.0,0.0,0.0,0.0,0.0,0.0,0.0,0.0,0.0,0.0,0.0,0.0,0.0,0.0,0.0,0.0,0.0,0.0,0.0,0.0,0.0,0.0,0.0,0.0,0.0,0.0,0.0,0.0,0.0,0.0,0.0,0.0,0.0,0.0,0.0,0.0,0.0,0.0,0.0,0.0,0.0,0.0,0.0,0.0,0.0,0.0,0.0,0.0,0.0,0.0,0.0,0.0,1.0,0.0,0.0,0.0,0.0,0.0,0.0,0.0,0.0,0.0,0.0,0.0,0.0,0.0,0.0,0.0,0.0,0.0,0.0,0.0,0.0,0.0,0.0,0.0,0.0,0.0,0.0,0.0,0.0,0.0,0.0,0.0,0.0,0.0,0.0,0.0,0.0,0.0,0.0,1.0,0.0,0.0,0.0,0.0,0.0,0.0,0.0,0.0,0.0,0.0,0.0,0.0,0.0,0.0,0.0,0.0,0.0,0.0,0.0,0.0,0.0,0.0,0.0,0.0,0.0,0.0,0.0,0.0,0.0,0.0,0.0,0.0,0.0,0.0,0.0,0.0,0.0,0.0,1.0,0.0,0.0,0.0,0.0,0.0,0.0,0.0,0.0,0.0,0.0,0.0,0.0,0.0,0.0,0.0,0.0,0.0,0.0,0.0,0.0,0.0,0.0,0.0,0.0,0.0,0.0,0.0,0.0,0.0,0.0,0.0,0.0,0.0,0.0,0.0,0.0,0.0,0.0,0.0,0.0,0.0,0.0,0.0,0.0,0.0,0.0,0.0,0.0,0.0,0.0,0.0,0.0,0.0,1.0,0.0,0.0,0.0,0.0,0.0,0.0,0.0,0.0,0.0,0.0,0.0,0.0,0.0,0.0,1.0,0.0,0.0,0.0,0.0,0.0,0.0,0.0,0.0,0.0,0.0,0.0,0.0,0.0,1.0,0.0,1.0,0.0,0.0,0.0,0.0,0.0,0.0,0.0,0.0,0.0,0.0,0.0,0.0,0.0,0.0,0.0,0.0,0.0,0.0,0.0,0.0,0.0,0.0,0.0,0.0,0.0,0.0,0.0,1.0,0.0,0.0,0.0,0.0,0.0,0.0,0.0,0.0,0.0,0.0,0.0,0.0,0.0,0.0,0.0,0.0,0.0,0.0,0.0,0.0,0.0,0.0,0.0,0.0,0.0,0.0,0.0,0.0,0.0,0.0,0.0,0.0,0.0,0.0,0.0,0.0,0.0,0.0,0.0,0.0,0.0,0.0,0.0,0.0,0.0,0.0,0.0,1.0,0.0,0.0,0.0,0.0,0.0,0.0,0.0,0.0,0.0,0.0,0.0,0.0,0.0,1.0,0.0,0.0,0.0,0.0,0.0,0.0,1.0,0.0,0.0,0.0,0.0,0.0,0.0,0.0,0.0,0.0,0.0,0.0,0.0,0.0,0.0,0.0,0.0,0.0,0.0,0.0,0.0,0.0,1.0,0.0,0.0,0.0,1.0,0.0,0.0,0.0,1.0,0.0,0.0,0.0,0.0,0.0,0.0,0.0,0.0,0.0,0.0,0.0,0.0,0.0,0.0,0.0,0.0,0.0,0.0,0.0,0.0,0.0,1.0,0.0,0.0,0.0,0.0,0.0,0.0,0.0,0.0,0.0,0.0,0.0,0.0,0.0,0.0,0.0,0.0,0.0,0.0,0.0,0.0,0.0,0.0,0.0,0.0,0.0,0.0,0.0,0.0,0.0,0.0,0.0,0.0,0.0,0.0,0.0,0.0,0.0,0.0,0.0,0.0,0.0,0.0,0.0,0.0,0.0,0.0,0.0,0.0,0.0,0.0,0.0,0.0,0.0,0.0,0.0,0.0,0.0,0.0,0.0,0.0,0.0,0.0,0.0,0.0,0.0,0.0,0.0,0.0,0.0,0.0,0.0,0.0,0.0,0.0,0.0,0.0,1.0,0.0,1.0,0.0,0.0,0.0,0.0,0.0,0.0,0.0,0.0,0.0,0.0,0.0,0.0,1.0,0.0,0.0,0.0,0.0,0.0,0.0,0.0,0.0,0.0,0.0,0.0,0.0,0.0,0.0,0.0,0.0,0.0,0.0,0.0,0.0,0.0,0.0,0.0,0.0,0.0,0.0,0.0,0.0,0.0,0.0,0.0,0.0,0.0,0.0,0.0,0.0,0.0,0.0,0.0,0.0,0.0,0.0,0.0,0.0,0.0,0.0,0.0,0.0,0.0,0.0,0.0,0.0,1.0,0.0,0.0,0.0,0.0,0.0,0.0,0.0,0.0,0.0,0.0,0.0,0.0,0.0,0.0,0.0,0.0,0.0,0.0,0.0,0.0,0.0,0.0,0.0,0.0,0.0,0.0,0.0,0.0,0.0,0.0,0.0,0.0,0.0,0.0,0.0,0.0,0.0,0.0,0.0,0.0,0.0,0.0,0.0,1.0,1.0,0.0,0.0,0.0,0.0,0.0,1.0,0.0,0.0,0.0,0.0,0.0,0.0,0.0,0.0,0.0,0.0,0.0,0.0,0.0,1.0,0.0,0.0,0.0,0.0,0.0,0.0,0.0,1.0,0.0,0.0,0.0,0.0,0.0,0.0,0.0,0.0,0.0,0.0,0.0,0.0,0.0,0.0,0.0,0.0,0.0,0.0,0.0,0.0,0.0,0.0,0.0,0.0,0.0,0.0,0.0,0.0,0.0,0.0,0.0,1.0,0.0,0.0,0.0,0.0,0.0,0.0,0.0,0.0,0.0,0.0,0.0,0.0,0.0,0.0,0.0,0.0,0.0,0.0,0.0,0.0,0.0,0.0,0.0,0.0,0.0,0.0,0.0,0.0,0.0,0.0,0.0,0.0,0.0,0.0,0.0,0.0,0.0,0.0,0.0,0.0,0.0,0.0,0.0,0.0,0.0,0.0,0.0,0.0,0.0,0.0,0.0,0.0,0.0,0.0,0.0,0.0,0.0,0.0,0.0,0.0,0.0,0.0,0.0,0.0,0.0,0.0,0.0,0.0,0.0,0.0,0.0,0.0,0.0,0.0,0.0,0.0,0.0,0.0,0.0,0.0,0.0,0.0,0.0,0.0,0.0,0.0,0.0,0.0,0.0,0.0,0.0,0.0,0.0,0.0,0.0,0.0,0.0,0.0,0.0,0.0,0.0,0.0,0.0,0.0,0.0,0.0,0.0,0.0,0.0,0.0,0.0,0.0,0.0,0.0,0.0,0.0,0.0,0.0,0.0,0.0,0.0,0.0,0.0,0.0,0.0,0.0,0.0,0.0,0.0,0.0,0.0,0.0,0.0,0.0,0.0,0.0,0.0,0.0,0.0,0.0,0.0,0.0,0.0,0.0,0.0,0.0,0.0,0.0,0.0,0.0,0.0,0.0,0.0,0.0,0.0,0.0,0.0,0.0,0.0,0.0,0.0,1.0,0.0,0.0,0.0,0.0,0.0,0.0,0.0,0.0,0.0,0.0,0.0,0.0,0.0,0.0,0.0,0.0,0.0,1.0,0.0,0.0,0.0,0.0,0.0,0.0,0.0,0.0,0.0,0.0,0.0,0.0,0.0,0.0,0.0,0.0,0.0,0.0,0.0,0.0,0.0,0.0,0.0,0.0,0.0,0.0,0.0,0.0,0.0,0.0,0.0,0.0,0.0,0.0,0.0,0.0,0.0,0.0,0.0,0.0,0.0,0.0,0.0,0.0,0.0,0.0,0.0,0.0,0.0,0.0,0.0,0.0,0.0,0.0,0.0,0.0,0.0,0.0,0.0,0.0,0.0,0.0,0.0,0.0,0.0,1.0,0.0,0.0,0.0,0.0,0.0,0.0,0.0,0.0,0.0,0.0,0.0,0.0,0.0,0.0,1.0,0.0,0.0,0.0,0.0,0.0,0.0,0.0,0.0,1.0,0.0,0.0,0.0,0.0,0.0,0.0,0.0,0.0,0.0,0.0,0.0,0.0,0.0,0.0,0.0,0.0,0.0,0.0,0.0,0.0,0.0,0.0,0.0,0.0,0.0,0.0,0.0,0.0,0.0,0.0,0.0,0.0,0.0,0.0,0.0,0.0,0.0,0.0,0.0,0.0,0.0,1.0,0.0,1.0,0.0,0.0,0.0,0.0,0.0,0.0,0.0,0.0,0.0,0.0,0.0,0.0,1.0,0.0,0.0,0.0,0.0,0.0,0.0,0.0,0.0,0.0,0.0,0.0,1.0,1.0,0.0,0.0,0.0,0.0,0.0,0.0,0.0,0.0,1.0,0.0,0.0,0.0,0.0,0.0,0.0,0.0,0.0,0.0,0.0,0.0,0.0,0.0,0.0,0.0,0.0,0.0,1.0,0.0,0.0,0.0,0.0,0.0,0.0,0.0,0.0,1.0,0.0,0.0,0.0,0.0,0.0,0.0,0.0,0.0,0.0,0.0,0.0,0.0,0.0,0.0,0.0,0.0,0.0,0.0,0.0,0.0,0.0,0.0,0.0,0.0,0.0,0.0,0.0,0.0,0.0,0.0,0.0,0.0,0.0,1.0,0.0,0.0,0.0,0.0,0.0,0.0,0.0,0.0,1.0,0.0,0.0,0.0,1.0,0.0,0.0,0.0,0.0,0.0,0.0,0.0,0.0,0.0,0.0,0.0,0.0,0.0,0.0,0.0,0.0,0.0,0.0,0.0,0.0,0.0,0.0,0.0,0.0,0.0,0.0,0.0,0.0,0.0,0.0,0.0,0.0,0.0,0.0,0.0,0.0,0.0,0.0,0.0,0.0,0.0,0.0,0.0,0.0,0.0,0.0,0.0,0.0,0.0,0.0,0.0,0.0,0.0,0.0,0.0,0.0,0.0,0.0,0.0,0.0,0.0,0.0,0.0,0.0,0.0,0.0,0.0,0.0,0.0,1.0,0.0,0.0,0.0,0.0,0.0,0.0,0.0,0.0,0.0,0.0,0.0,0.0,0.0,0.0,0.0,0.0,0.0,0.0,0.0,0.0,0.0,0.0,0.0,0.0,0.0,0.0,0.0,0.0,0.0,0.0,0.0,0.0,0.0,0.0,0.0,0.0,0.0,0.0,0.0,0.0,0.0,0.0,0.0,0.0,0.0,0.0,0.0,0.0,0.0,0.0,0.0,0.0,0.0,0.0,0.0,0.0,0.0,0.0,0.0,0.0,0.0,0.0,0.0,0.0,0.0,0.0,0.0,0.0,0.0,0.0,0.0,1.0,0.0,0.0,0.0,0.0,0.0,0.0,0.0,0.0,0.0,0.0,0.0,0.0,0.0,0.0,0.0,0.0,0.0,0.0,0.0,0.0,0.0,0.0,0.0,0.0,0.0,0.0,0.0,0.0,0.0,0.0,0.0,0.0,0.0,0.0,0.0,0.0,0.0,0.0,0.0,1.0,0.0,0.0,0.0,0.0,0.0,0.0,0.0,0.0,0.0,1.0,0.0,0.0,0.0,0.0,0.0,0.0,0.0,0.0,0.0,0.0,0.0,0.0,0.0,0.0,0.0,0.0,1.0,0.0,0.0,0.0,0.0,0.0,1.0,0.0,1.0,0.0,0.0,0.0,0.0,0.0,0.0,0.0,0.0,0.0,0.0,0.0,0.0,0.0,0.0,0.0,0.0,0.0,0.0,0.0,0.0,0.0,0.0,0.0,0.0,0.0,0.0,0.0,0.0,0.0,0.0,0.0,0.0,0.0,0.0,0.0,0.0,0.0,0.0,0.0,0.0,0.0,1.0,0.0,0.0,0.0,1.0,0.0,0.0,0.0,0.0,0.0,0.0,0.0,0.0,0.0,0.0,0.0,0.0,0.0,0.0,0.0,1.0,0.0,0.0,0.0,0.0,0.0,0.0,1.0,0.0,0.0,0.0,0.0,0.0,0.0,0.0,0.0,0.0,0.0,0.0,0.0,0.0,0.0,0.0,0.0,0.0,0.0,0.0,0.0,0.0,1.0,0.0,0.0,0.0,0.0,0.0,0.0,0.0,0.0,0.0,0.0,0.0,0.0,0.0,0.0,0.0,0.0,0.0,0.0,0.0,0.0,0.0,0.0,0.0,0.0,0.0,0.0,0.0,0.0,0.0,0.0,0.0,0.0,0.0,0.0,0.0,0.0,0.0,0.0,0.0,0.0,0.0,0.0,0.0,1.0,0.0,0.0,0.0,0.0,0.0,0.0,0.0,0.0,0.0,0.0,0.0,1.0,0.0,0.0,0.0,0.0,0.0,0.0,0.0,0.0,0.0,0.0,0.0,0.0,1.0,0.0,0.0,0.0,0.0,0.0,0.0,0.0,0.0,0.0,0.0,0.0,0.0,0.0,0.0,0.0,0.0,0.0,0.0,0.0,0.0,0.0,0.0,0.0,0.0,0.0,1.0,1.0,0.0,0.0,0.0,0.0,0.0,0.0,0.0,0.0,0.0,0.0,0.0,0.0,0.0,0.0,0.0,0.0,0.0,0.0,0.0,0.0,0.0,0.0,0.0,0.0,0.0,0.0,0.0,0.0,0.0,0.0,0.0,0.0,0.0,0.0,0.0,0.0,0.0,0.0,0.0,0.0,0.0,0.0,0.0,0.0,1.0,0.0,0.0,0.0,0.0,0.0,0.0,0.0,0.0,0.0,0.0,0.0,0.0,0.0,0.0,0.0,0.0,0.0,0.0,0.0,0.0,1.0,0.0,0.0,0.0,0.0,0.0,0.0,0.0,0.0,0.0,0.0,0.0,0.0,0.0,0.0,0.0,0.0,0.0,0.0,0.0,0.0,0.0,0.0,0.0,0.0,0.0,0.0,0.0,0.0,0.0,0.0,0.0,0.0,0.0,0.0,1.0,0.0,0.0,0.0,0.0,0.0,0.0,0.0,0.0,0.0,0.0,0.0,0.0,0.0,0.0,0.0,0.0,0.0,0.0,0.0,0.0,0.0,0.0,0.0,0.0,0.0,0.0,0.0,0.0,0.0,0.0,0.0,0.0,0.0,0.0,0.0,0.0,0.0,0.0,0.0,0.0,0.0,0.0,0.0,0.0,1.0,0.0,0.0,0.0,0.0,0.0,0.0,0.0,0.0,0.0,0.0,0.0,0.0,0.0,0.0,0.0,0.0,0.0,0.0,0.0,0.0,0.0,0.0,0.0,1.0,0.0,0.0,0.0,0.0,0.0,1.0,0.0,0.0,0.0,0.0,0.0,0.0,0.0,0.0,0.0,0.0,0.0,0.0,0.0,0.0,0.0,0.0,0.0,0.0,0.0,0.0,0.0,0.0,0.0,0.0,0.0,0.0,0.0,0.0,0.0,0.0,0.0,0.0,0.0,0.0,0.0,1.0,0.0,0.0,0.0,0.0,0.0,0.0,0.0,0.0,0.0,0.0,0.0,0.0,0.0,0.0,0.0,0.0,0.0,0.0,0.0,0.0,0.0,0.0,0.0,0.0,0.0,0.0,0.0,0.0,0.0,0.0,0.0,1.0,0.0,0.0,0.0,0.0,1.0,0.0,0.0,0.0,0.0,0.0,0.0,0.0,0.0,0.0,0.0,0.0,0.0,0.0,0.0,0.0,0.0,0.0,0.0,0.0,0.0,0.0,0.0,0.0,0.0,0.0,0.0,0.0,0.0,0.0,0.0,0.0,0.0,0.0,0.0,0.0,0.0,0.0,0.0,0.0,0.0,0.0,0.0,0.0,0.0,0.0,0.0,0.0,0.0,0.0,0.0,0.0,0.0,0.0,0.0,0.0,0.0,0.0,0.0,0.0,0.0,0.0,1.0,0.0,0.0,0.0,0.0,0.0,0.0,0.0,0.0,0.0,0.0,0.0,0.0,0.0,0.0,0.0,0.0,0.0,0.0,0.0,0.0,0.0,0.0,0.0,0.0,0.0,0.0,0.0,0.0,0.0,0.0,0.0,0.0,0.0,0.0,0.0,0.0,0.0,0.0,0.0,0.0,0.0,0.0,0.0,0.0,0.0,0.0,0.0,0.0,0.0,0.0,0.0,0.0,0.0,0.0,0.0,0.0,0.0,0.0,0.0,0.0,0.0,0.0,0.0,0.0,0.0,0.0,0.0,0.0,0.0,0.0,0.0,0.0,0.0,0.0,0.0,0.0,0.0,0.0,0.0,0.0,0.0,0.0,0.0,0.0,0.0,0.0,0.0,0.0,0.0,0.0,0.0,0.0,0.0,0.0,0.0,0.0,0.0,0.0,0.0,0.0,0.0,0.0,0.0,0.0,0.0,0.0,0.0,0.0,0.0,0.0,0.0,0.0,0.0,0.0,0.0,0.0,0.0,0.0,0.0,0.0,0.0,0.0,0.0,0.0,0.0,0.0,0.0,0.0,0.0,0.0,0.0,0.0,0.0,0.0,0.0,0.0,0.0,0.0,0.0,0.0,0.0,0.0,0.0,1.0,0.0,0.0,0.0,1.0,0.0,0.0,0.0,0.0,0.0,0.0,0.0,0.0,0.0,0.0,0.0,0.0,0.0,0.0,0.0,0.0,0.0,0.0,0.0,0.0,0.0,0.0,0.0,0.0,0.0,1.0,0.0,0.0,0.0,0.0,0.0,0.0,0.0,0.0,0.0,0.0,0.0,0.0,0.0,0.0,0.0,0.0,0.0,0.0,0.0,0.0,0.0,0.0,0.0,0.0,0.0,0.0,0.0,0.0,0.0,0.0,0.0,0.0,0.0,0.0,0.0,0.0,0.0,0.0,0.0,0.0,0.0,0.0,0.0,0.0,0.0,0.0,0.0,0.0,0.0,0.0,0.0,0.0,0.0,0.0,0.0,0.0,0.0,0.0,0.0,0.0,0.0,0.0,0.0,1.0,1.0,0.0,0.0,0.0,0.0,0.0,0.0,0.0,0.0,0.0,0.0,0.0,0.0,0.0,0.0,0.0,0.0,0.0,0.0,0.0,0.0,0.0,0.0,0.0,0.0,0.0,0.0,0.0,0.0,0.0,0.0,0.0,0.0,0.0,0.0,0.0,0.0,0.0,0.0,0.0,0.0,0.0,0.0,0.0,0.0,0.0,1.0,0.0,0.0,0.0,0.0,0.0,0.0,0.0,0.0,0.0,0.0,0.0,0.0,0.0,0.0,0.0,0.0,0.0,0.0,0.0,0.0,0.0,0.0,0.0,0.0,0.0,0.0,0.0,0.0,0.0,0.0,0.0,0.0,0.0,1.0,1.0,0.0,0.0,0.0,0.0,0.0,0.0,0.0,0.0,0.0,0.0,0.0,0.0,0.0,0.0,0.0,0.0,0.0,0.0,0.0,0.0,0.0,0.0,0.0,0.0,0.0,0.0,0.0,0.0,0.0,0.0,0.0,0.0,0.0,0.0,0.0,0.0,0.0,0.0,0.0,0.0,0.0,0.0,0.0,0.0,0.0,0.0,0.0,0.0,0.0,0.0,0.0,0.0,0.0,0.0,0.0,0.0,0.0,0.0,0.0,0.0,0.0,0.0,0.0,0.0,0.0,0.0,0.0,0.0,0.0,0.0,0.0,0.0,0.0,0.0,0.0,0.0,0.0,0.0,0.0,0.0,0.0,0.0,1.0,0.0,0.0,0.0,0.0,0.0,0.0,0.0,0.0,0.0,0.0,0.0,0.0,0.0,0.0,0.0,0.0,0.0,0.0,0.0,0.0,0.0,0.0,0.0,0.0,0.0,0.0,0.0,0.0,0.0,0.0,0.0,0.0,0.0,0.0,0.0,0.0,0.0,0.0,0.0,0.0,0.0,0.0,0.0,0.0,0.0,0.0,0.0,0.0,0.0,0.0,0.0,0.0,0.0,0.0,0.0,0.0,0.0,0.0,0.0,0.0,0.0,0.0,0.0,0.0,0.0,0.0,0.0,0.0,0.0,0.0,0.0,0.0,0.0,0.0,0.0,0.0,0.0,0.0,0.0,0.0,0.0,0.0,0.0,0.0,0.0,0.0,0.0,0.0,0.0,0.0,0.0,0.0,0.0,0.0,0.0,0.0,0.0,0.0,0.0,0.0,0.0,0.0,0.0,0.0,0.0,0.0,0.0,0.0,0.0,1.0,0.0,0.0,0.0,0.0,0.0,0.0,0.0,0.0,0.0,0.0,0.0,0.0,0.0,0.0,0.0,0.0,0.0,0.0,0.0,0.0,0.0,0.0,0.0,0.0,0.0,0.0,0.0,0.0,0.0,0.0,0.0,0.0,0.0,0.0,0.0,0.0,0.0,0.0,0.0,0.0,0.0,0.0,0.0,0.0,0.0,0.0,0.0,0.0,0.0,0.0,0.0,0.0,0.0,0.0,0.0,0.0,0.0,0.0,0.0,0.0,0.0,1.0,0.0,0.0,0.0,0.0,0.0,0.0,0.0,0.0,0.0,0.0,0.0,0.0,0.0,0.0,0.0,0.0,0.0,0.0,0.0,0.0,0.0,0.0,0.0,1.0,0.0,0.0,0.0,0.0,0.0,0.0,0.0,0.0,0.0,0.0,0.0,0.0,0.0,0.0,0.0,0.0,0.0,0.0,0.0,0.0,0.0,0.0,0.0,0.0,0.0,0.0,0.0,0.0,0.0,0.0,0.0,1.0,0.0,0.0,0.0,0.0,0.0,0.0,0.0,0.0,0.0,0.0,0.0,0.0,0.0,0.0,0.0,0.0,0.0,0.0,1.0,0.0,0.0,0.0,0.0,1.0,0.0,0.0,0.0,0.0,0.0,0.0,0.0,0.0,0.0,0.0,0.0,0.0,0.0,0.0,0.0,0.0,0.0,0.0,0.0,0.0,0.0,0.0,0.0,0.0,0.0,0.0,0.0,0.0,0.0,0.0,0.0,0.0,0.0,0.0,0.0,0.0,1.0,0.0,0.0,0.0,0.0,0.0,0.0,0.0,0.0,0.0,0.0,0.0,0.0,0.0,0.0,0.0,1.0,0.0,0.0,0.0,0.0,0.0,0.0,0.0,1.0,0.0,0.0,0.0,0.0,0.0,0.0,0.0,0.0,0.0,0.0,0.0,0.0,0.0,0.0,0.0,0.0,0.0,0.0,0.0,0.0,0.0,0.0,0.0,0.0,0.0,0.0,0.0,0.0,0.0,0.0,0.0,0.0,1.0,0.0,0.0,0.0,0.0,0.0,0.0,0.0,0.0,0.0,0.0,0.0,0.0,0.0,0.0,0.0,0.0,1.0,0.0,0.0,0.0,0.0,0.0,0.0,0.0,0.0,0.0,1.0,0.0,0.0,0.0,0.0,0.0,0.0,1.0,0.0,0.0,0.0,0.0,0.0,0.0,0.0,0.0,0.0,0.0,0.0,0.0,0.0,0.0,0.0,0.0,0.0,0.0,0.0,0.0,0.0,0.0,0.0,0.0,0.0,0.0,0.0,0.0,0.0,0.0,0.0,0.0,0.0,0.0,0.0,0.0,0.0,0.0,0.0,0.0,0.0,0.0,0.0,0.0,0.0,0.0,0.0,0.0,1.0,0.0,0.0,0.0,0.0,0.0,0.0,0.0,0.0,0.0,0.0,0.0,0.0,0.0,0.0,0.0,0.0,0.0,0.0,0.0,0.0,0.0,0.0,0.0,0.0,0.0,0.0,0.0,0.0,0.0,1.0,0.0,0.0,0.0,0.0,0.0,0.0,0.0,0.0,0.0,0.0,0.0,0.0,0.0,0.0,0.0,0.0,0.0,0.0,0.0,0.0,0.0,0.0,0.0,0.0,0.0,0.0,0.0,0.0,0.0,0.0,0.0,0.0,0.0,0.0,0.0,0.0,0.0,0.0,0.0,1.0,0.0,0.0,0.0,0.0,0.0,0.0,0.0,0.0,0.0,0.0,0.0,0.0,0.0,0.0,0.0,0.0,0.0,0.0,0.0,0.0,0.0,0.0,0.0,0.0,0.0,0.0,0.0,0.0,0.0,0.0,0.0,0.0,0.0,0.0,0.0,1.0,0.0,0.0,0.0,0.0,0.0,0.0,0.0,0.0,0.0,0.0,0.0,0.0,0.0,0.0,0.0,0.0,0.0,0.0,0.0,0.0,0.0,0.0,0.0,0.0,0.0,0.0,0.0,0.0,0.0,0.0,0.0,0.0,0.0,0.0,0.0,0.0,0.0,0.0,0.0,1.0,0.0,0.0,0.0,0.0,0.0,0.0,0.0,0.0,0.0,0.0,0.0,0.0,0.0,0.0,0.0,0.0,0.0,0.0,0.0,0.0,0.0,0.0,0.0,0.0,0.0,0.0,0.0,0.0,0.0,0.0,0.0,0.0,0.0,0.0,0.0,0.0,0.0,0.0,0.0,0.0,0.0,0.0,0.0,0.0,0.0,0.0,0.0,0.0,0.0,0.0,0.0,0.0,0.0,0.0,0.0,0.0,0.0,0.0,0.0,0.0,0.0,0.0,0.0,0.0,0.0,0.0,0.0,0.0,0.0,0.0,0.0,0.0,0.0,0.0,0.0,0.0,0.0,1.0,0.0,0.0,0.0,0.0,0.0,0.0,0.0,0.0,0.0,0.0,0.0,0.0,0.0,0.0,0.0,0.0,0.0,0.0,0.0,0.0,0.0,0.0,0.0,0.0,0.0,0.0,0.0,0.0,0.0,0.0,0.0,0.0,0.0,0.0,0.0,0.0,0.0,0.0,0.0,0.0,0.0,0.0,0.0,0.0,0.0,0.0,1.0,0.0,0.0,1.0,0.0,0.0,0.0,0.0,0.0,0.0,0.0,0.0,0.0,0.0,0.0,0.0,0.0,0.0,0.0,0.0,0.0,0.0,0.0,0.0,0.0,0.0,0.0,0.0,0.0,0.0,0.0,0.0,0.0,0.0,0.0,0.0,0.0,0.0,0.0,0.0,0.0,0.0,0.0,0.0,0.0,0.0,0.0,0.0,0.0,0.0,0.0,0.0,0.0,0.0,0.0,1.0,0.0,0.0,0.0,0.0,0.0,0.0,0.0,1.0,0.0,0.0,0.0,0.0,0.0,0.0,0.0,0.0,0.0,0.0,0.0,0.0,0.0,0.0,0.0,0.0,0.0,0.0,0.0,0.0,0.0,0.0,0.0,0.0,1.0,0.0,0.0,1.0,0.0,0.0,0.0,0.0,0.0,0.0,0.0,0.0,0.0,0.0,0.0,0.0,0.0,0.0,0.0,0.0,0.0,0.0,0.0,0.0,0.0,0.0,0.0,0.0,0.0,0.0,0.0,0.0,0.0,0.0,0.0,0.0,0.0,0.0,0.0,0.0,0.0,0.0,0.0,1.0,0.0,0.0,0.0,0.0,0.0,0.0,0.0,0.0,0.0,0.0,0.0,0.0,0.0,0.0,0.0,0.0,0.0,0.0,0.0,0.0,0.0,0.0,0.0,0.0,0.0,0.0,0.0,0.0,0.0,0.0,0.0,0.0,0.0,0.0,0.0,0.0,0.0,0.0,0.0,0.0,0.0,0.0,0.0,0.0,0.0,0.0,0.0,0.0,0.0,0.0,0.0,0.0,0.0,0.0,0.0,0.0,0.0,0.0,0.0,0.0,0.0,0.0,0.0,0.0,0.0,0.0,0.0,0.0,1.0,0.0,0.0,0.0,0.0,0.0,0.0,0.0,0.0,0.0,0.0,0.0,0.0,0.0,0.0,0.0,0.0,0.0,0.0,0.0,0.0,0.0,0.0,0.0,0.0,0.0,0.0,0.0,0.0,0.0,0.0,0.0,0.0,0.0,0.0,0.0,0.0,0.0,0.0,0.0,0.0,0.0,0.0,0.0,0.0,0.0,0.0,0.0,0.0,0.0,0.0,0.0,0.0,0.0,0.0,0.0,0.0,0.0,0.0,0.0,0.0,0.0,0.0,0.0,0.0,0.0,0.0,0.0,0.0,0.0,0.0,0.0,0.0,0.0,1.0,0.0,0.0,0.0,0.0,0.0,0.0,0.0,0.0,0.0,0.0,0.0,1.0,0.0,0.0,0.0,0.0,1.0,0.0,0.0,1.0,0.0,0.0,0.0,0.0,0.0,0.0,0.0,0.0,1.0,0.0,0.0,0.0,0.0,0.0,0.0,0.0,0.0,0.0,0.0,0.0,0.0,0.0,0.0,0.0,1.0,0.0,0.0,0.0,0.0,0.0,0.0,0.0,0.0,0.0,0.0,0.0,0.0,0.0,0.0,0.0,0.0,0.0,0.0,0.0,0.0,0.0,0.0,0.0,0.0,0.0,0.0,0.0,0.0,0.0,0.0,0.0,0.0,0.0,0.0,0.0,0.0,0.0,0.0,0.0,0.0,0.0,0.0,0.0,0.0,0.0,0.0,0.0,0.0,0.0,0.0,0.0,0.0,0.0,0.0,0.0,0.0,0.0,0.0,0.0,0.0,0.0,0.0,0.0,0.0,0.0,0.0,0.0,0.0,0.0,0.0,0.0,0.0,0.0,1.0,0.0,0.0,1.0,0.0,0.0,0.0,0.0,1.0,0.0,0.0,0.0,0.0,1.0,0.0,0.0,0.0,0.0,0.0,0.0,0.0,0.0,0.0,0.0,0.0,0.0,0.0,0.0,0.0,0.0,0.0,0.0,0.0,1.0,1.0,0.0,0.0,0.0,0.0,1.0,0.0,0.0,0.0,0.0,1.0,0.0,0.0,0.0,0.0,0.0,0.0,0.0,0.0,0.0,0.0,0.0,0.0,0.0,0.0,0.0,0.0,0.0,0.0,0.0,1.0,1.0,0.0,0.0,0.0,0.0,0.0,0.0,0.0,0.0,0.0,0.0,0.0,0.0,0.0,0.0,0.0,0.0,0.0,0.0,0.0,0.0,0.0,0.0,0.0,0.0,0.0,0.0,0.0,0.0,0.0,0.0,0.0,0.0,0.0,0.0,0.0,0.0,0.0,1.0,0.0,0.0,0.0,0.0,0.0,0.0,0.0,0.0,0.0,0.0,0.0,0.0,0.0,1.0,0.0,0.0,0.0,0.0,0.0,0.0,0.0,0.0,0.0,0.0,0.0,0.0,0.0,0.0,0.0,0.0,0.0,0.0,0.0,0.0,0.0,0.0,0.0,0.0,0.0,0.0,0.0,0.0,0.0,0.0,0.0,0.0,0.0,0.0,0.0,0.0,0.0,0.0,0.0,0.0,0.0,0.0,0.0,1.0,0.0,0.0,0.0,0.0,0.0,0.0,0.0,0.0,0.0,0.0,0.0,0.0,0.0,0.0,0.0,0.0,0.0,0.0,0.0,0.0,0.0,0.0,0.0,0.0,0.0,0.0,0.0,0.0,0.0,0.0,0.0,0.0,0.0,0.0,0.0,0.0,0.0,0.0,0.0,1.0,0.0,0.0,0.0,0.0,0.0,0.0,0.0,0.0,0.0,0.0,0.0,0.0,0.0,0.0,0.0,0.0,0.0,0.0,0.0,0.0,0.0,0.0,0.0,0.0,0.0,0.0,0.0,0.0,0.0,0.0,0.0,1.0,0.0,0.0,0.0,0.0,0.0,0.0,0.0,0.0,0.0,0.0,0.0,0.0,0.0,0.0,0.0,0.0,0.0,0.0,0.0,0.0,0.0,0.0,0.0,0.0,0.0,0.0,0.0,0.0,0.0,0.0,0.0,0.0,0.0,0.0,0.0,0.0,0.0,0.0,0.0,0.0,0.0,0.0,0.0,0.0,0.0,0.0,0.0,0.0,0.0,0.0,0.0,0.0,0.0,0.0,0.0,0.0,0.0,0.0,1.0,0.0,1.0,0.0,0.0,0.0,0.0,0.0,0.0,0.0,0.0,0.0,0.0,0.0,0.0,0.0,1.0,0.0,0.0,0.0,0.0,0.0,0.0,0.0,0.0,0.0,0.0,1.0,0.0,0.0,0.0,0.0,0.0,0.0,0.0,0.0,0.0,0.0,0.0,0.0,0.0,0.0,0.0,0.0,0.0,0.0,0.0,0.0,0.0,0.0,0.0,0.0,0.0,0.0,0.0,0.0,0.0,0.0,0.0,0.0,0.0,0.0,0.0,0.0,0.0,0.0,0.0,0.0,0.0,0.0,0.0,0.0,0.0,0.0,0.0,0.0,0.0,0.0,0.0,0.0,0.0,0.0,1.0,0.0,0.0,0.0,0.0,0.0,0.0,0.0,1.0,0.0,0.0,0.0,0.0,0.0,0.0,0.0,0.0,0.0,1.0,0.0,0.0,0.0,1.0,0.0,0.0,0.0,0.0,1.0,0.0,0.0,0.0,0.0,0.0,0.0,0.0,0.0,0.0,0.0,0.0,0.0,0.0,0.0,0.0,0.0,0.0,0.0,0.0,0.0,0.0,0.0,0.0,0.0,0.0,0.0,0.0,0.0,0.0,0.0,0.0,0.0,0.0,0.0,0.0,0.0,0.0,0.0,0.0,0.0,0.0,0.0,0.0,0.0,0.0,0.0,0.0,0.0,0.0,0.0,0.0,0.0,0.0,0.0,0.0,0.0,0.0,0.0,0.0,0.0,0.0,0.0,0.0,0.0,0.0,0.0,0.0,0.0,0.0,0.0,0.0,0.0,0.0,0.0,0.0,0.0,0.0,0.0,0.0,0.0,0.0,0.0,0.0,0.0,0.0,0.0,0.0,0.0,0.0,0.0,0.0,0.0,0.0,0.0,0.0,0.0,0.0,0.0,0.0,0.0,0.0,0.0,0.0,0.0,0.0,0.0,0.0,0.0,0.0,0.0,0.0,0.0,0.0,0.0,0.0,0.0,0.0,0.0,0.0,0.0,0.0,0.0,0.0,0.0,0.0,0.0,0.0,0.0,1.0,0.0,0.0,0.0,0.0,0.0,0.0,0.0,0.0,0.0,0.0,0.0,1.0,0.0,0.0,0.0,0.0,0.0,0.0,0.0,0.0,1.0,0.0,0.0,0.0,0.0,0.0,0.0,0.0,0.0,0.0,0.0,1.0,0.0,0.0,0.0,0.0,0.0,0.0,0.0,0.0,0.0,0.0,0.0,0.0,0.0,0.0,0.0,0.0,0.0,0.0,0.0,0.0,0.0,0.0,0.0,0.0,0.0,0.0,0.0,1.0,0.0,0.0,0.0,0.0,0.0,0.0,0.0,0.0,0.0,0.0,0.0,0.0,0.0,0.0,0.0,0.0,0.0,0.0,0.0,0.0,0.0,0.0,0.0,1.0,0.0,0.0,0.0,0.0,1.0,0.0,0.0,0.0,0.0,0.0,0.0,0.0,0.0,0.0,0.0,0.0,0.0,0.0,0.0,0.0,0.0,0.0,0.0,0.0,0.0,0.0,0.0,0.0,0.0,0.0,0.0,0.0,1.0,0.0,0.0,0.0,0.0,0.0,0.0,0.0,0.0,0.0,0.0,1.0,0.0,1.0,0.0,0.0,0.0,0.0,0.0,0.0,0.0,0.0,0.0,0.0,0.0,0.0,0.0,0.0,0.0,0.0,0.0,0.0,0.0,0.0,0.0,0.0,0.0,0.0,0.0,0.0,0.0,0.0,0.0,0.0,0.0,0.0,0.0,1.0,0.0,0.0,0.0,0.0,0.0,0.0,0.0,0.0,0.0,0.0,0.0,0.0,0.0,1.0,0.0,0.0,0.0,0.0,0.0,0.0,0.0,0.0,0.0,1.0,0.0,0.0,0.0,0.0,0.0,0.0,0.0,0.0,0.0,0.0,1.0,0.0,0.0,0.0,0.0,0.0,0.0,1.0,1.0,0.0,0.0,0.0,0.0,0.0,0.0,0.0,0.0,0.0,0.0,0.0,0.0,0.0,0.0,0.0,0.0,0.0,0.0,0.0,0.0,0.0,0.0,0.0,0.0,0.0,0.0,0.0,0.0,0.0,0.0,0.0,0.0,0.0,0.0,0.0,0.0,0.0,0.0,0.0,0.0,0.0,0.0,0.0,0.0,0.0,0.0,0.0,0.0,0.0,1.0,1.0,0.0,0.0,0.0,0.0,0.0,0.0,0.0,1.0,0.0,0.0,0.0,0.0,0.0,0.0,0.0,0.0,0.0,0.0,0.0,0.0,0.0,0.0,0.0,0.0,0.0,0.0,0.0,0.0,0.0,0.0,0.0,0.0,0.0,1.0,0.0,0.0,0.0,0.0,0.0,0.0,0.0,0.0,0.0,0.0,0.0,0.0,0.0,0.0,0.0,0.0,0.0,0.0,0.0,0.0,0.0,0.0,0.0,0.0,0.0,0.0,0.0,0.0,0.0,0.0,0.0,0.0,0.0,0.0,0.0,0.0,0.0,0.0,0.0,0.0,0.0,0.0,0.0,0.0,0.0,0.0,0.0,0.0,0.0,0.0,0.0,0.0,1.0,0.0,0.0,0.0,0.0,0.0,0.0,0.0,0.0,0.0,0.0,0.0,0.0,0.0,0.0,0.0,0.0,0.0,0.0,0.0,0.0,0.0,0.0,0.0,0.0,1.0,0.0,0.0,0.0,0.0,1.0,0.0,0.0,0.0,0.0,0.0,0.0,0.0,0.0,0.0,0.0,0.0,0.0,0.0,0.0,0.0,0.0,0.0,0.0,0.0,0.0,0.0,0.0,0.0,0.0,0.0,0.0,0.0,1.0,0.0,0.0,0.0,0.0,0.0,0.0,0.0,0.0,0.0,0.0,0.0,0.0,0.0,0.0,0.0,0.0,0.0,0.0,0.0,0.0,0.0,0.0,0.0,0.0,0.0,0.0,0.0,0.0,0.0,0.0,0.0,0.0,0.0,0.0,0.0,0.0,0.0,0.0,0.0,0.0,0.0,0.0,0.0,0.0,0.0,0.0,0.0,0.0,0.0,0.0,0.0,0.0,0.0,0.0,0.0,0.0,0.0,0.0,0.0,0.0,0.0,0.0,0.0,0.0,0.0,0.0,0.0,0.0,0.0,0.0,0.0,0.0,0.0,0.0,0.0,0.0,0.0,0.0,1.0,0.0,0.0,0.0,0.0,0.0,0.0,0.0,0.0,0.0,0.0,1.0,0.0,0.0,0.0,1.0,0.0,1.0,0.0,0.0,0.0,0.0,0.0,0.0,0.0,0.0,0.0,0.0,0.0,0.0,0.0,0.0,0.0,1.0,0.0,1.0,0.0,1.0,1.0,0.0,0.0,0.0,0.0,0.0,0.0,0.0,0.0,0.0,0.0,0.0,0.0,0.0,0.0,0.0,0.0,0.0,0.0,0.0,0.0,0.0,0.0,0.0,0.0,0.0,0.0,0.0,0.0,1.0,0.0,0.0,0.0,0.0,0.0,0.0,0.0,0.0,0.0,1.0,0.0,0.0,0.0,0.0,0.0,0.0,0.0,0.0,0.0,0.0,0.0,1.0,0.0,0.0,0.0,0.0,0.0,0.0,0.0,0.0,0.0,0.0,0.0,0.0,0.0,0.0,0.0,0.0,0.0,0.0,0.0,0.0,0.0,0.0,0.0,0.0,0.0,0.0,0.0,0.0,0.0,1.0,0.0,0.0,0.0,0.0,0.0,0.0,0.0,0.0,0.0,0.0,0.0,0.0,0.0,0.0,0.0,0.0,0.0,0.0,0.0,0.0,0.0,0.0,1.0,0.0,0.0,0.0,0.0,0.0,0.0,0.0,0.0,0.0,0.0,0.0,0.0,0.0,0.0,0.0,0.0,0.0,0.0,1.0,0.0,0.0,0.0,0.0,0.0,0.0,0.0,0.0,0.0,0.0,0.0,0.0,0.0,0.0,0.0,0.0,0.0,1.0,0.0,0.0,0.0,0.0,0.0,0.0,0.0,0.0,0.0,0.0,0.0,0.0,0.0,0.0,0.0,0.0,0.0,0.0,0.0,0.0,0.0,0.0,0.0,0.0,0.0,0.0,0.0,0.0,0.0,0.0,0.0,0.0,0.0,0.0,0.0,0.0,0.0,0.0,0.0,0.0,0.0,0.0,0.0,0.0,0.0,0.0,0.0,0.0,1.0,0.0,0.0,0.0,0.0,0.0,0.0,0.0,0.0,0.0,0.0,0.0,0.0,0.0,0.0,0.0,0.0,0.0,1.0,0.0,0.0,0.0,1.0,0.0,0.0,0.0,0.0,0.0,0.0,0.0,0.0,0.0,0.0,0.0,0.0,0.0,0.0,0.0,0.0,0.0,0.0,0.0,0.0,0.0,1.0,0.0,0.0,0.0,0.0,0.0,0.0,0.0,0.0,1.0,0.0,0.0,0.0,0.0,0.0,0.0,0.0,0.0,0.0,0.0,0.0,0.0,0.0,0.0,0.0,0.0,0.0,0.0,0.0,0.0,0.0,0.0,0.0,0.0,0.0,0.0,0.0,0.0,0.0,0.0,0.0,0.0,0.0,0.0,0.0,0.0,0.0,0.0,0.0,0.0,0.0,0.0,0.0,0.0,0.0,0.0,0.0,0.0,0.0,0.0,0.0,0.0,0.0,0.0,0.0,0.0,0.0,0.0,0.0,0.0,0.0,0.0,0.0,0.0,0.0,0.0,0.0,0.0,0.0,0.0,0.0,0.0,0.0,0.0,0.0,0.0,0.0,0.0,1.0,0.0,0.0,0.0,0.0,0.0,0.0,0.0,0.0,0.0,0.0,0.0,0.0,0.0,0.0,0.0,0.0,0.0,1.0,0.0,0.0,0.0,0.0,0.0,0.0,0.0,0.0,0.0,0.0,0.0,0.0,1.0,0.0,1.0,0.0,1.0,0.0,0.0,0.0,0.0,0.0,0.0,0.0,0.0,0.0,0.0,0.0,0.0,0.0,0.0,0.0,0.0,0.0,0.0,0.0,0.0,0.0,0.0,0.0,0.0,0.0,0.0,0.0,0.0,0.0,0.0,0.0,0.0,0.0,0.0,0.0,0.0,0.0,0.0,0.0,1.0,1.0,0.0,0.0,0.0,0.0,0.0,0.0,0.0,0.0,0.0,0.0,0.0,0.0,0.0,0.0,0.0,0.0,0.0,0.0,0.0,0.0,0.0,0.0,0.0,0.0,1.0,0.0,0.0,0.0,0.0,0.0,0.0,0.0,0.0,0.0,0.0,0.0,0.0,0.0,1.0,0.0,0.0,0.0,0.0,0.0,0.0,0.0,1.0,0.0,0.0,0.0,0.0,1.0,0.0,0.0,0.0,0.0,0.0,0.0,0.0,0.0,0.0,0.0,0.0,0.0,0.0,1.0,0.0,0.0,0.0,0.0,0.0,0.0,0.0,0.0,0.0,0.0,0.0,0.0,0.0,0.0,0.0,0.0,0.0,0.0,0.0,0.0,0.0,0.0,0.0,0.0,0.0,0.0,0.0,0.0,0.0,0.0,0.0,0.0,0.0,0.0,0.0,0.0,0.0,0.0,0.0,0.0,0.0,1.0,0.0,0.0,0.0,0.0,0.0,0.0,0.0,0.0,0.0,0.0,0.0,0.0,0.0,0.0,0.0,0.0,0.0,0.0,0.0,0.0,0.0,0.0,0.0,0.0,0.0,0.0,0.0,0.0,0.0,0.0,0.0,0.0,0.0,0.0,0.0,0.0,0.0,0.0,0.0,0.0,0.0,0.0,0.0,0.0,0.0,0.0,0.0,0.0,0.0,0.0,0.0,0.0,0.0,0.0,0.0,0.0,0.0,0.0,0.0,0.0,0.0,0.0,0.0,0.0,0.0,0.0,0.0,0.0,0.0,0.0,0.0,0.0,0.0,0.0,0.0,0.0,0.0,0.0,0.0,0.0,0.0,0.0,0.0,0.0,0.0,0.0,0.0,0.0,0.0,0.0,0.0,0.0,0.0,0.0,0.0,0.0,0.0,0.0,0.0,0.0,1.0,0.0,0.0,1.0,0.0,0.0,0.0,0.0,0.0,0.0,0.0,0.0,0.0,0.0,0.0,0.0,0.0,0.0,1.0,0.0,0.0,0.0,0.0,0.0,0.0,0.0,0.0,0.0,0.0,0.0,0.0,0.0,0.0,0.0,0.0,0.0,0.0,0.0,0.0,0.0,0.0,0.0,0.0,0.0,0.0,0.0,0.0,0.0,0.0,0.0,0.0,0.0,0.0,0.0,0.0,0.0,0.0,0.0,0.0,0.0,0.0,0.0,0.0,0.0,0.0,0.0,0.0,0.0,0.0,0.0,0.0,0.0,0.0,0.0,0.0,0.0,0.0,0.0,0.0,0.0,0.0,0.0,0.0,0.0,0.0,0.0,0.0,0.0,0.0,0.0,0.0,0.0,0.0,0.0,0.0,0.0,0.0,0.0,0.0,0.0,0.0,0.0,0.0,0.0,0.0,0.0,0.0,0.0,0.0,0.0,0.0,0.0,0.0,0.0,0.0,0.0,1.0,0.0,0.0,0.0,0.0,0.0,0.0,0.0,0.0,0.0,0.0,0.0,0.0,0.0,0.0,0.0,0.0,0.0,0.0,0.0,0.0,0.0,0.0,0.0,0.0,0.0,0.0,0.0,0.0,0.0,0.0,0.0,0.0,0.0,0.0,0.0,0.0,0.0,0.0,0.0,0.0,0.0,0.0,0.0,0.0,0.0,0.0,0.0,0.0,0.0,0.0,0.0,0.0,0.0,0.0,0.0,0.0,0.0,0.0,0.0,0.0,0.0,0.0,0.0,0.0,0.0,0.0,0.0,0.0,0.0,0.0,0.0,0.0,0.0,0.0,0.0,0.0,0.0,0.0,0.0,0.0,0.0,0.0,0.0,0.0,0.0,0.0,0.0,0.0,0.0,0.0,0.0,0.0,0.0,0.0,0.0,0.0,0.0,0.0,0.0,0.0,0.0,0.0
0.0,0.0,0.0,0.0,0.0,0.0,0.0,0.0,0.0,0.0,0.0,0.0,0.0,0.0,0.0,0.0,0.0,0.0,0.0,0.0,0.0,0.0,0.0,0.0,0.0,0.0,0.0,0.0,0.0,0.0,0.0,0.0,0.0,0.0,0.0,0.0,0.0,0.0,0.0,0.0,0.0,0.0,0.0,0.0,0.0,0.0,0.0,0.0,0.0,0.0,0.0,0.0,0.0,0.0,0.0,0.0,0.0,0.0,0.0,0.0,0.0,0.0,0.0,0.0,0.0,0.0,0.0,0.0,0.0,0.0,0.0,0.0,0.0,0.0,0.0,0.0,0.0,0.0,0.0,0.0,0.0,0.0,0.0,0.0,0.0,0.0,0.0,0.0,0.0,0.0,0.0,0.0,0.0,0.0,0.0,0.0,0.0,0.0,0.0,0.0,0.0,0.0,0.0,0.0,0.0,0.0,0.0,0.0,0.0,0.0,0.0,0.0,0.0,0.0,0.0,0.0,0.0,0.0,0.0,0.0,0.0,0.0,0.0,0.0,0.0,0.0,0.0,0.0,0.0,0.0,0.0,0.0,0.0,0.0,0.0,0.0,0.0,0.0,0.0,0.0,0.0,0.0,0.0,0.0,0.0,0.0,0.0,0.0,0.0,0.0,0.0,0.0,0.0,0.0,0.0,0.0,0.0,0.0,0.0,0.0,0.0,0.0,0.0,0.0,0.0,0.0,0.0,0.0,0.0,0.0,0.0,0.0,0.0,0.0,0.0,0.0,0.0,0.0,0.0,0.0,0.0,0.0,0.0,0.0,0.0,0.0,0.0,0.0,0.0,0.0,0.0,0.0,0.0,0.0,0.0,0.0,0.0,0.0,0.0,0.0,0.0,0.0,0.0,0.0,0.0,0.0,0.0,0.0,0.0,0.0,0.0,0.0,0.0,0.0,0.0,0.0,0.0,0.0,0.0,0.0,0.0,0.0,0.0,0.0,0.0,0.0,0.0,0.0,0.0,0.0,0.0,0.0,0.0,0.0,0.0,0.0,0.0,0.0,0.0,0.0,0.0,0.0,0.0,0.0,0.0,0.0,0.0,0.0,0.0,0.0,0.0,0.0,0.0,0.0,0.0,0.0,0.0,0.0,0.0,0.0,0.0,0.0,0.0,0.0,0.0,0.0,0.0,0.0,0.0,0.0,0.0,0.0,0.0,0.0,0.0,0.0,0.0,0.0,0.0,0.0,0.0,0.0,0.0,0.0,0.0,0.0,0.0,0.0,0.0,0.0,0.0,0.0,0.0,0.0,0.0,0.0,0.0,0.0,0.0,0.0,0.0,0.0,0.0,0.0,0.0,0.0,0.0,0.0,0.0,0.0,0.0,0.0,0.0,0.0,0.0,0.0,0.0,0.0,0.0,0.0,0.0,0.0,0.0,0.0,0.0,0.0,0.0,0.0,0.0,0.0,0.0,0.0,0.0,0.0,0.0,0.0,0.0,0.0,0.0,0.0,0.0,0.0,0.0,0.0,0.0,0.0,0.0,0.0,0.0,0.0,0.0,0.0,0.0,0.0,0.0,0.0,0.0,0.0,0.0,0.0,0.0,0.0,0.0,0.0,0.0,0.0,0.0,0.0,0.0,0.0,0.0,0.0,0.0,0.0,0.0,0.0,0.0,0.0,0.0,0.0,0.0,0.0,0.0,0.0,0.0,0.0,0.0,0.0,0.0,0.0,0.0,0.0,0.0,0.0,0.0,0.0,0.0,0.0,0.0,0.0,0.0,0.0,0.0,0.0,0.0,0.0,0.0,0.0,0.0,0.0,0.0,0.0,0.0,0.0,0.0,0.0,0.0,0.0,0.0,0.0,0.0,0.0,0.0,0.0,0.0,0.0,0.0,0.0,0.0,0.0,0.0,0.0,0.0,0.0,0.0,0.0,0.0,0.0,0.0,0.0,0.0,0.0,0.0,0.0,0.0,0.0,0.0,0.0,0.0,0.0,0.0,0.0,0.0,0.0,0.0,0.0,0.0,0.0,0.0,0.0,0.0,0.0,0.0,0.0,0.0,0.0,0.0,0.0,0.0,0.0,0.0,0.0,0.0,0.0,0.0,0.0,0.0,0.0,0.0,0.0,0.0,0.0,0.0,0.0,0.0,0.0,0.0,0.0,0.0,0.0,0.0,0.0,0.0,0.0,0.0,0.0,0.0,0.0,0.0,0.0,0.0,0.0,0.0,0.0,0.0,0.0,0.0,0.0,0.0,0.0,0.0,0.0,0.0,0.0,0.0,0.0,0.0,0.0,0.0,0.0,0.0,0.0,0.0,0.0,0.0,0.0,0.0,0.0,0.0,0.0,0.0,0.0,0.0,0.0,0.0,0.0,0.0,0.0,0.0,0.0,0.0,0.0,0.0,0.0,0.0,0.0,0.0,0.0,0.0,0.0,0.0,0.0,0.0,0.0,0.0,0.0,0.0,0.0,0.0,0.0,0.0,0.0,0.0,0.0,0.0,0.0,0.0,0.0,0.0,0.0,0.0,0.0,0.0,0.0,0.0,0.0,0.0,0.0,0.0,0.0,0.0,0.0,0.0,0.0,0.0,0.0,0.0,0.0,0.0,0.0,0.0,0.0,0.0,0.0,0.0,0.0,0.0,0.0,0.0,0.0,0.0,0.0,0.0,0.0,0.0,0.0,0.0,0.0,0.0,0.0,0.0,0.0,0.0,0.0,0.0,0.0,0.0,0.0,0.0,0.0,0.0,0.0,0.0,0.0,0.0,0.0,0.0,0.0,0.0,0.0,0.0,0.0,0.0,0.0,0.0,0.0,0.0,0.0,0.0,0.0,0.0,0.0,0.0,0.0,0.0,0.0,0.0,0.0,0.0,0.0,0.0,0.0,0.0,0.0,0.0,0.0,0.0,0.0,0.0,0.0,0.0,0.0,0.0,0.0,0.0,0.0,0.0,0.0,0.0,0.0,0.0,0.0,0.0,0.0,0.0,0.0,0.0,0.0,0.0,0.0,0.0,0.0,0.0,0.0,0.0,0.0,0.0,0.0,0.0,0.0,0.0,0.0,0.0,0.0,0.0,0.0,0.0,0.0,0.0,0.0,0.0,0.0,0.0,0.0,0.0,0.0,0.0,0.0,0.0,0.0,0.0,0.0,0.0,0.0,0.0,0.0,0.0,0.0,0.0,0.0,0.0,0.0,0.0,0.0,0.0,0.0,0.0,0.0,0.0,0.0,0.0,0.0,0.0,0.0,0.0,0.0,0.0,0.0,0.0,0.0,0.0,0.0,0.0,0.0,0.0,0.0,0.0,0.0,0.0,0.0,0.0,0.0,0.0,0.0,0.0,0.0,0.0,0.0,0.0,0.0,0.0,0.0,0.0,0.0,0.0,0.0,0.0,0.0,0.0,0.0,0.0,0.0,0.0,0.0,0.0,0.0,0.0,0.0,0.0,0.0,0.0,0.0,0.0,0.0,0.0,0.0,0.0,0.0,0.0,0.0,0.0,0.0,0.0,0.0,0.0,0.0,0.0,0.0,0.0,0.0,0.0,0.0,0.0,0.0,0.0,0.0,0.0,0.0,0.0,0.0,0.0,0.0,0.0,0.0,0.0,0.0,0.0,0.0,0.0,0.0,0.0,0.0,0.0,0.0,0.0,0.0,0.0,0.0,0.0,0.0,0.0,0.0,0.0,0.0,0.0,0.0,0.0,0.0,0.0,0.0,0.0,0.0,0.0,0.0,0.0,0.0,0.0,0.0,0.0,0.0,0.0,0.0,0.0,0.0,0.0,0.0,0.0,0.0,0.0,0.0,0.0,0.0,0.0,0.0,0.0,0.0,0.0,0.0,0.0,0.0,0.0,0.0,0.0,0.0,0.0,0.0,0.0,0.0,0.0,0.0,0.0,0.0,0.0,0.0,0.0,0.0,0.0,0.0,0.0,0.0,0.0,0.0,0.0,0.0,0.0,0.0,0.0,0.0,0.0,0.0,0.0,0.0,0.0,0.0,0.0,0.0,0.0,0.0,0.0,0.0,0.0,0.0,0.0,0.0,0.0,0.0,0.0,0.0,0.0,0.0,0.0,0.0,0.0,0.0,0.0,0.0,0.0,0.0,0.0,0.0,0.0,0.0,0.0,0.0,0.0,0.0,0.0,0.0,0.0,0.0,0.0,0.0,0.0,0.0,0.0,0.0,0.0,0.0,0.0,0.0,0.0,0.0,0.0,0.0,0.0,0.0,0.0,0.0,0.0,0.0,0.0,0.0,0.0,0.0,0.0,0.0,0.0,0.0,0.0,0.0,0.0,0.0,0.0,0.0,0.0,0.0,0.0,0.0,0.0,0.0,0.0,0.0,0.0,0.0,0.0,0.0,0.0,0.0,0.0,0.0,0.0,0.0,0.0,0.0,0.0,0.0,0.0,0.0,0.0,0.0,0.0,0.0,0.0,0.0,0.0,0.0,0.0,0.0,0.0,0.0,0.0,0.0,0.0,0.0,0.0,0.0,0.0,0.0,0.0,0.0,0.0,0.0,0.0,0.0,0.0,0.0,0.0,0.0,0.0,0.0,0.0,0.0,0.0,0.0,0.0,0.0,0.0,0.0,0.0,0.0,0.0,0.0,0.0,0.0,0.0,0.0,0.0,0.0,0.0,0.0,0.0,0.0,0.0,0.0,0.0,0.0,0.0,0.0,0.0,0.0,0.0,0.0,0.0,0.0,0.0,0.0,0.0,0.0,0.0,0.0,0.0,0.0,0.0,0.0,0.0,0.0,0.0,0.0,0.0,0.0,0.0,0.0,0.0,0.0,0.0,0.0,0.0,0.0,0.0,0.0,0.0,0.0,0.0,0.0,0.0,0.0,0.0,0.0,0.0,0.0,0.0,0.0,0.0,0.0,0.0,0.0,0.0,0.0,0.0,0.0,0.0,0.0,0.0,0.0,0.0,0.0,0.0,0.0,0.0,0.0,0.0,0.0,0.0,0.0,0.0,0.0,0.0,0.0,0.0,0.0,0.0,0.0,0.0,0.0,0.0,0.0,0.0,0.0,0.0,0.0,0.0,0.0,0.0,0.0,0.0,0.0,0.0,0.0,0.0,0.0,0.0,0.0,0.0,0.0,0.0,0.0,0.0,0.0,0.0,0.0,0.0,0.0,0.0,0.0,0.0,0.0,0.0,0.0,0.0,0.0,0.0,0.0,0.0,0.0,0.0,0.0,0.0,0.0,0.0,0.0,0.0,0.0,0.0,0.0,0.0,0.0,0.0,0.0,0.0,0.0,0.0,0.0,0.0,0.0,0.0,0.0,0.0,0.0,0.0,0.0,0.0,0.0,0.0,0.0,0.0,0.0,0.0,0.0,0.0,0.0,0.0,0.0,0.0,0.0,0.0,0.0,0.0,0.0,0.0,0.0,0.0,0.0,0.0,0.0,0.0,0.0,0.0,0.0,0.0,0.0,0.0,0.0,0.0,0.0,0.0,0.0,0.0,0.0,0.0,0.0,0.0,0.0,0.0,0.0,0.0,0.0,0.0,0.0,0.0,0.0,0.0,0.0,0.0,0.0,0.0,0.0,0.0,0.0,0.0,0.0,0.0,0.0,0.0,0.0,0.0,0.0,0.0,0.0,0.0,0.0,0.0,0.0,0.0,0.0,0.0,0.0,0.0,0.0,0.0,0.0,0.0,0.0,0.0,0.0,0.0,0.0,0.0,0.0,0.0,0.0,0.0,0.0,0.0,0.0,0.0,0.0,0.0,0.0,0.0,0.0,0.0,0.0,0.0,0.0,0.0,0.0,0.0,0.0,0.0,0.0,0.0,0.0,0.0,0.0,0.0,0.0,0.0,0.0,0.0,0.0,0.0,0.0,0.0,0.0,0.0,0.0,0.0,0.0,0.0,0.0,0.0,0.0,0.0,0.0,0.0,0.0,0.0,0.0,0.0,0.0,0.0,0.0,0.0,0.0,0.0,0.0,0.0,0.0,0.0,0.0,0.0,0.0,0.0,0.0,0.0,0.0,0.0,0.0,0.0,0.0,0.0,0.0,0.0,0.0,0.0,0.0,0.0,0.0,0.0,0.0,0.0,0.0,0.0,0.0,0.0,0.0,0.0,0.0,0.0,0.0,0.0,0.0,0.0,0.0,0.0,0.0,0.0,0.0,0.0,0.0,0.0,0.0,0.0,0.0,0.0,0.0,0.0,0.0,0.0,0.0,0.0,0.0,0.0,0.0,0.0,0.0,0.0,0.0,0.0,0.0,0.0,0.0,0.0,0.0,0.0,0.0,0.0,0.0,0.0,0.0,0.0,0.0,0.0,0.0,0.0,0.0,0.0,0.0,0.0,0.0,0.0,0.0,0.0,0.0,0.0,0.0,0.0,0.0,0.0,0.0,0.0,0.0,0.0,0.0,0.0,0.0,0.0,0.0,0.0,0.0,0.0,0.0,0.0,0.0,0.0,0.0,0.0,0.0,0.0,0.0,0.0,0.0,0.0,0.0,0.0,0.0,0.0,0.0,0.0,0.0,0.0,0.0,0.0,0.0,0.0,0.0,0.0,0.0,0.0,0.0,0.0,0.0,0.0,0.0,0.0,0.0,0.0,0.0,0.0,0.0,0.0,0.0,0.0,0.0,0.0,0.0,0.0,0.0,0.0,0.0,0.0,0.0,0.0,0.0,0.0,0.0,0.0,0.0,0.0,0.0,0.0,0.0,0.0,0.0,0.0,0.0,0.0,0.0,0.0,0.0,0.0,0.0,0.0,0.0,0.0,0.0,0.0,0.0,0.0,0.0,0.0,0.0,0.0,0.0,0.0,0.0,0.0,0.0,0.0,0.0,0.0,0.0,0.0,0.0,0.0,0.0,0.0,0.0,0.0,0.0,0.0,0.0,0.0,0.0,0.0,0.0,0.0,0.0,0.0,0.0,0.0,0.0,0.0,0.0,0.0,0.0,0.0,0.0,0.0,0.0,0.0,0.0,0.0,0.0,0.0,0.0,0.0,0.0,0.0,0.0,0.0,0.0,0.0,0.0,0.0,0.0,0.0,0.0,0.0,0.0,0.0,0.0,0.0,0.0,0.0,0.0,0.0,0.0,0.0,0.0,0.0,0.0,0.0,0.0,0.0,0.0,0.0,0.0,0.0,0.0,0.0,0.0,0.0,0.0,0.0,0.0,0.0,0.0,0.0,0.0,0.0,0.0,0.0,0.0,0.0,0.0,0.0,0.0,0.0,0.0,0.0,0.0,0.0,0.0,0.0,0.0,0.0,0.0,0.0,0.0,0.0,0.0,0.0,0.0,0.0,0.0,0.0,0.0,0.0,0.0,0.0,0.0,0.0,0.0,0.0,0.0,0.0,0.0,0.0,0.0,0.0,0.0,0.0,0.0,0.0,0.0,0.0,0.0,0.0,0.0,0.0,0.0,0.0,0.0,0.0,0.0,0.0,0.0,0.0,0.0,0.0,0.0,0.0,0.0,0.0,0.0,0.0,0.0,0.0,0.0,0.0,0.0,0.0,0.0,0.0,0.0,0.0,0.0,0.0,0.0,0.0,0.0,0.0,0.0,0.0,0.0,0.0,0.0,0.0,0.0,0.0,0.0,0.0,0.0,0.0,0.0,0.0,0.0,0.0,0.0,0.0,0.0,0.0,0.0,0.0,0.0,0.0,0.0,0.0,0.0,0.0,0.0,0.0,0.0,0.0,0.0,0.0,0.0,0.0,0.0,0.0,0.0,0.0,0.0,0.0,0.0,0.0,0.0,0.0,0.0,0.0,0.0,0.0,0.0,0.0,0.0,0.0,0.0,0.0,0.0,0.0,0.0,0.0,0.0,0.0,0.0,0.0,0.0,0.0,0.0,0.0,0.0,0.0,0.0,0.0,0.0,0.0,0.0,0.0,0.0,0.0,0.0,0.0,0.0,0.0,0.0,0.0,0.0,0.0,0.0,0.0,0.0,0.0,0.0,0.0,0.0,0.0,0.0,0.0,0.0,0.0,0.0,0.0,0.0,0.0,0.0,0.0,0.0,0.0,0.0,0.0,0.0,0.0,0.0,0.0,0.0,0.0,0.0,0.0,0.0,0.0,0.0,0.0,0.0,0.0,0.0,0.0,0.0,0.0,0.0,0.0,0.0,0.0,0.0,0.0,0.0,0.0,0.0,0.0,0.0,0.0,0.0,0.0,0.0,0.0,0.0,0.0,0.0,0.0,0.0,0.0,0.0,0.0,0.0,0.0,0.0,0.0,0.0,0.0,0.0,0.0,0.0,0.0,0.0,0.0,0.0,0.0,0.0,0.0,0.0,0.0,0.0,0.0,0.0,0.0,0.0,0.0,0.0,0.0,0.0,0.0,0.0,0.0,0.0,0.0,0.0,0.0,0.0,0.0,0.0,0.0,0.0,0.0,0.0,0.0,0.0,0.0,0.0,0.0,0.0,0.0,0.0,0.0,0.0,0.0,0.0,0.0,0.0,0.0,0.0,0.0,0.0,0.0,0.0,0.0,0.0,0.0,0.0,0.0,0.0,0.0,0.0,0.0,0.0,0.0,0.0,0.0,0.0,0.0,0.0,0.0,0.0,0.0,0.0,0.0,0.0,0.0,0.0,0.0,0.0,0.0,0.0,0.0,0.0,0.0,0.0,0.0,0.0,0.0,0.0,0.0,0.0,0.0,0.0,0.0,0.0,0.0,0.0,0.0,0.0,0.0,0.0,0.0,0.0,0.0,0.0,0.0,0.0,0.0,0.0,0.0,0.0,0.0,0.0,0.0,0.0,0.0,0.0,0.0,0.0,0.0,0.0,0.0,0.0,0.0,0.0,0.0,0.0,0.0,0.0,0.0,0.0,0.0,0.0,0.0,0.0,0.0,0.0,0.0,0.0,0.0,0.0,0.0,0.0,0.0,0.0,0.0,0.0,0.0,0.0,0.0,0.0,0.0,0.0,0.0,0.0,0.0,0.0,0.0,0.0,0.0,0.0,0.0,0.0,0.0,0.0,0.0,0.0,0.0,0.0,0.0,0.0,0.0,0.0,0.0,0.0,0.0,0.0,0.0,0.0,0.0,0.0,0.0,0.0,0.0,0.0,0.0,0.0,0.0,0.0,0.0,0.0,0.0,0.0,0.0,0.0,0.0,0.0,0.0,0.0,0.0,0.0,0.0,0.0,0.0,0.0,0.0,0.0,0.0,0.0,0.0,0.0,0.0,0.0,0.0,0.0,0.0,0.0,0.0,0.0,0.0,0.0,0.0,0.0,0.0,0.0,0.0,0.0,0.0,0.0,0.0,0.0,0.0,0.0,0.0,0.0,0.0,0.0,0.0,0.0,0.0,0.0,0.0,0.0,0.0,0.0,0.0,0.0,0.0,0.0,0.0,0.0,0.0,0.0,0.0,0.0,0.0,0.0,0.0,0.0,0.0,0.0,0.0,0.0,0.0,0.0,0.0,0.0,0.0,0.0,0.0,0.0,0.0,0.0,0.0,0.0,0.0,0.0,0.0,0.0,0.0,0.0,0.0,0.0,0.0,0.0,0.0,0.0,0.0,0.0,0.0,0.0,0.0,0.0,0.0,0.0,0.0,0.0,0.0,0.0,0.0,0.0,0.0,0.0,0.0,0.0,0.0,0.0,0.0,0.0,0.0,0.0,0.0,0.0,0.0,0.0,0.0,0.0,0.0,0.0,0.0,0.0,0.0,0.0,0.0,0.0,0.0,0.0,0.0,0.0,0.0,0.0,0.0,0.0,0.0,0.0,0.0,0.0,0.0,0.0,0.0,0.0,0.0,0.0,0.0,0.0,0.0,0.0,0.0,0.0,0.0,0.0,0.0,0.0,0.0,0.0,0.0,0.0,0.0,0.0,0.0,0.0,0.0,0.0,0.0,0.0,0.0,0.0,0.0,0.0,0.0,0.0,0.0,0.0,0.0,0.0,0.0,0.0,0.0,0.0,0.0,0.0,0.0,0.0,0.0,0.0,0.0,0.0,0.0,0.0,0.0,0.0,0.0,0.0,0.0,0.0,0.0,0.0,0.0,0.0,0.0,0.0,0.0,0.0,0.0,0.0,0.0,0.0,0.0,0.0,0.0,0.0,0.0,0.0,0.0,0.0,0.0,0.0,0.0,0.0,0.0,0.0,0.0,0.0,0.0,0.0,0.0,0.0,0.0,0.0,0.0,0.0,0.0,0.0,0.0,0.0,0.0,0.0,0.0,0.0,0.0,0.0,0.0,0.0,0.0,0.0,0.0,0.0,0.0,0.0,0.0,0.0,0.0,0.0,0.0,0.0,0.0,0.0,0.0,0.0,0.0,0.0,0.0,0.0,0.0,0.0,0.0,0.0,0.0,0.0,0.0,0.0,0.0,0.0,0.0,0.0,0.0,0.0,0.0,0.0,0.0,0.0,0.0,0.0,0.0,0.0,0.0,0.0,0.0,0.0,0.0,0.0,0.0,0.0,0.0,0.0,0.0,0.0,0.0,0.0,0.0,0.0,0.0,0.0,0.0,0.0,0.0,0.0,0.0,0.0,0.0,0.0,0.0,0.0,0.0,0.0,0.0,0.0,0.0,0.0,0.0,0.0,0.0,0.0,0.0,0.0,0.0,0.0,0.0,0.0,0.0,0.0,0.0,0.0,0.0,0.0,0.0,0.0,0.0,0.0,0.0,0.0,0.0,0.0,0.0,0.0,0.0,0.0,0.0,0.0,0.0,0.0,0.0,0.0,0.0,0.0,0.0,0.0,0.0,0.0,0.0,0.0,0.0,0.0,0.0,0.0,0.0,0.0,0.0,0.0,0.0,0.0,0.0,0.0,0.0,0.0,0.0,0.0,0.0,0.0,0.0,0.0,0.0,0.0,0.0,0.0,0.0,0.0,0.0,0.0,0.0,0.0,0.0,0.0,0.0,0.0,0.0,0.0,0.0,0.0,0.0,0.0,0.0,0.0,0.0,0.0,0.0,0.0,0.0,0.0,0.0,0.0,0.0,0.0,0.0,0.0,0.0,0.0,0.0,0.0,0.0,0.0,0.0,0.0,0.0,0.0,0.0,0.0,0.0,0.0,0.0,0.0,0.0,0.0,0.0,0.0,0.0,0.0,0.0,0.0,0.0,0.0,0.0,0.0,0.0,0.0,0.0,0.0,0.0,0.0,0.0,0.0,0.0,0.0,0.0,0.0,0.0,0.0,0.0,0.0,0.0,0.0,0.0,0.0,0.0,0.0,0.0,0.0,0.0,0.0,0.0,0.0,0.0,0.0,0.0,0.0,0.0,0.0,0.0,0.0,0.0,0.0,0.0,0.0,0.0,0.0,0.0,0.0,0.0,0.0,0.0,0.0,0.0,0.0,0.0,0.0,0.0,0.0,0.0,0.0,0.0,0.0,0.0,0.0,0.0,0.0,0.0,0.0,0.0,0.0,0.0,0.0,0.0,0.0,0.0,0.0,0.0,0.0,0.0,0.0,0.0,0.0,0.0,0.0,0.0,0.0,0.0,0.0,0.0,0.0,0.0,0.0,0.0,0.0,0.0,0.0,0.0,0.0,0.0,0.0,0.0,0.0,0.0,0.0,0.0,0.0,0.0,0.0,0.0,0.0,0.0,0.0,0.0,0.0,0.0,0.0,0.0,0.0,0.0,0.0,0.0,0.0,0.0,0.0,0.0,0.0,0.0,0.0,0.0,0.0,0.0,0.0,0.0,0.0,0.0,0.0,0.0,0.0,0.0,0.0,0.0,0.0,0.0,0.0,0.0,0.0,0.0,0.0,0.0,0.0,0.0,0.0,0.0,0.0,0.0,0.0,0.0,0.0,0.0,0.0,0.0,0.0,0.0,0.0,0.0,0.0,0.0,0.0,0.0,0.0,0.0,0.0,0.0,0.0,0.0,0.0,0.0,0.0,0.0,0.0,0.0,0.0,0.0,0.0,0.0,0.0,0.0,0.0,0.0,0.0,0.0,0.0,0.0,0.0,0.0,0.0,0.0,0.0,0.0,0.0,0.0,0.0,0.0,0.0,0.0,0.0,0.0,0.0,0.0,0.0,0.0,0.0,0.0,0.0,0.0,0.0,0.0,0.0,0.0,0.0,0.0,0.0,0.0,0.0,0.0,0.0,0.0,0.0,0.0,0.0,0.0,0.0,0.0,0.0,0.0,0.0,0.0,0.0,0.0,0.0,0.0,0.0,0.0,0.0,0.0,0.0,0.0,0.0,0.0,0.0,0.0,0.0,0.0,0.0,0.0,0.0,0.0,0.0,0.0,0.0,0.0,0.0,0.0,0.0,0.0,0.0,0.0,0.0,0.0,0.0,0.0,0.0,0.0,0.0,0.0,0.0,0.0,0.0,0.0,0.0,0.0,0.0,0.0,0.0,0.0,0.0,0.0,0.0,0.0,0.0,0.0,0.0,0.0,0.0,0.0,0.0,0.0,0.0,0.0,0.0,0.0,0.0,0.0,0.0,0.0,0.0,0.0,0.0,0.0,0.0,0.0,0.0,0.0,0.0,0.0,0.0,0.0,0.0,0.0,0.0,0.0,0.0,0.0,0.0,0.0,0.0,0.0,0.0,0.0,0.0,0.0,0.0,0.0,0.0,0.0,0.0,0.0,0.0,0.0,0.0,0.0,0.0,0.0,0.0,0.0,0.0,0.0,0.0,0.0,0.0,0.0,0.0,0.0,0.0,0.0,0.0,0.0,0.0,0.0,0.0,0.0,0.0,0.0,0.0,0.0,0.0,0.0,0.0,0.0,0.0,0.0,0.0,0.0,0.0,0.0,0.0,0.0,0.0,0.0,0.0,0.0,0.0,0.0,0.0,0.0,0.0,0.0,0.0,0.0,0.0,0.0,0.0,0.0,0.0,0.0,0.0,0.0,0.0,0.0,0.0,0.0,0.0,0.0,0.0,0.0,0.0,0.0,0.0,0.0,0.0,0.0,0.0,0.0,0.0,0.0,0.0,0.0,0.0,0.0,0.0,0.0,0.0,0.0,0.0,0.0,0.0,0.0,0.0,0.0,0.0,0.0,0.0,0.0,0.0,0.0,0.0,0.0,0.0,0.0,0.0,0.0,0.0,0.0,0.0,0.0,0.0,0.0,0.0,0.0,0.0,0.0,0.0,0.0,0.0,0.0,0.0,0.0,0.0,0.0,0.0,0.0,0.0,0.0,0.0,0.0,0.0,0.0,0.0,0.0,0.0,0.0,0.0,0.0,0.0,0.0,0.0,0.0,0.0,0.0,0.0,0.0,0.0,0.0,0.0,0.0,0.0,0.0,0.0,0.0,0.0,0.0,0.0,0.0,0.0,0.0,0.0,0.0,0.0,0.0,0.0,0.0,0.0,0.0,0.0,0.0,0.0,0.0,0.0,0.0,0.0,0.0,0.0,0.0,0.0,0.0,0.0,0.0,0.0,0.0,0.0,0.0,0.0,0.0,0.0,0.0,0.0,0.0,0.0,0.0,0.0,0.0,0.0,0.0,0.0,0.0,0.0,0.0,0.0,0.0,0.0,0.0,0.0,0.0,0.0,0.0,0.0,0.0,0.0,0.0,0.0,0.0,0.0,0.0,0.0,0.0,0.0,0.0,0.0,0.0,0.0,0.0,0.0,0.0,0.0,0.0,0.0,0.0,0.0,0.0,0.0,0.0,0.0,0.0,0.0,0.0,0.0,0.0,0.0,0.0,0.0,0.0,0.0,0.0,0.0,0.0,0.0,0.0,0.0,0.0,0.0,0.0,0.0,0.0,0.0,0.0,0.0,0.0,0.0,0.0,0.0,0.0,0.0,0.0,0.0,0.0,0.0,0.0,0.0,0.0,0.0,0.0,0.0,0.0,0.0,0.0,0.0,0.0,0.0,0.0,0.0,0.0,0.0,0.0,0.0,0.0,0.0,0.0,0.0,0.0,0.0,0.0,0.0,0.0,0.0,0.0,0.0,0.0,0.0,0.0,0.0,0.0,0.0,0.0,0.0,0.0,0.0,0.0,0.0,0.0,0.0,0.0,0.0,0.0,0.0,0.0,0.0,0.0,0.0,0.0,0.0,0.0,0.0,0.0,0.0,0.0,0.0,0.0,0.0,0.0,0.0,0.0,0.0,0.0,0.0,0.0,0.0,0.0,0.0,0.0,0.0,0.0,0.0,0.0,0.0,0.0,0.0,0.0,0.0,0.0,0.0,0.0,0.0,0.0,0.0,0.0,0.0,0.0,0.0,0.0,0.0,0.0,0.0,0.0,0.0,0.0,0.0,0.0,0.0,0.0,0.0,0.0,0.0,0.0,0.0,0.0,0.0,0.0,0.0,0.0,0.0,0.0,0.0,0.0,0.0,0.0,0.0,0.0,0.0,0.0,0.0,0.0,0.0,0.0,0.0,0.0,0.0,0.0,0.0,0.0,0.0,0.0,0.0,0.0,0.0,0.0,0.0,0.0,0.0,0.0,0.0,0.0,0.0,0.0,0.0,0.0,0.0,0.0,0.0,0.0,0.0,0.0,0.0,0.0,0.0,0.0,0.0,0.0,0.0,0.0,0.0,0.0,0.0,0.0,0.0,0.0,0.0,0.0,0.0,0.0,0.0,0.0,0.0,0.0,0.0,0.0,0.0,0.0,0.0,0.0,0.0,0.0,0.0,0.0,0.0,0.0,0.0,0.0,0.0,0.0,0.0,0.0,0.0,0.0,0.0,0.0,0.0,0.0,0.0,0.0,0.0,0.0,0.0,0.0,0.0,0.0,0.0,0.0,0.0,0.0,0.0,0.0,0.0,0.0,0.0,0.0,0.0,0.0,0.0,0.0,0.0,0.0,0.0,0.0,0.0,0.0,0.0,0.0,0.0,0.0,0.0,0.0,0.0,0.0,0.0,0.0,0.0,0.0,0.0,0.0,0.0,0.0,0.0,0.0,0.0,0.0,0.0,0.0,0.0,0.0,0.0,0.0,0.0,0.0,0.0,0.0,0.0,0.0,0.0,0.0,0.0,0.0,0.0,0.0,0.0,0.0,0.0,0.0,0.0,0.0,0.0,0.0,0.0,0.0,0.0,0.0,0.0,0.0,0.0,0.0,0.0,0.0,0.0,0.0,0.0,0.0,0.0,0.0,0.0,0.0,0.0,0.0,0.0,0.0,0.0,0.0,0.0,0.0,0.0,0.0,0.0,0.0,0.0,0.0,0.0,0.0,0.0,0.0,0.0,0.0,0.0,0.0,0.0,0.0,0.0,0.0,0.0,0.0,0.0,0.0,0.0,0.0,0.0,0.0,0.0,0.0,0.0,0.0,0.0,0.0,0.0,0.0,0.0,0.0,0.0,0.0,0.0,0.0,0.0,0.0,0.0,0.0,0.0,0.0,0.0,0.0,0.0,0.0,0.0,0.0,0.0,0.0,0.0,0.0,0.0,0.0,0.0,0.0,0.0,0.0,0.0,0.0,0.0,0.0,0.0,0.0,0.0,0.0,0.0,0.0,0.0,0.0,0.0,0.0,0.0,0.0,0.0,0.0,0.0,0.0,0.0,0.0,0.0,0.0,0.0,0.0,0.0,0.0,0.0,0.0,0.0,0.0,0.0,0.0,0.0,0.0,0.0,0.0,0.0,0.0,0.0,0.0,0.0,0.0,0.0,0.0,0.0,0.0,0.0,0.0,0.0,0.0,0.0,0.0,0.0,0.0,0.0,0.0,0.0,0.0,0.0,0.0,0.0,0.0,0.0,0.0,0.0,0.0,0.0,0.0,0.0,0.0,0.0,0.0,0.0,0.0,0.0,0.0,0.0,0.0,0.0,0.0,0.0,0.0,0.0,0.0,0.0,0.0,0.0,0.0,0.0,0.0,0.0,0.0,0.0,0.0,0.0,0.0,0.0,0.0,0.0,0.0,0.0,0.0,0.0,0.0,0.0,0.0,0.0,0.0,0.0,0.0,0.0,0.0,0.0,0.0,0.0,0.0,0.0,0.0,0.0,0.0,0.0,0.0,0.0,0.0,0.0,0.0,0.0,0.0,0.0,0.0,0.0,0.0,0.0,0.0,0.0,0.0,0.0,0.0,0.0,0.0,0.0,0.0,0.0,0.0,0.0,0.0,0.0,0.0,0.0,0.0,0.0,0.0,0.0,0.0,0.0,0.0,0.0,0.0,0.0,0.0,0.0,0.0,0.0,0.0,0.0,0.0,0.0,0.0,0.0,0.0,0.0,0.0,0.0,0.0,0.0,0.0,0.0,0.0,0.0,0.0,0.0,0.0,0.0,0.0,0.0,0.0,0.0,0.0,0.0,0.0,0.0,0.0,0.0,0.0,0.0,0.0,0.0,0.0,0.0,0.0,0.0,0.0,0.0,0.0,0.0,0.0,0.0,0.0,0.0,0.0,0.0,0.0,0.0,0.0,0.0,0.0,0.0,0.0,0.0,0.0,0.0,0.0,0.0,0.0,0.0,0.0,0.0,0.0,0.0,0.0,0.0,0.0,0.0,0.0,0.0,0.0,0.0,0.0,0.0,0.0,0.0,0.0,0.0,0.0,0.0,0.0,0.0,0.0,0.0,0.0,0.0,0.0,0.0,0.0,0.0,0.0,0.0,0.0,0.0,0.0,0.0,0.0,0.0,0.0,0.0,0.0,0.0,0.0,0.0,0.0,0.0,0.0,0.0,0.0,0.0,0.0,0.0,0.0,0.0,0.0,0.0,0.0,0.0,0.0,0.0,0.0,0.0,0.0,0.0,0.0,0.0,0.0,0.0,0.0,0.0,0.0,0.0,0.0,0.0,0.0,0.0,0.0,0.0,0.0,0.0,0.0,0.0,0.0,0.0,0.0,0.0,0.0,0.0,0.0,0.0,0.0,0.0,0.0,0.0,0.0,0.0,0.0,0.0,0.0,0.0,0.0,0.0,0.0,0.0,0.0,0.0,0.0,0.0,0.0,0.0,0.0,0.0,0.0,0.0,0.0,0.0,0.0,0.0,0.0,0.0,0.0,0.0,0.0,0.0,0.0,0.0,0.0,0.0,0.0,0.0,0.0,0.0,0.0,0.0,0.0,0.0,0.0,0.0,0.0,0.0,0.0,0.0,0.0,0.0,0.0,0.0,0.0,0.0,0.0,0.0,0.0,0.0,0.0,0.0,0.0,0.0,0.0,0.0,0.0,0.0,0.0,0.0,0.0,0.0,0.0,0.0,0.0,0.0,0.0,0.0,0.0,0.0,0.0,0.0,0.0,0.0,0.0,0.0,0.0,0.0,0.0,0.0,0.0,0.0,0.0,0.0,0.0,0.0,0.0,0.0,0.0,0.0,0.0,0.0,0.0,0.0,0.0,0.0,0.0,0.0,0.0,0.0,0.0,0.0,0.0,0.0,0.0,0.0,0.0,0.0,0.0,0.0,0.0,0.0,0.0,0.0,0.0,0.0,0.0,0.0,0.0,0.0,0.0,0.0,0.0,0.0,0.0,0.0,0.0,0.0,0.0,0.0,0.0,0.0,0.0,0.0,0.0,0.0,0.0,0.0,0.0,0.0,0.0,0.0,0.0,0.0,0.0,0.0,0.0,0.0,0.0,0.0,0.0,0.0,0.0,0.0,0.0,0.0,0.0,0.0,0.0,0.0,0.0,0.0,0.0,0.0,0.0,0.0,0.0,0.0,0.0,0.0,0.0,0.0,0.0,0.0,0.0,0.0,0.0,0.0,0.0,0.0,0.0,0.0,0.0,0.0,0.0,0.0,0.0,0.0,0.0,0.0,0.0,0.0,0.0,0.0,0.0,0.0,0.0,0.0,0.0,0.0,0.0,0.0,0.0,0.0,0.0,0.0,0.0,0.0,0.0,0.0,0.0,0.0,0.0,0.0,0.0,0.0,0.0,0.0,0.0,0.0,0.0,0.0,0.0,0.0,0.0,0.0,0.0,0.0,0.0,0.0,0.0,0.0,0.0,0.0,0.0,0.0,0.0,0.0,0.0,0.0,0.0,0.0,0.0,0.0,0.0,0.0,0.0,0.0,0.0,0.0,0.0,0.0,0.0,0.0,0.0,0.0,0.0,0.0,0.0,0.0,0.0,0.0,0.0,0.0,0.0,0.0,0.0,0.0,0.0,0.0,0.0,0.0,0.0,0.0,0.0,0.0,0.0,0.0,0.0,0.0,0.0,0.0,0.0,0.0,0.0,0.0,0.0,0.0,0.0,0.0,0.0,0.0,0.0,0.0,0.0,0.0,0.0,0.0,0.0,0.0,0.0,0.0,0.0,0.0,0.0,0.0,0.0,0.0,0.0,0.0,0.0,0.0,0.0,0.0,0.0,0.0,0.0,0.0,0.0,0.0,0.0,0.0,0.0,0.0,0.0,0.0,0.0,0.0,0.0,0.0,0.0,0.0,0.0,0.0,0.0,0.0,0.0,0.0,0.0,0.0,0.0,0.0,0.0,0.0,0.0,0.0,0.0,0.0,0.0,0.0,0.0,0.0,0.0,0.0,0.0,0.0,0.0,0.0,0.0,0.0,0.0,0.0,0.0,0.0,0.0,0.0,0.0,0.0,0.0,0.0,0.0,0.0,0.0,0.0,0.0,0.0,0.0,0.0,0.0,0.0,0.0,0.0,0.0,0.0,0.0,0.0,0.0,0.0,0.0,0.0,0.0,0.0,0.0,0.0,0.0,0.0,0.0,0.0,0.0,0.0,0.0,0.0,0.0,0.0,0.0,0.0,0.0,0.0,0.0,0.0,0.0,0.0,0.0,0.0,0.0,0.0,0.0,0.0,0.0,0.0,0.0,0.0,0.0,0.0,0.0,0.0,0.0,0.0,0.0,0.0,0.0,0.0,0.0,0.0,0.0,0.0,0.0,0.0,0.0,0.0,0.0,0.0,0.0,0.0,0.0,0.0,0.0,0.0,0.0,0.0,0.0,0.0,0.0,0.0,0.0,0.0,0.0,0.0,0.0,0.0,0.0,0.0,0.0,0.0,0.0,0.0,0.0,0.0,0.0,0.0,0.0,0.0,0.0,0.0,0.0,0.0,0.0,0.0,0.0,0.0,0.0,0.0,0.0,0.0,0.0,0.0,0.0,0.0,0.0,0.0,0.0,0.0,0.0,0.0,0.0,0.0,0.0,0.0,0.0,0.0,0.0,0.0,0.0,0.0,0.0,0.0,0.0,0.0,0.0,0.0,0.0,0.0,0.0,0.0,0.0,0.0,0.0,0.0,0.0,0.0,0.0,0.0,0.0,0.0,0.0,0.0,0.0,0.0,0.0,0.0,0.0,0.0,0.0,0.0,0.0,0.0,0.0,0.0,0.0,0.0,0.0,0.0,0.0,0.0,0.0,0.0,0.0,0.0,0.0,0.0,0.0,0.0,0.0,0.0,0.0,0.0,0.0,0.0,0.0,0.0,0.0,0.0,0.0,0.0,0.0,0.0,0.0,0.0,0.0,0.0,0.0,0.0,0.0,0.0,0.0,0.0,0.0,0.0,0.0,0.0,0.0,0.0,0.0,0.0,0.0,0.0,0.0,0.0,0.0,0.0,0.0,0.0,0.0,0.0,0.0,0.0,0.0,0.0,0.0,0.0,0.0,0.0,0.0,0.0,0.0,0.0,0.0,0.0,0.0,0.0,0.0,0.0,0.0,0.0,0.0,0.0,0.0,0.0,0.0,0.0,0.0,0.0,0.0,0.0,0.0,0.0,0.0,0.0,0.0,0.0,0.0,0.0,0.0,0.0,0.0,0.0,0.0,0.0,0.0,0.0,0.0,0.0,0.0,0.0,0.0,0.0,0.0,0.0,0.0,0.0,0.0,0.0,0.0,0.0,0.0,0.0,0.0,0.0,0.0,0.0,0.0,0.0,0.0,0.0,0.0,0.0,0.0,0.0,0.0,0.0,0.0,0.0,0.0,0.0,0.0,0.0,0.0,0.0,0.0,0.0,0.0,0.0,0.0,0.0,0.0,0.0,0.0,0.0,0.0,0.0,0.0,0.0,0.0,0.0,0.0,0.0,0.0,0.0,0.0,0.0,0.0,0.0,0.0,0.0,0.0,0.0,0.0,0.0,0.0,0.0,0.0,0.0,0.0,0.0,0.0,0.0,0.0,0.0,0.0,0.0,0.0,0.0,0.0,0.0,0.0,0.0,0.0,0.0,0.0,0.0,0.0,0.0,0.0,0.0,0.0,0.0,0.0,0.0,0.0,0.0,0.0,0.0,0.0,0.0,0.0,0.0,0.0,0.0,0.0,0.0,0.0,0.0,0.0,0.0,0.0,0.0,0.0,0.0,0.0,0.0,0.0,0.0,0.0,0.0,0.0,0.0,0.0,0.0,0.0,0.0,0.0,0.0,0.0,0.0,0.0,0.0,0.0,0.0,0.0,0.0,0.0,0.0,0.0,0.0,0.0,0.0,0.0,0.0,0.0,0.0,0.0,0.0,0.0,0.0,0.0,0.0,0.0,0.0,0.0,0.0,0.0,0.0,0.0,0.0,0.0,0.0,0.0,0.0,0.0,0.0,0.0,0.0,0.0,0.0,0.0,0.0,0.0,0.0,0.0,0.0,0.0,0.0,0.0,0.0,0.0,0.0,0.0,0.0,0.0,0.0,0.0,0.0,0.0,0.0,0.0,0.0,0.0,0.0,0.0,0.0,0.0,0.0,0.0,0.0,0.0,0.0,0.0,0.0,0.0,0.0,0.0,0.0,0.0,0.0,0.0,0.0,0.0,0.0,0.0,0.0,0.0,0.0,0.0,0.0,0.0,0.0,0.0,0.0,0.0,0.0,0.0,0.0,0.0,0.0,0.0,0.0,0.0,0.0,0.0,0.0,0.0,0.0,0.0,0.0,0.0,0.0,0.0,0.0,0.0,0.0,0.0,0.0,0.0,0.0,0.0,0.0,0.0,0.0,0.0,0.0,0.0,0.0,0.0,0.0,0.0,0.0,0.0,0.0,0.0,0.0,0.0,0.0,0.0,0.0,0.0,0.0,0.0,0.0,0.0,0.0,0.0,0.0,0.0,0.0,0.0,0.0,0.0,0.0,0.0,0.0,0.0,0.0,0.0,0.0,0.0,0.0,0.0,0.0,0.0,0.0,0.0,0.0,0.0,0.0,0.0,0.0,0.0,0.0,0.0,0.0,0.0,0.0,0.0,0.0,0.0,0.0,0.0,0.0,0.0,0.0,0.0,0.0,0.0,0.0,0.0,0.0,0.0,0.0,0.0,0.0,0.0,0.0,0.0,0.0,0.0,0.0,0.0,0.0,0.0,0.0,0.0,0.0,0.0,0.0,0.0,0.0,0.0,0.0,0.0,0.0,0.0,0.0,0.0,0.0,0.0,0.0,0.0,0.0,0.0,0.0,0.0,0.0,0.0,0.0,0.0,0.0,0.0,0.0,0.0,0.0,0.0,0.0,0.0,0.0,0.0,0.0,0.0,0.0,0.0,0.0,0.0,0.0,0.0,0.0,0.0,0.0,0.0,0.0,0.0,0.0,0.0,0.0,0.0,0.0,0.0,0.0,0.0,0.0,0.0,0.0,0.0,0.0,0.0,0.0,0.0,0.0,0.0,0.0,0.0,0.0,0.0,0.0,0.0,0.0,0.0,0.0,0.0,0.0,0.0,0.0,0.0,0.0,0.0,0.0,0.0,0.0,0.0,0.0,0.0,0.0,0.0,0.0,0.0,0.0,0.0,0.0,0.0,0.0,0.0,0.0,0.0,0.0,0.0,0.0,0.0,0.0,0.0,0.0,0.0,0.0,0.0,0.0,0.0,0.0,0.0,0.0,0.0,0.0,0.0,0.0,0.0,0.0,0.0,0.0,0.0,0.0,0.0,0.0,0.0,0.0,0.0,0.0,0.0,0.0,0.0,0.0,0.0,0.0,0.0,0.0,0.0,0.0,0.0,0.0,0.0,0.0,0.0,0.0,0.0,0.0,0.0,0.0,0.0,0.0,0.0,0.0,0.0,0.0,0.0,0.0,0.0,0.0,0.0,0.0,0.0,0.0,0.0,0.0,0.0,0.0,0.0,0.0,0.0,0.0,0.0,0.0,0.0,0.0,0.0,0.0,0.0,0.0,0.0,0.0,0.0,0.0,0.0,0.0,0.0,0.0,0.0,0.0,0.0,0.0,0.0,0.0,0.0,0.0,0.0,0.0,0.0,0.0,0.0,0.0,0.0,0.0,0.0,0.0,0.0,0.0,0.0,0.0,0.0,0.0,0.0,0.0,0.0,0.0,0.0,0.0,0.0,0.0,0.0,0.0,0.0,0.0,0.0,0.0,0.0,0.0,0.0,0.0,0.0,0.0,0.0,0.0,0.0,0.0,0.0,0.0,0.0,0.0,0.0,0.0,0.0,0.0,0.0,0.0,0.0,0.0,0.0,0.0,0.0,0.0,0.0,0.0,0.0,0.0,0.0,0.0,0.0,0.0,0.0,0.0,0.0,0.0,0.0,0.0,0.0,0.0,0.0,0.0,0.0,0.0,0.0,0.0,0.0,0.0,0.0,0.0,0.0,0.0,0.0,0.0,0.0,0.0,0.0,0.0,0.0,0.0,0.0,0.0,0.0,0.0,0.0,0.0,0.0,0.0,0.0,0.0,0.0,0.0,0.0,0.0,0.0,0.0,0.0,0.0,0.0,0.0,0.0,0.0,0.0,0.0,0.0,0.0,0.0,0.0,0.0,0.0,0.0,0.0,0.0,0.0,0.0,0.0,0.0,0.0,0.0,0.0,0.0,0.0,0.0,0.0,0.0,0.0,0.0,0.0,0.0,0.0,0.0,0.0,0.0,0.0,0.0,0.0,0.0,0.0,0.0,0.0,0.0,0.0,0.0,0.0,0.0,0.0,0.0,0.0,0.0,0.0,0.0,0.0,0.0,0.0,0.0,0.0,0.0,0.0,0.0,0.0,0.0,0.0,0.0,0.0,0.0,0.0,0.0,0.0,0.0,0.0,0.0,0.0,0.0,0.0,0.0,0.0,0.0,0.0,0.0,0.0,0.0,0.0,0.0,0.0,0.0,0.0,0.0,0.0,0.0,0.0,0.0,0.0,0.0,0.0,0.0,0.0,0.0,0.0,0.0,0.0,0.0,0.0,0.0,0.0,0.0,0.0,0.0,0.0,0.0,0.0,0.0,0.0,0.0,0.0,0.0,0.0,0.0,0.0,0.0,0.0,0.0,0.0,0.0,0.0,0.0,0.0,0.0,0.0,0.0,0.0,0.0,0.0,0.0,0.0,0.0,0.0,0.0,0.0,0.0,0.0,0.0,0.0,0.0,0.0,0.0,0.0,0.0,0.0,0.0,0.0,0.0,0.0,0.0,0.0,0.0,0.0,0.0,0.0,0.0,0.0,0.0,0.0,0.0,0.0,0.0,0.0,0.0,0.0,0.0,0.0,0.0,0.0,0.0,0.0,0.0,0.0,0.0,0.0,0.0,0.0,0.0,0.0,0.0,0.0,0.0,0.0,0.0,0.0,0.0,0.0,0.0,0.0,0.0,0.0,0.0,0.0,0.0,0.0,0.0,0.0,0.0,0.0,0.0,0.0,0.0,0.0,0.0,0.0,0.0,0.0,0.0,0.0,0.0,0.0,0.0,0.0,0.0,0.0,0.0,0.0,0.0,0.0,0.0,0.0,0.0,0.0,0.0,0.0,0.0,0.0,0.0,0.0,0.0,0.0,0.0,0.0,0.0,0.0,0.0,0.0,0.0,0.0,0.0,0.0,0.0,0.0,0.0,0.0,0.0,0.0,0.0,0.0,0.0,0.0,0.0,0.0,0.0,0.0,0.0,0.0,0.0,0.0,0.0,0.0,0.0,0.0,0.0,0.0,0.0,0.0,0.0,0.0,0.0,0.0,0.0,0.0,0.0,0.0,0.0,0.0,0.0,0.0,0.0,0.0,0.0,0.0,0.0,0.0,0.0,0.0,0.0,0.0,0.0,0.0,0.0,0.0,0.0,0.0,0.0,0.0,0.0,0.0,0.0,0.0,0.0,0.0,0.0,0.0,0.0,0.0,0.0,0.0,0.0,0.0,0.0,0.0,0.0,0.0,0.0,0.0,0.0,0.0,0.0,0.0,0.0,0.0,0.0,0.0,0.0,0.0,0.0,0.0,0.0,0.0,0.0,0.0,0.0,0.0,0.0,0.0,0.0,0.0,0.0,0.0,0.0,0.0,0.0,0.0,0.0,0.0,0.0,0.0,0.0,0.0,0.0,0.0,0.0,0.0,0.0,0.0,0.0,0.0,0.0,0.0,0.0,0.0,0.0,0.0,0.0,0.0,0.0,0.0,0.0,0.0,0.0,0.0,0.0,0.0,0.0,0.0,0.0,0.0,0.0,0.0,0.0,0.0,0.0,0.0,0.0,0.0,0.0,0.0,0.0,0.0,0.0,0.0,0.0,0.0,0.0,0.0,0.0,0.0,0.0,0.0,0.0,0.0,0.0,0.0,0.0,0.0,0.0,0.0,0.0,0.0,0.0,0.0,0.0,0.0,0.0,0.0,0.0,0.0,0.0,0.0,0.0,0.0,0.0,0.0,0.0,0.0,0.0,0.0,0.0,0.0,0.0,0.0,0.0,0.0,0.0,0.0,0.0,0.0,0.0,0.0,0.0,0.0,0.0,0.0,0.0,0.0,0.0,0.0,0.0,0.0,0.0,0.0,0.0,0.0,0.0,0.0,0.0,0.0,0.0,0.0,0.0,0.0,0.0,0.0,0.0,0.0,0.0,0.0,0.0,0.0,0.0,0.0,0.0,0.0,0.0,0.0,0.0,0.0,0.0,0.0,0.0,0.0,0.0,0.0,0.0,0.0,0.0,0.0,0.0,0.0,0.0,0.0,0.0,0.0,0.0,0.0,0.0,0.0,0.0,0.0,0.0,0.0,0.0,0.0,0.0,0.0,0.0,0.0,0.0,0.0,0.0,0.0,0.0,0.0,0.0,0.0,0.0,0.0,0.0,0.0,0.0,0.0,0.0,0.0,0.0,0.0,0.0,0.0,0.0,0.0,0.0,0.0,0.0,0.0,0.0,0.0,0.0,0.0,0.0,0.0,0.0,0.0,0.0,0.0,0.0,0.0,0.0,0.0,0.0,0.0,0.0,0.0,0.0,0.0,0.0,0.0,0.0,0.0,0.0,0.0,0.0,0.0,0.0,0.0,0.0,0.0,0.0,0.0,0.0,0.0,0.0,0.0,0.0,0.0,0.0,0.0,0.0,0.0,0.0,0.0,0.0,0.0,0.0,0.0,0.0,0.0,0.0,0.0,0.0,0.0,0.0,0.0,0.0,0.0,0.0,0.0,0.0,0.0,0.0,0.0,0.0,0.0,0.0,0.0,0.0,0.0,0.0,0.0,0.0,0.0,0.0,0.0,0.0,0.0,0.0,0.0,0.0,0.0,0.0,0.0,0.0,0.0,0.0,0.0,0.0,0.0,0.0,0.0,0.0,0.0,0.0,0.0,0.0,0.0,0.0,0.0,0.0,0.0,0.0,0.0,0.0,0.0,0.0,0.0,0.0,0.0,0.0,0.0,0.0,0.0,0.0,0.0,0.0,0.0,0.0,0.0,0.0,0.0,0.0,0.0,0.0,0.0,0.0,0.0,0.0,0.0,0.0,0.0,0.0,0.0,0.0,0.0,0.0,0.0,0.0,0.0,0.0,0.0,0.0,0.0,0.0,0.0,0.0,0.0,0.0,0.0,0.0,0.0,0.0,0.0,0.0,0.0,0.0,0.0,0.0,0.0,0.0,0.0,0.0,0.0,0.0,0.0,0.0,0.0,0.0,0.0,0.0,0.0,0.0,0.0,0.0,0.0,0.0,0.0,0.0,0.0,0.0,0.0,0.0,0.0,0.0,0.0,0.0,0.0,0.0,0.0,0.0,0.0,0.0,0.0,0.0,0.0,0.0,0.0,0.0,0.0,0.0,0.0,0.0,0.0,0.0,0.0,0.0,0.0,0.0,0.0,0.0,0.0,0.0,0.0,0.0,0.0,0.0,0.0,0.0,0.0,0.0,0.0,0.0,0.0,0.0,0.0,0.0,0.0,0.0,0.0,0.0,0.0,0.0,0.0,0.0,0.0,0.0,0.0,0.0,0.0,0.0,0.0,0.0,0.0,0.0,0.0,0.0,0.0,0.0,0.0,0.0,0.0,0.0,0.0,0.0,0.0,0.0,0.0,0.0,0.0,0.0,0.0,0.0,0.0,0.0,0.0,0.0,0.0,0.0,0.0,0.0,0.0,0.0,0.0,0.0,0.0,0.0,0.0,0.0,0.0,0.0,0.0,0.0,0.0,0.0,0.0,0.0,0.0,0.0,0.0,0.0,0.0,0.0,0.0,0.0,0.0,0.0,0.0,0.0,0.0,0.0,0.0,0.0,0.0,0.0,0.0,0.0,0.0,0.0,0.0,0.0,0.0,0.0,0.0,0.0,0.0,0.0,0.0,0.0,0.0,0.0,0.0,0.0,0.0,0.0,0.0,0.0,0.0,0.0,0.0,0.0,0.0,0.0,0.0,0.0,0.0,0.0,0.0,0.0,0.0,0.0,0.0,0.0,0.0,0.0,0.0,0.0,0.0,0.0,0.0,0.0,0.0,0.0,0.0,0.0,0.0,0.0,0.0,0.0,0.0,0.0,0.0,0.0,0.0,0.0,0.0,0.0,0.0,0.0,0.0,0.0,0.0,0.0,0.0,0.0,0.0,0.0,0.0,0.0,0.0,0.0,0.0,0.0,0.0,0.0,0.0,0.0,0.0,0.0,0.0,0.0,0.0,0.0,0.0,0.0,0.0,0.0,0.0,0.0,0.0,0.0,0.0,0.0,0.0,0.0,0.0,0.0,0.0,0.0,0.0,0.0,0.0,0.0,0.0,0.0,0.0,0.0,0.0,0.0,0.0,0.0,0.0,0.0,0.0,0.0,0.0,0.0,0.0,0.0,0.0,0.0,0.0,0.0,0.0,0.0,0.0,0.0,0.0,0.0,0.0,0.0,0.0,0.0,0.0,0.0,0.0,0.0,0.0,0.0,0.0,0.0,0.0,0.0,0.0,0.0,0.0,0.0,0.0,0.0,0.0,0.0,0.0,0.0,0.0,0.0,0.0,0.0,0.0,0.0,0.0,0.0,0.0,0.0,0.0,0.0,0.0,0.0,0.0,0.0,0.0,0.0,0.0,0.0,0.0,0.0,0.0,0.0,0.0,0.0,0.0,0.0,0.0,0.0,0.0,0.0,0.0,0.0,0.0,0.0,0.0,0.0,0.0,0.0,0.0,0.0,0.0,0.0,0.0,0.0,0.0,0.0,0.0,0.0,0.0,0.0,0.0,0.0,0.0,0.0,0.0,0.0,0.0,0.0,0.0,0.0,0.0,0.0,0.0,0.0,0.0,0.0,0.0,0.0,0.0,0.0,0.0,0.0,0.0,0.0,0.0,0.0,0.0,0.0,0.0,0.0,0.0,0.0,0.0,0.0,0.0,0.0,0.0,0.0,0.0,0.0,0.0,0.0,0.0,0.0,0.0,0.0,0.0,0.0,0.0,0.0,0.0,0.0,0.0,0.0,0.0,0.0,0.0,0.0,0.0,0.0,0.0,0.0,0.0,0.0,0.0,0.0,0.0,0.0,0.0,0.0,0.0,0.0,0.0,0.0,0.0,0.0,0.0,0.0,0.0,0.0,0.0,0.0,0.0,0.0,0.0,0.0,0.0,0.0,0.0,0.0,0.0,0.0,0.0,0.0,0.0,0.0,0.0,0.0,0.0,0.0,0.0,0.0,0.0,0.0,0.0,0.0,0.0,0.0,0.0,0.0,0.0,0.0,0.0,0.0,0.0,0.0,0.0,0.0,0.0,0.0,0.0,0.0,0.0,0.0,0.0,0.0,0.0,0.0,0.0,0.0,0.0,0.0,0.0,0.0,0.0,0.0,0.0,0.0,0.0,0.0,0.0,0.0,0.0,0.0,0.0,0.0,0.0,0.0,0.0,0.0,0.0,0.0,0.0,0.0,0.0,0.0,0.0,0.0,0.0,0.0,0.0,0.0,0.0,0.0,0.0,0.0,0.0,0.0,0.0,0.0,0.0,0.0,0.0,0.0,0.0,0.0,0.0,0.0,0.0,0.0,0.0,0.0,0.0,0.0,0.0,0.0,0.0,0.0,0.0,0.0,0.0,0.0,0.0,0.0,0.0,0.0,0.0,0.0,0.0,0.0,0.0,0.0,0.0,0.0,0.0,0.0,0.0,0.0,0.0,0.0,0.0,0.0,0.0,0.0,0.0,0.0,0.0,0.0,0.0,0.0,0.0,0.0,0.0,0.0,0.0,0.0,0.0,0.0,0.0,0.0,0.0,0.0,0.0,0.0,0.0,0.0,0.0,0.0,0.0,0.0,0.0,0.0,0.0,0.0,0.0,0.0,0.0,0.0,0.0,0.0,0.0,0.0,0.0,0.0,0.0,0.0,0.0,0.0,0.0,0.0,0.0,0.0,0.0,0.0,0.0,0.0,0.0,0.0,0.0,0.0,0.0,0.0,0.0,0.0,0.0,0.0,0.0,0.0,0.0,0.0,0.0,0.0,0.0,0.0,0.0,0.0,0.0,0.0,0.0,0.0,0.0,0.0,0.0,0.0,0.0,0.0,0.0,0.0,0.0,0.0,0.0,0.0,0.0,0.0,0.0,0.0,0.0,0.0,0.0,0.0,0.0,0.0,0.0,0.0,0.0,0.0,0.0,0.0,0.0,0.0,0.0,0.0,0.0,0.0,0.0,0.0,0.0,0.0,0.0,0.0,0.0,0.0,0.0,0.0,0.0,0.0,0.0,0.0,0.0,0.0,0.0,0.0,0.0,0.0,0.0,0.0,0.0,0.0,0.0,0.0,0.0,0.0,0.0,0.0,0.0,0.0,0.0,0.0,0.0,0.0,0.0,0.0,0.0,0.0,0.0,0.0,0.0,0.0,0.0,0.0,0.0,0.0,0.0,0.0,0.0,0.0,0.0,0.0,0.0,0.0,0.0,0.0,0.0,0.0,0.0,0.0,0.0,0.0,0.0,0.0,0.0,0.0,0.0,0.0,0.0,0.0,0.0,0.0,0.0,0.0,0.0,0.0,0.0,0.0,0.0,0.0,0.0,0.0,0.0,0.0,0.0,0.0,0.0,0.0,0.0,0.0,0.0,0.0,0.0,0.0,0.0,0.0,0.0,0.0,0.0,0.0,0.0,0.0,0.0,0.0,0.0,0.0,0.0,0.0,0.0,0.0,0.0,0.0,0.0,0.0,0.0,0.0,0.0,0.0,0.0,0.0,0.0,0.0,0.0,0.0,0.0,0.0,0.0,0.0,0.0,0.0,0.0,0.0,0.0,0.0,0.0,0.0,0.0,0.0,0.0,0.0,0.0,0.0,0.0,0.0,0.0,0.0,0.0,0.0,0.0,0.0,0.0,0.0,0.0,0.0,0.0,0.0,0.0,0.0,0.0,0.0,0.0,0.0,0.0,0.0,0.0,0.0,0.0,0.0,0.0,0.0,0.0,0.0,0.0,0.0,0.0,0.0,0.0,0.0,0.0,0.0,0.0,0.0,0.0,0.0,0.0,0.0,0.0,0.0,0.0,0.0,0.0,0.0,0.0,0.0,0.0,0.0,0.0,0.0,0.0,0.0,0.0,0.0,0.0,0.0,0.0,0.0,0.0,0.0,0.0,0.0,0.0,0.0,0.0,0.0,0.0,0.0,0.0,0.0,0.0,0.0,0.0,0.0,0.0,0.0,0.0,0.0,0.0,0.0,0.0,0.0,0.0,0.0,0.0,0.0,0.0,0.0,0.0,0.0,0.0,0.0,0.0,0.0,0.0,0.0,0.0,0.0,0.0,0.0,0.0,0.0,0.0,0.0,0.0,0.0,0.0,0.0,0.0,0.0,0.0,0.0,0.0,0.0,0.0,0.0,0.0,0.0,0.0,0.0,0.0,0.0,0.0,0.0,0.0,0.0,0.0,0.0,0.0,0.0,0.0,0.0,0.0,0.0,0.0,0.0,0.0,0.0,0.0,0.0,0.0,0.0,0.0,0.0,0.0,0.0,0.0,0.0,0.0,0.0,0.0,0.0,0.0,0.0,0.0,0.0,0.0,0.0,0.0,0.0,0.0,0.0,0.0,0.0,0.0,0.0,0.0,0.0,0.0,0.0,0.0,0.0,0.0,0.0,0.0,0.0,0.0,0.0,0.0,0.0,0.0,0.0,0.0,0.0,0.0,0.0,0.0,0.0,0.0,0.0,0.0,0.0,0.0,0.0,0.0,0.0,0.0,0.0,0.0,0.0,0.0,0.0,0.0,0.0,0.0,0.0,0.0,0.0,0.0,0.0,0.0,0.0,0.0,0.0,0.0,0.0,0.0,0.0,0.0,0.0,0.0,0.0,0.0,0.0,0.0,0.0,0.0,0.0,0.0,0.0,0.0,0.0,0.0,0.0,0.0,0.0,0.0,0.0,0.0,0.0,0.0,0.0,0.0,0.0,0.0,0.0,0.0,0.0,0.0,0.0,0.0,0.0,0.0,0.0,0.0,0.0,0.0,0.0,0.0,0.0,0.0,0.0,0.0,0.0,0.0,0.0,0.0,0.0,0.0,0.0,0.0,0.0,0.0,0.0,0.0,0.0,0.0,0.0,0.0,0.0,0.0,0.0,0.0,0.0,0.0,0.0,0.0,0.0,0.0,0.0,0.0,0.0,0.0,0.0,0.0,0.0,0.0,0.0,0.0,0.0,0.0,0.0,0.0,0.0,0.0,0.0,0.0,0.0,0.0,0.0,0.0,0.0,0.0,0.0,0.0,0.0,0.0,0.0,0.0,0.0,0.0,0.0,0.0,0.0,0.0,0.0,0.0,0.0,0.0,0.0,0.0,0.0,0.0,0.0,0.0,0.0,0.0,0.0,0.0,0.0,0.0,0.0,0.0,0.0,0.0,0.0,0.0,0.0,0.0,0.0,0.0,0.0,0.0,0.0,0.0,0.0,0.0,0.0,0.0,0.0,0.0,0.0,0.0,0.0,0.0,0.0,0.0,0.0,0.0,0.0,0.0,0.0,0.0,0.0,0.0,0.0,0.0,0.0,0.0,0.0,0.0,0.0,0.0,0.0,0.0,0.0,0.0,0.0,0.0,0.0,0.0,0.0,0.0,0.0,0.0,0.0,0.0,0.0,0.0,0.0,0.0,0.0,0.0,0.0,0.0,0.0,0.0,0.0,0.0,0.0,0.0,0.0,0.0,0.0,0.0,0.0,0.0,0.0,0.0,0.0,0.0,0.0,0.0,0.0,0.0,0.0,0.0,0.0,0.0,0.0,0.0,0.0,0.0,0.0,0.0,0.0,0.0,0.0,0.0,0.0,0.0,0.0,0.0,0.0,0.0,0.0,0.0,0.0,0.0,0.0,0.0,0.0,0.0,0.0,0.0,0.0,0.0,0.0,0.0,0.0,0.0,0.0,0.0,0.0,0.0,0.0,0.0,0.0,0.0,0.0,0.0,0.0,0.0,0.0,0.0,0.0,0.0,0.0,0.0,0.0,0.0,0.0,0.0,0.0,0.0,0.0,0.0,0.0,0.0,0.0,0.0,0.0,0.0,0.0,0.0,0.0,0.0,0.0,0.0,0.0,0.0,0.0,0.0,0.0,0.0,0.0,0.0,0.0,0.0,0.0,0.0,0.0,0.0,0.0,0.0,0.0,0.0,0.0,0.0,0.0,0.0,0.0,0.0,0.0,0.0,0.0,0.0,0.0,0.0,0.0,0.0,0.0,0.0,0.0,0.0,0.0,0.0,0.0,0.0,0.0,0.0,0.0,0.0,0.0,0.0,0.0,0.0,0.0,0.0,0.0,0.0,0.0,0.0,0.0,0.0,0.0,0.0,0.0,0.0,0.0,0.0,0.0,0.0,0.0,0.0,0.0,0.0,0.0,0.0,0.0,0.0,0.0,0.0,0.0,0.0,0.0,0.0,0.0,0.0,0.0,0.0,0.0,0.0,0.0,0.0,0.0,0.0,0.0,0.0,0.0,0.0,0.0,0.0,0.0,0.0,0.0,0.0,0.0,0.0,0.0,0.0,0.0,0.0,0.0,0.0,0.0,0.0,0.0,0.0,0.0,0.0,0.0,0.0,0.0,0.0,0.0,0.0,0.0,0.0,0.0,0.0,0.0,0.0,0.0,0.0,0.0,0.0,0.0,0.0,0.0,0.0,0.0,0.0,0.0,0.0,0.0,0.0,0.0,0.0,0.0,0.0,0.0,0.0,0.0,0.0,0.0,0.0,0.0,0.0,0.0,0.0,0.0,0.0,0.0,0.0,0.0,0.0,0.0,0.0,0.0,0.0,0.0,0.0,0.0,0.0,0.0,0.0,0.0,0.0,0.0,0.0,0.0,0.0,0.0,0.0,0.0,0.0,0.0,0.0,0.0,0.0,0.0,0.0,0.0,0.0,0.0,0.0,0.0,0.0,0.0,0.0,0.0,0.0,0.0,0.0,0.0,0.0,0.0,0.0,0.0,0.0,0.0,0.0,0.0,0.0,0.0,0.0,0.0,0.0,0.0,0.0,0.0,0.0,0.0,0.0,0.0,0.0,0.0,0.0,0.0,0.0,0.0,0.0,0.0,0.0,0.0,0.0,0.0,0.0,0.0,0.0,0.0,0.0,0.0,0.0,0.0,0.0,0.0,0.0,0.0,0.0,0.0,0.0,0.0,0.0,0.0,0.0,0.0,0.0,0.0,0.0,0.0,0.0,0.0,0.0,0.0,0.0,0.0,0.0,0.0,0.0,0.0,0.0,0.0,0.0,0.0,0.0,0.0,0.0,0.0,0.0,0.0,0.0,0.0,0.0,0.0,0.0,0.0,0.0,0.0,0.0,0.0,0.0,0.0,0.0,0.0,0.0,0.0,0.0,0.0,0.0,0.0,0.0,0.0,0.0,0.0,0.0,0.0,0.0,0.0,0.0,0.0,0.0,0.0,0.0,0.0,0.0,0.0,0.0,0.0,0.0,0.0,0.0,0.0,0.0,0.0,0.0,0.0,0.0,0.0,0.0,0.0,0.0,0.0,0.0,0.0,0.0,0.0,0.0,0.0,0.0,0.0,0.0,0.0,0.0,0.0,0.0,0.0,0.0,0.0,0.0,0.0,0.0,0.0,0.0,0.0,0.0,0.0,0.0,0.0,0.0,0.0,0.0,0.0,0.0,0.0,0.0,0.0,0.0,0.0,0.0,0.0,0.0,0.0,0.0,0.0,0.0,0.0,0.0,0.0,0.0,0.0,0.0,0.0,0.0,0.0,0.0,0.0,0.0,0.0,0.0,0.0,0.0,0.0,0.0,0.0,0.0,0.0,0.0,0.0,0.0,0.0,0.0,0.0,0.0,0.0,0.0,0.0,0.0,0.0,0.0,0.0,0.0,0.0,0.0,0.0,0.0,0.0,0.0,0.0,0.0,0.0,0.0,0.0,0.0,0.0,0.0,0.0,0.0,0.0,0.0,0.0,0.0,0.0,0.0,0.0,0.0,0.0,0.0,0.0,0.0,0.0,0.0,0.0,0.0,0.0,0.0,0.0,0.0,0.0,0.0,0.0,0.0,0.0,0.0,0.0,0.0,0.0,0.0,0.0,0.0,0.0,0.0,0.0,0.0,0.0,0.0,0.0,0.0,0.0,0.0,0.0,0.0,0.0,0.0,0.0,0.0,0.0,0.0,0.0,0.0,0.0,0.0,0.0,0.0,0.0,0.0,0.0,0.0,0.0,0.0,0.0,0.0,0.0,0.0,0.0,0.0,0.0,0.0,0.0,0.0,0.0,0.0,0.0,0.0,0.0,0.0,0.0,0.0,0.0,0.0,0.0,0.0,0.0,0.0,0.0,0.0,0.0,0.0,0.0,0.0,0.0,0.0,0.0,0.0,0.0,0.0,0.0,0.0,0.0,0.0,0.0,0.0,0.0,0.0,0.0,0.0,0.0,0.0,0.0,0.0,0.0,0.0,0.0,0.0,0.0,0.0,0.0,0.0,0.0,0.0,0.0,0.0,0.0,0.0,0.0,0.0,0.0,0.0,0.0,0.0,0.0,0.0,0.0,0.0,0.0,0.0,0.0,0.0,0.0,0.0,0.0,0.0,0.0,0.0,0.0,0.0,0.0,0.0,0.0,0.0,0.0,0.0,0.0,0.0,0.0,0.0,0.0,0.0,0.0,0.0,0.0,0.0,0.0,0.0,0.0,0.0,0.0,0.0,0.0,0.0,0.0,0.0,0.0,0.0,0.0,0.0,0.0,0.0,0.0,0.0,0.0,0.0,0.0,0.0,0.0,0.0,0.0,0.0,0.0,0.0,0.0,0.0,0.0,0.0,0.0,0.0,0.0,0.0,0.0,0.0,0.0,0.0,0.0,0.0,0.0,0.0,0.0,0.0,0.0,0.0,0.0,0.0,0.0,0.0,0.0,0.0,0.0,0.0,0.0,0.0,0.0,0.0,0.0,0.0,0.0,0.0,0.0,0.0,0.0,0.0,0.0,0.0,0.0,0.0,0.0,0.0,0.0,0.0,0.0,0.0,0.0,0.0,0.0,0.0,0.0,0.0,0.0,0.0,0.0,0.0,0.0,0.0,0.0,0.0,0.0,0.0,0.0,0.0,0.0,0.0,0.0,0.0,0.0,0.0,0.0,0.0,0.0,0.0,0.0,0.0,0.0,0.0,0.0,0.0,0.0,0.0,0.0,0.0,0.0,0.0,0.0,0.0,0.0,0.0,0.0,0.0,0.0,0.0,0.0,0.0,0.0,0.0,0.0,0.0,0.0,0.0,0.0,0.0,0.0,0.0,0.0,0.0,0.0,0.0,0.0,0.0,0.0,0.0,0.0,0.0,0.0,0.0,0.0,0.0,0.0,0.0,0.0,0.0,0.0,0.0,0.0,0.0,0.0,0.0,0.0,0.0,0.0,0.0,0.0,0.0,0.0,0.0,0.0,0.0,0.0,0.0,0.0,0.0,0.0,0.0,0.0,0.0,0.0,0.0,0.0,0.0,0.0,0.0,0.0,0.0,0.0,0.0,0.0,0.0,0.0,0.0,0.0,0.0,0.0,0.0,0.0,0.0,0.0,0.0,0.0,0.0,0.0,0.0,0.0,0.0,0.0,0.0,0.0,0.0,0.0,0.0,0.0,0.0,0.0,0.0,0.0,0.0,0.0,0.0,0.0,0.0,0.0,0.0,0.0,0.0,0.0,0.0,0.0,0.0,0.0,0.0,0.0,0.0,0.0,0.0,0.0,0.0,0.0,0.0,0.0,0.0,0.0,0.0,0.0,0.0,0.0,0.0,0.0,0.0,0.0,0.0,0.0,0.0,0.0,0.0,0.0,0.0,0.0,0.0,0.0,0.0,0.0,0.0,0.0,0.0,0.0,0.0,0.0,0.0,0.0,0.0,0.0,0.0,0.0,0.0,0.0,0.0,0.0,0.0,0.0,0.0,0.0,0.0,0.0,0.0,0.0,0.0,0.0,0.0,0.0,0.0,0.0,0.0,0.0,0.0,0.0,0.0,0.0,0.0,0.0,0.0,0.0,0.0,0.0,0.0,0.0,0.0,0.0,0.0,0.0,0.0,0.0,0.0,0.0,0.0,0.0,0.0,0.0,0.0,0.0,0.0,0.0,0.0,0.0,0.0,0.0,0.0,0.0,0.0,0.0,0.0,0.0,0.0,0.0,0.0,0.0,0.0,0.0,0.0,0.0,0.0,0.0,0.0,0.0,0.0,0.0,0.0,0.0,0.0,0.0,0.0,0.0,0.0,0.0,0.0,0.0,0.0,0.0,0.0,0.0,0.0,0.0,0.0,0.0,0.0,0.0,0.0,0.0,0.0,0.0,0.0,0.0,0.0,0.0,0.0,0.0,0.0,0.0,0.0,0.0,0.0,0.0,0.0,0.0,0.0,0.0,0.0,0.0,0.0,0.0,0.0,0.0,0.0,0.0,0.0,0.0,0.0,0.0,0.0,0.0,0.0,0.0,0.0,0.0,0.0,0.0,0.0,0.0,0.0,0.0,0.0,0.0,0.0,0.0,0.0,0.0,0.0,0.0,0.0,0.0,0.0,0.0,0.0,0.0,0.0,0.0,0.0,0.0,0.0,0.0,0.0,0.0,0.0,0.0,0.0,0.0,0.0,0.0,0.0,0.0,0.0,0.0,0.0,0.0,0.0,0.0,0.0,0.0,0.0,0.0,0.0,0.0,0.0,0.0,0.0,0.0,0.0,0.0,0.0,0.0,0.0,0.0,0.0,0.0,0.0,0.0,0.0,0.0,0.0,0.0,0.0,0.0,0.0,0.0,0.0,0.0,0.0,0.0,0.0,0.0,0.0,0.0,0.0,0.0,0.0,0.0,0.0,0.0,0.0,0.0,0.0,0.0,0.0,0.0,0.0,0.0,0.0,0.0,0.0,0.0,0.0,0.0,0.0,0.0,0.0,0.0,0.0,0.0,0.0,0.0,0.0,0.0,0.0,0.0,0.0,0.0,0.0,0.0,0.0,0.0,0.0,0.0,0.0,0.0,0.0,0.0,0.0,0.0,0.0,0.0,0.0,0.0,0.0,0.0,0.0,0.0,0.0,0.0,0.0,0.0,0.0,0.0,0.0,0.0,0.0,0.0,0.0,0.0,0.0,0.0,0.0,0.0,0.0,0.0,0.0,0.0,0.0,0.0,0.0,0.0,0.0,0.0,0.0,0.0,0.0,0.0,0.0,0.0,0.0,0.0,0.0,0.0,0.0,0.0,0.0,0.0,0.0,0.0,0.0,0.0,0.0,0.0,0.0,0.0,0.0,0.0,0.0,0.0,0.0,0.0,0.0,0.0,0.0,0.0,0.0,0.0,0.0,0.0,0.0,0.0,0.0,0.0,0.0,0.0,0.0,0.0,0.0,0.0,0.0,0.0,0.0,0.0,0.0,0.0,0.0,0.0,0.0,0.0,0.0,0.0,0.0,0.0,0.0,0.0,0.0,0.0,0.0,0.0,0.0,0.0,0.0,0.0,0.0,0.0,0.0,0.0,0.0,0.0,0.0,0.0,0.0,0.0,0.0,0.0,0.0,0.0,0.0,0.0,0.0,0.0,0.0,0.0,0.0,0.0,0.0,0.0,0.0,0.0,0.0,0.0,0.0,0.0,0.0,0.0,0.0,0.0,0.0,0.0,0.0,0.0,0.0,0.0,0.0,0.0,0.0,0.0,0.0,0.0,0.0,0.0,0.0,0.0,0.0,0.0,0.0,0.0,0.0,0.0,0.0,0.0,0.0,0.0,0.0,0.0,0.0,0.0,0.0,0.0,0.0,0.0,0.0,0.0,0.0,0.0,0.0,0.0,0.0,0.0,0.0,0.0,0.0,0.0,0.0,0.0,0.0,0.0,0.0,0.0,0.0,0.0,0.0,0.0,0.0,0.0,0.0,0.0,0.0,0.0,0.0,0.0,0.0,0.0,0.0,0.0,0.0,0.0,0.0,0.0,0.0,0.0,0.0,0.0,0.0,0.0,0.0,0.0,0.0,0.0,0.0,0.0,0.0,0.0,0.0,0.0,0.0,0.0,0.0,0.0,0.0,0.0,0.0,0.0,0.0,0.0,0.0,0.0,0.0,0.0,0.0,0.0,0.0,0.0,0.0,0.0,0.0,0.0,0.0,0.0,0.0,0.0,0.0,0.0,0.0,0.0,0.0,0.0,0.0,0.0,0.0,0.0,0.0,0.0,0.0,0.0,0.0,0.0,0.0,0.0,0.0,0.0,0.0,0.0,0.0,0.0,0.0,0.0,0.0,0.0,0.0,0.0,0.0,0.0,0.0,0.0,0.0,0.0,0.0,0.0,0.0,0.0,0.0,0.0,0.0,0.0,0.0,0.0,0.0,0.0,0.0,0.0,0.0,0.0,0.0,0.0,0.0,0.0,0.0,0.0,0.0,0.0,0.0,0.0,0.0,0.0,0.0,0.0,0.0,0.0,0.0,0.0,0.0,0.0,0.0,0.0,0.0,0.0,0.0,0.0,0.0,0.0,0.0,0.0,0.0,0.0,0.0,0.0,0.0,0.0,0.0,0.0,0.0,0.0,0.0,0.0,0.0,0.0,0.0,0.0,0.0,0.0,0.0,0.0,0.0,0.0,0.0,0.0,0.0,0.0,0.0,0.0,0.0,0.0,0.0,0.0,0.0,0.0,0.0,0.0,0.0,0.0,0.0,0.0,0.0,0.0,0.0,0.0,0.0,0.0,0.0,0.0,0.0,0.0,0.0,0.0,0.0,0.0,0.0,0.0,0.0,0.0,0.0,0.0,0.0,0.0,0.0,0.0,0.0,0.0,0.0,0.0,0.0,0.0,0.0,0.0,0.0,0.0,0.0,0.0,0.0,0.0,0.0,0.0,0.0,0.0,0.0,0.0,0.0,0.0,0.0,0.0,0.0,0.0,0.0,0.0,0.0,0.0,0.0,0.0,0.0,0.0,0.0,0.0,0.0,0.0,0.0,0.0,0.0,0.0,0.0,0.0,0.0,0.0,0.0,0.0,0.0,0.0,0.0,0.0,0.0,0.0,0.0,0.0,0.0,0.0,0.0,0.0,0.0,0.0,0.0,0.0,0.0,0.0,0.0,0.0,0.0,0.0,0.0,0.0,0.0,0.0,0.0,0.0,0.0,0.0,0.0,0.0,0.0,0.0,0.0,0.0,0.0,0.0,0.0,0.0,0.0,0.0,0.0,0.0,0.0,0.0,0.0,0.0,0.0,0.0,0.0,0.0,0.0,0.0,0.0,0.0,0.0,0.0,0.0,0.0,0.0,0.0,0.0,0.0,0.0,0.0,0.0,0.0,0.0,0.0,0.0,0.0,0.0,0.0,0.0,0.0,0.0,0.0,0.0,0.0,0.0,0.0,0.0,0.0,0.0,0.0,0.0,0.0,0.0,0.0,0.0,0.0,0.0,0.0,0.0,0.0,0.0,0.0,0.0,0.0,0.0,0.0,0.0,0.0,0.0,0.0,0.0,0.0,0.0,0.0,0.0,0.0,0.0,0.0,0.0,0.0,0.0,0.0,0.0,0.0,0.0,0.0,0.0,0.0,0.0,0.0,0.0,0.0,0.0,0.0,0.0,0.0,0.0,0.0,0.0,0.0,0.0,0.0,0.0,0.0,0.0,0.0,0.0,0.0,0.0,0.0,0.0,0.0,0.0,0.0,0.0,0.0,0.0,0.0,0.0,0.0,0.0,0.0,0.0,0.0,0.0,0.0,0.0,0.0,0.0,0.0,0.0,0.0,0.0,0.0,0.0,0.0,0.0,0.0,0.0,0.0,0.0,0.0,0.0,0.0,0.0,0.0,0.0,0.0,0.0,0.0,0.0,0.0,0.0,0.0,0.0,0.0,0.0,0.0,0.0,0.0,0.0,0.0,0.0,0.0,0.0,0.0,0.0,0.0,0.0,0.0,0.0,0.0,0.0,0.0,0.0,0.0,0.0,0.0,0.0,0.0,0.0,0.0,0.0,0.0,0.0,0.0,0.0,0.0,0.0,0.0,0.0,0.0,0.0,0.0,0.0,0.0,0.0,0.0,0.0,0.0,0.0,0.0,0.0,0.0,0.0,0.0,0.0,0.0,0.0,0.0,0.0,0.0,0.0,0.0,0.0,0.0,0.0,0.0,0.0,0.0,0.0,0.0,0.0,0.0,0.0,0.0,0.0,0.0,0.0,0.0,0.0,0.0,0.0,0.0,0.0,0.0,0.0,0.0,0.0,0.0,0.0,0.0,0.0,0.0,0.0,0.0,0.0,0.0,0.0,0.0,0.0,0.0,0.0,0.0,0.0,0.0,0.0,0.0,0.0,0.0,0.0,0.0,0.0,0.0,0.0,0.0,0.0,0.0,0.0,0.0,0.0,0.0,0.0,0.0,0.0,0.0,0.0,0.0,0.0,0.0,0.0,0.0,0.0,0.0,0.0,0.0,0.0,0.0,0.0,0.0,0.0,0.0,0.0,0.0,0.0,0.0,0.0,0.0,0.0,0.0,0.0,0.0,0.0,0.0,0.0,0.0,0.0,0.0,0.0,0.0,0.0,0.0,0.0,0.0,0.0,0.0,0.0,0.0,0.0,0.0,0.0,0.0,0.0,0.0,0.0,0.0,0.0,0.0,0.0,0.0,0.0,0.0,0.0,0.0,0.0,0.0,0.0,0.0,0.0,0.0,0.0,0.0,0.0,0.0,0.0,0.0,0.0,0.0,0.0,0.0,0.0,0.0,0.0,0.0,0.0,0.0,0.0,0.0,0.0,0.0,0.0,0.0,0.0,0.0,0.0,0.0,0.0,0.0,0.0,0.0,0.0,0.0,0.0,0.0,0.0,0.0,0.0,0.0,0.0,0.0,0.0,0.0,0.0,0.0,0.0,0.0,0.0,0.0,0.0,0.0,0.0,0.0,0.0,0.0,0.0,0.0,0.0,0.0,0.0,0.0,0.0,0.0,0.0,0.0,0.0,0.0,0.0,0.0,0.0,0.0,0.0,0.0,0.0,0.0,0.0,0.0,0.0,0.0,0.0,0.0,0.0,0.0,0.0,0.0,0.0,0.0,0.0,0.0,0.0,0.0,0.0,0.0,0.0,0.0,0.0,0.0,0.0,0.0,0.0,0.0,0.0,0.0,0.0,0.0,0.0,0.0,0.0,0.0,0.0,0.0,0.0,0.0,0.0,0.0,0.0,0.0,0.0,0.0,0.0,0.0,0.0,0.0,0.0,0.0,0.0,0.0,0.0,0.0,0.0,0.0,0.0,0.0,0.0,0.0,0.0,0.0,0.0,0.0,0.0,0.0,0.0,0.0,0.0,0.0,0.0,0.0,0.0,0.0,0.0,0.0,0.0,0.0,0.0,0.0,0.0,0.0,0.0,0.0,0.0,0.0,0.0,0.0,0.0,0.0,0.0,0.0,0.0,0.0,0.0,0.0,0.0,0.0,0.0,0.0,0.0,0.0,0.0,0.0,0.0,0.0,0.0,0.0,0.0,0.0,0.0,0.0,0.0,0.0,0.0,0.0,0.0,0.0,0.0,0.0,0.0,0.0,0.0,0.0,0.0,0.0,0.0,0.0,0.0,0.0,0.0,0.0,0.0,0.0,0.0,0.0,0.0,0.0,0.0,0.0,0.0,0.0,0.0,0.0,0.0,0.0,0.0,0.0,0.0,0.0,0.0,0.0,0.0,0.0,0.0,0.0,0.0,0.0,0.0,0.0,0.0,0.0,0.0,0.0,0.0,0.0,0.0,0.0,0.0,0.0,0.0,0.0,0.0,0.0,0.0,0.0,0.0,0.0,0.0,0.0,0.0,0.0,0.0,0.0,0.0,0.0,0.0,0.0,0.0,0.0,0.0,0.0,0.0,0.0,0.0,0.0,0.0,0.0,0.0,0.0,0.0,0.0,0.0,0.0,0.0,0.0,0.0,0.0,0.0,0.0,0.0,0.0,0.0,0.0,0.0,0.0,0.0,0.0,0.0,0.0,0.0,0.0,0.0,0.0,0.0,0.0,0.0,0.0,0.0,0.0,0.0,0.0,0.0,0.0,0.0,0.0,0.0,0.0,0.0,0.0,0.0,0.0,0.0,0.0,0.0,0.0,0.0,0.0,0.0,0.0,0.0,0.0,0.0,0.0,0.0,0.0,0.0,0.0,0.0,0.0,0.0,0.0,0.0,0.0,0.0,0.0,0.0,0.0,0.0,0.0,0.0,0.0,0.0,0.0,0.0,0.0,0.0,0.0,0.0,0.0,0.0,0.0,0.0,0.0,0.0,0.0,0.0,0.0,0.0,0.0,0.0,0.0,0.0,0.0,0.0,0.0,0.0,0.0,0.0,0.0,0.0,0.0,0.0,0.0,0.0,0.0,0.0,0.0,0.0,0.0,0.0,0.0,0.0,0.0,0.0,0.0,0.0,0.0,0.0,0.0,0.0,0.0,0.0,0.0,0.0,0.0,0.0,0.0,0.0,0.0,0.0,0.0,0.0,0.0,0.0,0.0,0.0,0.0,0.0,0.0,0.0,0.0,0.0,0.0,0.0,0.0,0.0,0.0,0.0,0.0,0.0,0.0,0.0,0.0,0.0,0.0,0.0,0.0,0.0,0.0,0.0,0.0,0.0,0.0,0.0,0.0,0.0,0.0,0.0,0.0,0.0,0.0,0.0,0.0,0.0,0.0,0.0,0.0,0.0,0.0,0.0,0.0,0.0,0.0,0.0,0.0,0.0,0.0,0.0,0.0,0.0,0.0,0.0,0.0,0.0,0.0,0.0,0.0,0.0,0.0,0.0,0.0,0.0,0.0,0.0,0.0,0.0,0.0,0.0,0.0,0.0,0.0,0.0,0.0,0.0,0.0,0.0,0.0,0.0,0.0,0.0,0.0,0.0,0.0,0.0,0.0,0.0,0.0,0.0,0.0,0.0,0.0,0.0,0.0,0.0,0.0,0.0,0.0,0.0,0.0,0.0,0.0,0.0,0.0,0.0,0.0,0.0,0.0,0.0,0.0,0.0,0.0,0.0,0.0,0.0,0.0,0.0,0.0,0.0,0.0,0.0,0.0,0.0,0.0,0.0,0.0,0.0,0.0,0.0,0.0,0.0,0.0,0.0,0.0,0.0,0.0,0.0,0.0,0.0,0.0,0.0,0.0,0.0,0.0,0.0,0.0,0.0,0.0,0.0,0.0,0.0,0.0,0.0,0.0,0.0,0.0,0.0,0.0,0.0,0.0,0.0,0.0,0.0,0.0,0.0,0.0,0.0,0.0,0.0,0.0,0.0,0.0,0.0,0.0,0.0,0.0,0.0,0.0,0.0,0.0,0.0,0.0,0.0,0.0,0.0,0.0,0.0,0.0,0.0,0.0,0.0,0.0,0.0,0.0,0.0,0.0,0.0,0.0,0.0,0.0,0.0,0.0,0.0,0.0,0.0,0.0,0.0,0.0,0.0,0.0,0.0,0.0,0.0,0.0,0.0,0.0,0.0,0.0,0.0,0.0,0.0,0.0,0.0,0.0,0.0,0.0,0.0,0.0,0.0,0.0,0.0,0.0,0.0,0.0,0.0,0.0,0.0,0.0,0.0,0.0,0.0,0.0,0.0,0.0,0.0,0.0,0.0,0.0,0.0,0.0,0.0,0.0,0.0,0.0,0.0,0.0,0.0,0.0,0.0,0.0,0.0,0.0,0.0,0.0,0.0,0.0,0.0,0.0,0.0,0.0,0.0,0.0,0.0,0.0,0.0,0.0,0.0,0.0,0.0,0.0,0.0,0.0,0.0,0.0,0.0,0.0,0.0,0.0,0.0,0.0,0.0,0.0,0.0,0.0,0.0,0.0,0.0,0.0,0.0,0.0,0.0,0.0,0.0,0.0,0.0,0.0,0.0,0.0,0.0,0.0,0.0,0.0,0.0,0.0,0.0,0.0,0.0,0.0,0.0,0.0,0.0,0.0,0.0,0.0,0.0,0.0,0.0,0.0,0.0,0.0,0.0,0.0,0.0,0.0,0.0,0.0,0.0,0.0,0.0,0.0,0.0,0.0,0.0,0.0,0.0,0.0,0.0,0.0,0.0,0.0,0.0,0.0,0.0,0.0,0.0,0.0,0.0,0.0,0.0,0.0,0.0,0.0,0.0,0.0,0.0,0.0,0.0,0.0,0.0,0.0,0.0,0.0,0.0,0.0,0.0,0.0,0.0,0.0,0.0,0.0,0.0,0.0,0.0,0.0,0.0,0.0,0.0,0.0,0.0,0.0,0.0,0.0,0.0,0.0,0.0,0.0,0.0,0.0,0.0,0.0,0.0,0.0,0.0,0.0,0.0,0.0,0.0,0.0,0.0,0.0,0.0,0.0,0.0,0.0,0.0,0.0,0.0,0.0,0.0,0.0,0.0,0.0,0.0,0.0,0.0,0.0,0.0,0.0,0.0,0.0,0.0,0.0,0.0,0.0,0.0,0.0,0.0,0.0,0.0,0.0,0.0,0.0,0.0,0.0,0.0,0.0,0.0,0.0,0.0,0.0,0.0,0.0,0.0,0.0,0.0,0.0,0.0,0.0,0.0,0.0,0.0,0.0,0.0,0.0,0.0,0.0,0.0,0.0,0.0,0.0,0.0,0.0,0.0,0.0,0.0,0.0,0.0,0.0,0.0,0.0,0.0,0.0,0.0,0.0,0.0,0.0,0.0,0.0,0.0,0.0,0.0,0.0,0.0,0.0,0.0,0.0,0.0,0.0,0.0,0.0,0.0,0.0,0.0,0.0,0.0,0.0,0.0,0.0,0.0,0.0,0.0,0.0,0.0,0.0,0.0,0.0,0.0,0.0,0.0,0.0,0.0,0.0,0.0,0.0,0.0,0.0,0.0,0.0,0.0,0.0,0.0,0.0,0.0,0.0,0.0,0.0,0.0,0.0,0.0,0.0,0.0,0.0,0.0,0.0,0.0,0.0,0.0,0.0,0.0,0.0,0.0,0.0,0.0,0.0,0.0,0.0,0.0,0.0,0.0,0.0,0.0,0.0,0.0,0.0,0.0,0.0,0.0,0.0,0.0,0.0,0.0,0.0,0.0,0.0,0.0,0.0,0.0,0.0,0.0,0.0,0.0,0.0,0.0,0.0,0.0,0.0,0.0,0.0,0.0,0.0,0.0,0.0,0.0,0.0,0.0,0.0,0.0,0.0,0.0,0.0,0.0,0.0,0.0,0.0,0.0,0.0,0.0,0.0,0.0,0.0,0.0,0.0,0.0,0.0,0.0,0.0,0.0,0.0,0.0,0.0,0.0,0.0,0.0,0.0,0.0,0.0,0.0,0.0,0.0,0.0,0.0,0.0,0.0,0.0,0.0,0.0,0.0,0.0,0.0,0.0,0.0,0.0,0.0,0.0,0.0,0.0,0.0,0.0,0.0,0.0,0.0,0.0,0.0,0.0,0.0,0.0,0.0,0.0,0.0,0.0,0.0,0.0,0.0,0.0,0.0,0.0,0.0,0.0,0.0,0.0,0.0,0.0,0.0,0.0,0.0,0.0,0.0,0.0,0.0,0.0,0.0,0.0,0.0,0.0,0.0,0.0,0.0,0.0,0.0,0.0,0.0,0.0,0.0,0.0,0.0,0.0,0.0,0.0,0.0,0.0,0.0,0.0,0.0,0.0,0.0,0.0,0.0,0.0,0.0,0.0,0.0,0.0,0.0,0.0,0.0,0.0,0.0,0.0,0.0,0.0,0.0,0.0,0.0,0.0,0.0,0.0,0.0,0.0,0.0,0.0,0.0,0.0,0.0,0.0,0.0,0.0,0.0,0.0,0.0,0.0,0.0,0.0,0.0,0.0,0.0,0.0,0.0,0.0,0.0,0.0,0.0,0.0,0.0,0.0,0.0,0.0,0.0,0.0,0.0,0.0,0.0,0.0,0.0,0.0,0.0,0.0,0.0,0.0,0.0,0.0,0.0,0.0,0.0,0.0,0.0,0.0,0.0,0.0,0.0,0.0,0.0,0.0,0.0,0.0,0.0,0.0,0.0,0.0,0.0,0.0,0.0,0.0,0.0,0.0,0.0,0.0,0.0,0.0,0.0,0.0,0.0,0.0,0.0,0.0,0.0,0.0,0.0,0.0,0.0,0.0,0.0,0.0,0.0,0.0,0.0,0.0,0.0,0.0,0.0,0.0,0.0,0.0,0.0,0.0,0.0,0.0,0.0,0.0,0.0,0.0,0.0,0.0,0.0,0.0,0.0,0.0,0.0,0.0,0.0,0.0,0.0,0.0,0.0,0.0,0.0,0.0,0.0,0.0,0.0,0.0,0.0,0.0,0.0,0.0,0.0,0.0,0.0,0.0,0.0,0.0,0.0,0.0,0.0,0.0,0.0,0.0,0.0,0.0,0.0,0.0,0.0,0.0,0.0,0.0,0.0,0.0,0.0,0.0,0.0,0.0,0.0,0.0,0.0,0.0,0.0,0.0,0.0,0.0,0.0,0.0,0.0,0.0,0.0,0.0,0.0,0.0,0.0,0.0,0.0,0.0,0.0,0.0,0.0,0.0,0.0,0.0,0.0,0.0,0.0,0.0,0.0,0.0,0.0,0.0,0.0,0.0,0.0,0.0,0.0,0.0,0.0,0.0,0.0,0.0,0.0,0.0,0.0,0.0,0.0,0.0,0.0,0.0,0.0,0.0,0.0,0.0,0.0,0.0,0.0,0.0,0.0,0.0,0.0,0.0,0.0,0.0,0.0,0.0,0.0,0.0,0.0,0.0,0.0,0.0,0.0,0.0,0.0,0.0,0.0,0.0,0.0,0.0,0.0,0.0,0.0,0.0,0.0,0.0,0.0,0.0,0.0,0.0,0.0,0.0,0.0,0.0,0.0,0.0,0.0,0.0,0.0,0.0,0.0,0.0,0.0,0.0,0.0,0.0,0.0,0.0,0.0,0.0,0.0,0.0,0.0,0.0,0.0,0.0,0.0,0.0,0.0,0.0,0.0,0.0,0.0,0.0,0.0,0.0,0.0,0.0,0.0,0.0,0.0,0.0,0.0,0.0,0.0,0.0,0.0,0.0,0.0,0.0,0.0,0.0,0.0,0.0,0.0,0.0,0.0,0.0,0.0,0.0,0.0,0.0,0.0,0.0,0.0,0.0,0.0,0.0,0.0,0.0,0.0,0.0,0.0,0.0,0.0,0.0,0.0,0.0,0.0,0.0,0.0,0.0,0.0,0.0,0.0,0.0,0.0,0.0,0.0,0.0,0.0,0.0,0.0,0.0,0.0,0.0,0.0,0.0,0.0,0.0,0.0,0.0,0.0,0.0,0.0,0.0,0.0,0.0,0.0,0.0,0.0,0.0,0.0,0.0,0.0,0.0,0.0,0.0,0.0,0.0,0.0,0.0,0.0,0.0,0.0,0.0,0.0,0.0,0.0,0.0,0.0,0.0,0.0,0.0,0.0,0.0,0.0,0.0,0.0,0.0,0.0,0.0,0.0,0.0,0.0,0.0,0.0,0.0,0.0,0.0,0.0,0.0,0.0,0.0,0.0,0.0,0.0,0.0,0.0,0.0,0.0,0.0,0.0,0.0,0.0,0.0,0.0,0.0,0.0,0.0,0.0,0.0,0.0,0.0,0.0,0.0,0.0,0.0,0.0,0.0,0.0,0.0,0.0,0.0,0.0,0.0,0.0,0.0,0.0,0.0,0.0,0.0,0.0,0.0,0.0,0.0,0.0,0.0,0.0,0.0,0.0,0.0,0.0,0.0,0.0,0.0,0.0,0.0,0.0,0.0,0.0,0.0,0.0,0.0,0.0,0.0,0.0,0.0,0.0,0.0,0.0,0.0,0.0,0.0,0.0,0.0,0.0,0.0,0.0,0.0,0.0,0.0,0.0,0.0,0.0,0.0,0.0,0.0,0.0,0.0,0.0,0.0,0.0,0.0,0.0,0.0,0.0,0.0,0.0,0.0,0.0,0.0,0.0,0.0,0.0,0.0,0.0,0.0,0.0,0.0,0.0,0.0,0.0,0.0,0.0,0.0,0.0,0.0,0.0,0.0,0.0,0.0,0.0,0.0,0.0,0.0,0.0,0.0,0.0,0.0,0.0,0.0,0.0,0.0,0.0,0.0,0.0,0.0,0.0,0.0,0.0,0.0,0.0,0.0,0.0,0.0,0.0,0.0,0.0,0.0,0.0,0.0,0.0,0.0,0.0,0.0,0.0,0.0,0.0,0.0,0.0,0.0,0.0,0.0,0.0,0.0,0.0,0.0,0.0,0.0,0.0,0.0,0.0,0.0,0.0,0.0,0.0,0.0,0.0,0.0,0.0,0.0,0.0,0.0,0.0,0.0,0.0,0.0,0.0,0.0,0.0,0.0,0.0,0.0,0.0,0.0,0.0,0.0,0.0,0.0,0.0,0.0,0.0,0.0,0.0,0.0,0.0,0.0,0.0,0.0,0.0,0.0,0.0,0.0,0.0,0.0,0.0,0.0,0.0,0.0,0.0,0.0,0.0,0.0,0.0,0.0,0.0,0.0,0.0,0.0,0.0,0.0,0.0,0.0,0.0,0.0,0.0,0.0,0.0,0.0,0.0,0.0,0.0,0.0,0.0,0.0,0.0,0.0,0.0,0.0,0.0,0.0,0.0,0.0,0.0,0.0,0.0,0.0,0.0,0.0,0.0,0.0,0.0,0.0,0.0,0.0,0.0,0.0,0.0,0.0,0.0,0.0,0.0,0.0,0.0,0.0,0.0,0.0,0.0,0.0,0.0,0.0,0.0,0.0,0.0,0.0,0.0,0.0,0.0,0.0,0.0,0.0,0.0,0.0,0.0,0.0,0.0,0.0,0.0,0.0,0.0,0.0,0.0,0.0,0.0,0.0,0.0,0.0,0.0,0.0,0.0,0.0,0.0,0.0,0.0,0.0,0.0,0.0,0.0,0.0,0.0,0.0,0.0,0.0,0.0,0.0,0.0,0.0,0.0,0.0,0.0,0.0,0.0,0.0,0.0,0.0,0.0,0.0,0.0,0.0,0.0,0.0,0.0,0.0,0.0,0.0,0.0,0.0,0.0,0.0,0.0,0.0,0.0,0.0,0.0,0.0,0.0,0.0,0.0,0.0,0.0,0.0,0.0,0.0,0.0,0.0,0.0,0.0,0.0,0.0,0.0,0.0,0.0,0.0,0.0,0.0,0.0,0.0,0.0,0.0,0.0,0.0,0.0,0.0,0.0,0.0,0.0,0.0,0.0,0.0,0.0,0.0,0.0,0.0,0.0,0.0,0.0,0.0,0.0,0.0,0.0,0.0,0.0,0.0,0.0,0.0,0.0,0.0,0.0,0.0,0.0,0.0,0.0,0.0,0.0,0.0,0.0,0.0,0.0,0.0,0.0,0.0,0.0,0.0,0.0,0.0,0.0,0.0,0.0,0.0,0.0,0.0,0.0,0.0,0.0,0.0,0.0,0.0,0.0,0.0,0.0,0.0,0.0,0.0,0.0,0.0,0.0,0.0,0.0,0.0,0.0,0.0,0.0,0.0,0.0,0.0,0.0,0.0,0.0,0.0,0.0,0.0,0.0,0.0,0.0,0.0,0.0,0.0,0.0,0.0,0.0,0.0,0.0,0.0,0.0,0.0,0.0,0.0,0.0,0.0,0.0,0.0,0.0,0.0,0.0,0.0,0.0,0.0,0.0,0.0,0.0,0.0,0.0,0.0,0.0,0.0,0.0,0.0,0.0,0.0,0.0,0.0,0.0,0.0,0.0,0.0,0.0,0.0,0.0,0.0,0.0,0.0,0.0,0.0,0.0,0.0,0.0,0.0,0.0,0.0,0.0,0.0,0.0,0.0,0.0,0.0,0.0,0.0,0.0,0.0,0.0,0.0,0.0,0.0,0.0,0.0,0.0,0.0,0.0,0.0,0.0,0.0,0.0,0.0,0.0,0.0,0.0,0.0,0.0,0.0,0.0,0.0,0.0,0.0,0.0,0.0,0.0,0.0,0.0,0.0,0.0,0.0,0.0,0.0,0.0,0.0,0.0,0.0,0.0,0.0,0.0,0.0,0.0,0.0,0.0,0.0,0.0,0.0,0.0,0.0,0.0,0.0,0.0,0.0,0.0,0.0,0.0,0.0,0.0,0.0,0.0,0.0,0.0,0.0,0.0,0.0,0.0,0.0,0.0,0.0,0.0,0.0,0.0,0.0,0.0,0.0,0.0,0.0,0.0,0.0,0.0,0.0,0.0,0.0,0.0,0.0,0.0,0.0,0.0,0.0,0.0,0.0,0.0,0.0,0.0,0.0,0.0,0.0,0.0,0.0,0.0,0.0,0.0,0.0,0.0,0.0,0.0,0.0,0.0,0.0,0.0,0.0,0.0,0.0,0.0,0.0,0.0,0.0,0.0,0.0,0.0,0.0,0.0,0.0,0.0,0.0,0.0,0.0,0.0,0.0,0.0,0.0,0.0,0.0,0.0,0.0,0.0,0.0,0.0,0.0,0.0,0.0,0.0,0.0,0.0,0.0,0.0,0.0,0.0,0.0,0.0,0.0,0.0,0.0,0.0,0.0,0.0,0.0,0.0,0.0,0.0,0.0,0.0,0.0,0.0,0.0,0.0,0.0,0.0,0.0,0.0,0.0,0.0,0.0,0.0,0.0,0.0,0.0,0.0,0.0,0.0,0.0,0.0,0.0,0.0,0.0,0.0,0.0,0.0,0.0,0.0,0.0,0.0,0.0,0.0,0.0,0.0,0.0,0.0,0.0,0.0,0.0,0.0,0.0,0.0,0.0,0.0,0.0,0.0,0.0,0.0,0.0,0.0,0.0,0.0,0.0,0.0,0.0,0.0,0.0,0.0,0.0,0.0,0.0,0.0,0.0,0.0,0.0,0.0,0.0,0.0,0.0,0.0,0.0,0.0,0.0,0.0,0.0,0.0,0.0,0.0,0.0,0.0,0.0,0.0,0.0,0.0,0.0,0.0,0.0,0.0,0.0,0.0,0.0,0.0,0.0,0.0,0.0,0.0,0.0,0.0,0.0,0.0,0.0,0.0,0.0,0.0,0.0,0.0,0.0,0.0,0.0,0.0,0.0,0.0,0.0,0.0,0.0,0.0,0.0,0.0,0.0,0.0,0.0,0.0,0.0,0.0,0.0,0.0,0.0,0.0,0.0,0.0,0.0,0.0,0.0,0.0,0.0,0.0,0.0,0.0,0.0,0.0,0.0,0.0,0.0,0.0,0.0,0.0,0.0,0.0,0.0,0.0,0.0,0.0,0.0,0.0,0.0,0.0,0.0,0.0,0.0,0.0,0.0,0.0,0.0,0.0,0.0,0.0,0.0,0.0,0.0,0.0,0.0,0.0,0.0,0.0,0.0,0.0,0.0,0.0,0.0,0.0,0.0,0.0,0.0,0.0,0.0,0.0,0.0,0.0,0.0,0.0,0.0,0.0,0.0,0.0,0.0,0.0,0.0,0.0,0.0,0.0,0.0,0.0,0.0,0.0,0.0,0.0,0.0,0.0,0.0,0.0,0.0,0.0,0.0,0.0,0.0,0.0,0.0,0.0,0.0,0.0,0.0,0.0,0.0,0.0,0.0,0.0,0.0,0.0,0.0,0.0,0.0,0.0,0.0,0.0,0.0,0.0,0.0,0.0,0.0,0.0,0.0,0.0,0.0,0.0,0.0,0.0,0.0,0.0,0.0,0.0,0.0,0.0,0.0,0.0,0.0,0.0,0.0,0.0,0.0,0.0,0.0,0.0,0.0,0.0,0.0,0.0,0.0,0.0,0.0,0.0,0.0,0.0,0.0,0.0,0.0,0.0,0.0,0.0,0.0,0.0,0.0,0.0,0.0,0.0,0.0,0.0,0.0,0.0,0.0,0.0,0.0,0.0,0.0,0.0,0.0,0.0,0.0,0.0,0.0,0.0,0.0,0.0,0.0,0.0,0.0,0.0,0.0,0.0,0.0,0.0,0.0,0.0,0.0,0.0,0.0,0.0,0.0,0.0,0.0,0.0,0.0,0.0,0.0,0.0,0.0,0.0,0.0,0.0,0.0,0.0,0.0,0.0,0.0,0.0,0.0,0.0,0.0,0.0,0.0,0.0,0.0,0.0,0.0,0.0,0.0,0.0,0.0,0.0,0.0,0.0,0.0,0.0,0.0,0.0,0.0,0.0,0.0,0.0,0.0,0.0,0.0,0.0,0.0,0.0,0.0,0.0,0.0,0.0,0.0,0.0,0.0,0.0,0.0,0.0,0.0,0.0,0.0,0.0,0.0,0.0,0.0,0.0,0.0,0.0,0.0,0.0,0.0,0.0,0.0,0.0,0.0,0.0,0.0,0.0,0.0,0.0,0.0,0.0,0.0,0.0,0.0,0.0,0.0,0.0,0.0,0.0,0.0,0.0,0.0,0.0,0.0,0.0,0.0,0.0,0.0,0.0,0.0,0.0,0.0,0.0,0.0,0.0,0.0,0.0,0.0,0.0,0.0,0.0,0.0,0.0,0.0,0.0,0.0,0.0,0.0,0.0,0.0,0.0,0.0,0.0,0.0,0.0,0.0,0.0,0.0,0.0,0.0,0.0,0.0,0.0,0.0,0.0,0.0,0.0,0.0,0.0,0.0,0.0,0.0,0.0,0.0,0.0,0.0,0.0,0.0,0.0,0.0,0.0,0.0,0.0,0.0,0.0,0.0,0.0,0.0,0.0,0.0,0.0,0.0,0.0,0.0,0.0,0.0,0.0,0.0,0.0,0.0,0.0,0.0,0.0,0.0,0.0,0.0,0.0,0.0,0.0,0.0,0.0,0.0,0.0,0.0,0.0,0.0,0.0,0.0,0.0,0.0,0.0,0.0,0.0,0.0,0.0,0.0,0.0,0.0,0.0,0.0,0.0,0.0,0.0,0.0,0.0,0.0,0.0,0.0,0.0,0.0,0.0,0.0,0.0,0.0,0.0,0.0,0.0,0.0,0.0,0.0,0.0,0.0,0.0,0.0,0.0,0.0,0.0,0.0,0.0,0.0,0.0,0.0,0.0,0.0,0.0,0.0,0.0,0.0,0.0,0.0,0.0,0.0,0.0,0.0,0.0,0.0,0.0,0.0,0.0,0.0,0.0,0.0,0.0,0.0,0.0,0.0,0.0,0.0,0.0,0.0,0.0,0.0,0.0,0.0,0.0,0.0,0.0,0.0,0.0,0.0,0.0,0.0,0.0,0.0,0.0,0.0,0.0,0.0,0.0,0.0,0.0,0.0,0.0,0.0,0.0,0.0,0.0,0.0,0.0,0.0,0.0,0.0,0.0,0.0,0.0,0.0,0.0,0.0,0.0,0.0,0.0,0.0,0.0,0.0,0.0,0.0,0.0,0.0,0.0,0.0,0.0,0.0,0.0,0.0,0.0,0.0,0.0,0.0,0.0,0.0,0.0,0.0,0.0,0.0,0.0,0.0,0.0,0.0,0.0,0.0,0.0,0.0,0.0,0.0,0.0,0.0,0.0,0.0,0.0,0.0,0.0,0.0,0.0,0.0,0.0,0.0,0.0,0.0,0.0,0.0,0.0,0.0,0.0,0.0,0.0,0.0,0.0,0.0,0.0,0.0,0.0,0.0,0.0,0.0,0.0,0.0,0.0,0.0,0.0,0.0,0.0,0.0,0.0,0.0,0.0,0.0,0.0,0.0,0.0,0.0,0.0,0.0,0.0,0.0,0.0,0.0,0.0,0.0,0.0,0.0,0.0,0.0,0.0,0.0,0.0,0.0,0.0,0.0,0.0,0.0,0.0,0.0,0.0,0.0,0.0,0.0,0.0,0.0,0.0,0.0,0.0,0.0,0.0,0.0,0.0,0.0,0.0,0.0,0.0,0.0,0.0,0.0,0.0,0.0,0.0,0.0,0.0,0.0,0.0,0.0,0.0,0.0,0.0,0.0,0.0,0.0,0.0,0.0,0.0,0.0,0.0,0.0,0.0,0.0,0.0,0.0,0.0,0.0,0.0,0.0,0.0,0.0,0.0,0.0,0.0,0.0,0.0,0.0,0.0,0.0,0.0,0.0,0.0,0.0,0.0,0.0,0.0,0.0,0.0,0.0,0.0,0.0,0.0,0.0,0.0,0.0,0.0,0.0,0.0,0.0,0.0,0.0,0.0,0.0,0.0,0.0,0.0,0.0,0.0,0.0,0.0,0.0,0.0,0.0,0.0,0.0,0.0,0.0,0.0,0.0,0.0,0.0,0.0,0.0,0.0,0.0,0.0,0.0,0.0,0.0,0.0,0.0,0.0,0.0,0.0,0.0,0.0,0.0,0.0,0.0,0.0,0.0,0.0,0.0,0.0,0.0,0.0,0.0,0.0,0.0,0.0,0.0,0.0,0.0,0.0,0.0,0.0,0.0,0.0,0.0,0.0,0.0,0.0,0.0,0.0,0.0,0.0,0.0,0.0,0.0,0.0,0.0,0.0,0.0,0.0,0.0,0.0,0.0,0.0,0.0,0.0,0.0,0.0,0.0,0.0,0.0,0.0,0.0,0.0,0.0,0.0,0.0,0.0,0.0,0.0,0.0,0.0,0.0,0.0,0.0,0.0,0.0,0.0,0.0,0.0,0.0,0.0,0.0,0.0,0.0,0.0,0.0,0.0,0.0,0.0,0.0,0.0,0.0,0.0,0.0,0.0,0.0,0.0,0.0,0.0,0.0,0.0,0.0,0.0,0.0,0.0,0.0,0.0,0.0,0.0,0.0,0.0,0.0,0.0,0.0,0.0,0.0,0.0,0.0,0.0,0.0,0.0,0.0,0.0,0.0,0.0,0.0,0.0,0.0,0.0,0.0,0.0,0.0,0.0,0.0,0.0,0.0,0.0,0.0,0.0,0.0,0.0,0.0,0.0,0.0,0.0,0.0,0.0,0.0,0.0,0.0,0.0,0.0,0.0,0.0,0.0,0.0,0.0,0.0,0.0,0.0,0.0,0.0,0.0,0.0,0.0,0.0,0.0,0.0,0.0,0.0,0.0,0.0,0.0,0.0,0.0,0.0,0.0,0.0,0.0,0.0,0.0,0.0,0.0,0.0,0.0,0.0,0.0,0.0,0.0,0.0,0.0,0.0,0.0,0.0,0.0,0.0,0.0,0.0,0.0,0.0,0.0,0.0,0.0,0.0,0.0,0.0,0.0,0.0,0.0,0.0,0.0,0.0,0.0,0.0,0.0,0.0,0.0,0.0,0.0,0.0,0.0,0.0,0.0,0.0,0.0,0.0,0.0,0.0,0.0,0.0,0.0,0.0,0.0,0.0,0.0,0.0,0.0,0.0,0.0,0.0,0.0,0.0,0.0,0.0,0.0,0.0,0.0,0.0,0.0,0.0,0.0,0.0,0.0,0.0,0.0,0.0,0.0,0.0,0.0,0.0,0.0,0.0,0.0,0.0,0.0,0.0,0.0,0.0,0.0,0.0,0.0,0.0,0.0,0.0,0.0,0.0,0.0,0.0,0.0,0.0,0.0,0.0,0.0,0.0,0.0,0.0,0.0,0.0,0.0,0.0,0.0,0.0,0.0,0.0,0.0,0.0,0.0,0.0,0.0,0.0,0.0,0.0,0.0,0.0,0.0,0.0,0.0,0.0,0.0,0.0,0.0,0.0,0.0,0.0,0.0,0.0,0.0,0.0,0.0,0.0,0.0,0.0,0.0,0.0,0.0,0.0,0.0,0.0,0.0,0.0,0.0,0.0,0.0,0.0,0.0,0.0,0.0,0.0,0.0,0.0,0.0,0.0,0.0,0.0,0.0,0.0,0.0,0.0,0.0,0.0,0.0,0.0,0.0,0.0,0.0,0.0,0.0,0.0,0.0,0.0,0.0,0.0,0.0,0.0,0.0,0.0,0.0,0.0,0.0,0.0,0.0,0.0,0.0,0.0,0.0,0.0,0.0,0.0,0.0,0.0,0.0,0.0,0.0,0.0,0.0,0.0,0.0,0.0,0.0,0.0,0.0,0.0,0.0,0.0,0.0,0.0,0.0,0.0,0.0,0.0,0.0,0.0,0.0,0.0,0.0,0.0,0.0,0.0,0.0,0.0,0.0,0.0,0.0,0.0,0.0,0.0,0.0,0.0,0.0,0.0,0.0,0.0,0.0,0.0,0.0,0.0,0.0,0.0,0.0,0.0,0.0,0.0,0.0,0.0,0.0,0.0,0.0,0.0,0.0,0.0,0.0,0.0,0.0,0.0,0.0,0.0,0.0,0.0,0.0,0.0,0.0,0.0,0.0,0.0,0.0,0.0,0.0,0.0,0.0,0.0,0.0,0.0,0.0,0.0,0.0,0.0,0.0,0.0,0.0,0.0,0.0,0.0,0.0,0.0,0.0,0.0,0.0,0.0,0.0,0.0,0.0,0.0,0.0,0.0,0.0,0.0,0.0,0.0,0.0,0.0,0.0,0.0,0.0,0.0,0.0,0.0,0.0,0.0,0.0,0.0,0.0,0.0,0.0,0.0,0.0,0.0,0.0,0.0,0.0,0.0,0.0,0.0,0.0,0.0,0.0,0.0,0.0,0.0,0.0,0.0,0.0,0.0,0.0,0.0,0.0,0.0,0.0,0.0,0.0,0.0,0.0,0.0,0.0,0.0,0.0,0.0,0.0,0.0,0.0,0.0,0.0,0.0,0.0,0.0,0.0,0.0,0.0,0.0,0.0,0.0,0.0,0.0,0.0,0.0,0.0,0.0,0.0,0.0,0.0,0.0,0.0,0.0,0.0,0.0,0.0,0.0,0.0,0.0,0.0,0.0,0.0,0.0,0.0,0.0,0.0,0.0,0.0,0.0,0.0,0.0,0.0,0.0,0.0,0.0,0.0,0.0,0.0,0.0,0.0,0.0,0.0,0.0,0.0,0.0,0.0,0.0,0.0,0.0,0.0,0.0,0.0,0.0,0.0,0.0,0.0,0.0,0.0,0.0,0.0,0.0,0.0,0.0,0.0,0.0,0.0,0.0,0.0,0.0,0.0,0.0,0.0,0.0,0.0,0.0,0.0,0.0,0.0,0.0,0.0,0.0,0.0,0.0,0.0,0.0,0.0,0.0,0.0,0.0,0.0,0.0,0.0,0.0,0.0,0.0,0.0,0.0,0.0,0.0,0.0,0.0,0.0,0.0,0.0,0.0,0.0,0.0,0.0,0.0,0.0,0.0,0.0,0.0,0.0,0.0,0.0,0.0,0.0,0.0,0.0,0.0,0.0,0.0,0.0,0.0,0.0,0.0,0.0,0.0,0.0,0.0,0.0,0.0,0.0,0.0,0.0,0.0,0.0,0.0,0.0,0.0,0.0,0.0,0.0,0.0,0.0,0.0,0.0,0.0,0.0,0.0,0.0,0.0,0.0,0.0,0.0,0.0,0.0,0.0,0.0,0.0,0.0,0.0,0.0,0.0,0.0,0.0,0.0,0.0,0.0,0.0,0.0,0.0,0.0,0.0,0.0,0.0,0.0,0.0,0.0,0.0,0.0,0.0,0.0,0.0,0.0,0.0,0.0,0.0,0.0,0.0,0.0,0.0,0.0,0.0,0.0,0.0,0.0,0.0,0.0,0.0,0.0,0.0,0.0,0.0,0.0,0.0,0.0,0.0,0.0,0.0,0.0,0.0,0.0,0.0,0.0,0.0,0.0,0.0,0.0,0.0,0.0,0.0,0.0,0.0,0.0,0.0,0.0,0.0,0.0,0.0,0.0,0.0,0.0,0.0,0.0,0.0,0.0,0.0,0.0,0.0,0.0,0.0,0.0,0.0,0.0,0.0,0.0,0.0,0.0,0.0,0.0,0.0,0.0,0.0,0.0,0.0,0.0,0.0,0.0,0.0,0.0,0.0,0.0,0.0,0.0,0.0,0.0,0.0,0.0,0.0,0.0,0.0,0.0,0.0,0.0,0.0,0.0,0.0,0.0,0.0,0.0,0.0,0.0,0.0,0.0,0.0,0.0,0.0,0.0,0.0,0.0,0.0,0.0,0.0,0.0,0.0,0.0,0.0,0.0,0.0,0.0,0.0,0.0,0.0,0.0,0.0,0.0,0.0,0.0,0.0,0.0,0.0,0.0,0.0,0.0,0.0,0.0,0.0,0.0,0.0,0.0,0.0,0.0,0.0,0.0,0.0,0.0,0.0,0.0,0.0,0.0,0.0,0.0,0.0,0.0,0.0,0.0,0.0,0.0,0.0,0.0,0.0,0.0,0.0,0.0,0.0,0.0,0.0,0.0,0.0,0.0,0.0,0.0,0.0,0.0,0.0,0.0,0.0,0.0,0.0,0.0,0.0,0.0,0.0,0.0,0.0,0.0,0.0,0.0,0.0,0.0,0.0,0.0,0.0,0.0,0.0,0.0,0.0,0.0,0.0,0.0,0.0,0.0,0.0,0.0,0.0,0.0,0.0,0.0,0.0,0.0,0.0,0.0,0.0,0.0,0.0,0.0,0.0,0.0,0.0,0.0,0.0,0.0,0.0,0.0,0.0,0.0,0.0,0.0,0.0,0.0,0.0,0.0,0.0,0.0,0.0,0.0,0.0,0.0,0.0,0.0,0.0,0.0,0.0,0.0,0.0,0.0,0.0,0.0,0.0,0.0,0.0,0.0,0.0,0.0,0.0,0.0,0.0,0.0,0.0,0.0,0.0,0.0,0.0,0.0,0.0,0.0,0.0,0.0,0.0,0.0,0.0,0.0,0.0,0.0,0.0,0.0,0.0,0.0,0.0,0.0,0.0,0.0,0.0,0.0,0.0,0.0,0.0,0.0,0.0,0.0,0.0,0.0,0.0,0.0,0.0,0.0,0.0,0.0,0.0,0.0,0.0,0.0,0.0,0.0,0.0,0.0,0.0,0.0,0.0,0.0,0.0,0.0,0.0,0.0,0.0,0.0,0.0,0.0,0.0,0.0,0.0,0.0,0.0,0.0,0.0,0.0,0.0,0.0,0.0,0.0,0.0,0.0,0.0,0.0,0.0,0.0,0.0,0.0,0.0,0.0,0.0,0.0,0.0,0.0,0.0,0.0,0.0,0.0,0.0,0.0,0.0,0.0,0.0,0.0,0.0,0.0,0.0,0.0,0.0,0.0,0.0,0.0,0.0,0.0,0.0,0.0,0.0,0.0,0.0,0.0,0.0,0.0,0.0,0.0,0.0,0.0,0.0,0.0,0.0,0.0,0.0,0.0,0.0,0.0,0.0,0.0,0.0,0.0,0.0,0.0,0.0,0.0,0.0,0.0,0.0,0.0,0.0,0.0,0.0,0.0,0.0,0.0,0.0,0.0,0.0,0.0,0.0,0.0,0.0,0.0,0.0,0.0,0.0,0.0,0.0,0.0,0.0,0.0,0.0,0.0,0.0,0.0,0.0,0.0,0.0,0.0,0.0,0.0,0.0,0.0,0.0,0.0,0.0,0.0,0.0,0.0,0.0,0.0,0.0,0.0,0.0,0.0,0.0,0.0,0.0,0.0,0.0,0.0,0.0,0.0,0.0,0.0,0.0,0.0,0.0,0.0,0.0,0.0,0.0,0.0,0.0,0.0,0.0,0.0,0.0,0.0,0.0,0.0,0.0,0.0,0.0,0.0,0.0,0.0,0.0,0.0,0.0,0.0,0.0,0.0,0.0,0.0,0.0,0.0,0.0,0.0,0.0,0.0,0.0,0.0,0.0,0.0,0.0,0.0,0.0,0.0,0.0,0.0,0.0,0.0,0.0,0.0,0.0,0.0,0.0,0.0,0.0,0.0,0.0,0.0,0.0,0.0,0.0,0.0,0.0,0.0,0.0,0.0,0.0,0.0,0.0,0.0,0.0,0.0,0.0,0.0,0.0,0.0,0.0,0.0,0.0,0.0,0.0,0.0,0.0,0.0,0.0,0.0,0.0,0.0,0.0,0.0,0.0,0.0,0.0,0.0,0.0,0.0,0.0,0.0,0.0,0.0,0.0,0.0,0.0,0.0,0.0,0.0,0.0,0.0,0.0,0.0,0.0,0.0,0.0,0.0,0.0,0.0,0.0,0.0,0.0,0.0,0.0,0.0,0.0,0.0,0.0,0.0,0.0,0.0,0.0,0.0,0.0,0.0,0.0,0.0,0.0,0.0,0.0,0.0,0.0,0.0,0.0,0.0,0.0,0.0,0.0,0.0,0.0,0.0,0.0,0.0,0.0,0.0,0.0,0.0,0.0,0.0,0.0,0.0,0.0,0.0,0.0,0.0,0.0,0.0,0.0,0.0,0.0,0.0,0.0,0.0,0.0,0.0,0.0,0.0,0.0,0.0,0.0,0.0,0.0,0.0,0.0,0.0,0.0,0.0,0.0,0.0,0.0,0.0,0.0,0.0,0.0,0.0,0.0,0.0,0.0,0.0,0.0,0.0,0.0,0.0,0.0,0.0,0.0,0.0,0.0,0.0,0.0,0.0,0.0,0.0,0.0,0.0,0.0,0.0,0.0,0.0,0.0,0.0,0.0,0.0,0.0,0.0,0.0,0.0,0.0,0.0,0.0,0.0,0.0,0.0,0.0,0.0,0.0,0.0,0.0,0.0,0.0,0.0,0.0,0.0,0.0,0.0,0.0,0.0,0.0,0.0,0.0,0.0,0.0,0.0,0.0,0.0,0.0,0.0,0.0,0.0,0.0,0.0,0.0,0.0,0.0,0.0,0.0,0.0,0.0,0.0,0.0,0.0,0.0,0.0,0.0,0.0,0.0,0.0,0.0,0.0,0.0,0.0,0.0,0.0,0.0,0.0,0.0,0.0,0.0,0.0,0.0,0.0,0.0,0.0,0.0,0.0,0.0,0.0,0.0,0.0,0.0,0.0,0.0,0.0,0.0,0.0,0.0,0.0,0.0,0.0,0.0,0.0,0.0,0.0,0.0,0.0,0.0,0.0,0.0,0.0,0.0,0.0,0.0,0.0,0.0,0.0,0.0,0.0,0.0,0.0,0.0,0.0,0.0,0.0,0.0,0.0,0.0,0.0,0.0,0.0,0.0,0.0,0.0,0.0,0.0,0.0,0.0,0.0,0.0,0.0,0.0,0.0,0.0,0.0,0.0,0.0,0.0,0.0,0.0,0.0,0.0,0.0,0.0,0.0,0.0,0.0,0.0,0.0,0.0,0.0,0.0,0.0,0.0,0.0,0.0,0.0,0.0,0.0,0.0,0.0,0.0,0.0,0.0,0.0,0.0,0.0,0.0,0.0,0.0,0.0,0.0,0.0,0.0,0.0,0.0,0.0,0.0,0.0,0.0,0.0,0.0,0.0,0.0,0.0,0.0,0.0,0.0,0.0,0.0,0.0,0.0,0.0,0.0,0.0,0.0,0.0,0.0,0.0,0.0,0.0,0.0,0.0,0.0,0.0,0.0,0.0,0.0,0.0,0.0,0.0,0.0,0.0,0.0,0.0,0.0,0.0,0.0,0.0,0.0,0.0,0.0,0.0,0.0,0.0,0.0,0.0,0.0,0.0,0.0,0.0,0.0,0.0,0.0,0.0,0.0,0.0,0.0,0.0,0.0,0.0,0.0,0.0,0.0,0.0,0.0,0.0,0.0,0.0,0.0,0.0,0.0,0.0,0.0,0.0,0.0,0.0,0.0,0.0,0.0,0.0,0.0,0.0,0.0,0.0,0.0,0.0,0.0,0.0,0.0,0.0,0.0,0.0,0.0,0.0,0.0,0.0,0.0,0.0,0.0,0.0,0.0,0.0,0.0,0.0,0.0,0.0,0.0,0.0,0.0,0.0,0.0,0.0,0.0,0.0,0.0,0.0,0.0,0.0,0.0,0.0,0.0,0.0,0.0,0.0,0.0,0.0,0.0,0.0,0.0,0.0,0.0,0.0,0.0,0.0,0.0,0.0,0.0,0.0,0.0,0.0,0.0,0.0,0.0,0.0,0.0,0.0,0.0,0.0,0.0,0.0,0.0,0.0,0.0,0.0,0.0,0.0,0.0,0.0,0.0,0.0,0.0,0.0,0.0,0.0,0.0,0.0,0.0,0.0,0.0,0.0,0.0,0.0,0.0,0.0,0.0,0.0,0.0,0.0,0.0,0.0,0.0,0.0,0.0,0.0,0.0,0.0,0.0,0.0,0.0,0.0,0.0,0.0,0.0,0.0,0.0,0.0,0.0,0.0,0.0,0.0,0.0,0.0,0.0,0.0,0.0,0.0,0.0,0.0,0.0,0.0,0.0,0.0,0.0,0.0,0.0,0.0,0.0,0.0,0.0,0.0,0.0,0.0,0.0,0.0,0.0,0.0,0.0,0.0,0.0,0.0,0.0,0.0,0.0,0.0,0.0,0.0,0.0,0.0,0.0,0.0,0.0,0.0,0.0,0.0,0.0,0.0,0.0,0.0,0.0,0.0,0.0,0.0,0.0,0.0,0.0,0.0,0.0,0.0,0.0,0.0,0.0,0.0,0.0,0.0,0.0,0.0,0.0,0.0,0.0,0.0,0.0,0.0,0.0,0.0,0.0,0.0,0.0,0.0,0.0,0.0,0.0,0.0,0.0,0.0,0.0,0.0,0.0,0.0,0.0,0.0,0.0,0.0,0.0,0.0,0.0,0.0,0.0,0.0,0.0,0.0,0.0,0.0,0.0,0.0,0.0,0.0,0.0,0.0,0.0,0.0,0.0,0.0,0.0,0.0,0.0,0.0,0.0,0.0,0.0,0.0,0.0,0.0,0.0,0.0,0.0,0.0,0.0,0.0,0.0,0.0,0.0,0.0,0.0,0.0,0.0,0.0,0.0,0.0,0.0,0.0,0.0,0.0,0.0,0.0,0.0,0.0,0.0,0.0,0.0,0.0,0.0,0.0,0.0,0.0,0.0,0.0,0.0,0.0,0.0,0.0,0.0,0.0,0.0,0.0,0.0,0.0,0.0,0.0,0.0,0.0,0.0,0.0,0.0,0.0,0.0,0.0,0.0,0.0,0.0,0.0,0.0,0.0,0.0,0.0,0.0,0.0,0.0,0.0,0.0,0.0,0.0,0.0,0.0,0.0,0.0,0.0,0.0,0.0,0.0,0.0,0.0,0.0,0.0,0.0,0.0,0.0,0.0,0.0,0.0,0.0,0.0,0.0,0.0,0.0,0.0,0.0,0.0,0.0,0.0,0.0,0.0,0.0,0.0,0.0,0.0,0.0,0.0,0.0,0.0,0.0,0.0,0.0,0.0,0.0,0.0,0.0,0.0,0.0,0.0,0.0,0.0,0.0,0.0,0.0,0.0,0.0,0.0,0.0,0.0,0.0,0.0,0.0,0.0,0.0,0.0,0.0,0.0,0.0,0.0,0.0,0.0,0.0,0.0,0.0,0.0,0.0,0.0,0.0,0.0,0.0,0.0,0.0,0.0,0.0,0.0,0.0,0.0,0.0,0.0,0.0,0.0,0.0,0.0,0.0,0.0,0.0,0.0,0.0,0.0,0.0,0.0,0.0,0.0,0.0,0.0,0.0,0.0,0.0,0.0,0.0,0.0,0.0,0.0,0.0,0.0,0.0,0.0,0.0,0.0,0.0,0.0,0.0,0.0,0.0,0.0,0.0,0.0,0.0,0.0,0.0,0.0,0.0,0.0,0.0,0.0,0.0,0.0,0.0,0.0,0.0,0.0,0.0,0.0,0.0,0.0,0.0,0.0,0.0,0.0,0.0,0.0,0.0,0.0,0.0,0.0,0.0,0.0,0.0,0.0,0.0,0.0,0.0,0.0,0.0,0.0,0.0,0.0,0.0,0.0,0.0,0.0,0.0,0.0,0.0,0.0,0.0,0.0,0.0,0.0,0.0,0.0,0.0,0.0,0.0,0.0,0.0,0.0,0.0,0.0,0.0,0.0,0.0,0.0,0.0,0.0,0.0,0.0,0.0,0.0,0.0,0.0,0.0,0.0,0.0,0.0,0.0,0.0,0.0,0.0,0.0,0.0,0.0,0.0,0.0,0.0,0.0,0.0,0.0,0.0,0.0,0.0,0.0,0.0,0.0,0.0,0.0,0.0,0.0,0.0,0.0,0.0,0.0,0.0,0.0,0.0,0.0,0.0,0.0,0.0,0.0,0.0,0.0,0.0,0.0,0.0,0.0,0.0,0.0,0.0,0.0,0.0,0.0,0.0,0.0,0.0,0.0,0.0,0.0,0.0,0.0,0.0,0.0,0.0,0.0,0.0,0.0,0.0,0.0,0.0,0.0,0.0,0.0,0.0,0.0,0.0,0.0,0.0,0.0,0.0,0.0,0.0,0.0,0.0,0.0,0.0,0.0,0.0,0.0,0.0,0.0,0.0,0.0,0.0,0.0,0.0,0.0,0.0,0.0,0.0,0.0,0.0,0.0,0.0,0.0,0.0,0.0,0.0,0.0,0.0,0.0,0.0,0.0,0.0,0.0,0.0,0.0,0.0,0.0,0.0,0.0,0.0,0.0,0.0,0.0,0.0,0.0,0.0,0.0,0.0,0.0,0.0,0.0,0.0,0.0,0.0,0.0,0.0,0.0,0.0,0.0,0.0,0.0,0.0,0.0,0.0,0.0,0.0,0.0,0.0,0.0,0.0,0.0,0.0,0.0,0.0,0.0,0.0,0.0,0.0,0.0,0.0,0.0,0.0,0.0,0.0,0.0,0.0,0.0,0.0,0.0,0.0,0.0,0.0,0.0,0.0,0.0,0.0,0.0,0.0,0.0,0.0,0.0,0.0,0.0,0.0,0.0,0.0,0.0,0.0,0.0,0.0,0.0,0.0,0.0,0.0,0.0,0.0,0.0,0.0,0.0,0.0,0.0,0.0,0.0,0.0,0.0,0.0,0.0,0.0,0.0,0.0,0.0,0.0,0.0,0.0,0.0,0.0,0.0,0.0,0.0,0.0,0.0,0.0,0.0,0.0,0.0,0.0,0.0,0.0,0.0,0.0,0.0,0.0,0.0,0.0,0.0,0.0,0.0,0.0,0.0,0.0,0.0,0.0,0.0,0.0,0.0,0.0,0.0,0.0,0.0,0.0,0.0,0.0,0.0,0.0,0.0,0.0,0.0,0.0,0.0,0.0,0.0,0.0,0.0,0.0,0.0,0.0,0.0,0.0,0.0,0.0,0.0,0.0,0.0,0.0,0.0,0.0,0.0,0.0,0.0,0.0,0.0,0.0,0.0,0.0,0.0,0.0,0.0,0.0,0.0,0.0,0.0,0.0,0.0,0.0,0.0,0.0,0.0,0.0,0.0,0.0,0.0,0.0,0.0,0.0,0.0,0.0,0.0,0.0,0.0,0.0,0.0,0.0,0.0,0.0,0.0,0.0,0.0,0.0,0.0,0.0,0.0,0.0,0.0,0.0,0.0,0.0,0.0,0.0,0.0,0.0,0.0,0.0,0.0,0.0,0.0,0.0,0.0,0.0,0.0,0.0,0.0,0.0,0.0,0.0,0.0,0.0,0.0,0.0,0.0,0.0,0.0,0.0,0.0,0.0,0.0,0.0,0.0,0.0,0.0,0.0,0.0,0.0,0.0,0.0,0.0,0.0,0.0,0.0,0.0,0.0,0.0,0.0,0.0,0.0,0.0,0.0,0.0,0.0,0.0,0.0,0.0,0.0,0.0,0.0,0.0,0.0,0.0,0.0,0.0,0.0,0.0,0.0,0.0,0.0,0.0,0.0,0.0,0.0,0.0,0.0,0.0,0.0,0.0,0.0,0.0,0.0,0.0,0.0,0.0,0.0,0.0,0.0,0.0,0.0,0.0,0.0,0.0,0.0,0.0,0.0,0.0,0.0,0.0,0.0,0.0,0.0,0.0,0.0,0.0,0.0,0.0,0.0,0.0,0.0,0.0,0.0,0.0,0.0,0.0,0.0,0.0,0.0,0.0,0.0,0.0,0.0,0.0,0.0,0.0,0.0,0.0,0.0,0.0,0.0,0.0,0.0,0.0,0.0,0.0,0.0,0.0,0.0,0.0,0.0,0.0,0.0,0.0,0.0,0.0,0.0,0.0,0.0,0.0,0.0,0.0,0.0,0.0,0.0,0.0,0.0,0.0,0.0,0.0,0.0,0.0,0.0,0.0,0.0,0.0,0.0,0.0,0.0,0.0,0.0,0.0,0.0,0.0,0.0,0.0,0.0,0.0,0.0,0.0,0.0,0.0,0.0,0.0,0.0,0.0,0.0,0.0,0.0,0.0,0.0,0.0,0.0,0.0,0.0,0.0,0.0,0.0,0.0,0.0,0.0,0.0,0.0,0.0,0.0,0.0,0.0,0.0,0.0,0.0,0.0,0.0,0.0,0.0,0.0,0.0,0.0,0.0,0.0,0.0,0.0,0.0,0.0,0.0,0.0,0.0,0.0,0.0,0.0,0.0,0.0,0.0,0.0,0.0,0.0,0.0,0.0,0.0,0.0,0.0,0.0,0.0,0.0,0.0,0.0,0.0,0.0,0.0,0.0,0.0,0.0,0.0,0.0,0.0,0.0,0.0,0.0,0.0,0.0,0.0,0.0,0.0,0.0,0.0,0.0,0.0,0.0,0.0,0.0,0.0,0.0,0.0,0.0,0.0,0.0,0.0,0.0,0.0,0.0,0.0,0.0,0.0,0.0,0.0,0.0,0.0,0.0,0.0,0.0,0.0,0.0,0.0,0.0,0.0,0.0,0.0,0.0,0.0,0.0,0.0,0.0,0.0,0.0,0.0,0.0,0.0,0.0,0.0,0.0,0.0,0.0,0.0,0.0,0.0,0.0,0.0,0.0,0.0,0.0,0.0,0.0,0.0,0.0,0.0,0.0,0.0,0.0,0.0,0.0,0.0,0.0,0.0,0.0,0.0,0.0,0.0,0.0,0.0,0.0,0.0,0.0,0.0,0.0,0.0,0.0,0.0,0.0,0.0,0.0,0.0,0.0,0.0,0.0,0.0,0.0,0.0,0.0,0.0,0.0,0.0,0.0,0.0,0.0,0.0,0.0,0.0,0.0,0.0,0.0,0.0,0.0,0.0,0.0,0.0,0.0,0.0,0.0,0.0,0.0,0.0,0.0,0.0,0.0,0.0,0.0,0.0,0.0,0.0,0.0,0.0,0.0,0.0,0.0,0.0,0.0,0.0,0.0,0.0,0.0,0.0,0.0,0.0,0.0,0.0,0.0,0.0,0.0,0.0,0.0,0.0,0.0,0.0,0.0,0.0,0.0,0.0,0.0,0.0,0.0,0.0,0.0,0.0,0.0,0.0,0.0,0.0,0.0,0.0,0.0,0.0,0.0,0.0,0.0,0.0,0.0,0.0,0.0,0.0,0.0,0.0,0.0,0.0,0.0,0.0,0.0,0.0,0.0,0.0,0.0,0.0,0.0,0.0,0.0,0.0,0.0,0.0,0.0,0.0,0.0,0.0,0.0,0.0,0.0,0.0,0.0,0.0,0.0,0.0,0.0,0.0,0.0,0.0,0.0,0.0,0.0,0.0,0.0,0.0,0.0,0.0,0.0,0.0,0.0,0.0,0.0,0.0,0.0,0.0,0.0,0.0,0.0,0.0,0.0,0.0,0.0,0.0,0.0,0.0,0.0,0.0,0.0,0.0,0.0,0.0,0.0,0.0,0.0,0.0,0.0,0.0,0.0,0.0,0.0,0.0,0.0,0.0,0.0,0.0,0.0,0.0,0.0,0.0,0.0,0.0,0.0,0.0,0.0,0.0,0.0,0.0,0.0,0.0,0.0,0.0,0.0,0.0,0.0,0.0,0.0,0.0,0.0,0.0,0.0,0.0,0.0,0.0,0.0,0.0,0.0,0.0,0.0,0.0,0.0,0.0,0.0,0.0,0.0,0.0,0.0,0.0,0.0,0.0,0.0,0.0,0.0,0.0,0.0,0.0,0.0,0.0,0.0,0.0,0.0,0.0,0.0,0.0,0.0,0.0,0.0,0.0,0.0,0.0,0.0,0.0,0.0,0.0,0.0,0.0,0.0,0.0,0.0,0.0,0.0,0.0,0.0,0.0,0.0,0.0,0.0,0.0,0.0,0.0,0.0,0.0,0.0,0.0,0.0,0.0,0.0,0.0,0.0,0.0,0.0,0.0,0.0,0.0,0.0,0.0,0.0,0.0,0.0,0.0,0.0,0.0,0.0,0.0,0.0,0.0,0.0,0.0,0.0,0.0,0.0,0.0,0.0,0.0,0.0,0.0,0.0,0.0,0.0,0.0,0.0,0.0,0.0,0.0,0.0,0.0,0.0,0.0,0.0,0.0,0.0,0.0,0.0,0.0,0.0,0.0,0.0,0.0,0.0,0.0,0.0,0.0,0.0,0.0,0.0,0.0,0.0,0.0,0.0,0.0,0.0,0.0,0.0,0.0,0.0,0.0,0.0,0.0,0.0,0.0,0.0,0.0,0.0,0.0,0.0,0.0,0.0,0.0,0.0,0.0,0.0,0.0,0.0,0.0,0.0,0.0,0.0,0.0,0.0,0.0,0.0,0.0,0.0,0.0,0.0,0.0,0.0,0.0,0.0,0.0,0.0,0.0,0.0,0.0,0.0,0.0,0.0,0.0,0.0,0.0,0.0,0.0,0.0,0.0,0.0,0.0,0.0,0.0,0.0,0.0,0.0,0.0,0.0,0.0,0.0,0.0,0.0,0.0,0.0,0.0,0.0,0.0,0.0,0.0,0.0,0.0,0.0,0.0,0.0,0.0,0.0,0.0,0.0,0.0,0.0,0.0,0.0,0.0,0.0,0.0,0.0,0.0,0.0,0.0,0.0,0.0,0.0,0.0,0.0,0.0,0.0,0.0,0.0,0.0,0.0,0.0,0.0,0.0,0.0,0.0,0.0,0.0,0.0,0.0,0.0,0.0,0.0,0.0,0.0,0.0,0.0,0.0,0.0,0.0,0.0,0.0,0.0,0.0,0.0,0.0,0.0,0.0,0.0,0.0,0.0,0.0,0.0,0.0,0.0,0.0,0.0,0.0,0.0,0.0,0.0,0.0,0.0,0.0,0.0,0.0,0.0,0.0,0.0,0.0,0.0,0.0,0.0,0.0,0.0,0.0,0.0,0.0,0.0,0.0,0.0,0.0,0.0,0.0,0.0,0.0,0.0,0.0,0.0,0.0,0.0,0.0,0.0,0.0,0.0,0.0,0.0,0.0,0.0,0.0,0.0,0.0,0.0,0.0,0.0,0.0,0.0,0.0,0.0,0.0,0.0,0.0,0.0,0.0,0.0,0.0,0.0,0.0,0.0,0.0,0.0,0.0,0.0,0.0,0.0,0.0,0.0,0.0,0.0,0.0,0.0,0.0,0.0,0.0,0.0,0.0,0.0,0.0,0.0,0.0,0.0,0.0,0.0,0.0,0.0,0.0,0.0,0.0,0.0,0.0,0.0,0.0,0.0,0.0,0.0,0.0,0.0,0.0,0.0,0.0,0.0,0.0,0.0,0.0,0.0,0.0,0.0,0.0,0.0,0.0,0.0,0.0,0.0,0.0,0.0,0.0,0.0,0.0,0.0,0.0,0.0,0.0,0.0,0.0,0.0,0.0,0.0,0.0,0.0,0.0,0.0,0.0,0.0,0.0,0.0,0.0,0.0,0.0,0.0,0.0,0.0,0.0,0.0,0.0,0.0,0.0,0.0,0.0,0.0,0.0,0.0,0.0,0.0,0.0,0.0,0.0,0.0,0.0,0.0,0.0,0.0,0.0,0.0,0.0,0.0,0.0,0.0,0.0,0.0,0.0,0.0,0.0,0.0,0.0,0.0,0.0,0.0,0.0,0.0,0.0,0.0,0.0,0.0,0.0,0.0,0.0,0.0,0.0,0.0,0.0,0.0,0.0,0.0,0.0,0.0,0.0,0.0,0.0,0.0,0.0,0.0,0.0,0.0,0.0,0.0,0.0,0.0,0.0,0.0,0.0,0.0,0.0,0.0,0.0,0.0,0.0,0.0,0.0,0.0,0.0,0.0,0.0,0.0,0.0,0.0,0.0,0.0,0.0,0.0,0.0,0.0,0.0,0.0,0.0,0.0,0.0,0.0,0.0,0.0,0.0,0.0,0.0,0.0,0.0,0.0,0.0,0.0,0.0,0.0,0.0,0.0,0.0,0.0,0.0,0.0,0.0,0.0,0.0,0.0,0.0,0.0,0.0,0.0,0.0,0.0,0.0,0.0,0.0,0.0,0.0,0.0,0.0,0.0,0.0,0.0,0.0,0.0,0.0,0.0,0.0,0.0,0.0,0.0,0.0,0.0,0.0,0.0,0.0,0.0,0.0,0.0,0.0,0.0,0.0,0.0,0.0,0.0,0.0,0.0,0.0,0.0,0.0,0.0,0.0,0.0,0.0,0.0,0.0,0.0,0.0,0.0,0.0,0.0,0.0,0.0,0.0,0.0,0.0,0.0,0.0,0.0,0.0,0.0,0.0,0.0,0.0,0.0,0.0,0.0,0.0,0.0,0.0,0.0,0.0,0.0,0.0,0.0,0.0,0.0,0.0,0.0,0.0,0.0,0.0,0.0,0.0,0.0,0.0,0.0,0.0,0.0,0.0,0.0,0.0,0.0,0.0,0.0,0.0,0.0,0.0,0.0,0.0,0.0,0.0,0.0,0.0,0.0,0.0,0.0,0.0,0.0,0.0,0.0,0.0,0.0,0.0,0.0,0.0,0.0,0.0,0.0,0.0,0.0,0.0,0.0,0.0,0.0,0.0,0.0,0.0,0.0,0.0,0.0,0.0,0.0,0.0,0.0,0.0,0.0,0.0,0.0,0.0,0.0,0.0,0.0,0.0,0.0,0.0,0.0,0.0,0.0,0.0,0.0,0.0,0.0,0.0,0.0,0.0,0.0,0.0,0.0,0.0,0.0,0.0,0.0,0.0,0.0,0.0,0.0,0.0,0.0,0.0,0.0,0.0,0.0,0.0,0.0,0.0,0.0,0.0,0.0,0.0,0.0,0.0,0.0,0.0,0.0,0.0,0.0,0.0,0.0,0.0,0.0,0.0,0.0,0.0,0.0,0.0,0.0,0.0,0.0,0.0,0.0,0.0,0.0,0.0,0.0,0.0,0.0,0.0,0.0,0.0,0.0,0.0,0.0,0.0,0.0,0.0,0.0,0.0,0.0,0.0,0.0,0.0,0.0,0.0,0.0,0.0,0.0,0.0,0.0,0.0,0.0,0.0,0.0,0.0,0.0,0.0,0.0,0.0,0.0,0.0,0.0,0.0,0.0,0.0,0.0,0.0,0.0,0.0,0.0,0.0,0.0,0.0,0.0,0.0,0.0,0.0,0.0,0.0,0.0,0.0,0.0,0.0,0.0,0.0,0.0,0.0,0.0,0.0,0.0,0.0,0.0,0.0,0.0,0.0,0.0,0.0,0.0,0.0,0.0,0.0,0.0,0.0,0.0,0.0,0.0,0.0,0.0,0.0,0.0,0.0,0.0,0.0,0.0,0.0,0.0,0.0,0.0,0.0,0.0,0.0,0.0,0.0,0.0,0.0,0.0,0.0,0.0,0.0,0.0,0.0,0.0,0.0,0.0,0.0,0.0,0.0,0.0,0.0,0.0,0.0,0.0,0.0,0.0,0.0,0.0,0.0,0.0,0.0,0.0,0.0,0.0,0.0,0.0,0.0,0.0,0.0,0.0,0.0,0.0,0.0,0.0,0.0,0.0,0.0,0.0,0.0,0.0,0.0,0.0,0.0,0.0,0.0,0.0,0.0,0.0,0.0,0.0,0.0,0.0,0.0,0.0,0.0,0.0,0.0,0.0,0.0,0.0,0.0,0.0,0.0,0.0,0.0,0.0,0.0,0.0,0.0,0.0,0.0,0.0,0.0,0.0,0.0,0.0,0.0,0.0,0.0,0.0,0.0,0.0,0.0,0.0,0.0,0.0,0.0,0.0,0.0,0.0,0.0,0.0,0.0,0.0,0.0,0.0,0.0,0.0,0.0,0.0,0.0,0.0,0.0,0.0,0.0,0.0,0.0,0.0,0.0,0.0,0.0,0.0,0.0,0.0,0.0,0.0,0.0,0.0,0.0,0.0,0.0,0.0,0.0,0.0,0.0,0.0,0.0,0.0,0.0,0.0,0.0,0.0,0.0,0.0,0.0,0.0,0.0,0.0,0.0,0.0,0.0,0.0,0.0,0.0,0.0,0.0,0.0,0.0,0.0,0.0,0.0,0.0,0.0,0.0,0.0,0.0,0.0,0.0,0.0,0.0,0.0,0.0,0.0,0.0,0.0,0.0,0.0,0.0,0.0,0.0,0.0,0.0,0.0,0.0,0.0,0.0,0.0,0.0,0.0,0.0,0.0,0.0,0.0,0.0,0.0,0.0,0.0,0.0,0.0,0.0,0.0,0.0,0.0,0.0,0.0,0.0,0.0,0.0,0.0,0.0,0.0,0.0,0.0,0.0,0.0,0.0,0.0,0.0,0.0,0.0,0.0,0.0,0.0,0.0,0.0,0.0,0.0,0.0,0.0,0.0,0.0,0.0,0.0,0.0,0.0,0.0,0.0,0.0,0.0,0.0,0.0,0.0,0.0,0.0,0.0,0.0,0.0,0.0,0.0,0.0,0.0,0.0,0.0,0.0,0.0,0.0,0.0,0.0,0.0,0.0,0.0,0.0,0.0,0.0,0.0,0.0,0.0,0.0,0.0,0.0,0.0,0.0,0.0,0.0,0.0,0.0,0.0,0.0,0.0,0.0,0.0,0.0,0.0,0.0,0.0,0.0,0.0,0.0,0.0,0.0,0.0,0.0,0.0,0.0,0.0,0.0,0.0,0.0,0.0,0.0,0.0,0.0,0.0,0.0,0.0,0.0,0.0,0.0,0.0,0.0,0.0,0.0,0.0,0.0,0.0,0.0,0.0,0.0,0.0,0.0,0.0,0.0,0.0,0.0,0.0,0.0,0.0,0.0,0.0,0.0,0.0,0.0,0.0,0.0,0.0,0.0,0.0,0.0,0.0,0.0,0.0,0.0,0.0,0.0,0.0,0.0,0.0,0.0,0.0,0.0,0.0,0.0,0.0,0.0,0.0,0.0,0.0,0.0,0.0,0.0,0.0,0.0,0.0,0.0,0.0,0.0,0.0,0.0,0.0,0.0,0.0,0.0,0.0,0.0,0.0,0.0,0.0,0.0,0.0,0.0,0.0,0.0,0.0,0.0,0.0,0.0,0.0,0.0,0.0,0.0,0.0,0.0,0.0,0.0,0.0,0.0,0.0,0.0,0.0,0.0,0.0,0.0,0.0,0.0,0.0,0.0,0.0,0.0,0.0,0.0,0.0,0.0,0.0,0.0,0.0,0.0,0.0,0.0,0.0,0.0,0.0,0.0,0.0,0.0,0.0,0.0,0.0,0.0,0.0,0.0,0.0,0.0,0.0,0.0,0.0,0.0,0.0,0.0,0.0,0.0,0.0,0.0,0.0,0.0,0.0,0.0,0.0,0.0,0.0,0.0,0.0,0.0,0.0,0.0,0.0,0.0,0.0,0.0,0.0,0.0,0.0,0.0,0.0,0.0,0.0,0.0,0.0,0.0,0.0,0.0,0.0,0.0,0.0,0.0,0.0,0.0,0.0,0.0,0.0,0.0,0.0,0.0,0.0,0.0,0.0,0.0,0.0,0.0,0.0,0.0,0.0,0.0,0.0,0.0,0.0,0.0,0.0,0.0,0.0,0.0,0.0,0.0,0.0,0.0,0.0,0.0,0.0,0.0,0.0,0.0,0.0,0.0,0.0,0.0,0.0,0.0,0.0,0.0,0.0,0.0,0.0,0.0,0.0,0.0,0.0,0.0,0.0,0.0,0.0,0.0,0.0,0.0,0.0,0.0,0.0,0.0,0.0,0.0,0.0,0.0,0.0,0.0,0.0,0.0,0.0,0.0,0.0,0.0,0.0,0.0,0.0,0.0,0.0,0.0,0.0,0.0,0.0,0.0,0.0,0.0,0.0,0.0,0.0,0.0,0.0,0.0,0.0,0.0,0.0,0.0,0.0,0.0,0.0,0.0,0.0,0.0,0.0,0.0,0.0,0.0,0.0,0.0,0.0,0.0,0.0,0.0,0.0,0.0,0.0,0.0,0.0,0.0,0.0,0.0,0.0,0.0,0.0,0.0,0.0,0.0,0.0,0.0,0.0,0.0,0.0,0.0,0.0,0.0,0.0,0.0,0.0,0.0,0.0,0.0,0.0,0.0,0.0,0.0,0.0,0.0,0.0,0.0,0.0,0.0,0.0,0.0,0.0,0.0,0.0,0.0,0.0,0.0,0.0,0.0,0.0,0.0,0.0,0.0,0.0,0.0,0.0,0.0,0.0,0.0,0.0,0.0,0.0,0.0,0.0,0.0,0.0,0.0,0.0,0.0,0.0,0.0,0.0,0.0,0.0,0.0,0.0,0.0,0.0,0.0,0.0,0.0,0.0,0.0,0.0,0.0,0.0,0.0,0.0,0.0,0.0,0.0,0.0,0.0,0.0,0.0,0.0,0.0,0.0,0.0,0.0,0.0,0.0,0.0,0.0,0.0,0.0,0.0,0.0,0.0,0.0,0.0,0.0,0.0,0.0,0.0,0.0,0.0,0.0,0.0,0.0,0.0,0.0,0.0,0.0,0.0,0.0,0.0,0.0,0.0,0.0,0.0,0.0,0.0,0.0,0.0,0.0,0.0,0.0,0.0,0.0,0.0,0.0,0.0,0.0,0.0,0.0,0.0,0.0,0.0,0.0,0.0,0.0,0.0,0.0,0.0,0.0,0.0,0.0,0.0,0.0,0.0,0.0,0.0,0.0,0.0,0.0,0.0,0.0,0.0,0.0,0.0,0.0,0.0,0.0,0.0,0.0,0.0,0.0,0.0,0.0,0.0,0.0,0.0,0.0,0.0,0.0,0.0,0.0,0.0,0.0,0.0,0.0,0.0,0.0,0.0,0.0,0.0,0.0,0.0,0.0,0.0,0.0,0.0,0.0,0.0,0.0,0.0,0.0,0.0,0.0,0.0,0.0,0.0,0.0,0.0,0.0,0.0,0.0,0.0,0.0,0.0,0.0,0.0,0.0,0.0,0.0,0.0,0.0,0.0,0.0,0.0,0.0,0.0,0.0,0.0,0.0,0.0,0.0,0.0,0.0,0.0,0.0,0.0,0.0,0.0,0.0,0.0,0.0,0.0,0.0,0.0,0.0,0.0,0.0,0.0,0.0,0.0,0.0,0.0,0.0,0.0,0.0,0.0,0.0,0.0,0.0,0.0,0.0,0.0,0.0,0.0,0.0,0.0,0.0,0.0,0.0,0.0,0.0,0.0,0.0,0.0,0.0,0.0,0.0,0.0,0.0,0.0,0.0,0.0,0.0,0.0,0.0,0.0,0.0,0.0,0.0,0.0,0.0,0.0,0.0,0.0,0.0,0.0,0.0,0.0,0.0,0.0,0.0,0.0,0.0,0.0,0.0,0.0,0.0,0.0,0.0,0.0,0.0,0.0,0.0,0.0,0.0,0.0,0.0,0.0,0.0,0.0,0.0,0.0,0.0,0.0,0.0,0.0,0.0,0.0,0.0,0.0,0.0,0.0,0.0,0.0,0.0,0.0,0.0,0.0,0.0,0.0,0.0,0.0,0.0,0.0,0.0,0.0,0.0,0.0,0.0,0.0,0.0,0.0,0.0,0.0,0.0,0.0,0.0,0.0,0.0,0.0,0.0,0.0,0.0,0.0,0.0,0.0,0.0,0.0,0.0,0.0,0.0,0.0,0.0,0.0,0.0,0.0,0.0,0.0,0.0,0.0,0.0,0.0,0.0,0.0,0.0,0.0,0.0,0.0,0.0,0.0,0.0,0.0,0.0,0.0,0.0,0.0,0.0,0.0,0.0,0.0,0.0,0.0,0.0,0.0,0.0,0.0,0.0,0.0,0.0,0.0,0.0,0.0,0.0,0.0,0.0,0.0,0.0,0.0,0.0,0.0,0.0,0.0,0.0,0.0,0.0,0.0,0.0,0.0,0.0,0.0,0.0,0.0,0.0,0.0,0.0,0.0,0.0,0.0,0.0,0.0,0.0,0.0,0.0,0.0,0.0,0.0,0.0,0.0,0.0,0.0,0.0,0.0,0.0,0.0,0.0,0.0,0.0,0.0,0.0,0.0,0.0,0.0,0.0,0.0,0.0,0.0,0.0,0.0,0.0,0.0,0.0,0.0,0.0,0.0,0.0,0.0,0.0,0.0,0.0,0.0,0.0,0.0,0.0,0.0,0.0,0.0,0.0,0.0,0.0,0.0,0.0,0.0,0.0,0.0,0.0,0.0,0.0,0.0,0.0,0.0,0.0,0.0,0.0,0.0,0.0,0.0,0.0,0.0,0.0,0.0,0.0,0.0,0.0,0.0,0.0,0.0,0.0,0.0,0.0,0.0,0.0,0.0,0.0,0.0,0.0,0.0,0.0,0.0,0.0,0.0,0.0,0.0,0.0,0.0,0.0,0.0,0.0,0.0,0.0,0.0,0.0,0.0,0.0,0.0,0.0,0.0,0.0,0.0,0.0,0.0,0.0,0.0,0.0,0.0,0.0,0.0,0.0,0.0,0.0,0.0,0.0,0.0,0.0,0.0,0.0,0.0,0.0,0.0,0.0,0.0,0.0,0.0,0.0,0.0,0.0,0.0,0.0,0.0,0.0,0.0,0.0,0.0,0.0,0.0,0.0,0.0,0.0,0.0,0.0,0.0,0.0,0.0,0.0,0.0,0.0,0.0,0.0,0.0,0.0,0.0,0.0,0.0,0.0,0.0,0.0,0.0,0.0,0.0,0.0,0.0,0.0,0.0,0.0,0.0,0.0,0.0,0.0,0.0,0.0,0.0,0.0,0.0,0.0,0.0,0.0,0.0,0.0,0.0,0.0,0.0,0.0,0.0,0.0,0.0,0.0,0.0,0.0,0.0,0.0,0.0,0.0,0.0,0.0,0.0,0.0,0.0,0.0,0.0,0.0,0.0,0.0,0.0,0.0,0.0,0.0,0.0,0.0,0.0,0.0,0.0,0.0,0.0,0.0,0.0,0.0,0.0,0.0,0.0,0.0,0.0,0.0,0.0,0.0,0.0,0.0,0.0,0.0,0.0,0.0,0.0,0.0,0.0,0.0,0.0,0.0,0.0,0.0,0.0,0.0,0.0,0.0,0.0,0.0,0.0,0.0,0.0,0.0,0.0,0.0,0.0,0.0,0.0,0.0,0.0,0.0,0.0,0.0,0.0,0.0,0.0,0.0,0.0,0.0,0.0,0.0,0.0,0.0,0.0,0.0,0.0,0.0,0.0,0.0,0.0,0.0,0.0,0.0,0.0,0.0,0.0,0.0,0.0,0.0,0.0,0.0,0.0,0.0,0.0,0.0,0.0,0.0,0.0,0.0,0.0,0.0,0.0,0.0,0.0,0.0,0.0,0.0,0.0,0.0,0.0,0.0,0.0,0.0,0.0,0.0,0.0,0.0,0.0,0.0,0.0,0.0,0.0,0.0,0.0,0.0,0.0,0.0,0.0,0.0,0.0,0.0,0.0,0.0,0.0,0.0,0.0,0.0,0.0,0.0,0.0,0.0,0.0,0.0,0.0,0.0,0.0,0.0,0.0,0.0,0.0,0.0,0.0,0.0,0.0,0.0,0.0,0.0,0.0,0.0,0.0,0.0,0.0,0.0,0.0,0.0,0.0,0.0,0.0,0.0,0.0,0.0,0.0,0.0,0.0,0.0,0.0,0.0,0.0,0.0,0.0,0.0,0.0,0.0,0.0,0.0,0.0,0.0,0.0,0.0,0.0,0.0,0.0,0.0,0.0,0.0,0.0,0.0,0.0,0.0,0.0,0.0,0.0,0.0,0.0,0.0,0.0,0.0,0.0,0.0,0.0,0.0,0.0,0.0,0.0,0.0,0.0,0.0,0.0,0.0,0.0,0.0,0.0,0.0,0.0,0.0,0.0,0.0,0.0,0.0,0.0,0.0,0.0,0.0,0.0,0.0,0.0,0.0,0.0,0.0,0.0,0.0,0.0,0.0,0.0,0.0,0.0,0.0,0.0,0.0,0.0,0.0,0.0,0.0,0.0,0.0,0.0,0.0,0.0,0.0,0.0,0.0,0.0,0.0,0.0,0.0,0.0,0.0,0.0,0.0,0.0,0.0,0.0,0.0,0.0,0.0,0.0,0.0,0.0,0.0,0.0,0.0,0.0,0.0,0.0,0.0,0.0,0.0,0.0,0.0,0.0,0.0,0.0,0.0,0.0,0.0,0.0,0.0,0.0,0.0,0.0,0.0,0.0,0.0,0.0,0.0,0.0,0.0,0.0,0.0,0.0,0.0,0.0,0.0,0.0,0.0,0.0,0.0,0.0,0.0,0.0,0.0,0.0,0.0,0.0,0.0,0.0,0.0,0.0,0.0,0.0,0.0,0.0,0.0,0.0,0.0,0.0,0.0,0.0,0.0,0.0,0.0,0.0,0.0,0.0,0.0,0.0,0.0,0.0,0.0,0.0,0.0,0.0,0.0,0.0,0.0,0.0,0.0,0.0,0.0,0.0,0.0,0.0,0.0,0.0,0.0,0.0,0.0,0.0,0.0,0.0,0.0,0.0,0.0,0.0,0.0,0.0,0.0,0.0,0.0,0.0,0.0,0.0,0.0,0.0,0.0,0.0,0.0,0.0,0.0,0.0,0.0,0.0,0.0,0.0,0.0,0.0,0.0,0.0,0.0,0.0,0.0,0.0,0.0,0.0,0.0,0.0,0.0,0.0,0.0,0.0,0.0,0.0,0.0,0.0,0.0,0.0,0.0,0.0,0.0,0.0,0.0,0.0,0.0,0.0,0.0,0.0,0.0,0.0,0.0,0.0,0.0,0.0,0.0,0.0,0.0,0.0,0.0,0.0,0.0,0.0,0.0,0.0,0.0,0.0,0.0,0.0,0.0,0.0,0.0,0.0,0.0,0.0,0.0,0.0,0.0,0.0,0.0,0.0,0.0,0.0,0.0,0.0,0.0,0.0,0.0,0.0,0.0,0.0,0.0,0.0,0.0,0.0,0.0,0.0,0.0,0.0,0.0,0.0,0.0,0.0,0.0,0.0,0.0,0.0,0.0,0.0,0.0,0.0,0.0,0.0,0.0,0.0,0.0,0.0,0.0,0.0,0.0,0.0,0.0,0.0,0.0,0.0,0.0,0.0,0.0,0.0,0.0,0.0,0.0,0.0,0.0,0.0,0.0,0.0,0.0,0.0,0.0,0.0,0.0,0.0,0.0,0.0,0.0,0.0,0.0,0.0,0.0,0.0,0.0,0.0,0.0,0.0,0.0,0.0,0.0,0.0,0.0,0.0,0.0,0.0,0.0,0.0,0.0,0.0,0.0,0.0,0.0,0.0,0.0,0.0,0.0,0.0,0.0,0.0,0.0,0.0,0.0,0.0,0.0,0.0,0.0,0.0,0.0,0.0,0.0,0.0,0.0,0.0,0.0,0.0,0.0,0.0,0.0,0.0,0.0,0.0,0.0,0.0,0.0,0.0,0.0,0.0,0.0,0.0,0.0,0.0,0.0,0.0,0.0,0.0,0.0,0.0,0.0,0.0,0.0,0.0,0.0,0.0,0.0,0.0,0.0,0.0,0.0,0.0,0.0,0.0,0.0,0.0,0.0,0.0,0.0,0.0,0.0,0.0,0.0,0.0,0.0,0.0,0.0,0.0,0.0,0.0,0.0,0.0,0.0,0.0,0.0,0.0,0.0,0.0,0.0,0.0,0.0,0.0,0.0,0.0,0.0,0.0,0.0,0.0,0.0,0.0,0.0,0.0,0.0,0.0,0.0,0.0,0.0,0.0,0.0,0.0,0.0,0.0,0.0,0.0,0.0,0.0,0.0,0.0,0.0,0.0,0.0,0.0,0.0,0.0,0.0,0.0,0.0,0.0,0.0,0.0,0.0,0.0,0.0,0.0,0.0,0.0,0.0,0.0,0.0,0.0,0.0,0.0,0.0,0.0,0.0,0.0,0.0,0.0,0.0,0.0,0.0,0.0,0.0,0.0,0.0,0.0,0.0,0.0,0.0,0.0,0.0,0.0,0.0,0.0,0.0,0.0,0.0,0.0,0.0,0.0,0.0,0.0,0.0,0.0,0.0,0.0,0.0,0.0,0.0,0.0,0.0,0.0,0.0,0.0,0.0,0.0,0.0,0.0,0.0,0.0,0.0,0.0,0.0,0.0,0.0,0.0,0.0,0.0,0.0,0.0,0.0,0.0,0.0,0.0,0.0,0.0,0.0,0.0,0.0,0.0,0.0,0.0,0.0,0.0,0.0,0.0,0.0,0.0,0.0,0.0,0.0,0.0,0.0,0.0,0.0,0.0,0.0,0.0,0.0,0.0,0.0,0.0,0.0,0.0,0.0,0.0,0.0,0.0,0.0,0.0,0.0,0.0,0.0,0.0,0.0,0.0,0.0,0.0,0.0,0.0,0.0,0.0,0.0,0.0,0.0,0.0,0.0,0.0,0.0,0.0,0.0,0.0,0.0,0.0,0.0,0.0,0.0,0.0,0.0,0.0,0.0,0.0,0.0,0.0,0.0,0.0,0.0,0.0,0.0,0.0,0.0,0.0,0.0,0.0,0.0,0.0,0.0,0.0,0.0,0.0,0.0,0.0,0.0,0.0,0.0,0.0,0.0,0.0,0.0,0.0,0.0,0.0,0.0,0.0,0.0,0.0,0.0,0.0,0.0,0.0,0.0,0.0,0.0,0.0,0.0,0.0,0.0,0.0,0.0,0.0,0.0,0.0,0.0,0.0,0.0,0.0,0.0,0.0,0.0,0.0,0.0,0.0,0.0,0.0,0.0,0.0,0.0,0.0,0.0,0.0,0.0,0.0,0.0,0.0,0.0,0.0,0.0,0.0,0.0,0.0,0.0,0.0,0.0,0.0,0.0,0.0,0.0,0.0,0.0,0.0,0.0,0.0,0.0,0.0,0.0,0.0,0.0,0.0,0.0,0.0,0.0,0.0,0.0,0.0,0.0,0.0,0.0,0.0,0.0,0.0,0.0,0.0,0.0,0.0,0.0,0.0,0.0,0.0,0.0,0.0,0.0,0.0,0.0,0.0,0.0,0.0,0.0,0.0,0.0,0.0,0.0,0.0,0.0,0.0,0.0,0.0,0.0,0.0,0.0,0.0,0.0,0.0,0.0,0.0,0.0,0.0,0.0,0.0,0.0,0.0,0.0,0.0,0.0,0.0,0.0,0.0,0.0,0.0,0.0,0.0,0.0,0.0,0.0,0.0,0.0,0.0,0.0,0.0,0.0,0.0,0.0,0.0,0.0,0.0,0.0,0.0,0.0,0.0,0.0,0.0,0.0,0.0,0.0,0.0,0.0,0.0,0.0,0.0,0.0,0.0,0.0,0.0,0.0,0.0,0.0,0.0,0.0,0.0,0.0,0.0,0.0,0.0,0.0,0.0,0.0,0.0,0.0,0.0,0.0,0.0,0.0,0.0,0.0,0.0,0.0,0.0,0.0,0.0,0.0,0.0,0.0,0.0,0.0,0.0,0.0,0.0,0.0,0.0,0.0,0.0,0.0,0.0,0.0,0.0,0.0,0.0,0.0,0.0,0.0,0.0,0.0,0.0,0.0,0.0,0.0,0.0,0.0,0.0,0.0,0.0,0.0,0.0,0.0,0.0,0.0,0.0,0.0,0.0,0.0,0.0,0.0,0.0,0.0,0.0,0.0,0.0,0.0,0.0,0.0,0.0,0.0,0.0,0.0,0.0,0.0,0.0,0.0,0.0,0.0,0.0,0.0,0.0,0.0,0.0,0.0,0.0,0.0,0.0,0.0,0.0,0.0,0.0,0.0,0.0,0.0,0.0,0.0,0.0,0.0,0.0,0.0,0.0,0.0,0.0,0.0,0.0,0.0,0.0,0.0,0.0,0.0,0.0,0.0,0.0,0.0,0.0,0.0,0.0,0.0,0.0,0.0,0.0,0.0,0.0,0.0,0.0,0.0,0.0,0.0,0.0,0.0,0.0,0.0,0.0,0.0,0.0,0.0,0.0,0.0,0.0,0.0,0.0,0.0,0.0,0.0,0.0,0.0,0.0,0.0,0.0,0.0,0.0,0.0,0.0,0.0,0.0,0.0,0.0,0.0,0.0,0.0,0.0,0.0,0.0,0.0,0.0,0.0,0.0,0.0,0.0,0.0,0.0,0.0,0.0,0.0,0.0,0.0,0.0,0.0,0.0,0.0,0.0,0.0,0.0,0.0,0.0,0.0,0.0,0.0,0.0,0.0,0.0,0.0,0.0,0.0,0.0,0.0,0.0,0.0,0.0,0.0,0.0,0.0,0.0,0.0,0.0,0.0,0.0,0.0,0.0,0.0,0.0,0.0,0.0,0.0,0.0,0.0,0.0,0.0,0.0,0.0,0.0,0.0,0.0,0.0,0.0,0.0,0.0,0.0,0.0,0.0,0.0,0.0,0.0,0.0,0.0,0.0,0.0,0.0,0.0,0.0,0.0,0.0,0.0,0.0,0.0,0.0,0.0,0.0,0.0,0.0,0.0,0.0,0.0,0.0,0.0,0.0,0.0,0.0,0.0,0.0,0.0,0.0,0.0,0.0,0.0,0.0,0.0,0.0,0.0,0.0,0.0,0.0,0.0,0.0,0.0,0.0,0.0,0.0,0.0,0.0,0.0,0.0,0.0,0.0,0.0,0.0,0.0,0.0,0.0,0.0,0.0,0.0,0.0,0.0,0.0,0.0,0.0,0.0,0.0,0.0,0.0,0.0,0.0,0.0,0.0,0.0,0.0,0.0,0.0,0.0,0.0,0.0,0.0,0.0,0.0,0.0,0.0,0.0,0.0,0.0,0.0,0.0,0.0,0.0,0.0,0.0,0.0,0.0,0.0,0.0,0.0,0.0,0.0,0.0,0.0,0.0,0.0,0.0,0.0,0.0,0.0,0.0,0.0,0.0,0.0,0.0,0.0,0.0,0.0,0.0,0.0,0.0,0.0,0.0,0.0,0.0,0.0,0.0,0.0,0.0,0.0,0.0,0.0,0.0,0.0,0.0,0.0,0.0,0.0,0.0,0.0,0.0,0.0,0.0,0.0,0.0,0.0,0.0,0.0,0.0,0.0,0.0,0.0,0.0,0.0,0.0,0.0,0.0,0.0,0.0,0.0,0.0,0.0,0.0,0.0,0.0,0.0,0.0,0.0,0.0,0.0,0.0,0.0,0.0,0.0,0.0,0.0,0.0,0.0,0.0,0.0,0.0,0.0,0.0,0.0,0.0,0.0,0.0,0.0,0.0,0.0,0.0,0.0,0.0,0.0,0.0,0.0,0.0,0.0,0.0,0.0,0.0,0.0,0.0,0.0,0.0,0.0,0.0,0.0,0.0,0.0,0.0,0.0,0.0,0.0,0.0,0.0,0.0,0.0,0.0,0.0,0.0,0.0,0.0,0.0,0.0,0.0,0.0,0.0,0.0,0.0,0.0,0.0,0.0,0.0,0.0,0.0,0.0,0.0,0.0,0.0,0.0,0.0,0.0,0.0,0.0,0.0,0.0,0.0,0.0,0.0,0.0,0.0,0.0,0.0,0.0,0.0,0.0,0.0,0.0,0.0,0.0,0.0,0.0,0.0,0.0,0.0,0.0,0.0,0.0,0.0,0.0,0.0,0.0,0.0,0.0,0.0,0.0,0.0,0.0,0.0,0.0,0.0,0.0,0.0,0.0,0.0,0.0,0.0,0.0,0.0,0.0,0.0,0.0,0.0,0.0,0.0,0.0,0.0,0.0,0.0,0.0,0.0,0.0,0.0,0.0,0.0,0.0,0.0,0.0,0.0,0.0,0.0,0.0,0.0,0.0,0.0,0.0,0.0,0.0,0.0,0.0,0.0,0.0,0.0,0.0,0.0,0.0,0.0,0.0,0.0,0.0,0.0,0.0,0.0,0.0,0.0,0.0,0.0,0.0,0.0,0.0,0.0,0.0,0.0,0.0,0.0,0.0,0.0,0.0,0.0,0.0,0.0,0.0,0.0,0.0,0.0,0.0,0.0,0.0,0.0,0.0,0.0,0.0,0.0,0.0,0.0,0.0,0.0,0.0,0.0,0.0,0.0,0.0,0.0,0.0,0.0,0.0,0.0,0.0,0.0,0.0,0.0,0.0,0.0,0.0,0.0,0.0,0.0,0.0,0.0,0.0,0.0,0.0,0.0,0.0,0.0,0.0,0.0,0.0,0.0,0.0,0.0,0.0,0.0,0.0,0.0,0.0,0.0,0.0,0.0,0.0,0.0,0.0,0.0,0.0,0.0,0.0,0.0,0.0,0.0,0.0,0.0,0.0,0.0,0.0,0.0,0.0,0.0,0.0,0.0,0.0,0.0,0.0,0.0,0.0,0.0,0.0,0.0,0.0,0.0,0.0,0.0,0.0,0.0,0.0,0.0,0.0,0.0,0.0,0.0,0.0,0.0,0.0,0.0,0.0,0.0,0.0,0.0,0.0,0.0,0.0,0.0,0.0,0.0,0.0,0.0,0.0,0.0,0.0,0.0,0.0,0.0,0.0,0.0,0.0,0.0,0.0,0.0,0.0,0.0,0.0,0.0,0.0,0.0,0.0,0.0,0.0,0.0,0.0,0.0,0.0,0.0,0.0,0.0,0.0,0.0,0.0,0.0,0.0,0.0,0.0,0.0,0.0,0.0,0.0,0.0,0.0,0.0,0.0,0.0,0.0,0.0,0.0,0.0,0.0,0.0,0.0,0.0,0.0,0.0,0.0,0.0,0.0,0.0,0.0,0.0,0.0,0.0,0.0,0.0,0.0,0.0,0.0,0.0,0.0,0.0,0.0,0.0,0.0,0.0,0.0,0.0,0.0,0.0,0.0,0.0,0.0,0.0,0.0,0.0,0.0,0.0,0.0,0.0,0.0,0.0,0.0,0.0,0.0,0.0,0.0,0.0,0.0,0.0,0.0,0.0,0.0,0.0,0.0,0.0,0.0,0.0,0.0,0.0,0.0,0.0,0.0,0.0,0.0,0.0,0.0,0.0,0.0,0.0,0.0,0.0,0.0,0.0,0.0,0.0,0.0,0.0,0.0,0.0,0.0,0.0,0.0,0.0,0.0,0.0,0.0,0.0,0.0,0.0,0.0,0.0,0.0,0.0,0.0,0.0,0.0,0.0,0.0,0.0,0.0,0.0,0.0,0.0,0.0,0.0,0.0,0.0,0.0,0.0,0.0,0.0,0.0,0.0,0.0,0.0,0.0,0.0,0.0,0.0,0.0,0.0,0.0,0.0,0.0,0.0,0.0,0.0,0.0,0.0,0.0,0.0,0.0,0.0,0.0,0.0,0.0,0.0,0.0,0.0,0.0,0.0,0.0,0.0,0.0,0.0,0.0,0.0,0.0,0.0,0.0,0.0,0.0,0.0,0.0,0.0,0.0,0.0,0.0,0.0,0.0,0.0,0.0,0.0,0.0,0.0,0.0,0.0,0.0,0.0,0.0,0.0,0.0,0.0,0.0,0.0,0.0,0.0,0.0,0.0,0.0,0.0,0.0,0.0,0.0,0.0,0.0,0.0,0.0,0.0,0.0,0.0,0.0,0.0,0.0,0.0,0.0,0.0,0.0,0.0,0.0,0.0,0.0,0.0,0.0,0.0,0.0,0.0,0.0,0.0,0.0,0.0,0.0,0.0,0.0,0.0,0.0,0.0,0.0,0.0,0.0,0.0,0.0,0.0,0.0,0.0,0.0,0.0,0.0,0.0,0.0,0.0,0.0,0.0,0.0,0.0,0.0,0.0,0.0,0.0,0.0,0.0,0.0,0.0,0.0,0.0,0.0,0.0,0.0,0.0,0.0,0.0,0.0,0.0,0.0,0.0,0.0,0.0,0.0,0.0,0.0,0.0,0.0,0.0,0.0,0.0,0.0,0.0,0.0,0.0,0.0,0.0,0.0,0.0,0.0,0.0,0.0,0.0,0.0,0.0,0.0,0.0,0.0,0.0,0.0,0.0,0.0,0.0,0.0,0.0,0.0,0.0,0.0,0.0,0.0,0.0,0.0,0.0,0.0,0.0,0.0,0.0,0.0,0.0,0.0,0.0,0.0,0.0,0.0,0.0,0.0,0.0,0.0,0.0,0.0,0.0,0.0,0.0,0.0,0.0,0.0,0.0,0.0,0.0,0.0,0.0,0.0,0.0,0.0,0.0,0.0,0.0,0.0,0.0,0.0,0.0,0.0,0.0,0.0,0.0,0.0,0.0,0.0,0.0,0.0,0.0,0.0,0.0,0.0,0.0,0.0,0.0,0.0,0.0,0.0,0.0,0.0,0.0,0.0,0.0,0.0,0.0,0.0,0.0,0.0,0.0,0.0,0.0,0.0,0.0,0.0,0.0,0.0,0.0,0.0,0.0,0.0,0.0,0.0,0.0,0.0,0.0,0.0,0.0,0.0,0.0,0.0,0.0,0.0,0.0,0.0,0.0,0.0,0.0,0.0,0.0,0.0,0.0,0.0,0.0,0.0,0.0,0.0,0.0,0.0,0.0,0.0,0.0,0.0,0.0,0.0,0.0,0.0,0.0,0.0,0.0,0.0,0.0,0.0,0.0,0.0,0.0,0.0,0.0,0.0,0.0,0.0,0.0,0.0,0.0,0.0,0.0,0.0,0.0,0.0,0.0,0.0,0.0,0.0,0.0,0.0,0.0,0.0,0.0,0.0,0.0,0.0,0.0,0.0,0.0,0.0,0.0,0.0,0.0,0.0,0.0,0.0,0.0,0.0,0.0,0.0,0.0,0.0,0.0,0.0,0.0,0.0,0.0,0.0,0.0,0.0,0.0,0.0,0.0,0.0,0.0,0.0,0.0,0.0,0.0,0.0,0.0,0.0,0.0,0.0,0.0,0.0,0.0,0.0,0.0,0.0,0.0,0.0,0.0,0.0,0.0,0.0,0.0,0.0,0.0,0.0,0.0,0.0,0.0,0.0,0.0,0.0,0.0,0.0,0.0,0.0,0.0,0.0,0.0,0.0,0.0,0.0,0.0,0.0,0.0,0.0,0.0,0.0,0.0,0.0,0.0,0.0,0.0,0.0,0.0,0.0,0.0,0.0,0.0,0.0,0.0,0.0,0.0,0.0,0.0,0.0,0.0,0.0,0.0,0.0,0.0,0.0,0.0,0.0,0.0,0.0,0.0,0.0,0.0,0.0,0.0,0.0,0.0,0.0,0.0,0.0,0.0,0.0,0.0,0.0,0.0,0.0,0.0,0.0,0.0,0.0,0.0,0.0,0.0,0.0,0.0,0.0,0.0,0.0,0.0,0.0,0.0,0.0,0.0,0.0,0.0,0.0,0.0,0.0,0.0,0.0,0.0,0.0,0.0,0.0,0.0,0.0,0.0,0.0,0.0,0.0,0.0,0.0,0.0,0.0,0.0,0.0,0.0,0.0,0.0,0.0,0.0,0.0,0.0,0.0,0.0,0.0,0.0,0.0,0.0,0.0,0.0,0.0,0.0,0.0,0.0,0.0,0.0,0.0,0.0,0.0,0.0,0.0,0.0,0.0,0.0,0.0,0.0,0.0,0.0,0.0,0.0,0.0,0.0,0.0,0.0,0.0,0.0,0.0,0.0,0.0,0.0,0.0,0.0,0.0,0.0,0.0,0.0,0.0,0.0,0.0,0.0,0.0,0.0,0.0,0.0,0.0,0.0,0.0,0.0,0.0,0.0,0.0,0.0,0.0,0.0,0.0,0.0,0.0,0.0,0.0,0.0,0.0,0.0,0.0,0.0,0.0,0.0,0.0,0.0,0.0,0.0,0.0,0.0,0.0,0.0,0.0,0.0,0.0,0.0,0.0,0.0,0.0,0.0,0.0,0.0,0.0,0.0,0.0,0.0,0.0,0.0,0.0,0.0,0.0,0.0,0.0,0.0,0.0,0.0,0.0,0.0,0.0,0.0,0.0,0.0,0.0,0.0,0.0,0.0,0.0,0.0,0.0,0.0,0.0,0.0,0.0,0.0,0.0,0.0,0.0,0.0,0.0,0.0,0.0,0.0,0.0,0.0,0.0,0.0,0.0,0.0,0.0,0.0,0.0,0.0,0.0,0.0,0.0,0.0,0.0,0.0,0.0,0.0,0.0,0.0,0.0,0.0,0.0,0.0,0.0,0.0,0.0,0.0,0.0,0.0,0.0,0.0,0.0,0.0,0.0,0.0,0.0,0.0,0.0,0.0,0.0,0.0,0.0,0.0,0.0,0.0,0.0,0.0,0.0,0.0,0.0,0.0,0.0,0.0,0.0,0.0,0.0,0.0,0.0,0.0,0.0,0.0,0.0,0.0,0.0,0.0,0.0,0.0,0.0,0.0,0.0,0.0,0.0,0.0,0.0,0.0,0.0,0.0,0.0,0.0,0.0,0.0,0.0,0.0,0.0,0.0,0.0,0.0,0.0,0.0,0.0,0.0,0.0,0.0,0.0,0.0,0.0,0.0,0.0,0.0,0.0,0.0,0.0,0.0,0.0,0.0,0.0,0.0,0.0,0.0,0.0,0.0,0.0,0.0,0.0,0.0,0.0,0.0,0.0,0.0,0.0,0.0,0.0,0.0,0.0,0.0,0.0,0.0,0.0,0.0,0.0,0.0,0.0,0.0,0.0,0.0,0.0,0.0,0.0,0.0,0.0,0.0,0.0,0.0,0.0,0.0,0.0,0.0,0.0,0.0,0.0,0.0,0.0,0.0,0.0,0.0,0.0,0.0,0.0,0.0,0.0,0.0,0.0,0.0,0.0,0.0,0.0,0.0,0.0,0.0,0.0,0.0,0.0,0.0,0.0,0.0,0.0,0.0,0.0,0.0,0.0,0.0,0.0,0.0,0.0,0.0,0.0,0.0,0.0,0.0,0.0,0.0,0.0,0.0,0.0,0.0,0.0,0.0,0.0,0.0,0.0,0.0,0.0,0.0,0.0,0.0,0.0,0.0,0.0,0.0,0.0,0.0,0.0,0.0,0.0,0.0,0.0,0.0,0.0,0.0,0.0,0.0,0.0,0.0,0.0,0.0,0.0,0.0,0.0,0.0,0.0,0.0,0.0,0.0,0.0,0.0,0.0,0.0,0.0,0.0,0.0,0.0,0.0,0.0,0.0,0.0,0.0,0.0,0.0,0.0,0.0,0.0,0.0,0.0,0.0,0.0,0.0,0.0,0.0,0.0,0.0,0.0,0.0,0.0,0.0,0.0,0.0,0.0,0.0,0.0,0.0,0.0,0.0,0.0,0.0,0.0,0.0,0.0,0.0,0.0,0.0,0.0,0.0,0.0,0.0,0.0,0.0,0.0,0.0,0.0,0.0,0.0,0.0,0.0,0.0,0.0,0.0,0.0,0.0,0.0,0.0,0.0,0.0,0.0,0.0,0.0,0.0,0.0,0.0,0.0,0.0,0.0,0.0,0.0,0.0,0.0,0.0,0.0,0.0,0.0,0.0,0.0,0.0,0.0,0.0,0.0,0.0,0.0,0.0,0.0,0.0,0.0,0.0,0.0,0.0,0.0,0.0,0.0,0.0,0.0,0.0,0.0,0.0,0.0,0.0,0.0,0.0,0.0,0.0,0.0,0.0,0.0,0.0,0.0,0.0,0.0,0.0,0.0,0.0,0.0,0.0,0.0,0.0,0.0,0.0,0.0,0.0,0.0,0.0,0.0,0.0,0.0,0.0,0.0,0.0,0.0,0.0,0.0,0.0,0.0,0.0,0.0,0.0,0.0,0.0,0.0,0.0,0.0,0.0,0.0,0.0,0.0,0.0,0.0,0.0,0.0,0.0,0.0,0.0,0.0,0.0,0.0,0.0,0.0,0.0,0.0,0.0,0.0,0.0,0.0,0.0,0.0,0.0,0.0,0.0,0.0,0.0,0.0,0.0,0.0,0.0,0.0,0.0,0.0,0.0,0.0,0.0,0.0,0.0,0.0,0.0,0.0,0.0,0.0,0.0,0.0,0.0,0.0,0.0,0.0,0.0,0.0,0.0,0.0,0.0,0.0,0.0,0.0,0.0,0.0,0.0,0.0,0.0,0.0,0.0,0.0,0.0,0.0,0.0,0.0,0.0,0.0,0.0,0.0,0.0,0.0,0.0,0.0,0.0,0.0,0.0,0.0,0.0,0.0,0.0,0.0,0.0,0.0,0.0,0.0,0.0,0.0,0.0,0.0,0.0,0.0,0.0,0.0,0.0,0.0,0.0,0.0,0.0,0.0,0.0,0.0,0.0,0.0,0.0,0.0,0.0,0.0,0.0,0.0,0.0,0.0,0.0,0.0,0.0,0.0,0.0,0.0,0.0,0.0,0.0,0.0,0.0,0.0,0.0,0.0,0.0,0.0,0.0,0.0,0.0,0.0,0.0,0.0,0.0,0.0,0.0,0.0,0.0,0.0,0.0,0.0,0.0,0.0,0.0,0.0,0.0,0.0,0.0,0.0,0.0,0.0,0.0,0.0,0.0,0.0,0.0,0.0,0.0,0.0,0.0,0.0,0.0,0.0,0.0,0.0,0.0,0.0,0.0,0.0,0.0,0.0,0.0,0.0,0.0,0.0,0.0,0.0,0.0,0.0,0.0,0.0,0.0,0.0,0.0,0.0,0.0,0.0,0.0,0.0,0.0,0.0,0.0,0.0,0.0,0.0,0.0,0.0,0.0,0.0,0.0,0.0,0.0,0.0,0.0,0.0,0.0,0.0,0.0,0.0,0.0,0.0,0.0,0.0,0.0,0.0,0.0,0.0,0.0,0.0,0.0,0.0,0.0,0.0,0.0,0.0,0.0,0.0,0.0,0.0,0.0,0.0,0.0,0.0,0.0,0.0,0.0,0.0,0.0,0.0,0.0,0.0,0.0,0.0,0.0,0.0,0.0,0.0,0.0,0.0,0.0,0.0,0.0,0.0,0.0,0.0,0.0,0.0,0.0,0.0,0.0,0.0,0.0,0.0,0.0,0.0,0.0,0.0,0.0,0.0,0.0,0.0,0.0,0.0,0.0,0.0,0.0,0.0,0.0,0.0,0.0,0.0,0.0,0.0,0.0,0.0,0.0,0.0,0.0,0.0,0.0,0.0,0.0,0.0,0.0,0.0,0.0,0.0,0.0,0.0,0.0,0.0,0.0,0.0,0.0,0.0,0.0,0.0,0.0,0.0,0.0,0.0,0.0,0.0,0.0,0.0,0.0,0.0,0.0,0.0,0.0,0.0,0.0,0.0,0.0,0.0,0.0,0.0,0.0,0.0,0.0,0.0,0.0,0.0,0.0,0.0,0.0,0.0,0.0,0.0,0.0,0.0,0.0,0.0,0.0,0.0,0.0,0.0,0.0,0.0,0.0,0.0,0.0,0.0,0.0,0.0,0.0,0.0,0.0,0.0,0.0,0.0,0.0,0.0,0.0,0.0,0.0,0.0,0.0,0.0,0.0,0.0,0.0,0.0,0.0,0.0,0.0,0.0,0.0,0.0,0.0,0.0,0.0,0.0,0.0,0.0,0.0,0.0,0.0,0.0,0.0,0.0,0.0,0.0,0.0,0.0,0.0,0.0,0.0,0.0,0.0,0.0,0.0,0.0,0.0,0.0,0.0,0.0,0.0,0.0,0.0,0.0,0.0,0.0,0.0,0.0,0.0,0.0,0.0,0.0,0.0,0.0,0.0,0.0,0.0,0.0,0.0,0.0,0.0,0.0,0.0,0.0,0.0,0.0,0.0,0.0,0.0,0.0,0.0,0.0,0.0,0.0,0.0,0.0,0.0,0.0,0.0,0.0,0.0,0.0,0.0,0.0,0.0,0.0,0.0,0.0,0.0,0.0,0.0,0.0,0.0,0.0,0.0,0.0,0.0,0.0,0.0,0.0,0.0,0.0,0.0,0.0,0.0,0.0,0.0,0.0,0.0,0.0,0.0,0.0,0.0,0.0,0.0,0.0,0.0,0.0,0.0,0.0,0.0,0.0,0.0,0.0,0.0,0.0,0.0,0.0,0.0,0.0,0.0,0.0,0.0,0.0,0.0,0.0,0.0,0.0,0.0,0.0,0.0,0.0,0.0,0.0,0.0,0.0,0.0,0.0,0.0,0.0,0.0,0.0,0.0,0.0,0.0,0.0,0.0,0.0,0.0,0.0,0.0,0.0,0.0,0.0,0.0,0.0,0.0,0.0,0.0,0.0,0.0,0.0,0.0,0.0,0.0,0.0,0.0,0.0,0.0,0.0,0.0,0.0,0.0,0.0,0.0,0.0,0.0,0.0,0.0,0.0,0.0,0.0,0.0,0.0,0.0,0.0,0.0,0.0,0.0,0.0,0.0,0.0,0.0,0.0,0.0,0.0,0.0,0.0,0.0,0.0,0.0,0.0,0.0,0.0,0.0,0.0,0.0,0.0,0.0,0.0,0.0,0.0,0.0,0.0,0.0,0.0,0.0,0.0,0.0,0.0,0.0,0.0,0.0,0.0,0.0,0.0,0.0,0.0,0.0,0.0,0.0,0.0,0.0,0.0,0.0,0.0,0.0,0.0,0.0,0.0,0.0,0.0,0.0,0.0,0.0,0.0,0.0,0.0,0.0,0.0,0.0,0.0,0.0,0.0,0.0,0.0,0.0,0.0,0.0,0.0,0.0,0.0,0.0,0.0,0.0,0.0,0.0,0.0,0.0,0.0,0.0,0.0,0.0,0.0,0.0,0.0,0.0,0.0,0.0,0.0,0.0,0.0,0.0,0.0,0.0,0.0,0.0,0.0,0.0,0.0,0.0,0.0,0.0,0.0,0.0,0.0,0.0,0.0,0.0,0.0,0.0,0.0,0.0,0.0,0.0,0.0,0.0,0.0,0.0,0.0,0.0,0.0,0.0,0.0,0.0,0.0,0.0,0.0,0.0,0.0,0.0,0.0,0.0,0.0,0.0,0.0,0.0,0.0,0.0,0.0,0.0,0.0,0.0,0.0,0.0,0.0,0.0,0.0,0.0,0.0,0.0,0.0,0.0,0.0,0.0,0.0,0.0,0.0,0.0,0.0,0.0,0.0,0.0,0.0,0.0,0.0,0.0,0.0,0.0,0.0,0.0,0.0,0.0,0.0,0.0,0.0,0.0,0.0,0.0,0.0,0.0,0.0,0.0,0.0,0.0,0.0,0.0,0.0,0.0,0.0,0.0,0.0,0.0,0.0,0.0,0.0,0.0,0.0,0.0,0.0,0.0,0.0,0.0,0.0,0.0,0.0,0.0,0.0,0.0,0.0,0.0,0.0,0.0,0.0,0.0,0.0,0.0,0.0,0.0,0.0,0.0,0.0,0.0,0.0,0.0,0.0,0.0,0.0,0.0,0.0,0.0,0.0,0.0,0.0,0.0,0.0,0.0,0.0,0.0,0.0,0.0,0.0,0.0,0.0,0.0,0.0,0.0,0.0,0.0,0.0,0.0,0.0,0.0,0.0,0.0,0.0,0.0,0.0,0.0,0.0,0.0,0.0,0.0,0.0,0.0,0.0,0.0,0.0,0.0,0.0,0.0,0.0,0.0,0.0,0.0,0.0,0.0,0.0,0.0,0.0,0.0,0.0,0.0,0.0,0.0,0.0,0.0,0.0,0.0,0.0,0.0,0.0,0.0,0.0,0.0,0.0,0.0,0.0,0.0,0.0,0.0,0.0,0.0,0.0,0.0,0.0,0.0,0.0,0.0,0.0,0.0,0.0,0.0,0.0,0.0,0.0,0.0,0.0,0.0,0.0,0.0,0.0,0.0,0.0,0.0,0.0,0.0,0.0,0.0,0.0,0.0,0.0,0.0,0.0,0.0,0.0,0.0,0.0,0.0,0.0,0.0,0.0,0.0,0.0,0.0,0.0,0.0,0.0,0.0,0.0,0.0,0.0,0.0,0.0,0.0,0.0,0.0,0.0,0.0,0.0,0.0,0.0,0.0,0.0,0.0,0.0,0.0,0.0,0.0,0.0,0.0,0.0,0.0,0.0,0.0,0.0,0.0,0.0,0.0,0.0,0.0,0.0,0.0,0.0,0.0,0.0,0.0,0.0,0.0,0.0,0.0,0.0,0.0,0.0,0.0,0.0,0.0,0.0,0.0,0.0,0.0,0.0,0.0,0.0,0.0,0.0,0.0,0.0,0.0,0.0,0.0,0.0,0.0,0.0,0.0,0.0,0.0,0.0,0.0,0.0,0.0,0.0,0.0,0.0,0.0,0.0,0.0,0.0,0.0,0.0,0.0,0.0,0.0,0.0,0.0,0.0,0.0,0.0,0.0,0.0,0.0,0.0,0.0,0.0,0.0,0.0,0.0,0.0,0.0,0.0,0.0,0.0,0.0,0.0,0.0,0.0,0.0,0.0,0.0,0.0,0.0,0.0,0.0,0.0,0.0,0.0,0.0,0.0,0.0,0.0,0.0,0.0,0.0,0.0,0.0,0.0,0.0,0.0,0.0,0.0,0.0,0.0,0.0,0.0,0.0,0.0,0.0,0.0,0.0,0.0,0.0,0.0,0.0,0.0,0.0,0.0,0.0,0.0,0.0,0.0,0.0,0.0,0.0,0.0,0.0,0.0,0.0,0.0,0.0,0.0,0.0,0.0,0.0,0.0,0.0,0.0,0.0,0.0,0.0,0.0,0.0,0.0,0.0,0.0,0.0,0.0,0.0,0.0,0.0,0.0,0.0,0.0,0.0,0.0,0.0,0.0,0.0,0.0,0.0,0.0,0.0,0.0,0.0,0.0,0.0,0.0,0.0,0.0,0.0,0.0,0.0,0.0,0.0,0.0,0.0,0.0,0.0,0.0,0.0,0.0,0.0,0.0,0.0,0.0,0.0,0.0,0.0,0.0,0.0,0.0,0.0,0.0,0.0,0.0,0.0,0.0,0.0,0.0,0.0,0.0,0.0,0.0,0.0,0.0,0.0,0.0,0.0,0.0,0.0,0.0,0.0,0.0,0.0,0.0,0.0,0.0,0.0,0.0,0.0,0.0,0.0,0.0,0.0,0.0,0.0,0.0,0.0,0.0,0.0,0.0,0.0,0.0,0.0,0.0,0.0,0.0,0.0,0.0,0.0,0.0,0.0,0.0,0.0,0.0,0.0,0.0,0.0,0.0,0.0,0.0,0.0,0.0,0.0,0.0,0.0,0.0,0.0,0.0,0.0,0.0,0.0,0.0,0.0,0.0,0.0,0.0,0.0,0.0,0.0,0.0,0.0,0.0,0.0,0.0,0.0,0.0,0.0,0.0,0.0,0.0,0.0,0.0,0.0,0.0,0.0,0.0,0.0,0.0,0.0,0.0,0.0,0.0,0.0,0.0,0.0,0.0,0.0,0.0,0.0,0.0,0.0,0.0,0.0,0.0,0.0,0.0,0.0,0.0,0.0,0.0,0.0,0.0,0.0,0.0,0.0,0.0,0.0,0.0,0.0,0.0,0.0,0.0,0.0,0.0,0.0,0.0,0.0,0.0,0.0,0.0,0.0,0.0,0.0,0.0,0.0,0.0,0.0,0.0,0.0,0.0,0.0,0.0,0.0,0.0,0.0,0.0,0.0,0.0,0.0,0.0,0.0,0.0,0.0,0.0,0.0,0.0,0.0,0.0,0.0,0.0,0.0,0.0,0.0,0.0,0.0,0.0,0.0,0.0,0.0,0.0,0.0,0.0,0.0,0.0,0.0,0.0,0.0,0.0,0.0,0.0,0.0,0.0,0.0,0.0,0.0,0.0,0.0,0.0,0.0,0.0,0.0,0.0,0.0,0.0,0.0,0.0,0.0,0.0,0.0,0.0,0.0,0.0,0.0,0.0,0.0,0.0,0.0,0.0,0.0,0.0,0.0,0.0,0.0,0.0,0.0,0.0,0.0,0.0,0.0,0.0,0.0,0.0,0.0,0.0,0.0,0.0,0.0,0.0,0.0,0.0,0.0,0.0,0.0,0.0,0.0,0.0,0.0,0.0,0.0,0.0,0.0,0.0,0.0,0.0,0.0,0.0,0.0,0.0,0.0,0.0,0.0,0.0,0.0,0.0,0.0,0.0,0.0,0.0,0.0,0.0,0.0,0.0,0.0,0.0,0.0,0.0,0.0,0.0,0.0,0.0,0.0,0.0,0.0,0.0,0.0,0.0,0.0,0.0,0.0,0.0,0.0,0.0,0.0,0.0,0.0,0.0,0.0,0.0,0.0,0.0,0.0,0.0,0.0,0.0,0.0,0.0,0.0,0.0,0.0,0.0,0.0,0.0,0.0,0.0,0.0,0.0,0.0,0.0,0.0,0.0,0.0,0.0,0.0,0.0,0.0,0.0,0.0,0.0,0.0,0.0,0.0,0.0,0.0,0.0,0.0,0.0,0.0,0.0,0.0,0.0,0.0,0.0,0.0,0.0,0.0,0.0,0.0,0.0,0.0,0.0,0.0,0.0,0.0,0.0,0.0,0.0,0.0,0.0,0.0,0.0,0.0,0.0,0.0,0.0,0.0,0.0,0.0,0.0,0.0,0.0,0.0,0.0,0.0,0.0,0.0,0.0,0.0,0.0,0.0,0.0,0.0,0.0,0.0,0.0,0.0,0.0,0.0,0.0,0.0,0.0,0.0,0.0,0.0,0.0,0.0,0.0,0.0,0.0,0.0,0.0,0.0,0.0,0.0,0.0,0.0,0.0,0.0,0.0,0.0,0.0,0.0,0.0,0.0,0.0,0.0,0.0,0.0,0.0,0.0,0.0,0.0,0.0,0.0,0.0,0.0,0.0,0.0,0.0,0.0,0.0,0.0,0.0,0.0,0.0,0.0,0.0,0.0,0.0,0.0,0.0,0.0,0.0,0.0,0.0,0.0,0.0,0.0,0.0,0.0,0.0,0.0,0.0,0.0,0.0,0.0,0.0,0.0,0.0,0.0,0.0,0.0,0.0,0.0,0.0,0.0,0.0,0.0,0.0,0.0,0.0,0.0,0.0,0.0,0.0,0.0,0.0,0.0,0.0,0.0,0.0,0.0,0.0,0.0,0.0,0.0,0.0,0.0,0.0,0.0,0.0,0.0,0.0,0.0,0.0,0.0,0.0,0.0,0.0,0.0,0.0,0.0,0.0,0.0,0.0,0.0,0.0,0.0,0.0,0.0,0.0,0.0,0.0,0.0,0.0,0.0,0.0,0.0,0.0,0.0,0.0,0.0,0.0,0.0,0.0,0.0,0.0,0.0,0.0,0.0,0.0,0.0,0.0,0.0,0.0,0.0,0.0,0.0,0.0,0.0,0.0,0.0,0.0,0.0,0.0,0.0,0.0,0.0,0.0,0.0,0.0,0.0,0.0,0.0,0.0,0.0,0.0,0.0,0.0,0.0,0.0,0.0,0.0,0.0,0.0,0.0,0.0,0.0,0.0,0.0,0.0,0.0,0.0,0.0,0.0,0.0,0.0,0.0,0.0,0.0,0.0,0.0,0.0,0.0,0.0,0.0,0.0,0.0,0.0,0.0,0.0,0.0,0.0,0.0,0.0,0.0,0.0,0.0,0.0,0.0,0.0,0.0,0.0,0.0,0.0,0.0,0.0,0.0,0.0,0.0,0.0,0.0,0.0,0.0,0.0,0.0,0.0,0.0,0.0,0.0,0.0,0.0,0.0,0.0,0.0,0.0,0.0,0.0,0.0,0.0,0.0,0.0,0.0,0.0,0.0,0.0,0.0,0.0,0.0,0.0,0.0,0.0,0.0,0.0,0.0,0.0,0.0,0.0,0.0,0.0,0.0,0.0,0.0,0.0,0.0,0.0,0.0,0.0,0.0,0.0,0.0,0.0,0.0,0.0,0.0,0.0,0.0,0.0,0.0,0.0,0.0,0.0,0.0,0.0,0.0,0.0,0.0,0.0,0.0,0.0,0.0,0.0,0.0,0.0,0.0,0.0,0.0,0.0,0.0,0.0,0.0,0.0,0.0,0.0,0.0,0.0,0.0,0.0,0.0,0.0,0.0,0.0,0.0,0.0,0.0,0.0,0.0,0.0,0.0,0.0,0.0,0.0,0.0,0.0,0.0,0.0,0.0,0.0,0.0,0.0,0.0,0.0,0.0,0.0,0.0,0.0,0.0,0.0,0.0,0.0,0.0,0.0,0.0,0.0,0.0,0.0,0.0,0.0,0.0,0.0,0.0,0.0,0.0,0.0,0.0,0.0,0.0,0.0,0.0,0.0,0.0,0.0,0.0,0.0,0.0,0.0,0.0,0.0,0.0,0.0,0.0,0.0,0.0,0.0,0.0,0.0,0.0,0.0,0.0,0.0,0.0,0.0,0.0,0.0,0.0,0.0,0.0,0.0,0.0,0.0,0.0,0.0,0.0,0.0,0.0,0.0,0.0,0.0,0.0,0.0,0.0,0.0,0.0,0.0,0.0,0.0,0.0,0.0,0.0,0.0,0.0,0.0,0.0,0.0,0.0,0.0,0.0,0.0,0.0,0.0,0.0,0.0,0.0,0.0,0.0,0.0,0.0,0.0,0.0,0.0,0.0,0.0,0.0,0.0,0.0,0.0,0.0,0.0,0.0,0.0,0.0,0.0,0.0,0.0,0.0,0.0,0.0,0.0,0.0,0.0,0.0,0.0,0.0,0.0,0.0,0.0,0.0,0.0,0.0,0.0,0.0,0.0,0.0,0.0,0.0,0.0,0.0,0.0,0.0,0.0,0.0,0.0,0.0,0.0,0.0,0.0,0.0,0.0,0.0,0.0,0.0,0.0,0.0,0.0,0.0,0.0,0.0,0.0,0.0,0.0,0.0,0.0,0.0,0.0,0.0,0.0,0.0,0.0,0.0,0.0,0.0,0.0,0.0,0.0,0.0,0.0,0.0,0.0,0.0,0.0,0.0,0.0,0.0,0.0,0.0,0.0,0.0,0.0,0.0,0.0,0.0,0.0,0.0,0.0,0.0,0.0,0.0,0.0,0.0,0.0,0.0,0.0,0.0,0.0,0.0,0.0,0.0,0.0,0.0,0.0,0.0,0.0,0.0,0.0,0.0,0.0,0.0,0.0,0.0,0.0,0.0,0.0,0.0,0.0,0.0,0.0,0.0,0.0,0.0,0.0,0.0,0.0,0.0,0.0,0.0,0.0,0.0,0.0,0.0,0.0,0.0,0.0,0.0,0.0,0.0,0.0,0.0,0.0,0.0,0.0,0.0,0.0,0.0,0.0,0.0,0.0,0.0,0.0,0.0,0.0,0.0,0.0,0.0,0.0,0.0,0.0,0.0,0.0,0.0,0.0,0.0,0.0,0.0,0.0,0.0,0.0,0.0,0.0,0.0,0.0,0.0,0.0,0.0,0.0,0.0,0.0,0.0,0.0,0.0,0.0,0.0,0.0,0.0,0.0,0.0,0.0,0.0,0.0,0.0,0.0,0.0,0.0,0.0,0.0,0.0,0.0,0.0,0.0,0.0,0.0,0.0,0.0,0.0,0.0,0.0,0.0,0.0,0.0,0.0,0.0,0.0,0.0,0.0,0.0,0.0,0.0,0.0,0.0,0.0,0.0,0.0,0.0,0.0,0.0,0.0,0.0,0.0,0.0,0.0,0.0,0.0,0.0,0.0,0.0,0.0,0.0,0.0,0.0,0.0,0.0,0.0,0.0,0.0,0.0,0.0,0.0,0.0,0.0,0.0,0.0,0.0,0.0,0.0,0.0,0.0,0.0,0.0,0.0,0.0,0.0,0.0,0.0,0.0,0.0,0.0,0.0,0.0,0.0,0.0,0.0,0.0,0.0,0.0,0.0,0.0,0.0,0.0,0.0,0.0,0.0,0.0,0.0,0.0,0.0,0.0,0.0,0.0,0.0,0.0,0.0,0.0,0.0,0.0,0.0,0.0,0.0,0.0,0.0,0.0,0.0,0.0,0.0,0.0,0.0,0.0,0.0,0.0,0.0,0.0,0.0,0.0,0.0,0.0,0.0,0.0,0.0,0.0,0.0,0.0,0.0,0.0,0.0,0.0,0.0,0.0,0.0,0.0,0.0,0.0,0.0,0.0,0.0,0.0,0.0,0.0,0.0,0.0,0.0,0.0,0.0,0.0,0.0,0.0,0.0,0.0,0.0,0.0,0.0,0.0,0.0,0.0,0.0,0.0,0.0,0.0,0.0,0.0,0.0,0.0,0.0,0.0,0.0,0.0,0.0,0.0,0.0,0.0,0.0,0.0,0.0,0.0,0.0,0.0,0.0,0.0,0.0,0.0,0.0,0.0,0.0,0.0,0.0,0.0,0.0,0.0,0.0,0.0,0.0,0.0,0.0,0.0,0.0,0.0,0.0,0.0,0.0,0.0,0.0,0.0,0.0,0.0,0.0,0.0,0.0,0.0,0.0,0.0,0.0,0.0,0.0,0.0,0.0,0.0,0.0,0.0,0.0,0.0,0.0,0.0,0.0,0.0,0.0,0.0,0.0,0.0,0.0,0.0,0.0,0.0,0.0,0.0,0.0,0.0,0.0,0.0,0.0,0.0,0.0,0.0,0.0,0.0,0.0,0.0,0.0,0.0,0.0,0.0,0.0,0.0,0.0,0.0,0.0,0.0,0.0,0.0,0.0,0.0,0.0,0.0,0.0,0.0,0.0,0.0,0.0,0.0,0.0,0.0,0.0,0.0,0.0,0.0,0.0,0.0,0.0,0.0,0.0,0.0,0.0,0.0,0.0,0.0,0.0,0.0,0.0,0.0,0.0,0.0,0.0,0.0,0.0,0.0,0.0,0.0,0.0,0.0,0.0,0.0,0.0,0.0,0.0,0.0,0.0,0.0,0.0,0.0,0.0,0.0,0.0,0.0,0.0,0.0,0.0,0.0,0.0,0.0,0.0,0.0,0.0,0.0,0.0,0.0,0.0,0.0,0.0,0.0,0.0,0.0,0.0,0.0,0.0,0.0,0.0,0.0,0.0,0.0,0.0,0.0,0.0,0.0,0.0,0.0,0.0,0.0,0.0,0.0,0.0,0.0,0.0,0.0,0.0,0.0,0.0,0.0,0.0,0.0,0.0,0.0,0.0,0.0,0.0,0.0,0.0,0.0,0.0,0.0,0.0,0.0,0.0,0.0,0.0,0.0,0.0,0.0,0.0,0.0,0.0,0.0,0.0,0.0,0.0,0.0,0.0,0.0,0.0,0.0,0.0,0.0,0.0,0.0,0.0,0.0,0.0,0.0,0.0,0.0,0.0,0.0,0.0,0.0,0.0,0.0,0.0,0.0,0.0,0.0,0.0,0.0,0.0,0.0,0.0,0.0,0.0,0.0,0.0,0.0,0.0,0.0,0.0,0.0,0.0,0.0,0.0,0.0,0.0,0.0,0.0,0.0,0.0,0.0,0.0,0.0,0.0,0.0,0.0,0.0,0.0,0.0,0.0,0.0,0.0,0.0,0.0,0.0,0.0,0.0,0.0,0.0,0.0,0.0,0.0,0.0,0.0,0.0,0.0,0.0,0.0,0.0,0.0,0.0,0.0,0.0,0.0,0.0,0.0,0.0,0.0,0.0,0.0,0.0,0.0,0.0,0.0,0.0,0.0,0.0,0.0,0.0,0.0,0.0,0.0,0.0,0.0,0.0,0.0,0.0,0.0,0.0,0.0,0.0,0.0,0.0,0.0,0.0,0.0,0.0,0.0,0.0,0.0,0.0,0.0,0.0,0.0,0.0,0.0,0.0,0.0,0.0,0.0,0.0,0.0,0.0,0.0,0.0,0.0,0.0,0.0,0.0,0.0,0.0,0.0,0.0,0.0,0.0,0.0,0.0,0.0,0.0,0.0,0.0,0.0,0.0,0.0,0.0,0.0,0.0,0.0,0.0,0.0,0.0,0.0,0.0,0.0,0.0,0.0,0.0,0.0,0.0,0.0,0.0,0.0,0.0,0.0,0.0,0.0,0.0,0.0,0.0,0.0,0.0,0.0,0.0,0.0,0.0,0.0,0.0,0.0,0.0,0.0,0.0,0.0,0.0,0.0,0.0,0.0,0.0,0.0,0.0,0.0,0.0,0.0,0.0,0.0,0.0,0.0,0.0,0.0,0.0,0.0,0.0,0.0,0.0,0.0,0.0,0.0,0.0,0.0,0.0,0.0,0.0,0.0,0.0,0.0,0.0,0.0,0.0,0.0,0.0,0.0,0.0,0.0,0.0,0.0,0.0,0.0,0.0,0.0,0.0,0.0,0.0,0.0,0.0,0.0,0.0,0.0,0.0,0.0,0.0,0.0,0.0,0.0,0.0,0.0,0.0,0.0,0.0,0.0,0.0,0.0,0.0,0.0,0.0,0.0,0.0,0.0,0.0,0.0,0.0,0.0,0.0,0.0,0.0,0.0,0.0,0.0,0.0,0.0,0.0,0.0,0.0,0.0,0.0,0.0,0.0,0.0,0.0,0.0,0.0,0.0,0.0,0.0,0.0,0.0,0.0,0.0,0.0,0.0,0.0,0.0,0.0,0.0,0.0,0.0,0.0,0.0,0.0,0.0,0.0,0.0,0.0,0.0,0.0,0.0,0.0,0.0,0.0,0.0,0.0,0.0,0.0,0.0,0.0,0.0,0.0,0.0,0.0,0.0,0.0,0.0,0.0,0.0,0.0,0.0,0.0,0.0,0.0,0.0,0.0,0.0,0.0,0.0,0.0,0.0,0.0,0.0,0.0,0.0,0.0,0.0,0.0,0.0,0.0,0.0,0.0,0.0,0.0,0.0,0.0,0.0,0.0,0.0,0.0,0.0,0.0,0.0,0.0,0.0,0.0,0.0,0.0,0.0,0.0,0.0,0.0,0.0,0.0,0.0,0.0,0.0,0.0,0.0,0.0,0.0,0.0,0.0,0.0,0.0,0.0,0.0,0.0,0.0,0.0,0.0,0.0,0.0,0.0,0.0,0.0,0.0,0.0,0.0,0.0,0.0,0.0,0.0,0.0,0.0,0.0,0.0,0.0,0.0,0.0,0.0,0.0,0.0,0.0,0.0,0.0,0.0,0.0,0.0,0.0,0.0,0.0,0.0,0.0,0.0,0.0,0.0,0.0,0.0,0.0,0.0,0.0,0.0,0.0,0.0,0.0,0.0,0.0,0.0,0.0,0.0,0.0,0.0,0.0,0.0,0.0,0.0,0.0,0.0,0.0,0.0,0.0,0.0,0.0,0.0,0.0,0.0,0.0,0.0,0.0,0.0,0.0,0.0,0.0,0.0,0.0,0.0,0.0,0.0,0.0,0.0,0.0,0.0,0.0,0.0,0.0,0.0,0.0,0.0,0.0,0.0,0.0,0.0,0.0,0.0,0.0,0.0,0.0,0.0,0.0,0.0,0.0,0.0,0.0,0.0,0.0,0.0,0.0,0.0,0.0,0.0,0.0,0.0,0.0,0.0,0.0,0.0,0.0,0.0,0.0,0.0,0.0,0.0,0.0,0.0,0.0,0.0,0.0,0.0,0.0,0.0,0.0,0.0,0.0,0.0,0.0,0.0,0.0,0.0,0.0,0.0,0.0,0.0,0.0,0.0,0.0,0.0,0.0,0.0,0.0,0.0,0.0,0.0,0.0,0.0,0.0,0.0,0.0,0.0,0.0,0.0,0.0,0.0,0.0,0.0,0.0,0.0,0.0,0.0,0.0,0.0,0.0,0.0,0.0,0.0,0.0,0.0,0.0,0.0,0.0,0.0,0.0,0.0,0.0,0.0,0.0,0.0,0.0,0.0,0.0,0.0,0.0,0.0,0.0,0.0,0.0,0.0,0.0,0.0,0.0,0.0,0.0,0.0,0.0,0.0,0.0,0.0,0.0,0.0,0.0,0.0,0.0,0.0,0.0,0.0,0.0,0.0,0.0,0.0,0.0,0.0,0.0,0.0,0.0,0.0,0.0,0.0,0.0,0.0,0.0,0.0,0.0,0.0,0.0,0.0,0.0,0.0,0.0,0.0,0.0,0.0,0.0,0.0,0.0,0.0,0.0,0.0,0.0,0.0,0.0,0.0,0.0,0.0,0.0,0.0,0.0,0.0,0.0,0.0,0.0,0.0,0.0,0.0,0.0,0.0,0.0,0.0,0.0,0.0,0.0,0.0,0.0,0.0,0.0,0.0,0.0,0.0,0.0,0.0,0.0,0.0,0.0,0.0,0.0,0.0,0.0,0.0,0.0,0.0,0.0,0.0,0.0,0.0,0.0,0.0,0.0,0.0,0.0,0.0,0.0,0.0,0.0,0.0,0.0,0.0,0.0,0.0,0.0,0.0,0.0,0.0,0.0,0.0,0.0,0.0,0.0,0.0,0.0,0.0,0.0,0.0,0.0,0.0,0.0,0.0,0.0,0.0,0.0,0.0,0.0,0.0,0.0,0.0,0.0,0.0,0.0,0.0,0.0,0.0,0.0,0.0,0.0,0.0,0.0,0.0,0.0,0.0,0.0,0.0,0.0,0.0,0.0,0.0,0.0,0.0,0.0,0.0,0.0,0.0,0.0,0.0,0.0,0.0,0.0,0.0,0.0,0.0,0.0,0.0,0.0,0.0,0.0,0.0,0.0,0.0,0.0,0.0,0.0,0.0,0.0,0.0,0.0,0.0,0.0,0.0,0.0,0.0,0.0,0.0,0.0,0.0,0.0,0.0,0.0,0.0,0.0,0.0,0.0,0.0,0.0,0.0,0.0,0.0,0.0,0.0,0.0,0.0,0.0,0.0,0.0,0.0,0.0,0.0,0.0,0.0,0.0,0.0,0.0,0.0,0.0,0.0,0.0,0.0,0.0,0.0,0.0,0.0,0.0,0.0,0.0,0.0,0.0,0.0,0.0,0.0,0.0,0.0,0.0,0.0,0.0,0.0,0.0,0.0,0.0,0.0,0.0,0.0,0.0,0.0,0.0,0.0,0.0,0.0,0.0,0.0,0.0,0.0,0.0,0.0,0.0,0.0,0.0,0.0,0.0,0.0,0.0,0.0,0.0,0.0,0.0,0.0,0.0,0.0,0.0,0.0,0.0,0.0,0.0,0.0,0.0,0.0,0.0,0.0,0.0,0.0,0.0,0.0,0.0,0.0,0.0,0.0,0.0,0.0,0.0,0.0,0.0,0.0,0.0,0.0,0.0,0.0,0.0,0.0,0.0,0.0,0.0,0.0,0.0,0.0,0.0,0.0,0.0,0.0,0.0,0.0,0.0,0.0,0.0,0.0,0.0,0.0,0.0,0.0,0.0,0.0,0.0,0.0,0.0,0.0,0.0,0.0,0.0,0.0,0.0,0.0,0.0,0.0,0.0,0.0,0.0,0.0,0.0,0.0,0.0,0.0,0.0,0.0,0.0,0.0,0.0,0.0,0.0,0.0,0.0,0.0,0.0,0.0,0.0,0.0,0.0,0.0,0.0,0.0,0.0,0.0,0.0,0.0,0.0,0.0,0.0,0.0,0.0,0.0,0.0,0.0,0.0,0.0,0.0,0.0,0.0,0.0,0.0,0.0,0.0,0.0,0.0,0.0,0.0,0.0,0.0,0.0,0.0,0.0,0.0,0.0,0.0,0.0,0.0,0.0,0.0,0.0,0.0,0.0,0.0,0.0,0.0,0.0,0.0,0.0,0.0,0.0,0.0,0.0,0.0,0.0,0.0,0.0,0.0,0.0,0.0,0.0,0.0,0.0,0.0,0.0,0.0,0.0,0.0,0.0,0.0,0.0,0.0,0.0,0.0,0.0,0.0,0.0,0.0,0.0,0.0,0.0,0.0,0.0,0.0,0.0,0.0,0.0,0.0,0.0,0.0,0.0,0.0,0.0,0.0,0.0,0.0,0.0,0.0,0.0,0.0,0.0,0.0,0.0,0.0,0.0,0.0,0.0,0.0,0.0,0.0,0.0,0.0,0.0,0.0,0.0,0.0,0.0,0.0,0.0,0.0,0.0,0.0,0.0,0.0,0.0,0.0,0.0,0.0,0.0,0.0,0.0,0.0,0.0,0.0,0.0,0.0,0.0,0.0,0.0,0.0,0.0,0.0,0.0,0.0,0.0,0.0,0.0,0.0,0.0,0.0,0.0,0.0,0.0,0.0,0.0,0.0,0.0,0.0,0.0,0.0,0.0,0.0,0.0,0.0,0.0,0.0,0.0,0.0,0.0,0.0,0.0,0.0,0.0,0.0,0.0,0.0,0.0,0.0,0.0,0.0,0.0,0.0,0.0,0.0,0.0,0.0,0.0,0.0,0.0,0.0,0.0,0.0,0.0,0.0,0.0,0.0,0.0,0.0,0.0,0.0,0.0,0.0,0.0,0.0,0.0,0.0,0.0,0.0,0.0,0.0,0.0,0.0,0.0,0.0,0.0,0.0,0.0,0.0,0.0,0.0,0.0,0.0,0.0,0.0,0.0,0.0,0.0,0.0,0.0,0.0,0.0,0.0,0.0,0.0,0.0,0.0,0.0,0.0,0.0,0.0,0.0,0.0,0.0,0.0,0.0,0.0,0.0,0.0,0.0,0.0,0.0,0.0,0.0,0.0,0.0,0.0,0.0,0.0,0.0,0.0,0.0,0.0,0.0,0.0,0.0,0.0,0.0,0.0,0.0,0.0,0.0,0.0,0.0,0.0,0.0,0.0,0.0,0.0,0.0,0.0,0.0,0.0,0.0,0.0,0.0,0.0,0.0,0.0,0.0,0.0,0.0,0.0,0.0,0.0,0.0,0.0,0.0,0.0,0.0,0.0,0.0,0.0,0.0,0.0,0.0,0.0,0.0,0.0,0.0,0.0,0.0,0.0,0.0,0.0,0.0,0.0,0.0,0.0,0.0,0.0,0.0,0.0,0.0,0.0,0.0,0.0,0.0,0.0,0.0,0.0,0.0,0.0,0.0,0.0,0.0,0.0,0.0,0.0,0.0,0.0,0.0,0.0,0.0,0.0,0.0,0.0,0.0,0.0,0.0,0.0,0.0,0.0,0.0,0.0,0.0,0.0,0.0,0.0,0.0,0.0,0.0,0.0,0.0,0.0,0.0,0.0,0.0,0.0,0.0,0.0,0.0,0.0,0.0,0.0,0.0,0.0,0.0,0.0,0.0,0.0,0.0,0.0,0.0,0.0,0.0,0.0,0.0,0.0,0.0,0.0,0.0,0.0,0.0,0.0,0.0,0.0,0.0,0.0,0.0,0.0,0.0,0.0,0.0,0.0,0.0,0.0,0.0,0.0,0.0,0.0,0.0,0.0,0.0,0.0,0.0,0.0,0.0,0.0,0.0,0.0,0.0,0.0,0.0,0.0,0.0,0.0,0.0,0.0,0.0,0.0,0.0,0.0,0.0,0.0,0.0,0.0,0.0,0.0,0.0,0.0,0.0,0.0,0.0,0.0,0.0,0.0,0.0,0.0,0.0,0.0,0.0,0.0,0.0,0.0,0.0,0.0,0.0,0.0,0.0,0.0,0.0,0.0,0.0,0.0,0.0,0.0,0.0,0.0,0.0,0.0,0.0,0.0,0.0,0.0,0.0,0.0,0.0,0.0,0.0,0.0,0.0,0.0,0.0,0.0,0.0,0.0,0.0,0.0,0.0,0.0,0.0,0.0,0.0,0.0,0.0,0.0,0.0,0.0,0.0,0.0,0.0,0.0,0.0,0.0,0.0,0.0,0.0,0.0,0.0,0.0,0.0,0.0,0.0,0.0,0.0,0.0,0.0,0.0,0.0,0.0,0.0,0.0,0.0,0.0,0.0,0.0,0.0,0.0,0.0,0.0,0.0,0.0,0.0,0.0,0.0,0.0,0.0,0.0,0.0,0.0,0.0,0.0,0.0,0.0,0.0,0.0,0.0,0.0,0.0,0.0,0.0,0.0,0.0,0.0,0.0,0.0,0.0,0.0,0.0,0.0,0.0,0.0,0.0,0.0,0.0,0.0,0.0,0.0,0.0,0.0,0.0,0.0,0.0,0.0,0.0,0.0,0.0,0.0,0.0,0.0,0.0,0.0,0.0,0.0,0.0,0.0,0.0,0.0,0.0,0.0,0.0,0.0,0.0,0.0,0.0,0.0,0.0,0.0,0.0,0.0,0.0,0.0,0.0,0.0,0.0,0.0,0.0,0.0,0.0,0.0,0.0,0.0,0.0,0.0,0.0,0.0,0.0,0.0,0.0,0.0,0.0,0.0,0.0,0.0,0.0,0.0,0.0,0.0,0.0,0.0,0.0,0.0,0.0,0.0,0.0,0.0,0.0,0.0,0.0,0.0,0.0,0.0,0.0,0.0,0.0,0.0,0.0,0.0,0.0,0.0,0.0,0.0,0.0,0.0,0.0,0.0,0.0,0.0,0.0,0.0,0.0,0.0,0.0,0.0,0.0,0.0,0.0,0.0,0.0,0.0,0.0,0.0,0.0,0.0,0.0,0.0,0.0,0.0,0.0,0.0,0.0,0.0,0.0,0.0,0.0,0.0,0.0,0.0,0.0,0.0,0.0,0.0,0.0,0.0,0.0,0.0,0.0,0.0,0.0,0.0,0.0,0.0,0.0,0.0,0.0,0.0,0.0,0.0,0.0,0.0,0.0,0.0,0.0,0.0,0.0,0.0,0.0,0.0,0.0,0.0,0.0,0.0,0.0,0.0,0.0,0.0,0.0,0.0,0.0,0.0,0.0,0.0,0.0,0.0,0.0,0.0,0.0,0.0,0.0,0.0,0.0,0.0,0.0,0.0,0.0,0.0,0.0,0.0,0.0,0.0,0.0,0.0,0.0,0.0,0.0,0.0,0.0,0.0,0.0,0.0,0.0,0.0,0.0,0.0,0.0,0.0,0.0,0.0,0.0,0.0,0.0,0.0,0.0,0.0,0.0,0.0,0.0,0.0,0.0,0.0,0.0,0.0,0.0,0.0,0.0,0.0,0.0,0.0,0.0,0.0,0.0,0.0,0.0,0.0,0.0,0.0,0.0,0.0,0.0,0.0,0.0,0.0,0.0,0.0,0.0,0.0,0.0,0.0,0.0,0.0,0.0,0.0,0.0,0.0,0.0,0.0,0.0,0.0,0.0,0.0,0.0,0.0,0.0,0.0,0.0,0.0,0.0,0.0,0.0,0.0,0.0,0.0,0.0,0.0,0.0,0.0,0.0,0.0,0.0,0.0,0.0,0.0,0.0,0.0,0.0,0.0,0.0,0.0,0.0,0.0,0.0,0.0,0.0,0.0,0.0,0.0,0.0,0.0,0.0,0.0,0.0,0.0,0.0,0.0,0.0,0.0,0.0,0.0,0.0,0.0,0.0,0.0,0.0,0.0,0.0,0.0,0.0,0.0,0.0,0.0,0.0,0.0,0.0,0.0,0.0,0.0,0.0,0.0,0.0,0.0,0.0,0.0,0.0,0.0,0.0,0.0,0.0,0.0,0.0,0.0,0.0,0.0,0.0,0.0,0.0,0.0,0.0,0.0,0.0,0.0,0.0,0.0,0.0,0.0,0.0,0.0,0.0,0.0,0.0,0.0,0.0,0.0,0.0,0.0,0.0,0.0,0.0,0.0,0.0,0.0,0.0,0.0,0.0,0.0,0.0,0.0,0.0,0.0,0.0,0.0,0.0,0.0,0.0,0.0,0.0,0.0,0.0,0.0,0.0,0.0,0.0,0.0,0.0,0.0,0.0,0.0,0.0,0.0,0.0,0.0,0.0,0.0,0.0,0.0,0.0,0.0,0.0,0.0,0.0,0.0,0.0,0.0,0.0,0.0,0.0,0.0,0.0,0.0,0.0,0.0,0.0,0.0,0.0,0.0,0.0,0.0,0.0,0.0,0.0,0.0,0.0,0.0,0.0,0.0,0.0,0.0,0.0,0.0,0.0,0.0,0.0,0.0,0.0,0.0,0.0,0.0,0.0,0.0,0.0,0.0,0.0,0.0,0.0,0.0,0.0,0.0,0.0,0.0,0.0,0.0,0.0,0.0,0.0,0.0,0.0,0.0,0.0,0.0,0.0,0.0,0.0,0.0,0.0,0.0,0.0,0.0,0.0,0.0,0.0,0.0,0.0,0.0,0.0,0.0,0.0,0.0,0.0,0.0,0.0,0.0,0.0,0.0,0.0,0.0,0.0,0.0,0.0,0.0,0.0,0.0,0.0,0.0,0.0,0.0,0.0,0.0,0.0,0.0,0.0,0.0,0.0,0.0,0.0,0.0,0.0,0.0,0.0,0.0,0.0,0.0,0.0,0.0,0.0,0.0,0.0,0.0,0.0,0.0,0.0,0.0,0.0,0.0,0.0,0.0,0.0,0.0,0.0,0.0,0.0,0.0,0.0,0.0,0.0,0.0,0.0,0.0,0.0,0.0,0.0,0.0,0.0,0.0,0.0,0.0,0.0,0.0,0.0,0.0,0.0,0.0,0.0,0.0,0.0,0.0,0.0,0.0,0.0,0.0,0.0,0.0,0.0,0.0,0.0,0.0,0.0,0.0,0.0,0.0,0.0,0.0,0.0,0.0,0.0,0.0,0.0,0.0,0.0,0.0,0.0,0.0,0.0,0.0,0.0,0.0,0.0,0.0,0.0,0.0,0.0,0.0,0.0,0.0,0.0,0.0,0.0,0.0,0.0,0.0,0.0,0.0,0.0,0.0,0.0,0.0,0.0,0.0,0.0,0.0,0.0,0.0,0.0,0.0,0.0,0.0,0.0,0.0,0.0,0.0,0.0,0.0,0.0,0.0,0.0,0.0,0.0,0.0,0.0,0.0,0.0,0.0,0.0,0.0,0.0,0.0,0.0,0.0,0.0,0.0,0.0,0.0,0.0,0.0,0.0,0.0,0.0,0.0,0.0,0.0,0.0,0.0,0.0,0.0,0.0,0.0,0.0,0.0,0.0,0.0,0.0,0.0,0.0,0.0,0.0,0.0,0.0,0.0,0.0,0.0,0.0,0.0,0.0,0.0,0.0,0.0,0.0,0.0,0.0,0.0,0.0,0.0,0.0,0.0,0.0,0.0,0.0,0.0,0.0,0.0,0.0,0.0,0.0,0.0,0.0,0.0,0.0,0.0,0.0,0.0,0.0,0.0,0.0,0.0,0.0,0.0,0.0,0.0,0.0,0.0,0.0,0.0,0.0,0.0,0.0,0.0,0.0,0.0,0.0,0.0,0.0,0.0,0.0,0.0,0.0,0.0,0.0,0.0,0.0,0.0,0.0,0.0,0.0,0.0,0.0,0.0,0.0,0.0,0.0,0.0,0.0,0.0,0.0,0.0,0.0,0.0,0.0,0.0,0.0,0.0,0.0,0.0,0.0,0.0,0.0,0.0,0.0,0.0,0.0,0.0,0.0,0.0,0.0,0.0,0.0,0.0,0.0,0.0,0.0,0.0,0.0,0.0,0.0,0.0,0.0,0.0,0.0,0.0,0.0,0.0,0.0,0.0,0.0,0.0,0.0,0.0,0.0,0.0,0.0,0.0,0.0,0.0,0.0,0.0,0.0,0.0,0.0,0.0,0.0,0.0,0.0,0.0,0.0,0.0,0.0,0.0,0.0,0.0,0.0,0.0,0.0,0.0,0.0,0.0,0.0,0.0,0.0,0.0,0.0,0.0,0.0,0.0,0.0,0.0,0.0,0.0,0.0
