Starting ml estimationLength of training data: 1800Start values for optimization:
[-1675.05; 1375.71; 4765.66; -58.8521; -73.1682; -747.808; -4.68548; -355.504; 8.98857; 4.83859; 0.934979; 0.588406; -1.67788; -2.87451; -0.771963]Iter     Function value   Gradient norm 
     0     3.698300e+03     5.694031e+03
     1     3.261435e+03     2.852601e+03
     2     1.974064e+03     9.425348e+02
     3     1.934526e+03     1.233621e+03
     4     1.875491e+03     8.634341e+02
     5     1.866935e+03     2.435104e+02
     6     1.864718e+03     1.989592e+02
     7     1.853391e+03     8.623353e+01
     8     1.849730e+03     3.308483e+02
     9     1.823224e+03     1.795953e+02
    10     1.798512e+03     5.557913e+02
    11     1.610166e+03     9.418634e+02
    12     1.610168e+03     1.718930e+03
Estimated parameters of the GP model:
Estimated Β:s:
[-1675.13,1375.63,4765.45,-58.7444,-72.6307,-748.358,-4.55459,-355.831,9.065,5.13395]
Estimated log Φ:s:
[-0.235911,-0.875315,-2.09967,-2.09721,-0.725918]
elapsed time: 370.498378193 seconds
Starting DA-GP-MCMC with adaptive RW estimating 3 parameters
Covariance - kernel_MH_direct:
[0.0260567 -0.0059508 0.0221521; -0.0059508 0.00199741 -0.00417316; 0.0221521 -0.00417316 0.114205]
MCMC algorithm: MCWM
Adaptation algorithm: noAdaptation
Prior distribution: Uniform
Particel filter: bootstrap
Iteration: 1
Covariance:
[0.0375216 -0.00856914 0.031899; -0.00856914 0.00287627 -0.00600934; 0.031899 -0.00600934 0.164455]
ESS: 212.0202
Loglik: 6404.9895 
Percentage done: 2.00 % 
Acceptance rate on iteration 1 to 1000 is 7.9079 %
Covariance:
[0.0375216 -0.00856914 0.031899; -0.00856914 0.00287627 -0.00600934; 0.031899 -0.00600934 0.164455]
Loglik: 6405.3850 
Percentage done: 4.00 % 
Acceptance rate on iteration 1001 to 2000 is 5.6056 %
Covariance:
[0.0375216 -0.00856914 0.031899; -0.00856914 0.00287627 -0.00600934; 0.031899 -0.00600934 0.164455]
Loglik: 6402.6214 
Percentage done: 6.00 % 
Acceptance rate on iteration 2001 to 3000 is 7.6076 %
Covariance:
[0.0375216 -0.00856914 0.031899; -0.00856914 0.00287627 -0.00600934; 0.031899 -0.00600934 0.164455]
Loglik: 6404.1521 
Percentage done: 8.00 % 
Acceptance rate on iteration 3001 to 4000 is 8.1081 %
Covariance:
[0.0375216 -0.00856914 0.031899; -0.00856914 0.00287627 -0.00600934; 0.031899 -0.00600934 0.164455]
Loglik: 6400.4292 
Percentage done: 10.00 % 
Acceptance rate on iteration 4001 to 5000 is 10.1101 %
Covariance:
[0.0375216 -0.00856914 0.031899; -0.00856914 0.00287627 -0.00600934; 0.031899 -0.00600934 0.164455]
Loglik: 6404.8172 
Percentage done: 12.00 % 
Acceptance rate on iteration 5001 to 6000 is 6.9069 %
Covariance:
[0.0375216 -0.00856914 0.031899; -0.00856914 0.00287627 -0.00600934; 0.031899 -0.00600934 0.164455]
Loglik: 6404.2576 
Percentage done: 14.00 % 
Acceptance rate on iteration 6001 to 7000 is 6.9069 %
Covariance:
[0.0375216 -0.00856914 0.031899; -0.00856914 0.00287627 -0.00600934; 0.031899 -0.00600934 0.164455]
Loglik: 6405.7917 
ESS: 446.6490
ESS: 328.6952
Percentage done: 16.00 % 
Acceptance rate on iteration 7001 to 8000 is 8.4084 %
Covariance:
[0.0375216 -0.00856914 0.031899; -0.00856914 0.00287627 -0.00600934; 0.031899 -0.00600934 0.164455]
Loglik: 6404.4220 
Percentage done: 18.00 % 
Acceptance rate on iteration 8001 to 9000 is 7.0070 %
Covariance:
[0.0375216 -0.00856914 0.031899; -0.00856914 0.00287627 -0.00600934; 0.031899 -0.00600934 0.164455]
Loglik: 6404.7813 
Percentage done: 20.00 % 
Acceptance rate on iteration 9001 to 10000 is 7.2072 %
Covariance:
[0.0375216 -0.00856914 0.031899; -0.00856914 0.00287627 -0.00600934; 0.031899 -0.00600934 0.164455]
Loglik: 6404.8828 
ESS: 198.0622
ESS: 165.3513
Percentage done: 22.00 % 
Acceptance rate on iteration 10001 to 11000 is 8.2082 %
Covariance:
[0.0375216 -0.00856914 0.031899; -0.00856914 0.00287627 -0.00600934; 0.031899 -0.00600934 0.164455]
Loglik: 6403.4641 
Percentage done: 24.00 % 
Acceptance rate on iteration 11001 to 12000 is 7.6076 %
Covariance:
[0.0375216 -0.00856914 0.031899; -0.00856914 0.00287627 -0.00600934; 0.031899 -0.00600934 0.164455]
Loglik: 6404.6750 
Percentage done: 26.00 % 
Acceptance rate on iteration 12001 to 13000 is 7.8078 %
Covariance:
[0.0375216 -0.00856914 0.031899; -0.00856914 0.00287627 -0.00600934; 0.031899 -0.00600934 0.164455]
Loglik: 6401.9706 
Percentage done: 28.00 % 
Acceptance rate on iteration 13001 to 14000 is 8.7087 %
Covariance:
[0.0375216 -0.00856914 0.031899; -0.00856914 0.00287627 -0.00600934; 0.031899 -0.00600934 0.164455]
Loglik: 6403.4561 
Percentage done: 30.00 % 
Acceptance rate on iteration 14001 to 15000 is 6.6066 %
Covariance:
[0.0375216 -0.00856914 0.031899; -0.00856914 0.00287627 -0.00600934; 0.031899 -0.00600934 0.164455]
Loglik: 6404.9537 
ESS: 124.1316
ESS: 176.7661
Percentage done: 32.00 % 
Acceptance rate on iteration 15001 to 16000 is 7.4074 %
Covariance:
[0.0375216 -0.00856914 0.031899; -0.00856914 0.00287627 -0.00600934; 0.031899 -0.00600934 0.164455]
Loglik: 6402.2276 
Percentage done: 34.00 % 
Acceptance rate on iteration 16001 to 17000 is 7.5075 %
Covariance:
[0.0375216 -0.00856914 0.031899; -0.00856914 0.00287627 -0.00600934; 0.031899 -0.00600934 0.164455]
Loglik: 6404.8252 
Percentage done: 36.00 % 
Acceptance rate on iteration 17001 to 18000 is 8.1081 %
Covariance:
[0.0375216 -0.00856914 0.031899; -0.00856914 0.00287627 -0.00600934; 0.031899 -0.00600934 0.164455]
Loglik: 6405.8860 
Percentage done: 38.00 % 
Acceptance rate on iteration 18001 to 19000 is 7.8078 %
Covariance:
[0.0375216 -0.00856914 0.031899; -0.00856914 0.00287627 -0.00600934; 0.031899 -0.00600934 0.164455]
Loglik: 6404.9406 
ESS: 238.2571
ESS: 289.4318
Percentage done: 40.00 % 
Acceptance rate on iteration 19001 to 20000 is 6.5065 %
Covariance:
[0.0375216 -0.00856914 0.031899; -0.00856914 0.00287627 -0.00600934; 0.031899 -0.00600934 0.164455]
Loglik: 6403.5714 
Percentage done: 42.00 % 
Acceptance rate on iteration 20001 to 21000 is 6.7067 %
Covariance:
[0.0375216 -0.00856914 0.031899; -0.00856914 0.00287627 -0.00600934; 0.031899 -0.00600934 0.164455]
Loglik: 6403.9350 
Percentage done: 44.00 % 
Acceptance rate on iteration 21001 to 22000 is 7.9079 %
Covariance:
[0.0375216 -0.00856914 0.031899; -0.00856914 0.00287627 -0.00600934; 0.031899 -0.00600934 0.164455]
Loglik: 6402.5405 
ESS: 232.1047
ESS: 363.4157
Percentage done: 46.00 % 
Acceptance rate on iteration 22001 to 23000 is 9.3093 %
Covariance:
[0.0375216 -0.00856914 0.031899; -0.00856914 0.00287627 -0.00600934; 0.031899 -0.00600934 0.164455]
Loglik: 6404.6615 
Percentage done: 48.00 % 
Acceptance rate on iteration 23001 to 24000 is 7.0070 %
Covariance:
[0.0375216 -0.00856914 0.031899; -0.00856914 0.00287627 -0.00600934; 0.031899 -0.00600934 0.164455]
Loglik: 6405.1327 
Percentage done: 50.00 % 
Acceptance rate on iteration 24001 to 25000 is 7.8078 %
Covariance:
[0.0375216 -0.00856914 0.031899; -0.00856914 0.00287627 -0.00600934; 0.031899 -0.00600934 0.164455]
Loglik: 6403.6171 
ESS: 335.5578
ESS: 284.4323
Percentage done: 52.00 % 
Acceptance rate on iteration 25001 to 26000 is 7.4074 %
Covariance:
[0.0375216 -0.00856914 0.031899; -0.00856914 0.00287627 -0.00600934; 0.031899 -0.00600934 0.164455]
Loglik: 6403.5403 
ESS: 249.7519
ESS: 241.2689
Percentage done: 54.00 % 
Acceptance rate on iteration 26001 to 27000 is 8.0080 %
Covariance:
[0.0375216 -0.00856914 0.031899; -0.00856914 0.00287627 -0.00600934; 0.031899 -0.00600934 0.164455]
Loglik: 6398.7913 
ESS: 68.8370
ESS: 164.2300
Percentage done: 56.00 % 
Acceptance rate on iteration 27001 to 28000 is 7.6076 %
Covariance:
[0.0375216 -0.00856914 0.031899; -0.00856914 0.00287627 -0.00600934; 0.031899 -0.00600934 0.164455]
Loglik: 6402.9144 
ESS: 256.9491
ESS: 265.1353
Percentage done: 58.00 % 
Acceptance rate on iteration 28001 to 29000 is 6.8068 %
Covariance:
[0.0375216 -0.00856914 0.031899; -0.00856914 0.00287627 -0.00600934; 0.031899 -0.00600934 0.164455]
Loglik: 6403.2711 
Percentage done: 60.00 % 
Acceptance rate on iteration 29001 to 30000 is 8.6086 %
Covariance:
[0.0375216 -0.00856914 0.031899; -0.00856914 0.00287627 -0.00600934; 0.031899 -0.00600934 0.164455]
Loglik: 6404.8094 
Percentage done: 62.00 % 
Acceptance rate on iteration 30001 to 31000 is 7.9079 %
Covariance:
[0.0375216 -0.00856914 0.031899; -0.00856914 0.00287627 -0.00600934; 0.031899 -0.00600934 0.164455]
Loglik: 6405.7562 
Percentage done: 64.00 % 
Acceptance rate on iteration 31001 to 32000 is 5.2052 %
Covariance:
[0.0375216 -0.00856914 0.031899; -0.00856914 0.00287627 -0.00600934; 0.031899 -0.00600934 0.164455]
Loglik: 6401.2552 
Percentage done: 66.00 % 
Acceptance rate on iteration 32001 to 33000 is 7.5075 %
Covariance:
[0.0375216 -0.00856914 0.031899; -0.00856914 0.00287627 -0.00600934; 0.031899 -0.00600934 0.164455]
Loglik: 6404.0057 
Percentage done: 68.00 % 
Acceptance rate on iteration 33001 to 34000 is 8.1081 %
Covariance:
[0.0375216 -0.00856914 0.031899; -0.00856914 0.00287627 -0.00600934; 0.031899 -0.00600934 0.164455]
Loglik: 6405.0038 
Percentage done: 70.00 % 
Acceptance rate on iteration 34001 to 35000 is 6.9069 %
Covariance:
[0.0375216 -0.00856914 0.031899; -0.00856914 0.00287627 -0.00600934; 0.031899 -0.00600934 0.164455]
Loglik: 6404.5802 
Percentage done: 72.00 % 
Acceptance rate on iteration 35001 to 36000 is 8.3083 %
Covariance:
[0.0375216 -0.00856914 0.031899; -0.00856914 0.00287627 -0.00600934; 0.031899 -0.00600934 0.164455]
Loglik: 6403.6630 
Percentage done: 74.00 % 
Acceptance rate on iteration 36001 to 37000 is 5.6056 %
Covariance:
[0.0375216 -0.00856914 0.031899; -0.00856914 0.00287627 -0.00600934; 0.031899 -0.00600934 0.164455]
Loglik: 6404.4396 
Percentage done: 76.00 % 
Acceptance rate on iteration 37001 to 38000 is 7.2072 %
Covariance:
[0.0375216 -0.00856914 0.031899; -0.00856914 0.00287627 -0.00600934; 0.031899 -0.00600934 0.164455]
Loglik: 6403.5841 
ESS: 194.4640
ESS: 175.6964
Percentage done: 78.00 % 
Acceptance rate on iteration 38001 to 39000 is 7.5075 %
Covariance:
[0.0375216 -0.00856914 0.031899; -0.00856914 0.00287627 -0.00600934; 0.031899 -0.00600934 0.164455]
Loglik: 6403.8354 
ESS: 334.4247
ESS: 309.9465
Percentage done: 80.00 % 
Acceptance rate on iteration 39001 to 40000 is 6.8068 %
Covariance:
[0.0375216 -0.00856914 0.031899; -0.00856914 0.00287627 -0.00600934; 0.031899 -0.00600934 0.164455]
Loglik: 6404.4993 
Percentage done: 82.00 % 
Acceptance rate on iteration 40001 to 41000 is 7.4074 %
Covariance:
[0.0375216 -0.00856914 0.031899; -0.00856914 0.00287627 -0.00600934; 0.031899 -0.00600934 0.164455]
Loglik: 6402.7396 
Percentage done: 84.00 % 
Acceptance rate on iteration 41001 to 42000 is 9.2092 %
Covariance:
[0.0375216 -0.00856914 0.031899; -0.00856914 0.00287627 -0.00600934; 0.031899 -0.00600934 0.164455]
Loglik: 6404.1226 
Percentage done: 86.00 % 
Acceptance rate on iteration 42001 to 43000 is 7.8078 %
Covariance:
[0.0375216 -0.00856914 0.031899; -0.00856914 0.00287627 -0.00600934; 0.031899 -0.00600934 0.164455]
Loglik: 6404.3320 
Percentage done: 88.00 % 
Acceptance rate on iteration 43001 to 44000 is 8.4084 %
Covariance:
[0.0375216 -0.00856914 0.031899; -0.00856914 0.00287627 -0.00600934; 0.031899 -0.00600934 0.164455]
Loglik: 6404.9093 
Percentage done: 90.00 % 
Acceptance rate on iteration 44001 to 45000 is 7.2072 %
Covariance:
[0.0375216 -0.00856914 0.031899; -0.00856914 0.00287627 -0.00600934; 0.031899 -0.00600934 0.164455]
Loglik: 6404.8931 
ESS: 127.2359
ESS: 240.1332
Percentage done: 92.00 % 
Acceptance rate on iteration 45001 to 46000 is 10.7107 %
Covariance:
[0.0375216 -0.00856914 0.031899; -0.00856914 0.00287627 -0.00600934; 0.031899 -0.00600934 0.164455]
Loglik: 6400.3945 
Percentage done: 94.00 % 
Acceptance rate on iteration 46001 to 47000 is 10.7107 %
Covariance:
[0.0375216 -0.00856914 0.031899; -0.00856914 0.00287627 -0.00600934; 0.031899 -0.00600934 0.164455]
Loglik: 6402.6471 
Percentage done: 96.00 % 
Acceptance rate on iteration 47001 to 48000 is 7.7077 %
Covariance:
[0.0375216 -0.00856914 0.031899; -0.00856914 0.00287627 -0.00600934; 0.031899 -0.00600934 0.164455]
Loglik: 6403.1207 
Percentage done: 98.00 % 
Acceptance rate on iteration 48001 to 49000 is 7.9079 %
Covariance:
[0.0375216 -0.00856914 0.031899; -0.00856914 0.00287627 -0.00600934; 0.031899 -0.00600934 0.164455]
Loglik: 6402.7600 
ESS: 321.9381
ESS: 250.3205
elapsed time: 507.331561694 seconds
Ending DA-GP-MCMC with adaptive RW estimating 3 parameters
Algorithm: MCWM
Adaptation algorithm: noAdaptation
Prior distribution: Uniform
Particel filter: bootstrap
Time pre-er:  0
Time fit GP model:  0
Time er-part:  507
Number early-rejections: 40902
Number of cases directly to ordinary MH: 7450
Number of cases directly to ordinary MH accapted: 2882
Number cases in secound stage: 1647
Number accepted in secound stage: 971
Accaptace rate for ordinary MH accapted: 38.6846
Accaptace rate a_1: 3.8708
Accaptace rate a_2: 58.9557
Accaptace rate a_1*a_2: 2.2821
Accaptace rate a (for entier algorithm): 7.7060
Covariance - kernel_secound_stage_direct:
[0.0260567 -0.0059508 0.0221521; -0.0059508 0.00199741 -0.00417316; 0.0221521 -0.00417316 0.114205]
Starting DA-GP-MCMC with adaptive RW estimating 3 parameters
MCMC algorithm: MCWM
Adaptation algorithm: noAdaptation
Select case model: DT
Prior distribution: Uniform
Particel filter: bootstrap
Iteration: 1
Covariance:
[0.0375216 -0.00856914 0.031899; -0.00856914 0.00287627 -0.00600934; 0.031899 -0.00600934 0.164455]
ESS: 213.6981
Loglik: 6404.4015 
Percentage done: 2.00 % 
Acceptance rate on iteration 1 to 1000 is 7.6076 %
Covariance:
[0.0375216 -0.00856914 0.031899; -0.00856914 0.00287627 -0.00600934; 0.031899 -0.00600934 0.164455]
Loglik: 6402.6483 
Percentage done: 4.00 % 
Acceptance rate on iteration 1001 to 2000 is 8.0080 %
Covariance:
[0.0375216 -0.00856914 0.031899; -0.00856914 0.00287627 -0.00600934; 0.031899 -0.00600934 0.164455]
Loglik: NaN 
Percentage done: 6.00 % 
Acceptance rate on iteration 2001 to 3000 is 9.4094 %
Covariance:
[0.0375216 -0.00856914 0.031899; -0.00856914 0.00287627 -0.00600934; 0.031899 -0.00600934 0.164455]
Loglik: 6403.6640 
Percentage done: 8.00 % 
Acceptance rate on iteration 3001 to 4000 is 9.0090 %
Covariance:
[0.0375216 -0.00856914 0.031899; -0.00856914 0.00287627 -0.00600934; 0.031899 -0.00600934 0.164455]
Loglik: 6403.1701 
Percentage done: 10.00 % 
Acceptance rate on iteration 4001 to 5000 is 8.4084 %
Covariance:
[0.0375216 -0.00856914 0.031899; -0.00856914 0.00287627 -0.00600934; 0.031899 -0.00600934 0.164455]
Loglik: 6404.1834 
Percentage done: 12.00 % 
Acceptance rate on iteration 5001 to 6000 is 9.1091 %
Covariance:
[0.0375216 -0.00856914 0.031899; -0.00856914 0.00287627 -0.00600934; 0.031899 -0.00600934 0.164455]
Loglik: 6405.0945 
Percentage done: 14.00 % 
Acceptance rate on iteration 6001 to 7000 is 7.6076 %
Covariance:
[0.0375216 -0.00856914 0.031899; -0.00856914 0.00287627 -0.00600934; 0.031899 -0.00600934 0.164455]
Loglik: 6404.0699 
Percentage done: 16.00 % 
Acceptance rate on iteration 7001 to 8000 is 5.3053 %
Covariance:
[0.0375216 -0.00856914 0.031899; -0.00856914 0.00287627 -0.00600934; 0.031899 -0.00600934 0.164455]
Loglik: 6405.3564 
Percentage done: 18.00 % 
Acceptance rate on iteration 8001 to 9000 is 8.7087 %
Covariance:
[0.0375216 -0.00856914 0.031899; -0.00856914 0.00287627 -0.00600934; 0.031899 -0.00600934 0.164455]
Loglik: 6403.8501 
ESS: 227.8321
ESS: 139.8416
Percentage done: 20.00 % 
Acceptance rate on iteration 9001 to 10000 is 7.7077 %
Covariance:
[0.0375216 -0.00856914 0.031899; -0.00856914 0.00287627 -0.00600934; 0.031899 -0.00600934 0.164455]
Loglik: 6405.3020 
Percentage done: 22.00 % 
Acceptance rate on iteration 10001 to 11000 is 8.6086 %
Covariance:
[0.0375216 -0.00856914 0.031899; -0.00856914 0.00287627 -0.00600934; 0.031899 -0.00600934 0.164455]
Loglik: 6403.6184 
Percentage done: 24.00 % 
Acceptance rate on iteration 11001 to 12000 is 10.8108 %
Covariance:
[0.0375216 -0.00856914 0.031899; -0.00856914 0.00287627 -0.00600934; 0.031899 -0.00600934 0.164455]
Loglik: 6403.1850 
Percentage done: 26.00 % 
Acceptance rate on iteration 12001 to 13000 is 8.8088 %
Covariance:
[0.0375216 -0.00856914 0.031899; -0.00856914 0.00287627 -0.00600934; 0.031899 -0.00600934 0.164455]
Loglik: 6404.5717 
Percentage done: 28.00 % 
Acceptance rate on iteration 13001 to 14000 is 7.0070 %
Covariance:
[0.0375216 -0.00856914 0.031899; -0.00856914 0.00287627 -0.00600934; 0.031899 -0.00600934 0.164455]
Loglik: 6403.7863 
Percentage done: 30.00 % 
Acceptance rate on iteration 14001 to 15000 is 8.2082 %
Covariance:
[0.0375216 -0.00856914 0.031899; -0.00856914 0.00287627 -0.00600934; 0.031899 -0.00600934 0.164455]
Loglik: NaN 
Percentage done: 32.00 % 
Acceptance rate on iteration 15001 to 16000 is 9.1091 %
Covariance:
[0.0375216 -0.00856914 0.031899; -0.00856914 0.00287627 -0.00600934; 0.031899 -0.00600934 0.164455]
Loglik: NaN 
Percentage done: 34.00 % 
Acceptance rate on iteration 16001 to 17000 is 9.1091 %
Covariance:
[0.0375216 -0.00856914 0.031899; -0.00856914 0.00287627 -0.00600934; 0.031899 -0.00600934 0.164455]
Loglik: NaN 
Percentage done: 36.00 % 
Acceptance rate on iteration 17001 to 18000 is 6.9069 %
Covariance:
[0.0375216 -0.00856914 0.031899; -0.00856914 0.00287627 -0.00600934; 0.031899 -0.00600934 0.164455]
Loglik: NaN 
Percentage done: 38.00 % 
Acceptance rate on iteration 18001 to 19000 is 8.9089 %
Covariance:
[0.0375216 -0.00856914 0.031899; -0.00856914 0.00287627 -0.00600934; 0.031899 -0.00600934 0.164455]
Loglik: NaN 
Percentage done: 40.00 % 
Acceptance rate on iteration 19001 to 20000 is 9.0090 %
Covariance:
[0.0375216 -0.00856914 0.031899; -0.00856914 0.00287627 -0.00600934; 0.031899 -0.00600934 0.164455]
Loglik: 6401.6744 
Percentage done: 42.00 % 
Acceptance rate on iteration 20001 to 21000 is 7.8078 %
Covariance:
[0.0375216 -0.00856914 0.031899; -0.00856914 0.00287627 -0.00600934; 0.031899 -0.00600934 0.164455]
Loglik: NaN 
Percentage done: 44.00 % 
Acceptance rate on iteration 21001 to 22000 is 7.2072 %
Covariance:
[0.0375216 -0.00856914 0.031899; -0.00856914 0.00287627 -0.00600934; 0.031899 -0.00600934 0.164455]
Loglik: NaN 
Percentage done: 46.00 % 
Acceptance rate on iteration 22001 to 23000 is 6.9069 %
Covariance:
[0.0375216 -0.00856914 0.031899; -0.00856914 0.00287627 -0.00600934; 0.031899 -0.00600934 0.164455]
Loglik: NaN 
Percentage done: 48.00 % 
Acceptance rate on iteration 23001 to 24000 is 7.1071 %
Covariance:
[0.0375216 -0.00856914 0.031899; -0.00856914 0.00287627 -0.00600934; 0.031899 -0.00600934 0.164455]
Loglik: 6399.5841 
Percentage done: 50.00 % 
Acceptance rate on iteration 24001 to 25000 is 9.3093 %
Covariance:
[0.0375216 -0.00856914 0.031899; -0.00856914 0.00287627 -0.00600934; 0.031899 -0.00600934 0.164455]
Loglik: 6403.6017 
Percentage done: 52.00 % 
Acceptance rate on iteration 25001 to 26000 is 10.2102 %
Covariance:
[0.0375216 -0.00856914 0.031899; -0.00856914 0.00287627 -0.00600934; 0.031899 -0.00600934 0.164455]
Loglik: NaN 
Percentage done: 54.00 % 
Acceptance rate on iteration 26001 to 27000 is 8.5085 %
Covariance:
[0.0375216 -0.00856914 0.031899; -0.00856914 0.00287627 -0.00600934; 0.031899 -0.00600934 0.164455]
Loglik: NaN 
Percentage done: 56.00 % 
Acceptance rate on iteration 27001 to 28000 is 7.8078 %
Covariance:
[0.0375216 -0.00856914 0.031899; -0.00856914 0.00287627 -0.00600934; 0.031899 -0.00600934 0.164455]
Loglik: NaN 
Percentage done: 58.00 % 
Acceptance rate on iteration 28001 to 29000 is 8.6086 %
Covariance:
[0.0375216 -0.00856914 0.031899; -0.00856914 0.00287627 -0.00600934; 0.031899 -0.00600934 0.164455]
Loglik: 6401.3912 
Percentage done: 60.00 % 
Acceptance rate on iteration 29001 to 30000 is 8.8088 %
Covariance:
[0.0375216 -0.00856914 0.031899; -0.00856914 0.00287627 -0.00600934; 0.031899 -0.00600934 0.164455]
Loglik: 6404.0370 
Percentage done: 62.00 % 
Acceptance rate on iteration 30001 to 31000 is 8.9089 %
Covariance:
[0.0375216 -0.00856914 0.031899; -0.00856914 0.00287627 -0.00600934; 0.031899 -0.00600934 0.164455]
Loglik: 6402.6470 
Percentage done: 64.00 % 
Acceptance rate on iteration 31001 to 32000 is 8.6086 %
Covariance:
[0.0375216 -0.00856914 0.031899; -0.00856914 0.00287627 -0.00600934; 0.031899 -0.00600934 0.164455]
Loglik: 6405.3441 
Percentage done: 66.00 % 
Acceptance rate on iteration 32001 to 33000 is 7.7077 %
Covariance:
[0.0375216 -0.00856914 0.031899; -0.00856914 0.00287627 -0.00600934; 0.031899 -0.00600934 0.164455]
Loglik: NaN 
Percentage done: 68.00 % 
Acceptance rate on iteration 33001 to 34000 is 8.5085 %
Covariance:
[0.0375216 -0.00856914 0.031899; -0.00856914 0.00287627 -0.00600934; 0.031899 -0.00600934 0.164455]
Loglik: 6401.1854 
Percentage done: 70.00 % 
Acceptance rate on iteration 34001 to 35000 is 7.4074 %
Covariance:
[0.0375216 -0.00856914 0.031899; -0.00856914 0.00287627 -0.00600934; 0.031899 -0.00600934 0.164455]
Loglik: 6404.7590 
Percentage done: 72.00 % 
Acceptance rate on iteration 35001 to 36000 is 7.7077 %
Covariance:
[0.0375216 -0.00856914 0.031899; -0.00856914 0.00287627 -0.00600934; 0.031899 -0.00600934 0.164455]
Loglik: NaN 
Percentage done: 74.00 % 
Acceptance rate on iteration 36001 to 37000 is 7.4074 %
Covariance:
[0.0375216 -0.00856914 0.031899; -0.00856914 0.00287627 -0.00600934; 0.031899 -0.00600934 0.164455]
Loglik: 6403.0467 
Percentage done: 76.00 % 
Acceptance rate on iteration 37001 to 38000 is 9.1091 %
Covariance:
[0.0375216 -0.00856914 0.031899; -0.00856914 0.00287627 -0.00600934; 0.031899 -0.00600934 0.164455]
Loglik: 6404.0259 
Percentage done: 78.00 % 
Acceptance rate on iteration 38001 to 39000 is 10.2102 %
Covariance:
[0.0375216 -0.00856914 0.031899; -0.00856914 0.00287627 -0.00600934; 0.031899 -0.00600934 0.164455]
Loglik: 6403.8425 
Percentage done: 80.00 % 
Acceptance rate on iteration 39001 to 40000 is 8.3083 %
Covariance:
[0.0375216 -0.00856914 0.031899; -0.00856914 0.00287627 -0.00600934; 0.031899 -0.00600934 0.164455]
Loglik: 6403.0516 
Percentage done: 82.00 % 
Acceptance rate on iteration 40001 to 41000 is 8.8088 %
Covariance:
[0.0375216 -0.00856914 0.031899; -0.00856914 0.00287627 -0.00600934; 0.031899 -0.00600934 0.164455]
Loglik: 6404.7621 
Percentage done: 84.00 % 
Acceptance rate on iteration 41001 to 42000 is 6.2062 %
Covariance:
[0.0375216 -0.00856914 0.031899; -0.00856914 0.00287627 -0.00600934; 0.031899 -0.00600934 0.164455]
Loglik: NaN 
Percentage done: 86.00 % 
Acceptance rate on iteration 42001 to 43000 is 9.2092 %
Covariance:
[0.0375216 -0.00856914 0.031899; -0.00856914 0.00287627 -0.00600934; 0.031899 -0.00600934 0.164455]
Loglik: 6404.6826 
ESS: 352.4043
ESS: 310.7158
Percentage done: 88.00 % 
Acceptance rate on iteration 43001 to 44000 is 7.2072 %
Covariance:
[0.0375216 -0.00856914 0.031899; -0.00856914 0.00287627 -0.00600934; 0.031899 -0.00600934 0.164455]
Loglik: 6405.1535 
Percentage done: 90.00 % 
Acceptance rate on iteration 44001 to 45000 is 9.0090 %
Covariance:
[0.0375216 -0.00856914 0.031899; -0.00856914 0.00287627 -0.00600934; 0.031899 -0.00600934 0.164455]
Loglik: 6402.6154 
ESS: 617.1300
ESS: 281.3800
Percentage done: 92.00 % 
Acceptance rate on iteration 45001 to 46000 is 6.8068 %
Covariance:
[0.0375216 -0.00856914 0.031899; -0.00856914 0.00287627 -0.00600934; 0.031899 -0.00600934 0.164455]
Loglik: 6404.8753 
Percentage done: 94.00 % 
Acceptance rate on iteration 46001 to 47000 is 6.9069 %
Covariance:
[0.0375216 -0.00856914 0.031899; -0.00856914 0.00287627 -0.00600934; 0.031899 -0.00600934 0.164455]
Loglik: 6402.4891 
ESS: 460.1520
ESS: 486.2661
Percentage done: 96.00 % 
Acceptance rate on iteration 47001 to 48000 is 7.3073 %
Covariance:
[0.0375216 -0.00856914 0.031899; -0.00856914 0.00287627 -0.00600934; 0.031899 -0.00600934 0.164455]
Loglik: 6403.1357 
Percentage done: 98.00 % 
Acceptance rate on iteration 48001 to 49000 is 7.4074 %
Covariance:
[0.0375216 -0.00856914 0.031899; -0.00856914 0.00287627 -0.00600934; 0.031899 -0.00600934 0.164455]
Loglik: 6397.5379 
elapsed time: 470.551971277 seconds
Ending ADA-GP-MCMC with adaptive RW estimating 3 parameters
Algorithm: MCWM
Adaptation algorithm: noAdaptation
Prior distribution: Uniform
Particel filter: bootstrap
Time consumption:Time pre-er:  0
Time fit GP model:  0
Time er-part:  471
Number early-rejections: 40824
Number of cases directly to ordinary MH: 7468
Number of cases directly to ordinary MH accapted: 2930
Number split accaptance region early-accept: 297
Number split accaptance region early-reject: 207
Number cases in secound stage: 1707
Number accepted in secound stage: 665
Accaptace rate for ordinary MH accapted: 39.2341
Accaptace rate a_1: 4.0135
Accaptace rate a_2: 38.9572
Accaptace rate a_1*a_2: 1.5636
Accaptace rate a (for entier algorithm): 8.1980
Nbr assumtion correct: 836.000000
Proc assumtion correct: 0.694929
Number case 1: 1057
Number case 2: 230
Number case 3: 340
Number case 4: 80
