Starting ml estimationLength of training data: 1800Start values for optimization:
[-1740.36; 1405.28; 4774.01; -62.7847; -76.8598; -748.329; -4.62424; -356.684; 8.8138; 6.80207; 0.738892; 0.392318; -1.77552; -2.97788; -0.867109]Iter     Function value   Gradient norm 
     0     3.016152e+03     4.608370e+03
     1     2.312323e+03     1.996813e+03
     2     1.388445e+03     1.621594e+03
     3     1.140757e+03     1.150942e+03
     4     1.099088e+03     9.546128e+02
     5     1.040948e+03     2.099395e+02
     6     1.038010e+03     1.145868e+02
     7     1.035119e+03     9.424871e+01
     8     1.024361e+03     3.451812e+02
     9     1.007710e+03     3.507439e+02
    10     9.953023e+02     2.351203e+02
    11     9.878889e+02     1.816452e+02
    12     9.753757e+02     2.891777e+02
    13     9.480374e+02     2.319831e+02
    14     9.441591e+02     5.803880e+01
    15     9.435748e+02     4.815715e+01
    16     9.417955e+02     1.836990e+02
    17     9.417965e+02     4.709357e+02
Estimated parameters of the GP model:
Estimated Β:s:
[-1740.38,1405.27,4773.97,-62.7572,-76.7039,-748.484,-4.5995,-356.776,8.85184,6.90226]
Estimated log Φ:s:
[-0.298681,-0.587577,-2.01521,-2.31576,-0.888738]
elapsed time: 473.86831839 seconds
Iterstion:
1
Starting DA-GP-MCMC with adaptive RW estimating 3 parameters
Covariance - kernel_MH_direct:
[0.0181555 -0.00438227 0.0184035; -0.00438227 0.00190507 -0.00451323; 0.0184035 -0.00451323 0.139391]
MCMC algorithm: MCWM
Adaptation algorithm: noAdaptation
Prior distribution: Uniform
Particel filter: bootstrap
Iteration: 1
Covariance:
[0.0181555 -0.00438227 0.0184035; -0.00438227 0.00190507 -0.00451323; 0.0184035 -0.00451323 0.139391]
ESS: 239.6293
Loglik: 6405.0777 
Percentage done: 20.00 % 
Acceptance rate on iteration 1 to 10000 is 7.7808 %
Covariance:
[0.0181555 -0.00438227 0.0184035; -0.00438227 0.00190507 -0.00451323; 0.0184035 -0.00451323 0.139391]
Loglik: 6404.1042 
Percentage done: 40.00 % 
Acceptance rate on iteration 10001 to 20000 is 8.3208 %
Covariance:
[0.0181555 -0.00438227 0.0184035; -0.00438227 0.00190507 -0.00451323; 0.0184035 -0.00451323 0.139391]
Loglik: 6402.6597 
Percentage done: 60.00 % 
Acceptance rate on iteration 20001 to 30000 is 8.1308 %
Covariance:
[0.0181555 -0.00438227 0.0184035; -0.00438227 0.00190507 -0.00451323; 0.0184035 -0.00451323 0.139391]
Loglik: 6401.3612 
Percentage done: 80.00 % 
Acceptance rate on iteration 30001 to 40000 is 7.7808 %
Covariance:
[0.0181555 -0.00438227 0.0184035; -0.00438227 0.00190507 -0.00451323; 0.0184035 -0.00451323 0.139391]
Loglik: 6404.4936 
elapsed time: 577.299791954 seconds
Ending DA-GP-MCMC with adaptive RW estimating 3 parameters
Algorithm: MCWM
Adaptation algorithm: noAdaptation
Prior distribution: Uniform
Particel filter: bootstrap
Time pre-er:  0
Time fit GP model:  0
Time er-part:  577
Number early-rejections: 40104
Number of cases directly to ordinary MH: 7477
Number of cases directly to ordinary MH accapted: 2862
Number cases in secound stage: 2418
Number accepted in secound stage: 1173
Total number of evaluations of the particle filter: 9895
Acceptance rate for ordinary MH accapted: 38.2774
Acceptance rate a_1: 5.6865
Acceptance rate a_2: 48.5112
Acceptance rate a_1*a_2: 2.7586
Acceptance rate a (for entier algorithm): 8.0700
Iterstion:
2
Starting DA-GP-MCMC with adaptive RW estimating 3 parameters
Covariance - kernel_MH_direct:
[0.0181555 -0.00438227 0.0184035; -0.00438227 0.00190507 -0.00451323; 0.0184035 -0.00451323 0.139391]
MCMC algorithm: MCWM
Adaptation algorithm: noAdaptation
Prior distribution: Uniform
Particel filter: bootstrap
Iteration: 1
Covariance:
[0.0181555 -0.00438227 0.0184035; -0.00438227 0.00190507 -0.00451323; 0.0184035 -0.00451323 0.139391]
ESS: 231.8643
Loglik: 6404.9733 
Percentage done: 20.00 % 
Acceptance rate on iteration 1 to 10000 is 7.8308 %
Covariance:
[0.0181555 -0.00438227 0.0184035; -0.00438227 0.00190507 -0.00451323; 0.0184035 -0.00451323 0.139391]
Loglik: 6400.9598 
Percentage done: 40.00 % 
Acceptance rate on iteration 10001 to 20000 is 8.3608 %
Covariance:
[0.0181555 -0.00438227 0.0184035; -0.00438227 0.00190507 -0.00451323; 0.0184035 -0.00451323 0.139391]
Loglik: 6405.3105 
Percentage done: 60.00 % 
Acceptance rate on iteration 20001 to 30000 is 7.8708 %
Covariance:
[0.0181555 -0.00438227 0.0184035; -0.00438227 0.00190507 -0.00451323; 0.0184035 -0.00451323 0.139391]
Loglik: 6404.2364 
Percentage done: 80.00 % 
Acceptance rate on iteration 30001 to 40000 is 8.0308 %
Covariance:
[0.0181555 -0.00438227 0.0184035; -0.00438227 0.00190507 -0.00451323; 0.0184035 -0.00451323 0.139391]
Loglik: 6403.9001 
elapsed time: 549.63809845 seconds
Ending DA-GP-MCMC with adaptive RW estimating 3 parameters
Algorithm: MCWM
Adaptation algorithm: noAdaptation
Prior distribution: Uniform
Particel filter: bootstrap
Time pre-er:  0
Time fit GP model:  0
Time er-part:  550
Number early-rejections: 40165
Number of cases directly to ordinary MH: 7655
Number of cases directly to ordinary MH accapted: 2963
Number cases in secound stage: 2179
Number accepted in secound stage: 1031
Total number of evaluations of the particle filter: 9834
Acceptance rate for ordinary MH accapted: 38.7067
Acceptance rate a_1: 5.1459
Acceptance rate a_2: 47.3153
Acceptance rate a_1*a_2: 2.4348
Acceptance rate a (for entier algorithm): 7.9880
Iterstion:
3
Starting DA-GP-MCMC with adaptive RW estimating 3 parameters
Covariance - kernel_MH_direct:
[0.0181555 -0.00438227 0.0184035; -0.00438227 0.00190507 -0.00451323; 0.0184035 -0.00451323 0.139391]
MCMC algorithm: MCWM
Adaptation algorithm: noAdaptation
Prior distribution: Uniform
Particel filter: bootstrap
Iteration: 1
Covariance:
[0.0181555 -0.00438227 0.0184035; -0.00438227 0.00190507 -0.00451323; 0.0184035 -0.00451323 0.139391]
ESS: 235.6172
Loglik: 6403.2172 
Percentage done: 20.00 % 
Acceptance rate on iteration 1 to 10000 is 8.1708 %
Covariance:
[0.0181555 -0.00438227 0.0184035; -0.00438227 0.00190507 -0.00451323; 0.0184035 -0.00451323 0.139391]
Loglik: 6402.7690 
ESS: 84.3672
ESS: 206.5772
Percentage done: 40.00 % 
Acceptance rate on iteration 10001 to 20000 is 8.0208 %
Covariance:
[0.0181555 -0.00438227 0.0184035; -0.00438227 0.00190507 -0.00451323; 0.0184035 -0.00451323 0.139391]
Loglik: 6403.1370 
ESS: 84.0104
ESS: 124.2601
Percentage done: 60.00 % 
Acceptance rate on iteration 20001 to 30000 is 8.2408 %
Covariance:
[0.0181555 -0.00438227 0.0184035; -0.00438227 0.00190507 -0.00451323; 0.0184035 -0.00451323 0.139391]
Loglik: 6402.2694 
ESS: 120.1899
ESS: 136.0082
Percentage done: 80.00 % 
Acceptance rate on iteration 30001 to 40000 is 7.7708 %
Covariance:
[0.0181555 -0.00438227 0.0184035; -0.00438227 0.00190507 -0.00451323; 0.0184035 -0.00451323 0.139391]
Loglik: 6405.1525 
ESS: 214.4508
ESS: 159.5806
elapsed time: 548.403606915 seconds
Ending DA-GP-MCMC with adaptive RW estimating 3 parameters
Algorithm: MCWM
Adaptation algorithm: noAdaptation
Prior distribution: Uniform
Particel filter: bootstrap
Time pre-er:  0
Time fit GP model:  0
Time er-part:  548
Number early-rejections: 40191
Number of cases directly to ordinary MH: 7491
Number of cases directly to ordinary MH accapted: 2843
Number cases in secound stage: 2317
Number accepted in secound stage: 1107
Total number of evaluations of the particle filter: 9808
Acceptance rate for ordinary MH accapted: 37.9522
Acceptance rate a_1: 5.4507
Acceptance rate a_2: 47.7773
Acceptance rate a_1*a_2: 2.6042
Acceptance rate a (for entier algorithm): 7.9000
Iterstion:
4
Starting DA-GP-MCMC with adaptive RW estimating 3 parameters
Covariance - kernel_MH_direct:
[0.0181555 -0.00438227 0.0184035; -0.00438227 0.00190507 -0.00451323; 0.0184035 -0.00451323 0.139391]
MCMC algorithm: MCWM
Adaptation algorithm: noAdaptation
Prior distribution: Uniform
Particel filter: bootstrap
Iteration: 1
Covariance:
[0.0181555 -0.00438227 0.0184035; -0.00438227 0.00190507 -0.00451323; 0.0184035 -0.00451323 0.139391]
ESS: 255.3033
Loglik: 6404.4441 
Percentage done: 20.00 % 
Acceptance rate on iteration 1 to 10000 is 7.9708 %
Covariance:
[0.0181555 -0.00438227 0.0184035; -0.00438227 0.00190507 -0.00451323; 0.0184035 -0.00451323 0.139391]
Loglik: 6401.9884 
Percentage done: 40.00 % 
Acceptance rate on iteration 10001 to 20000 is 8.2008 %
Covariance:
[0.0181555 -0.00438227 0.0184035; -0.00438227 0.00190507 -0.00451323; 0.0184035 -0.00451323 0.139391]
Loglik: 6405.6289 
Percentage done: 60.00 % 
Acceptance rate on iteration 20001 to 30000 is 8.2408 %
Covariance:
[0.0181555 -0.00438227 0.0184035; -0.00438227 0.00190507 -0.00451323; 0.0184035 -0.00451323 0.139391]
Loglik: 6403.1013 
ESS: 342.1144
ESS: 298.9847
Percentage done: 80.00 % 
Acceptance rate on iteration 30001 to 40000 is 7.9208 %
Covariance:
[0.0181555 -0.00438227 0.0184035; -0.00438227 0.00190507 -0.00451323; 0.0184035 -0.00451323 0.139391]
Loglik: 6405.3668 
elapsed time: 550.28736674 seconds
Ending DA-GP-MCMC with adaptive RW estimating 3 parameters
Algorithm: MCWM
Adaptation algorithm: noAdaptation
Prior distribution: Uniform
Particel filter: bootstrap
Time pre-er:  0
Time fit GP model:  0
Time er-part:  550
Number early-rejections: 40151
Number of cases directly to ordinary MH: 7515
Number of cases directly to ordinary MH accapted: 2880
Number cases in secound stage: 2333
Number accepted in secound stage: 1132
Total number of evaluations of the particle filter: 9848
Acceptance rate for ordinary MH accapted: 38.3234
Acceptance rate a_1: 5.4915
Acceptance rate a_2: 48.5212
Acceptance rate a_1*a_2: 2.6645
Acceptance rate a (for entier algorithm): 8.0240
Iterstion:
5
Starting DA-GP-MCMC with adaptive RW estimating 3 parameters
Covariance - kernel_MH_direct:
[0.0181555 -0.00438227 0.0184035; -0.00438227 0.00190507 -0.00451323; 0.0184035 -0.00451323 0.139391]
MCMC algorithm: MCWM
Adaptation algorithm: noAdaptation
Prior distribution: Uniform
Particel filter: bootstrap
Iteration: 1
Covariance:
[0.0181555 -0.00438227 0.0184035; -0.00438227 0.00190507 -0.00451323; 0.0184035 -0.00451323 0.139391]
ESS: 244.5553
Loglik: 6404.6511 
Percentage done: 20.00 % 
Acceptance rate on iteration 1 to 10000 is 8.2108 %
Covariance:
[0.0181555 -0.00438227 0.0184035; -0.00438227 0.00190507 -0.00451323; 0.0184035 -0.00451323 0.139391]
Loglik: 6402.6488 
Percentage done: 40.00 % 
Acceptance rate on iteration 10001 to 20000 is 7.6308 %
Covariance:
[0.0181555 -0.00438227 0.0184035; -0.00438227 0.00190507 -0.00451323; 0.0184035 -0.00451323 0.139391]
Loglik: 6403.4166 
Percentage done: 60.00 % 
Acceptance rate on iteration 20001 to 30000 is 7.6708 %
Covariance:
[0.0181555 -0.00438227 0.0184035; -0.00438227 0.00190507 -0.00451323; 0.0184035 -0.00451323 0.139391]
Loglik: 6400.9800 
ESS: 82.6525
ESS: 143.3831
Percentage done: 80.00 % 
Acceptance rate on iteration 30001 to 40000 is 7.4107 %
Covariance:
[0.0181555 -0.00438227 0.0184035; -0.00438227 0.00190507 -0.00451323; 0.0184035 -0.00451323 0.139391]
Loglik: 6403.5493 
elapsed time: 548.16938846 seconds
Ending DA-GP-MCMC with adaptive RW estimating 3 parameters
Algorithm: MCWM
Adaptation algorithm: noAdaptation
Prior distribution: Uniform
Particel filter: bootstrap
Time pre-er:  0
Time fit GP model:  0
Time er-part:  548
Number early-rejections: 40312
Number of cases directly to ordinary MH: 7334
Number of cases directly to ordinary MH accapted: 2764
Number cases in secound stage: 2353
Number accepted in secound stage: 1127
Total number of evaluations of the particle filter: 9687
Acceptance rate for ordinary MH accapted: 37.6875
Acceptance rate a_1: 5.5151
Acceptance rate a_2: 47.8963
Acceptance rate a_1*a_2: 2.6415
Acceptance rate a (for entier algorithm): 7.7820
Iterstion:
6
Starting DA-GP-MCMC with adaptive RW estimating 3 parameters
Covariance - kernel_MH_direct:
[0.0181555 -0.00438227 0.0184035; -0.00438227 0.00190507 -0.00451323; 0.0184035 -0.00451323 0.139391]
MCMC algorithm: MCWM
Adaptation algorithm: noAdaptation
Prior distribution: Uniform
Particel filter: bootstrap
Iteration: 1
Covariance:
[0.0181555 -0.00438227 0.0184035; -0.00438227 0.00190507 -0.00451323; 0.0184035 -0.00451323 0.139391]
ESS: 236.4583
Loglik: 6405.2795 
Percentage done: 20.00 % 
Acceptance rate on iteration 1 to 10000 is 7.7208 %
Covariance:
[0.0181555 -0.00438227 0.0184035; -0.00438227 0.00190507 -0.00451323; 0.0184035 -0.00451323 0.139391]
Loglik: 6404.9921 
Percentage done: 40.00 % 
Acceptance rate on iteration 10001 to 20000 is 8.1708 %
Covariance:
[0.0181555 -0.00438227 0.0184035; -0.00438227 0.00190507 -0.00451323; 0.0184035 -0.00451323 0.139391]
Loglik: 6403.6732 
Percentage done: 60.00 % 
Acceptance rate on iteration 20001 to 30000 is 7.5208 %
Covariance:
[0.0181555 -0.00438227 0.0184035; -0.00438227 0.00190507 -0.00451323; 0.0184035 -0.00451323 0.139391]
Loglik: 6403.4415 
Percentage done: 80.00 % 
Acceptance rate on iteration 30001 to 40000 is 7.7808 %
Covariance:
[0.0181555 -0.00438227 0.0184035; -0.00438227 0.00190507 -0.00451323; 0.0184035 -0.00451323 0.139391]
Loglik: 6404.1600 
elapsed time: 546.773687415 seconds
Ending DA-GP-MCMC with adaptive RW estimating 3 parameters
Algorithm: MCWM
Adaptation algorithm: noAdaptation
Prior distribution: Uniform
Particel filter: bootstrap
Time pre-er:  0
Time fit GP model:  0
Time er-part:  547
Number early-rejections: 40118
Number of cases directly to ordinary MH: 7529
Number of cases directly to ordinary MH accapted: 2855
Number cases in secound stage: 2352
Number accepted in secound stage: 1132
Total number of evaluations of the particle filter: 9881
Acceptance rate for ordinary MH accapted: 37.9200
Acceptance rate a_1: 5.5380
Acceptance rate a_2: 48.1293
Acceptance rate a_1*a_2: 2.6654
Acceptance rate a (for entier algorithm): 7.9740
Iterstion:
7
Starting DA-GP-MCMC with adaptive RW estimating 3 parameters
Covariance - kernel_MH_direct:
[0.0181555 -0.00438227 0.0184035; -0.00438227 0.00190507 -0.00451323; 0.0184035 -0.00451323 0.139391]
MCMC algorithm: MCWM
Adaptation algorithm: noAdaptation
Prior distribution: Uniform
Particel filter: bootstrap
Iteration: 1
Covariance:
[0.0181555 -0.00438227 0.0184035; -0.00438227 0.00190507 -0.00451323; 0.0184035 -0.00451323 0.139391]
ESS: 248.5440
Loglik: 6404.2408 
Percentage done: 20.00 % 
Acceptance rate on iteration 1 to 10000 is 8.0708 %
Covariance:
[0.0181555 -0.00438227 0.0184035; -0.00438227 0.00190507 -0.00451323; 0.0184035 -0.00451323 0.139391]
Loglik: 6403.6452 
ESS: 79.4219
ESS: 208.7884
Percentage done: 40.00 % 
Acceptance rate on iteration 10001 to 20000 is 8.0408 %
Covariance:
[0.0181555 -0.00438227 0.0184035; -0.00438227 0.00190507 -0.00451323; 0.0184035 -0.00451323 0.139391]
Loglik: 6402.2453 
ESS: 407.4241
ESS: 402.2856
Percentage done: 60.00 % 
Acceptance rate on iteration 20001 to 30000 is 8.5409 %
Covariance:
[0.0181555 -0.00438227 0.0184035; -0.00438227 0.00190507 -0.00451323; 0.0184035 -0.00451323 0.139391]
Loglik: 6404.4665 
Percentage done: 80.00 % 
Acceptance rate on iteration 30001 to 40000 is 8.1608 %
Covariance:
[0.0181555 -0.00438227 0.0184035; -0.00438227 0.00190507 -0.00451323; 0.0184035 -0.00451323 0.139391]
Loglik: 5933.9945 
ESS: 184.9551
ESS: 241.1898
elapsed time: 553.394732481 seconds
Ending DA-GP-MCMC with adaptive RW estimating 3 parameters
Algorithm: MCWM
Adaptation algorithm: noAdaptation
Prior distribution: Uniform
Particel filter: bootstrap
Time pre-er:  0
Time fit GP model:  0
Time er-part:  553
Number early-rejections: 40072
Number of cases directly to ordinary MH: 7556
Number of cases directly to ordinary MH accapted: 2833
Number cases in secound stage: 2371
Number accepted in secound stage: 1188
Total number of evaluations of the particle filter: 9927
Acceptance rate for ordinary MH accapted: 37.4934
Acceptance rate a_1: 5.5863
Acceptance rate a_2: 50.1054
Acceptance rate a_1*a_2: 2.7990
Acceptance rate a (for entier algorithm): 8.0420
Iterstion:
8
Starting DA-GP-MCMC with adaptive RW estimating 3 parameters
Covariance - kernel_MH_direct:
[0.0181555 -0.00438227 0.0184035; -0.00438227 0.00190507 -0.00451323; 0.0184035 -0.00451323 0.139391]
MCMC algorithm: MCWM
Adaptation algorithm: noAdaptation
Prior distribution: Uniform
Particel filter: bootstrap
Iteration: 1
Covariance:
[0.0181555 -0.00438227 0.0184035; -0.00438227 0.00190507 -0.00451323; 0.0184035 -0.00451323 0.139391]
ESS: 238.9945
Loglik: 6405.1537 
Percentage done: 20.00 % 
Acceptance rate on iteration 1 to 10000 is 8.1308 %
Covariance:
[0.0181555 -0.00438227 0.0184035; -0.00438227 0.00190507 -0.00451323; 0.0184035 -0.00451323 0.139391]
Loglik: 6404.1085 
ESS: 355.4433
ESS: 251.2223
Percentage done: 40.00 % 
Acceptance rate on iteration 10001 to 20000 is 8.0108 %
Covariance:
[0.0181555 -0.00438227 0.0184035; -0.00438227 0.00190507 -0.00451323; 0.0184035 -0.00451323 0.139391]
Loglik: 6404.8092 
Percentage done: 60.00 % 
Acceptance rate on iteration 20001 to 30000 is 8.3708 %
Covariance:
[0.0181555 -0.00438227 0.0184035; -0.00438227 0.00190507 -0.00451323; 0.0184035 -0.00451323 0.139391]
Loglik: 6404.3895 
ESS: 332.5728
ESS: 154.5006
Percentage done: 80.00 % 
Acceptance rate on iteration 30001 to 40000 is 7.7908 %
Covariance:
[0.0181555 -0.00438227 0.0184035; -0.00438227 0.00190507 -0.00451323; 0.0184035 -0.00451323 0.139391]
Loglik: 6403.4146 
elapsed time: 555.235431293 seconds
Ending DA-GP-MCMC with adaptive RW estimating 3 parameters
Algorithm: MCWM
Adaptation algorithm: noAdaptation
Prior distribution: Uniform
Particel filter: bootstrap
Time pre-er:  0
Time fit GP model:  0
Time er-part:  555
Number early-rejections: 40135
Number of cases directly to ordinary MH: 7624
Number of cases directly to ordinary MH accapted: 2894
Number cases in secound stage: 2240
Number accepted in secound stage: 1093
Total number of evaluations of the particle filter: 9864
Acceptance rate for ordinary MH accapted: 37.9591
Acceptance rate a_1: 5.2861
Acceptance rate a_2: 48.7946
Acceptance rate a_1*a_2: 2.5794
Acceptance rate a (for entier algorithm): 7.9740
Iterstion:
9
Starting DA-GP-MCMC with adaptive RW estimating 3 parameters
Covariance - kernel_MH_direct:
[0.0181555 -0.00438227 0.0184035; -0.00438227 0.00190507 -0.00451323; 0.0184035 -0.00451323 0.139391]
MCMC algorithm: MCWM
Adaptation algorithm: noAdaptation
Prior distribution: Uniform
Particel filter: bootstrap
Iteration: 1
Covariance:
[0.0181555 -0.00438227 0.0184035; -0.00438227 0.00190507 -0.00451323; 0.0184035 -0.00451323 0.139391]
ESS: 236.0006
Loglik: 6404.2425 
Percentage done: 20.00 % 
Acceptance rate on iteration 1 to 10000 is 7.4107 %
Covariance:
[0.0181555 -0.00438227 0.0184035; -0.00438227 0.00190507 -0.00451323; 0.0184035 -0.00451323 0.139391]
Loglik: 6403.9338 
ESS: 188.0090
ESS: 203.6907
Percentage done: 40.00 % 
Acceptance rate on iteration 10001 to 20000 is 7.6208 %
Covariance:
[0.0181555 -0.00438227 0.0184035; -0.00438227 0.00190507 -0.00451323; 0.0184035 -0.00451323 0.139391]
Loglik: 6404.5267 
ESS: 109.7216
ESS: 148.3161
Percentage done: 60.00 % 
Acceptance rate on iteration 20001 to 30000 is 8.2108 %
Covariance:
[0.0181555 -0.00438227 0.0184035; -0.00438227 0.00190507 -0.00451323; 0.0184035 -0.00451323 0.139391]
Loglik: 6403.1709 
ESS: 15.3025
ESS: 61.5262
Percentage done: 80.00 % 
Acceptance rate on iteration 30001 to 40000 is 8.0708 %
Covariance:
[0.0181555 -0.00438227 0.0184035; -0.00438227 0.00190507 -0.00451323; 0.0184035 -0.00451323 0.139391]
Loglik: 6403.8028 
elapsed time: 545.662793123 seconds
Ending DA-GP-MCMC with adaptive RW estimating 3 parameters
Algorithm: MCWM
Adaptation algorithm: noAdaptation
Prior distribution: Uniform
Particel filter: bootstrap
Time pre-er:  0
Time fit GP model:  0
Time er-part:  546
Number early-rejections: 40338
Number of cases directly to ordinary MH: 7352
Number of cases directly to ordinary MH accapted: 2776
Number cases in secound stage: 2309
Number accepted in secound stage: 1150
Total number of evaluations of the particle filter: 9661
Acceptance rate for ordinary MH accapted: 37.7584
Acceptance rate a_1: 5.4142
Acceptance rate a_2: 49.8051
Acceptance rate a_1*a_2: 2.6966
Acceptance rate a (for entier algorithm): 7.8520
Iterstion:
10
Starting DA-GP-MCMC with adaptive RW estimating 3 parameters
Covariance - kernel_MH_direct:
[0.0181555 -0.00438227 0.0184035; -0.00438227 0.00190507 -0.00451323; 0.0184035 -0.00451323 0.139391]
MCMC algorithm: MCWM
Adaptation algorithm: noAdaptation
Prior distribution: Uniform
Particel filter: bootstrap
Iteration: 1
Covariance:
[0.0181555 -0.00438227 0.0184035; -0.00438227 0.00190507 -0.00451323; 0.0184035 -0.00451323 0.139391]
ESS: 232.3156
Loglik: 6405.3326 
Percentage done: 20.00 % 
Acceptance rate on iteration 1 to 10000 is 7.9308 %
Covariance:
[0.0181555 -0.00438227 0.0184035; -0.00438227 0.00190507 -0.00451323; 0.0184035 -0.00451323 0.139391]
Loglik: 6403.8155 
ESS: 255.0512
ESS: 194.4276
Percentage done: 40.00 % 
Acceptance rate on iteration 10001 to 20000 is 8.0908 %
Covariance:
[0.0181555 -0.00438227 0.0184035; -0.00438227 0.00190507 -0.00451323; 0.0184035 -0.00451323 0.139391]
Loglik: 6403.9707 
Percentage done: 60.00 % 
Acceptance rate on iteration 20001 to 30000 is 8.3108 %
Covariance:
[0.0181555 -0.00438227 0.0184035; -0.00438227 0.00190507 -0.00451323; 0.0184035 -0.00451323 0.139391]
Loglik: 6403.9321 
Percentage done: 80.00 % 
Acceptance rate on iteration 30001 to 40000 is 7.7908 %
Covariance:
[0.0181555 -0.00438227 0.0184035; -0.00438227 0.00190507 -0.00451323; 0.0184035 -0.00451323 0.139391]
Loglik: 6404.7711 
elapsed time: 551.156208486 seconds
Ending DA-GP-MCMC with adaptive RW estimating 3 parameters
Algorithm: MCWM
Adaptation algorithm: noAdaptation
Prior distribution: Uniform
Particel filter: bootstrap
Time pre-er:  0
Time fit GP model:  0
Time er-part:  551
Number early-rejections: 40155
Number of cases directly to ordinary MH: 7507
Number of cases directly to ordinary MH accapted: 2882
Number cases in secound stage: 2337
Number accepted in secound stage: 1167
Total number of evaluations of the particle filter: 9844
Acceptance rate for ordinary MH accapted: 38.3908
Acceptance rate a_1: 5.4999
Acceptance rate a_2: 49.9358
Acceptance rate a_1*a_2: 2.7464
Acceptance rate a (for entier algorithm): 8.0980
Iterstion:
11
Starting DA-GP-MCMC with adaptive RW estimating 3 parameters
Covariance - kernel_MH_direct:
[0.0181555 -0.00438227 0.0184035; -0.00438227 0.00190507 -0.00451323; 0.0184035 -0.00451323 0.139391]
MCMC algorithm: MCWM
Adaptation algorithm: noAdaptation
Prior distribution: Uniform
Particel filter: bootstrap
Iteration: 1
Covariance:
[0.0181555 -0.00438227 0.0184035; -0.00438227 0.00190507 -0.00451323; 0.0184035 -0.00451323 0.139391]
ESS: 259.1479
Loglik: 6405.6030 
Percentage done: 20.00 % 
Acceptance rate on iteration 1 to 10000 is 8.7609 %
Covariance:
[0.0181555 -0.00438227 0.0184035; -0.00438227 0.00190507 -0.00451323; 0.0184035 -0.00451323 0.139391]
Loglik: 6404.3012 
Percentage done: 40.00 % 
Acceptance rate on iteration 10001 to 20000 is 7.9608 %
Covariance:
[0.0181555 -0.00438227 0.0184035; -0.00438227 0.00190507 -0.00451323; 0.0184035 -0.00451323 0.139391]
Loglik: 6402.4975 
Percentage done: 60.00 % 
Acceptance rate on iteration 20001 to 30000 is 8.5209 %
Covariance:
[0.0181555 -0.00438227 0.0184035; -0.00438227 0.00190507 -0.00451323; 0.0184035 -0.00451323 0.139391]
Loglik: 6404.2364 
Percentage done: 80.00 % 
Acceptance rate on iteration 30001 to 40000 is 7.5108 %
Covariance:
[0.0181555 -0.00438227 0.0184035; -0.00438227 0.00190507 -0.00451323; 0.0184035 -0.00451323 0.139391]
Loglik: 6404.3702 
elapsed time: 558.000033672 seconds
Ending DA-GP-MCMC with adaptive RW estimating 3 parameters
Algorithm: MCWM
Adaptation algorithm: noAdaptation
Prior distribution: Uniform
Particel filter: bootstrap
Time pre-er:  0
Time fit GP model:  0
Time er-part:  558
Number early-rejections: 40062
Number of cases directly to ordinary MH: 7598
Number of cases directly to ordinary MH accapted: 2907
Number cases in secound stage: 2339
Number accepted in secound stage: 1178
Total number of evaluations of the particle filter: 9937
Acceptance rate for ordinary MH accapted: 38.2601
Acceptance rate a_1: 5.5164
Acceptance rate a_2: 50.3634
Acceptance rate a_1*a_2: 2.7782
Acceptance rate a (for entier algorithm): 8.1700
Iterstion:
12
Starting DA-GP-MCMC with adaptive RW estimating 3 parameters
Covariance - kernel_MH_direct:
[0.0181555 -0.00438227 0.0184035; -0.00438227 0.00190507 -0.00451323; 0.0184035 -0.00451323 0.139391]
MCMC algorithm: MCWM
Adaptation algorithm: noAdaptation
Prior distribution: Uniform
Particel filter: bootstrap
Iteration: 1
Covariance:
[0.0181555 -0.00438227 0.0184035; -0.00438227 0.00190507 -0.00451323; 0.0184035 -0.00451323 0.139391]
ESS: 252.8826
Loglik: 6403.7333 
Percentage done: 20.00 % 
Acceptance rate on iteration 1 to 10000 is 7.8308 %
Covariance:
[0.0181555 -0.00438227 0.0184035; -0.00438227 0.00190507 -0.00451323; 0.0184035 -0.00451323 0.139391]
Loglik: 6403.6602 
Percentage done: 40.00 % 
Acceptance rate on iteration 10001 to 20000 is 8.8709 %
Covariance:
[0.0181555 -0.00438227 0.0184035; -0.00438227 0.00190507 -0.00451323; 0.0184035 -0.00451323 0.139391]
Loglik: 6402.4729 
Percentage done: 60.00 % 
Acceptance rate on iteration 20001 to 30000 is 7.6908 %
Covariance:
[0.0181555 -0.00438227 0.0184035; -0.00438227 0.00190507 -0.00451323; 0.0184035 -0.00451323 0.139391]
Loglik: 6401.9741 
Percentage done: 80.00 % 
Acceptance rate on iteration 30001 to 40000 is 7.9508 %
Covariance:
[0.0181555 -0.00438227 0.0184035; -0.00438227 0.00190507 -0.00451323; 0.0184035 -0.00451323 0.139391]
Loglik: 6405.7093 
elapsed time: 556.209138546 seconds
Ending DA-GP-MCMC with adaptive RW estimating 3 parameters
Algorithm: MCWM
Adaptation algorithm: noAdaptation
Prior distribution: Uniform
Particel filter: bootstrap
Time pre-er:  0
Time fit GP model:  0
Time er-part:  556
Number early-rejections: 40147
Number of cases directly to ordinary MH: 7544
Number of cases directly to ordinary MH accapted: 2886
Number cases in secound stage: 2308
Number accepted in secound stage: 1153
Total number of evaluations of the particle filter: 9852
Acceptance rate for ordinary MH accapted: 38.2556
Acceptance rate a_1: 5.4363
Acceptance rate a_2: 49.9567
Acceptance rate a_1*a_2: 2.7158
Acceptance rate a (for entier algorithm): 8.0780
Iterstion:
13
Starting DA-GP-MCMC with adaptive RW estimating 3 parameters
Covariance - kernel_MH_direct:
[0.0181555 -0.00438227 0.0184035; -0.00438227 0.00190507 -0.00451323; 0.0184035 -0.00451323 0.139391]
MCMC algorithm: MCWM
Adaptation algorithm: noAdaptation
Prior distribution: Uniform
Particel filter: bootstrap
Iteration: 1
Covariance:
[0.0181555 -0.00438227 0.0184035; -0.00438227 0.00190507 -0.00451323; 0.0184035 -0.00451323 0.139391]
ESS: 225.7699
Loglik: 6405.3057 
Percentage done: 20.00 % 
Acceptance rate on iteration 1 to 10000 is 7.8708 %
Covariance:
[0.0181555 -0.00438227 0.0184035; -0.00438227 0.00190507 -0.00451323; 0.0184035 -0.00451323 0.139391]
Loglik: 6404.7754 
Percentage done: 40.00 % 
Acceptance rate on iteration 10001 to 20000 is 8.5009 %
Covariance:
[0.0181555 -0.00438227 0.0184035; -0.00438227 0.00190507 -0.00451323; 0.0184035 -0.00451323 0.139391]
Loglik: 6403.0485 
Percentage done: 60.00 % 
Acceptance rate on iteration 20001 to 30000 is 7.8208 %
Covariance:
[0.0181555 -0.00438227 0.0184035; -0.00438227 0.00190507 -0.00451323; 0.0184035 -0.00451323 0.139391]
Loglik: 6402.3165 
Percentage done: 80.00 % 
Acceptance rate on iteration 30001 to 40000 is 7.5908 %
Covariance:
[0.0181555 -0.00438227 0.0184035; -0.00438227 0.00190507 -0.00451323; 0.0184035 -0.00451323 0.139391]
Loglik: 6402.8126 
ESS: 38.0003
ESS: 241.4574
elapsed time: 549.0341985 seconds
Ending DA-GP-MCMC with adaptive RW estimating 3 parameters
Algorithm: MCWM
Adaptation algorithm: noAdaptation
Prior distribution: Uniform
Particel filter: bootstrap
Time pre-er:  0
Time fit GP model:  0
Time er-part:  549
Number early-rejections: 40163
Number of cases directly to ordinary MH: 7481
Number of cases directly to ordinary MH accapted: 2847
Number cases in secound stage: 2355
Number accepted in secound stage: 1136
Total number of evaluations of the particle filter: 9836
Acceptance rate for ordinary MH accapted: 38.0564
Acceptance rate a_1: 5.5388
Acceptance rate a_2: 48.2378
Acceptance rate a_1*a_2: 2.6718
Acceptance rate a (for entier algorithm): 7.9660
Iterstion:
14
Starting DA-GP-MCMC with adaptive RW estimating 3 parameters
Covariance - kernel_MH_direct:
[0.0181555 -0.00438227 0.0184035; -0.00438227 0.00190507 -0.00451323; 0.0184035 -0.00451323 0.139391]
MCMC algorithm: MCWM
Adaptation algorithm: noAdaptation
Prior distribution: Uniform
Particel filter: bootstrap
Iteration: 1
Covariance:
[0.0181555 -0.00438227 0.0184035; -0.00438227 0.00190507 -0.00451323; 0.0184035 -0.00451323 0.139391]
ESS: 216.0070
Loglik: 6405.0440 
Percentage done: 20.00 % 
Acceptance rate on iteration 1 to 10000 is 8.3308 %
Covariance:
[0.0181555 -0.00438227 0.0184035; -0.00438227 0.00190507 -0.00451323; 0.0184035 -0.00451323 0.139391]
Loglik: 6404.9817 
Percentage done: 40.00 % 
Acceptance rate on iteration 10001 to 20000 is 7.8508 %
Covariance:
[0.0181555 -0.00438227 0.0184035; -0.00438227 0.00190507 -0.00451323; 0.0184035 -0.00451323 0.139391]
Loglik: 6405.3144 
Percentage done: 60.00 % 
Acceptance rate on iteration 20001 to 30000 is 8.1408 %
Covariance:
[0.0181555 -0.00438227 0.0184035; -0.00438227 0.00190507 -0.00451323; 0.0184035 -0.00451323 0.139391]
Loglik: 6404.0936 
Percentage done: 80.00 % 
Acceptance rate on iteration 30001 to 40000 is 8.1108 %
Covariance:
[0.0181555 -0.00438227 0.0184035; -0.00438227 0.00190507 -0.00451323; 0.0184035 -0.00451323 0.139391]
Loglik: 6404.9220 
ESS: 218.3677
ESS: 250.0011
elapsed time: 552.321860523 seconds
Ending DA-GP-MCMC with adaptive RW estimating 3 parameters
Algorithm: MCWM
Adaptation algorithm: noAdaptation
Prior distribution: Uniform
Particel filter: bootstrap
Time pre-er:  0
Time fit GP model:  0
Time er-part:  552
Number early-rejections: 40168
Number of cases directly to ordinary MH: 7452
Number of cases directly to ordinary MH accapted: 2868
Number cases in secound stage: 2379
Number accepted in secound stage: 1180
Total number of evaluations of the particle filter: 9831
Acceptance rate for ordinary MH accapted: 38.4863
Acceptance rate a_1: 5.5915
Acceptance rate a_2: 49.6007
Acceptance rate a_1*a_2: 2.7734
Acceptance rate a (for entier algorithm): 8.0960
Iterstion:
15
Starting DA-GP-MCMC with adaptive RW estimating 3 parameters
Covariance - kernel_MH_direct:
[0.0181555 -0.00438227 0.0184035; -0.00438227 0.00190507 -0.00451323; 0.0184035 -0.00451323 0.139391]
MCMC algorithm: MCWM
Adaptation algorithm: noAdaptation
Prior distribution: Uniform
Particel filter: bootstrap
Iteration: 1
Covariance:
[0.0181555 -0.00438227 0.0184035; -0.00438227 0.00190507 -0.00451323; 0.0184035 -0.00451323 0.139391]
ESS: 241.9504
Loglik: 6405.0726 
Percentage done: 20.00 % 
Acceptance rate on iteration 1 to 10000 is 7.7908 %
Covariance:
[0.0181555 -0.00438227 0.0184035; -0.00438227 0.00190507 -0.00451323; 0.0184035 -0.00451323 0.139391]
Loglik: 6404.4491 
ESS: 82.0161
ESS: 214.2818
Percentage done: 40.00 % 
Acceptance rate on iteration 10001 to 20000 is 7.5608 %
Covariance:
[0.0181555 -0.00438227 0.0184035; -0.00438227 0.00190507 -0.00451323; 0.0184035 -0.00451323 0.139391]
Loglik: 6404.1959 
Percentage done: 60.00 % 
Acceptance rate on iteration 20001 to 30000 is 7.8008 %
Covariance:
[0.0181555 -0.00438227 0.0184035; -0.00438227 0.00190507 -0.00451323; 0.0184035 -0.00451323 0.139391]
Loglik: 6404.9907 
Percentage done: 80.00 % 
Acceptance rate on iteration 30001 to 40000 is 7.6708 %
Covariance:
[0.0181555 -0.00438227 0.0184035; -0.00438227 0.00190507 -0.00451323; 0.0184035 -0.00451323 0.139391]
Loglik: 6403.0432 
elapsed time: 550.922398566 seconds
Ending DA-GP-MCMC with adaptive RW estimating 3 parameters
Algorithm: MCWM
Adaptation algorithm: noAdaptation
Prior distribution: Uniform
Particel filter: bootstrap
Time pre-er:  0
Time fit GP model:  0
Time er-part:  551
Number early-rejections: 40232
Number of cases directly to ordinary MH: 7435
Number of cases directly to ordinary MH accapted: 2743
Number cases in secound stage: 2332
Number accepted in secound stage: 1124
Total number of evaluations of the particle filter: 9767
Acceptance rate for ordinary MH accapted: 36.8931
Acceptance rate a_1: 5.4788
Acceptance rate a_2: 48.1990
Acceptance rate a_1*a_2: 2.6407
Acceptance rate a (for entier algorithm): 7.7340
Iterstion:
16
Starting DA-GP-MCMC with adaptive RW estimating 3 parameters
Covariance - kernel_MH_direct:
[0.0181555 -0.00438227 0.0184035; -0.00438227 0.00190507 -0.00451323; 0.0184035 -0.00451323 0.139391]
MCMC algorithm: MCWM
Adaptation algorithm: noAdaptation
Prior distribution: Uniform
Particel filter: bootstrap
Iteration: 1
Covariance:
[0.0181555 -0.00438227 0.0184035; -0.00438227 0.00190507 -0.00451323; 0.0184035 -0.00451323 0.139391]
ESS: 216.3820
Loglik: 6404.6883 
Percentage done: 20.00 % 
Acceptance rate on iteration 1 to 10000 is 8.2308 %
Covariance:
[0.0181555 -0.00438227 0.0184035; -0.00438227 0.00190507 -0.00451323; 0.0184035 -0.00451323 0.139391]
Loglik: 6401.4598 
Percentage done: 40.00 % 
Acceptance rate on iteration 10001 to 20000 is 8.3408 %
Covariance:
[0.0181555 -0.00438227 0.0184035; -0.00438227 0.00190507 -0.00451323; 0.0184035 -0.00451323 0.139391]
Loglik: 6403.8973 
Percentage done: 60.00 % 
Acceptance rate on iteration 20001 to 30000 is 8.2708 %
Covariance:
[0.0181555 -0.00438227 0.0184035; -0.00438227 0.00190507 -0.00451323; 0.0184035 -0.00451323 0.139391]
Loglik: 6403.9699 
ESS: 297.5534
ESS: 74.3022
Percentage done: 80.00 % 
Acceptance rate on iteration 30001 to 40000 is 8.9309 %
Covariance:
[0.0181555 -0.00438227 0.0184035; -0.00438227 0.00190507 -0.00451323; 0.0184035 -0.00451323 0.139391]
Loglik: 6404.2958 
elapsed time: 547.63701352 seconds
Ending DA-GP-MCMC with adaptive RW estimating 3 parameters
Algorithm: MCWM
Adaptation algorithm: noAdaptation
Prior distribution: Uniform
Particel filter: bootstrap
Time pre-er:  0
Time fit GP model:  0
Time er-part:  548
Number early-rejections: 40020
Number of cases directly to ordinary MH: 7599
Number of cases directly to ordinary MH accapted: 3002
Number cases in secound stage: 2380
Number accepted in secound stage: 1142
Total number of evaluations of the particle filter: 9979
Acceptance rate for ordinary MH accapted: 39.5052
Acceptance rate a_1: 5.6132
Acceptance rate a_2: 47.9832
Acceptance rate a_1*a_2: 2.6934
Acceptance rate a (for entier algorithm): 8.2880
Iterstion:
17
Starting DA-GP-MCMC with adaptive RW estimating 3 parameters
Covariance - kernel_MH_direct:
[0.0181555 -0.00438227 0.0184035; -0.00438227 0.00190507 -0.00451323; 0.0184035 -0.00451323 0.139391]
MCMC algorithm: MCWM
Adaptation algorithm: noAdaptation
Prior distribution: Uniform
Particel filter: bootstrap
Iteration: 1
Covariance:
[0.0181555 -0.00438227 0.0184035; -0.00438227 0.00190507 -0.00451323; 0.0184035 -0.00451323 0.139391]
ESS: 242.4775
Loglik: 6405.8916 
Percentage done: 20.00 % 
Acceptance rate on iteration 1 to 10000 is 7.3507 %
Covariance:
[0.0181555 -0.00438227 0.0184035; -0.00438227 0.00190507 -0.00451323; 0.0184035 -0.00451323 0.139391]
Loglik: 6404.7864 
Percentage done: 40.00 % 
Acceptance rate on iteration 10001 to 20000 is 7.4907 %
Covariance:
[0.0181555 -0.00438227 0.0184035; -0.00438227 0.00190507 -0.00451323; 0.0184035 -0.00451323 0.139391]
Loglik: 6402.0940 
Percentage done: 60.00 % 
Acceptance rate on iteration 20001 to 30000 is 7.8608 %
Covariance:
[0.0181555 -0.00438227 0.0184035; -0.00438227 0.00190507 -0.00451323; 0.0184035 -0.00451323 0.139391]
Loglik: 6404.5893 
Percentage done: 80.00 % 
Acceptance rate on iteration 30001 to 40000 is 8.0008 %
Covariance:
[0.0181555 -0.00438227 0.0184035; -0.00438227 0.00190507 -0.00451323; 0.0184035 -0.00451323 0.139391]
Loglik: 6405.9770 
elapsed time: 545.178305771 seconds
Ending DA-GP-MCMC with adaptive RW estimating 3 parameters
Algorithm: MCWM
Adaptation algorithm: noAdaptation
Prior distribution: Uniform
Particel filter: bootstrap
Time pre-er:  0
Time fit GP model:  0
Time er-part:  545
Number early-rejections: 40331
Number of cases directly to ordinary MH: 7416
Number of cases directly to ordinary MH accapted: 2759
Number cases in secound stage: 2252
Number accepted in secound stage: 1086
Total number of evaluations of the particle filter: 9668
Acceptance rate for ordinary MH accapted: 37.2033
Acceptance rate a_1: 5.2885
Acceptance rate a_2: 48.2238
Acceptance rate a_1*a_2: 2.5503
Acceptance rate a (for entier algorithm): 7.6900
Iterstion:
18
Starting DA-GP-MCMC with adaptive RW estimating 3 parameters
Covariance - kernel_MH_direct:
[0.0181555 -0.00438227 0.0184035; -0.00438227 0.00190507 -0.00451323; 0.0184035 -0.00451323 0.139391]
MCMC algorithm: MCWM
Adaptation algorithm: noAdaptation
Prior distribution: Uniform
Particel filter: bootstrap
Iteration: 1
Covariance:
[0.0181555 -0.00438227 0.0184035; -0.00438227 0.00190507 -0.00451323; 0.0184035 -0.00451323 0.139391]
ESS: 238.5437
Loglik: 6405.0481 
Percentage done: 20.00 % 
Acceptance rate on iteration 1 to 10000 is 7.6408 %
Covariance:
[0.0181555 -0.00438227 0.0184035; -0.00438227 0.00190507 -0.00451323; 0.0184035 -0.00451323 0.139391]
Loglik: 6402.1692 
Percentage done: 40.00 % 
Acceptance rate on iteration 10001 to 20000 is 7.9008 %
Covariance:
[0.0181555 -0.00438227 0.0184035; -0.00438227 0.00190507 -0.00451323; 0.0184035 -0.00451323 0.139391]
Loglik: 6403.2946 
Percentage done: 60.00 % 
Acceptance rate on iteration 20001 to 30000 is 7.1607 %
Covariance:
[0.0181555 -0.00438227 0.0184035; -0.00438227 0.00190507 -0.00451323; 0.0184035 -0.00451323 0.139391]
Loglik: 6404.8335 
ESS: 270.9310
ESS: 246.3609
Percentage done: 80.00 % 
Acceptance rate on iteration 30001 to 40000 is 7.8908 %
Covariance:
[0.0181555 -0.00438227 0.0184035; -0.00438227 0.00190507 -0.00451323; 0.0184035 -0.00451323 0.139391]
Loglik: 6403.3886 
elapsed time: 547.454627547 seconds
Ending DA-GP-MCMC with adaptive RW estimating 3 parameters
Algorithm: MCWM
Adaptation algorithm: noAdaptation
Prior distribution: Uniform
Particel filter: bootstrap
Time pre-er:  0
Time fit GP model:  0
Time er-part:  547
Number early-rejections: 40407
Number of cases directly to ordinary MH: 7401
Number of cases directly to ordinary MH accapted: 2765
Number cases in secound stage: 2191
Number accepted in secound stage: 1066
Total number of evaluations of the particle filter: 9592
Acceptance rate for ordinary MH accapted: 37.3598
Acceptance rate a_1: 5.1434
Acceptance rate a_2: 48.6536
Acceptance rate a_1*a_2: 2.5025
Acceptance rate a (for entier algorithm): 7.6620
Iterstion:
19
Starting DA-GP-MCMC with adaptive RW estimating 3 parameters
Covariance - kernel_MH_direct:
[0.0181555 -0.00438227 0.0184035; -0.00438227 0.00190507 -0.00451323; 0.0184035 -0.00451323 0.139391]
MCMC algorithm: MCWM
Adaptation algorithm: noAdaptation
Prior distribution: Uniform
Particel filter: bootstrap
Iteration: 1
Covariance:
[0.0181555 -0.00438227 0.0184035; -0.00438227 0.00190507 -0.00451323; 0.0184035 -0.00451323 0.139391]
ESS: 257.1368
Loglik: 6404.6804 
Percentage done: 20.00 % 
Acceptance rate on iteration 1 to 10000 is 7.7608 %
Covariance:
[0.0181555 -0.00438227 0.0184035; -0.00438227 0.00190507 -0.00451323; 0.0184035 -0.00451323 0.139391]
Loglik: 6401.9525 
ESS: 389.8233
ESS: 323.0178
Percentage done: 40.00 % 
Acceptance rate on iteration 10001 to 20000 is 7.9208 %
Covariance:
[0.0181555 -0.00438227 0.0184035; -0.00438227 0.00190507 -0.00451323; 0.0184035 -0.00451323 0.139391]
Loglik: 6402.6750 
Percentage done: 60.00 % 
Acceptance rate on iteration 20001 to 30000 is 7.9908 %
Covariance:
[0.0181555 -0.00438227 0.0184035; -0.00438227 0.00190507 -0.00451323; 0.0184035 -0.00451323 0.139391]
Loglik: 6404.4987 
Percentage done: 80.00 % 
Acceptance rate on iteration 30001 to 40000 is 8.1908 %
Covariance:
[0.0181555 -0.00438227 0.0184035; -0.00438227 0.00190507 -0.00451323; 0.0184035 -0.00451323 0.139391]
Loglik: 6404.8349 
ESS: 216.7970
ESS: 226.9881
