Starting MCMC with adaptive RW estimating 3 parameters
MCMC algorithm: MCWM
Adaptation algorithm: AMUpdate_gen
Prior distribution: Uniform
Particel filter: bootstrap
Iteration: 1
Covariance:
[1.92 0.0 0.0; 0.0 1.92 0.0; 0.0 0.0 1.92]
ESS: 14.9675
Loglik: 6286.6615 
Percentage done: 16.67 % 
Acceptance rate on iteration 1 to 1000 is 0.4284
Covariance:
[0.00571524 -0.00123857 0.00564007; -0.00123857 0.000577735 -0.000917487; 0.00564007 -0.000917487 0.0474684]
Loglik: 6404.5757 
ESS: 135.1319
ESS: 151.4854
Percentage done: 33.33 % 
Acceptance rate on iteration 1001 to 2000 is 0.5105
Covariance:
[0.0110793 -0.00272875 0.00889477; -0.00272875 0.0012898 -0.0028125; 0.00889477 -0.0028125 0.106608]
Loglik: 6403.1933 
ESS: 304.7595
ESS: 254.9719
Percentage done: 50.00 % 
Acceptance rate on iteration 2001 to 3000 is 0.4334
Covariance:
[0.0180496 -0.0041914 0.0096509; -0.0041914 0.00148921 -0.00167989; 0.0096509 -0.00167989 0.116183]
Loglik: 6404.0533 
ESS: 211.9850
ESS: 252.1665
Percentage done: 66.67 % 
Acceptance rate on iteration 3001 to 4000 is 0.4404
Covariance:
[0.0176207 -0.00424148 0.0107006; -0.00424148 0.00189174 -0.00132159; 0.0107006 -0.00132159 0.116064]
Loglik: 6405.5011 
ESS: 95.6759
ESS: 302.9901
Percentage done: 83.33 % 
Acceptance rate on iteration 4001 to 5000 is 0.4084
Covariance:
[0.0206364 -0.00488654 0.0212423; -0.00488654 0.00207428 -0.00417136; 0.0212423 -0.00417136 0.156375]
Loglik: 6395.9045 
ESS: 122.4732
ESS: 134.6727
Ending MCMC with adaptive RW estimating 3 parameters
Algorithm: MCWM
Adaptation algorithm: AMUpdate_gen
Prior distribution: Uniform
Particel filter: bootstrap
Total number of evaluations of the particle filter: 5999
elapsed time: 197.430663155 seconds
Starting ml estimationLength of training data: 1800Start values for optimization:
[-1740.36; 1405.28; 4774.01; -62.7847; -76.8598; -748.329; -4.62424; -356.684; 8.8138; 6.80207; 0.738892; 0.392318; -1.77552; -2.97788; -0.867109]Iter     Function value   Gradient norm 
     0     3.016152e+03     4.608370e+03
     1     2.312323e+03     1.996813e+03
     2     1.388445e+03     1.621594e+03
     3     1.140757e+03     1.150942e+03
     4     1.099088e+03     9.546128e+02
     5     1.040948e+03     2.099395e+02
     6     1.038010e+03     1.145868e+02
     7     1.035119e+03     9.424871e+01
     8     1.024361e+03     3.451812e+02
     9     1.007710e+03     3.507439e+02
    10     9.953023e+02     2.351203e+02
    11     9.878889e+02     1.816452e+02
    12     9.753757e+02     2.891777e+02
    13     9.480374e+02     2.319831e+02
    14     9.441591e+02     5.803880e+01
    15     9.435748e+02     4.815715e+01
    16     9.417955e+02     1.836990e+02
    17     9.417965e+02     4.709357e+02
Estimated parameters of the GP model:
Estimated Β:s:
[-1740.38,1405.27,4773.97,-62.7572,-76.7039,-748.484,-4.5995,-356.776,8.85184,6.90226]
Estimated log Φ:s:
[-0.298681,-0.587577,-2.01521,-2.31576,-0.888738]
elapsed time: 487.738521557 seconds
Starting DA-GP-MCMC with adaptive RW estimating 3 parameters
Covariance - kernel_MH_direct:
[0.0181555 -0.00438227 0.0184035; -0.00438227 0.00190507 -0.00451323; 0.0184035 -0.00451323 0.139391]
MCMC algorithm: MCWM
Adaptation algorithm: noAdaptation
Prior distribution: Uniform
Particel filter: bootstrap
Iteration: 1
Covariance:
[0.0181555 -0.00438227 0.0184035; -0.00438227 0.00190507 -0.00451323; 0.0184035 -0.00451323 0.139391]
ESS: 230.1656
Loglik: 6404.0167 
Percentage done: 20.00 % 
Acceptance rate on iteration 1 to 10000 is 7.9008 %
Covariance:
[0.0181555 -0.00438227 0.0184035; -0.00438227 0.00190507 -0.00451323; 0.0184035 -0.00451323 0.139391]
Loglik: 6403.6441 
Percentage done: 40.00 % 
Acceptance rate on iteration 10001 to 20000 is 8.1508 %
Covariance:
[0.0181555 -0.00438227 0.0184035; -0.00438227 0.00190507 -0.00451323; 0.0184035 -0.00451323 0.139391]
Loglik: 6404.5767 
Percentage done: 60.00 % 
Acceptance rate on iteration 20001 to 30000 is 8.3008 %
Covariance:
[0.0181555 -0.00438227 0.0184035; -0.00438227 0.00190507 -0.00451323; 0.0184035 -0.00451323 0.139391]
Loglik: 6404.0795 
Percentage done: 80.00 % 
Acceptance rate on iteration 30001 to 40000 is 8.0508 %
Covariance:
[0.0181555 -0.00438227 0.0184035; -0.00438227 0.00190507 -0.00451323; 0.0184035 -0.00451323 0.139391]
Loglik: 6403.9845 
elapsed time: 622.304766852 seconds
Ending DA-GP-MCMC with adaptive RW estimating 3 parameters
Algorithm: MCWM
Adaptation algorithm: noAdaptation
Prior distribution: Uniform
Particel filter: bootstrap
Time pre-er:  0
Time fit GP model:  0
Time er-part:  622
Number early-rejections: 39943
Number of cases directly to ordinary MH: 7576
Number of cases directly to ordinary MH accapted: 2855
Number cases in secound stage: 2480
Number accepted in secound stage: 1239
Total number of evaluations of the particle filter: 10056
Acceptance rate for ordinary MH accapted: 37.6848
Acceptance rate a_1: 5.8459
Acceptance rate a_2: 49.9597
Acceptance rate a_1*a_2: 2.9206
Acceptance rate a (for entier algorithm): 8.1880
628.868420 seconds (6.45 G allocations: 323.292 GB, 12.02% gc time)
Est prob:
[0.579048,0.894237,0.420952,0.105763]
Covariance - kernel_secound_stage_direct:
[0.0181555 -0.00438227 0.0184035; -0.00438227 0.00190507 -0.00451323; 0.0184035 -0.00451323 0.139391]
Starting ADA-GP-MCMC with adaptive RW estimating 3 parameters
MCMC algorithm: MCWM
Adaptation algorithm: noAdaptation
Select case model: DT
Prior distribution: Uniform
Particel filter: bootstrap
Iteration: 1
Covariance:
[0.0181555 -0.00438227 0.0184035; -0.00438227 0.00190507 -0.00451323; 0.0184035 -0.00451323 0.139391]
ESS: 230.3634
Loglik: 6404.8304 
Percentage done: 20.00 % 
Acceptance rate on iteration 1 to 10000 is 9.2809 %
Covariance:
[0.0181555 -0.00438227 0.0184035; -0.00438227 0.00190507 -0.00451323; 0.0184035 -0.00451323 0.139391]
Loglik: 6403.7786 
Percentage done: 40.00 % 
Acceptance rate on iteration 10001 to 20000 is 8.8509 %
Covariance:
[0.0181555 -0.00438227 0.0184035; -0.00438227 0.00190507 -0.00451323; 0.0184035 -0.00451323 0.139391]
Loglik: 6403.5612 
Percentage done: 60.00 % 
Acceptance rate on iteration 20001 to 30000 is 9.0409 %
Covariance:
[0.0181555 -0.00438227 0.0184035; -0.00438227 0.00190507 -0.00451323; 0.0184035 -0.00451323 0.139391]
Loglik: 6398.9808 
Percentage done: 80.00 % 
Acceptance rate on iteration 30001 to 40000 is 8.7309 %
Covariance:
[0.0181555 -0.00438227 0.0184035; -0.00438227 0.00190507 -0.00451323; 0.0184035 -0.00451323 0.139391]
Loglik: 6403.3403 
ESS: 245.7695
ESS: 192.0640
elapsed time: 623.368775623 seconds
Ending ADA-GP-MCMC with adaptive RW estimating 3 parameters
Algorithm: MCWM
Adaptation algorithm: noAdaptation
Prior distribution: Uniform
Particel filter: bootstrap
Time consumption:Time pre-er:  0
Time fit GP model:  0
Time er-part:  623
Number early-rejections: 39903
Number of cases directly to ordinary MH: 7522
Number of cases directly to ordinary MH accapted: 2913
Number split accaptance region early-accept: 377
Number split accaptance region early-reject: 417
Number cases in secound stage: 2574
Number accepted in secound stage: 788
Acceptance rate for ordinary MH accapted: 38.7264
Acceptance rate a_1: 6.0597
Acceptance rate a_2: 30.6138
Acceptance rate a_1*a_2: 1.8551
Acceptance rate a (for entier algorithm): 8.9900
Total number of evaluations of the particle filter: 9302
Number case 1 or 3: 2171
Number case 2 or 4: 403
Number case 1: 1546, 71.2114 % of all cases
Number case 2: 298, 73.9454 % of all cases
Number case 3: 625, 28.7886 % of all cases
Number case 4: 105, 26.0546 % of all cases
Number pf runs in case 1: 1274, prob pf given case 1 82.4062 %
Number pf runs in case 2: 298, prob pf given case 2 100.0000 %
Number pf runs in case 3: 208, prob pf given case 3 33.2800 %
Number pf runs in case 4: 0, prob pf given case 4 0.0000 %
637.731966 seconds (5.98 G allocations: 300.935 GB, 12.08% gc time)
