Starting MCMC with adaptive RW estimating 3 parameters
MCMC algorithm: PMCMC
Adaptation algorithm: AMUpdate_gen
Prior distribution: Uniform
Particel filter: bootstrap
Iteration: 1
Covariance:
[1.92 0.0 0.0; 0.0 1.92 0.0; 0.0 0.0 1.92]
ESS: 14.1350
Loglik: 6289.7709 
Percentage done: 19.23 % 
Acceptance rate on iteration 1 to 10000 is 0.2209
Covariance:
[0.0403525 -0.010274 0.029398; -0.010274 0.00442686 -0.00681749; 0.029398 -0.00681749 0.337838]
Loglik: 6400.9877 
ESS: 248.6311
Percentage done: 38.46 % 
Acceptance rate on iteration 10001 to 20000 is 0.1979
Covariance:
[0.0369086 -0.00908726 0.0248699; -0.00908726 0.0038616 -0.00493729; 0.0248699 -0.00493729 0.26311]
Loglik: 6405.0082 
ESS: 858.2039
Percentage done: 57.69 % 
Acceptance rate on iteration 20001 to 30000 is 0.2038
Covariance:
[0.0382288 -0.00945934 0.0301432; -0.00945934 0.00422651 -0.00752739; 0.0301432 -0.00752739 0.301781]
Loglik: 6402.3454 
ESS: 233.3813
Percentage done: 76.92 % 
Acceptance rate on iteration 30001 to 40000 is 0.1904
Covariance:
[0.0429202 -0.00997619 0.029905; -0.00997619 0.00401436 -0.00690819; 0.029905 -0.00690819 0.295818]
Loglik: 6404.1750 
ESS: 147.7005
Percentage done: 96.15 % 
Acceptance rate on iteration 40001 to 50000 is 0.2024
Covariance:
[0.0428662 -0.0106726 0.0383143; -0.0106726 0.00442428 -0.00864336; 0.0383143 -0.00864336 0.318592]
Loglik: 6404.3253 
ESS: 76.5346
Ending MCMC with adaptive RW estimating 3 parameters
Algorithm: PMCMC
Adaptation algorithm: AMUpdate_gen
Prior distribution: Uniform
Particel filter: bootstrap
elapsed time: 744.420924448 seconds
Run time (s): 744.4209 
