Starting ml estimationLength of training data: 1800Start values for optimization:
[-1740.36; 1405.28; 4774.01; -62.7847; -76.8598; -748.329; -4.62424; -356.684; 8.8138; 6.80207; 0.738892; 0.392318; -1.77552; -2.97788; -0.867109]Iter     Function value   Gradient norm 
     0     3.016152e+03     4.608370e+03
     1     2.312323e+03     1.996813e+03
     2     1.388445e+03     1.621594e+03
     3     1.140757e+03     1.150942e+03
     4     1.099088e+03     9.546128e+02
     5     1.040948e+03     2.099395e+02
     6     1.038010e+03     1.145868e+02
     7     1.035119e+03     9.424871e+01
     8     1.024361e+03     3.451812e+02
     9     1.007710e+03     3.507439e+02
    10     9.953023e+02     2.351203e+02
    11     9.878889e+02     1.816452e+02
    12     9.753757e+02     2.891777e+02
    13     9.480374e+02     2.319831e+02
    14     9.441591e+02     5.803880e+01
    15     9.435748e+02     4.815715e+01
    16     9.417955e+02     1.836990e+02
    17     9.417965e+02     4.709357e+02
Estimated parameters of the GP model:
Estimated Β:s:
[-1740.38,1405.27,4773.97,-62.7572,-76.7039,-748.484,-4.5995,-356.776,8.85184,6.90226]
Estimated log Φ:s:
[-0.298681,-0.587577,-2.01521,-2.31576,-0.888738]
elapsed time: 425.401732904 seconds
Iterstion:
1
Starting DA-GP-MCMC with adaptive RW estimating 3 parameters
Covariance - kernel_MH_direct:
[0.0181555 -0.00438227 0.0184035; -0.00438227 0.00190507 -0.00451323; 0.0184035 -0.00451323 0.139391]
MCMC algorithm: MCWM
Adaptation algorithm: noAdaptation
Prior distribution: Uniform
Particel filter: bootstrap
Iteration: 1
Covariance:
[0.0181555 -0.00438227 0.0184035; -0.00438227 0.00190507 -0.00451323; 0.0184035 -0.00451323 0.139391]
ESS: 241.9157
Loglik: 6405.8419 
Percentage done: 20.00 % 
Acceptance rate on iteration 1 to 10000 is 8.1508 %
Covariance:
[0.0181555 -0.00438227 0.0184035; -0.00438227 0.00190507 -0.00451323; 0.0184035 -0.00451323 0.139391]
Loglik: 6404.9792 
Percentage done: 40.00 % 
Acceptance rate on iteration 10001 to 20000 is 8.0708 %
Covariance:
[0.0181555 -0.00438227 0.0184035; -0.00438227 0.00190507 -0.00451323; 0.0184035 -0.00451323 0.139391]
Loglik: 6404.4733 
ESS: 438.1044
ESS: 328.1714
Percentage done: 60.00 % 
Acceptance rate on iteration 20001 to 30000 is 8.2608 %
Covariance:
[0.0181555 -0.00438227 0.0184035; -0.00438227 0.00190507 -0.00451323; 0.0184035 -0.00451323 0.139391]
Loglik: 6404.0224 
Percentage done: 80.00 % 
Acceptance rate on iteration 30001 to 40000 is 7.9608 %
Covariance:
[0.0181555 -0.00438227 0.0184035; -0.00438227 0.00190507 -0.00451323; 0.0184035 -0.00451323 0.139391]
Loglik: 6403.9511 
elapsed time: 536.125559168 seconds
Ending DA-GP-MCMC with adaptive RW estimating 3 parameters
Algorithm: MCWM
Adaptation algorithm: noAdaptation
Prior distribution: Uniform
Particel filter: bootstrap
Time pre-er:  0
Time fit GP model:  0
Time er-part:  536
Number early-rejections: 40079
Number of cases directly to ordinary MH: 7547
Number of cases directly to ordinary MH accapted: 2885
Number cases in secound stage: 2373
Number accepted in secound stage: 1125
Total number of evaluations of the particle filter: 9920
Acceptance rate for ordinary MH accapted: 38.2271
Acceptance rate a_1: 5.5898
Acceptance rate a_2: 47.4083
Acceptance rate a_1*a_2: 2.6501
Acceptance rate a (for entier algorithm): 8.0200
Iterstion:
2
Starting DA-GP-MCMC with adaptive RW estimating 3 parameters
Covariance - kernel_MH_direct:
[0.0181555 -0.00438227 0.0184035; -0.00438227 0.00190507 -0.00451323; 0.0184035 -0.00451323 0.139391]
MCMC algorithm: MCWM
Adaptation algorithm: noAdaptation
Prior distribution: Uniform
Particel filter: bootstrap
Iteration: 1
Covariance:
[0.0181555 -0.00438227 0.0184035; -0.00438227 0.00190507 -0.00451323; 0.0184035 -0.00451323 0.139391]
ESS: 238.1913
Loglik: 6404.6288 
Percentage done: 20.00 % 
Acceptance rate on iteration 1 to 10000 is 8.2708 %
Covariance:
[0.0181555 -0.00438227 0.0184035; -0.00438227 0.00190507 -0.00451323; 0.0184035 -0.00451323 0.139391]
Loglik: 6404.2925 
Percentage done: 40.00 % 
Acceptance rate on iteration 10001 to 20000 is 8.0208 %
Covariance:
[0.0181555 -0.00438227 0.0184035; -0.00438227 0.00190507 -0.00451323; 0.0184035 -0.00451323 0.139391]
Loglik: 6404.0982 
ESS: 214.9489
ESS: 202.1048
Percentage done: 60.00 % 
Acceptance rate on iteration 20001 to 30000 is 8.0208 %
Covariance:
[0.0181555 -0.00438227 0.0184035; -0.00438227 0.00190507 -0.00451323; 0.0184035 -0.00451323 0.139391]
Loglik: 6404.2165 
Percentage done: 80.00 % 
Acceptance rate on iteration 30001 to 40000 is 8.1008 %
Covariance:
[0.0181555 -0.00438227 0.0184035; -0.00438227 0.00190507 -0.00451323; 0.0184035 -0.00451323 0.139391]
Loglik: 6403.3251 
elapsed time: 536.41326079 seconds
Ending DA-GP-MCMC with adaptive RW estimating 3 parameters
Algorithm: MCWM
Adaptation algorithm: noAdaptation
Prior distribution: Uniform
Particel filter: bootstrap
Time pre-er:  0
Time fit GP model:  0
Time er-part:  536
Number early-rejections: 40075
Number of cases directly to ordinary MH: 7527
Number of cases directly to ordinary MH accapted: 2910
Number cases in secound stage: 2397
Number accepted in secound stage: 1200
Total number of evaluations of the particle filter: 9924
Acceptance rate for ordinary MH accapted: 38.6608
Acceptance rate a_1: 5.6437
Acceptance rate a_2: 50.0626
Acceptance rate a_1*a_2: 2.8254
Acceptance rate a (for entier algorithm): 8.2200
Iterstion:
3
Starting DA-GP-MCMC with adaptive RW estimating 3 parameters
Covariance - kernel_MH_direct:
[0.0181555 -0.00438227 0.0184035; -0.00438227 0.00190507 -0.00451323; 0.0184035 -0.00451323 0.139391]
MCMC algorithm: MCWM
Adaptation algorithm: noAdaptation
Prior distribution: Uniform
Particel filter: bootstrap
Iteration: 1
Covariance:
[0.0181555 -0.00438227 0.0184035; -0.00438227 0.00190507 -0.00451323; 0.0184035 -0.00451323 0.139391]
ESS: 256.4905
Loglik: 6405.1771 
Percentage done: 20.00 % 
Acceptance rate on iteration 1 to 10000 is 8.0108 %
Covariance:
[0.0181555 -0.00438227 0.0184035; -0.00438227 0.00190507 -0.00451323; 0.0184035 -0.00451323 0.139391]
Loglik: 6405.0701 
Percentage done: 40.00 % 
Acceptance rate on iteration 10001 to 20000 is 8.0408 %
Covariance:
[0.0181555 -0.00438227 0.0184035; -0.00438227 0.00190507 -0.00451323; 0.0184035 -0.00451323 0.139391]
Loglik: 6404.6195 
Percentage done: 60.00 % 
Acceptance rate on iteration 20001 to 30000 is 8.2108 %
Covariance:
[0.0181555 -0.00438227 0.0184035; -0.00438227 0.00190507 -0.00451323; 0.0184035 -0.00451323 0.139391]
Loglik: 6403.0814 
Percentage done: 80.00 % 
Acceptance rate on iteration 30001 to 40000 is 7.9008 %
Covariance:
[0.0181555 -0.00438227 0.0184035; -0.00438227 0.00190507 -0.00451323; 0.0184035 -0.00451323 0.139391]
Loglik: 6401.8395 
ESS: 313.7201
ESS: 307.7102
elapsed time: 535.28946227 seconds
Ending DA-GP-MCMC with adaptive RW estimating 3 parameters
Algorithm: MCWM
Adaptation algorithm: noAdaptation
Prior distribution: Uniform
Particel filter: bootstrap
Time pre-er:  0
Time fit GP model:  0
Time er-part:  535
Number early-rejections: 40193
Number of cases directly to ordinary MH: 7509
Number of cases directly to ordinary MH accapted: 2840
Number cases in secound stage: 2297
Number accepted in secound stage: 1145
Total number of evaluations of the particle filter: 9806
Acceptance rate for ordinary MH accapted: 37.8213
Acceptance rate a_1: 5.4060
Acceptance rate a_2: 49.8476
Acceptance rate a_1*a_2: 2.6948
Acceptance rate a (for entier algorithm): 7.9700
Iterstion:
4
Starting DA-GP-MCMC with adaptive RW estimating 3 parameters
Covariance - kernel_MH_direct:
[0.0181555 -0.00438227 0.0184035; -0.00438227 0.00190507 -0.00451323; 0.0184035 -0.00451323 0.139391]
MCMC algorithm: MCWM
Adaptation algorithm: noAdaptation
Prior distribution: Uniform
Particel filter: bootstrap
Iteration: 1
Covariance:
[0.0181555 -0.00438227 0.0184035; -0.00438227 0.00190507 -0.00451323; 0.0184035 -0.00451323 0.139391]
ESS: 223.9783
Loglik: 6404.4151 
Percentage done: 20.00 % 
Acceptance rate on iteration 1 to 10000 is 7.3307 %
Covariance:
[0.0181555 -0.00438227 0.0184035; -0.00438227 0.00190507 -0.00451323; 0.0184035 -0.00451323 0.139391]
Loglik: 6404.9630 
Percentage done: 40.00 % 
Acceptance rate on iteration 10001 to 20000 is 8.1208 %
Covariance:
[0.0181555 -0.00438227 0.0184035; -0.00438227 0.00190507 -0.00451323; 0.0184035 -0.00451323 0.139391]
Loglik: 6404.2682 
Percentage done: 60.00 % 
Acceptance rate on iteration 20001 to 30000 is 7.9608 %
Covariance:
[0.0181555 -0.00438227 0.0184035; -0.00438227 0.00190507 -0.00451323; 0.0184035 -0.00451323 0.139391]
Loglik: 6405.4681 
ESS: 31.3429
ESS: 191.0486
Percentage done: 80.00 % 
Acceptance rate on iteration 30001 to 40000 is 7.8708 %
Covariance:
[0.0181555 -0.00438227 0.0184035; -0.00438227 0.00190507 -0.00451323; 0.0184035 -0.00451323 0.139391]
Loglik: 6402.5261 
elapsed time: 531.918723023 seconds
Ending DA-GP-MCMC with adaptive RW estimating 3 parameters
Algorithm: MCWM
Adaptation algorithm: noAdaptation
Prior distribution: Uniform
Particel filter: bootstrap
Time pre-er:  0
Time fit GP model:  0
Time er-part:  532
Number early-rejections: 40211
Number of cases directly to ordinary MH: 7444
Number of cases directly to ordinary MH accapted: 2849
Number cases in secound stage: 2344
Number accepted in secound stage: 1089
Total number of evaluations of the particle filter: 9788
Acceptance rate for ordinary MH accapted: 38.2724
Acceptance rate a_1: 5.5082
Acceptance rate a_2: 46.4590
Acceptance rate a_1*a_2: 2.5590
Acceptance rate a (for entier algorithm): 7.8760
Iterstion:
5
Starting DA-GP-MCMC with adaptive RW estimating 3 parameters
Covariance - kernel_MH_direct:
[0.0181555 -0.00438227 0.0184035; -0.00438227 0.00190507 -0.00451323; 0.0184035 -0.00451323 0.139391]
MCMC algorithm: MCWM
Adaptation algorithm: noAdaptation
Prior distribution: Uniform
Particel filter: bootstrap
Iteration: 1
Covariance:
[0.0181555 -0.00438227 0.0184035; -0.00438227 0.00190507 -0.00451323; 0.0184035 -0.00451323 0.139391]
ESS: 242.3002
Loglik: 6404.7705 
Percentage done: 20.00 % 
Acceptance rate on iteration 1 to 10000 is 7.9508 %
Covariance:
[0.0181555 -0.00438227 0.0184035; -0.00438227 0.00190507 -0.00451323; 0.0184035 -0.00451323 0.139391]
Loglik: 6404.9820 
Percentage done: 40.00 % 
Acceptance rate on iteration 10001 to 20000 is 7.7908 %
Covariance:
[0.0181555 -0.00438227 0.0184035; -0.00438227 0.00190507 -0.00451323; 0.0184035 -0.00451323 0.139391]
Loglik: 6404.0590 
Percentage done: 60.00 % 
Acceptance rate on iteration 20001 to 30000 is 7.7308 %
Covariance:
[0.0181555 -0.00438227 0.0184035; -0.00438227 0.00190507 -0.00451323; 0.0184035 -0.00451323 0.139391]
Loglik: 6403.6061 
Percentage done: 80.00 % 
Acceptance rate on iteration 30001 to 40000 is 7.7508 %
Covariance:
[0.0181555 -0.00438227 0.0184035; -0.00438227 0.00190507 -0.00451323; 0.0184035 -0.00451323 0.139391]
Loglik: 6404.4027 
elapsed time: 536.625380034 seconds
Ending DA-GP-MCMC with adaptive RW estimating 3 parameters
Algorithm: MCWM
Adaptation algorithm: noAdaptation
Prior distribution: Uniform
Particel filter: bootstrap
Time pre-er:  0
Time fit GP model:  0
Time er-part:  537
Number early-rejections: 40177
Number of cases directly to ordinary MH: 7388
Number of cases directly to ordinary MH accapted: 2762
Number cases in secound stage: 2434
Number accepted in secound stage: 1175
Total number of evaluations of the particle filter: 9822
Acceptance rate for ordinary MH accapted: 37.3849
Acceptance rate a_1: 5.7121
Acceptance rate a_2: 48.2744
Acceptance rate a_1*a_2: 2.7575
Acceptance rate a (for entier algorithm): 7.8740
Iterstion:
6
Starting DA-GP-MCMC with adaptive RW estimating 3 parameters
Covariance - kernel_MH_direct:
[0.0181555 -0.00438227 0.0184035; -0.00438227 0.00190507 -0.00451323; 0.0184035 -0.00451323 0.139391]
MCMC algorithm: MCWM
Adaptation algorithm: noAdaptation
Prior distribution: Uniform
Particel filter: bootstrap
Iteration: 1
Covariance:
[0.0181555 -0.00438227 0.0184035; -0.00438227 0.00190507 -0.00451323; 0.0184035 -0.00451323 0.139391]
ESS: 251.5858
Loglik: 6405.3686 
Percentage done: 20.00 % 
Acceptance rate on iteration 1 to 10000 is 8.2808 %
Covariance:
[0.0181555 -0.00438227 0.0184035; -0.00438227 0.00190507 -0.00451323; 0.0184035 -0.00451323 0.139391]
Loglik: 6404.7740 
ESS: 206.9621
ESS: 263.2178
Percentage done: 40.00 % 
Acceptance rate on iteration 10001 to 20000 is 8.0308 %
Covariance:
[0.0181555 -0.00438227 0.0184035; -0.00438227 0.00190507 -0.00451323; 0.0184035 -0.00451323 0.139391]
Loglik: 6405.4104 
ESS: 55.7811
ESS: 195.5814
Percentage done: 60.00 % 
Acceptance rate on iteration 20001 to 30000 is 7.6508 %
Covariance:
[0.0181555 -0.00438227 0.0184035; -0.00438227 0.00190507 -0.00451323; 0.0184035 -0.00451323 0.139391]
Loglik: 6402.6998 
ESS: 196.4674
ESS: 120.7825
Percentage done: 80.00 % 
Acceptance rate on iteration 30001 to 40000 is 7.6208 %
Covariance:
[0.0181555 -0.00438227 0.0184035; -0.00438227 0.00190507 -0.00451323; 0.0184035 -0.00451323 0.139391]
Loglik: 6403.5397 
elapsed time: 536.294293832 seconds
Ending DA-GP-MCMC with adaptive RW estimating 3 parameters
Algorithm: MCWM
Adaptation algorithm: noAdaptation
Prior distribution: Uniform
Particel filter: bootstrap
Time pre-er:  0
Time fit GP model:  0
Time er-part:  536
Number early-rejections: 40208
Number of cases directly to ordinary MH: 7484
Number of cases directly to ordinary MH accapted: 2879
Number cases in secound stage: 2307
Number accepted in secound stage: 1091
Total number of evaluations of the particle filter: 9791
Acceptance rate for ordinary MH accapted: 38.4687
Acceptance rate a_1: 5.4263
Acceptance rate a_2: 47.2909
Acceptance rate a_1*a_2: 2.5662
Acceptance rate a (for entier algorithm): 7.9400
Iterstion:
7
Starting DA-GP-MCMC with adaptive RW estimating 3 parameters
Covariance - kernel_MH_direct:
[0.0181555 -0.00438227 0.0184035; -0.00438227 0.00190507 -0.00451323; 0.0184035 -0.00451323 0.139391]
MCMC algorithm: MCWM
Adaptation algorithm: noAdaptation
Prior distribution: Uniform
Particel filter: bootstrap
Iteration: 1
Covariance:
[0.0181555 -0.00438227 0.0184035; -0.00438227 0.00190507 -0.00451323; 0.0184035 -0.00451323 0.139391]
ESS: 237.7220
Loglik: 6404.3743 
Percentage done: 20.00 % 
Acceptance rate on iteration 1 to 10000 is 7.7208 %
Covariance:
[0.0181555 -0.00438227 0.0184035; -0.00438227 0.00190507 -0.00451323; 0.0184035 -0.00451323 0.139391]
Loglik: 6405.5672 
Percentage done: 40.00 % 
Acceptance rate on iteration 10001 to 20000 is 7.8708 %
Covariance:
[0.0181555 -0.00438227 0.0184035; -0.00438227 0.00190507 -0.00451323; 0.0184035 -0.00451323 0.139391]
Loglik: 6404.8548 
ESS: 228.8145
ESS: 389.5060
Percentage done: 60.00 % 
Acceptance rate on iteration 20001 to 30000 is 7.7308 %
Covariance:
[0.0181555 -0.00438227 0.0184035; -0.00438227 0.00190507 -0.00451323; 0.0184035 -0.00451323 0.139391]
Loglik: 6403.1916 
Percentage done: 80.00 % 
Acceptance rate on iteration 30001 to 40000 is 8.2408 %
Covariance:
[0.0181555 -0.00438227 0.0184035; -0.00438227 0.00190507 -0.00451323; 0.0184035 -0.00451323 0.139391]
Loglik: 6405.6639 
ESS: 204.3677
ESS: 213.6929
elapsed time: 533.16261441 seconds
Ending DA-GP-MCMC with adaptive RW estimating 3 parameters
Algorithm: MCWM
Adaptation algorithm: noAdaptation
Prior distribution: Uniform
Particel filter: bootstrap
Time pre-er:  0
Time fit GP model:  0
Time er-part:  533
Number early-rejections: 40189
Number of cases directly to ordinary MH: 7437
Number of cases directly to ordinary MH accapted: 2902
Number cases in secound stage: 2373
Number accepted in secound stage: 1102
Total number of evaluations of the particle filter: 9810
Acceptance rate for ordinary MH accapted: 39.0211
Acceptance rate a_1: 5.5754
Acceptance rate a_2: 46.4391
Acceptance rate a_1*a_2: 2.5892
Acceptance rate a (for entier algorithm): 8.0080
Iterstion:
8
Starting DA-GP-MCMC with adaptive RW estimating 3 parameters
Covariance - kernel_MH_direct:
[0.0181555 -0.00438227 0.0184035; -0.00438227 0.00190507 -0.00451323; 0.0184035 -0.00451323 0.139391]
MCMC algorithm: MCWM
Adaptation algorithm: noAdaptation
Prior distribution: Uniform
Particel filter: bootstrap
Iteration: 1
Covariance:
[0.0181555 -0.00438227 0.0184035; -0.00438227 0.00190507 -0.00451323; 0.0184035 -0.00451323 0.139391]
ESS: 235.0384
Loglik: 6405.0757 
Percentage done: 20.00 % 
Acceptance rate on iteration 1 to 10000 is 7.9108 %
Covariance:
[0.0181555 -0.00438227 0.0184035; -0.00438227 0.00190507 -0.00451323; 0.0184035 -0.00451323 0.139391]
Loglik: 6403.2313 
Percentage done: 40.00 % 
Acceptance rate on iteration 10001 to 20000 is 7.3907 %
Covariance:
[0.0181555 -0.00438227 0.0184035; -0.00438227 0.00190507 -0.00451323; 0.0184035 -0.00451323 0.139391]
Loglik: 6403.4497 
ESS: 136.2249
ESS: 294.2358
Percentage done: 60.00 % 
Acceptance rate on iteration 20001 to 30000 is 7.9008 %
Covariance:
[0.0181555 -0.00438227 0.0184035; -0.00438227 0.00190507 -0.00451323; 0.0184035 -0.00451323 0.139391]
Loglik: 6404.1411 
ESS: 201.2509
ESS: 318.1344
Percentage done: 80.00 % 
Acceptance rate on iteration 30001 to 40000 is 8.0608 %
Covariance:
[0.0181555 -0.00438227 0.0184035; -0.00438227 0.00190507 -0.00451323; 0.0184035 -0.00451323 0.139391]
Loglik: 6403.0458 
elapsed time: 528.994571831 seconds
Ending DA-GP-MCMC with adaptive RW estimating 3 parameters
Algorithm: MCWM
Adaptation algorithm: noAdaptation
Prior distribution: Uniform
Particel filter: bootstrap
Time pre-er:  0
Time fit GP model:  0
Time er-part:  529
Number early-rejections: 40340
Number of cases directly to ordinary MH: 7360
Number of cases directly to ordinary MH accapted: 2789
Number cases in secound stage: 2299
Number accepted in secound stage: 1099
Total number of evaluations of the particle filter: 9659
Acceptance rate for ordinary MH accapted: 37.8940
Acceptance rate a_1: 5.3918
Acceptance rate a_2: 47.8034
Acceptance rate a_1*a_2: 2.5775
Acceptance rate a (for entier algorithm): 7.7760
Iterstion:
9
Starting DA-GP-MCMC with adaptive RW estimating 3 parameters
Covariance - kernel_MH_direct:
[0.0181555 -0.00438227 0.0184035; -0.00438227 0.00190507 -0.00451323; 0.0184035 -0.00451323 0.139391]
MCMC algorithm: MCWM
Adaptation algorithm: noAdaptation
Prior distribution: Uniform
Particel filter: bootstrap
Iteration: 1
Covariance:
[0.0181555 -0.00438227 0.0184035; -0.00438227 0.00190507 -0.00451323; 0.0184035 -0.00451323 0.139391]
ESS: 216.8594
Loglik: 6405.6708 
Percentage done: 20.00 % 
Acceptance rate on iteration 1 to 10000 is 8.0508 %
Covariance:
[0.0181555 -0.00438227 0.0184035; -0.00438227 0.00190507 -0.00451323; 0.0184035 -0.00451323 0.139391]
Loglik: 6404.1016 
Percentage done: 40.00 % 
Acceptance rate on iteration 10001 to 20000 is 7.6008 %
Covariance:
[0.0181555 -0.00438227 0.0184035; -0.00438227 0.00190507 -0.00451323; 0.0184035 -0.00451323 0.139391]
Loglik: 6402.1272 
Percentage done: 60.00 % 
Acceptance rate on iteration 20001 to 30000 is 8.2108 %
Covariance:
[0.0181555 -0.00438227 0.0184035; -0.00438227 0.00190507 -0.00451323; 0.0184035 -0.00451323 0.139391]
Loglik: 6403.3417 
ESS: 173.2631
ESS: 148.2540
Percentage done: 80.00 % 
Acceptance rate on iteration 30001 to 40000 is 7.8408 %
Covariance:
[0.0181555 -0.00438227 0.0184035; -0.00438227 0.00190507 -0.00451323; 0.0184035 -0.00451323 0.139391]
Loglik: 6403.7284 
elapsed time: 533.601961454 seconds
Ending DA-GP-MCMC with adaptive RW estimating 3 parameters
Algorithm: MCWM
Adaptation algorithm: noAdaptation
Prior distribution: Uniform
Particel filter: bootstrap
Time pre-er:  0
Time fit GP model:  0
Time er-part:  534
Number early-rejections: 40101
Number of cases directly to ordinary MH: 7543
Number of cases directly to ordinary MH accapted: 2845
Number cases in secound stage: 2355
Number accepted in secound stage: 1142
Total number of evaluations of the particle filter: 9898
Acceptance rate for ordinary MH accapted: 37.7171
Acceptance rate a_1: 5.5469
Acceptance rate a_2: 48.4926
Acceptance rate a_1*a_2: 2.6898
Acceptance rate a (for entier algorithm): 7.9740
Iterstion:
10
Starting DA-GP-MCMC with adaptive RW estimating 3 parameters
Covariance - kernel_MH_direct:
[0.0181555 -0.00438227 0.0184035; -0.00438227 0.00190507 -0.00451323; 0.0184035 -0.00451323 0.139391]
MCMC algorithm: MCWM
Adaptation algorithm: noAdaptation
Prior distribution: Uniform
Particel filter: bootstrap
Iteration: 1
Covariance:
[0.0181555 -0.00438227 0.0184035; -0.00438227 0.00190507 -0.00451323; 0.0184035 -0.00451323 0.139391]
ESS: 225.4676
Loglik: 6404.6749 
Percentage done: 20.00 % 
Acceptance rate on iteration 1 to 10000 is 7.9208 %
Covariance:
[0.0181555 -0.00438227 0.0184035; -0.00438227 0.00190507 -0.00451323; 0.0184035 -0.00451323 0.139391]
Loglik: 6402.8712 
Percentage done: 40.00 % 
Acceptance rate on iteration 10001 to 20000 is 8.0608 %
Covariance:
[0.0181555 -0.00438227 0.0184035; -0.00438227 0.00190507 -0.00451323; 0.0184035 -0.00451323 0.139391]
Loglik: 6403.4307 
ESS: 270.6870
ESS: 95.9241
Percentage done: 60.00 % 
Acceptance rate on iteration 20001 to 30000 is 7.8408 %
Covariance:
[0.0181555 -0.00438227 0.0184035; -0.00438227 0.00190507 -0.00451323; 0.0184035 -0.00451323 0.139391]
Loglik: 6405.3471 
Percentage done: 80.00 % 
Acceptance rate on iteration 30001 to 40000 is 8.2208 %
Covariance:
[0.0181555 -0.00438227 0.0184035; -0.00438227 0.00190507 -0.00451323; 0.0184035 -0.00451323 0.139391]
Loglik: 6403.9099 
elapsed time: 535.271860802 seconds
Ending DA-GP-MCMC with adaptive RW estimating 3 parameters
Algorithm: MCWM
Adaptation algorithm: noAdaptation
Prior distribution: Uniform
Particel filter: bootstrap
Time pre-er:  0
Time fit GP model:  0
Time er-part:  535
Number early-rejections: 40057
Number of cases directly to ordinary MH: 7584
Number of cases directly to ordinary MH accapted: 2874
Number cases in secound stage: 2358
Number accepted in secound stage: 1149
Total number of evaluations of the particle filter: 9942
Acceptance rate for ordinary MH accapted: 37.8956
Acceptance rate a_1: 5.5594
Acceptance rate a_2: 48.7277
Acceptance rate a_1*a_2: 2.7089
Acceptance rate a (for entier algorithm): 8.0460
Iterstion:
11
Starting DA-GP-MCMC with adaptive RW estimating 3 parameters
Covariance - kernel_MH_direct:
[0.0181555 -0.00438227 0.0184035; -0.00438227 0.00190507 -0.00451323; 0.0184035 -0.00451323 0.139391]
MCMC algorithm: MCWM
Adaptation algorithm: noAdaptation
Prior distribution: Uniform
Particel filter: bootstrap
Iteration: 1
Covariance:
[0.0181555 -0.00438227 0.0184035; -0.00438227 0.00190507 -0.00451323; 0.0184035 -0.00451323 0.139391]
ESS: 247.4197
Loglik: 6405.4763 
Percentage done: 20.00 % 
Acceptance rate on iteration 1 to 10000 is 8.1308 %
Covariance:
[0.0181555 -0.00438227 0.0184035; -0.00438227 0.00190507 -0.00451323; 0.0184035 -0.00451323 0.139391]
Loglik: 6404.5237 
Percentage done: 40.00 % 
Acceptance rate on iteration 10001 to 20000 is 7.9108 %
Covariance:
[0.0181555 -0.00438227 0.0184035; -0.00438227 0.00190507 -0.00451323; 0.0184035 -0.00451323 0.139391]
Loglik: 6404.7245 
Percentage done: 60.00 % 
Acceptance rate on iteration 20001 to 30000 is 7.5208 %
Covariance:
[0.0181555 -0.00438227 0.0184035; -0.00438227 0.00190507 -0.00451323; 0.0184035 -0.00451323 0.139391]
Loglik: 6403.6916 
Percentage done: 80.00 % 
Acceptance rate on iteration 30001 to 40000 is 8.6909 %
Covariance:
[0.0181555 -0.00438227 0.0184035; -0.00438227 0.00190507 -0.00451323; 0.0184035 -0.00451323 0.139391]
Loglik: 6403.5247 
elapsed time: 541.029385413 seconds
Ending DA-GP-MCMC with adaptive RW estimating 3 parameters
Algorithm: MCWM
Adaptation algorithm: noAdaptation
Prior distribution: Uniform
Particel filter: bootstrap
Time pre-er:  0
Time fit GP model:  0
Time er-part:  541
Number early-rejections: 39977
Number of cases directly to ordinary MH: 7632
Number of cases directly to ordinary MH accapted: 2888
Number cases in secound stage: 2390
Number accepted in secound stage: 1131
Total number of evaluations of the particle filter: 10022
Acceptance rate for ordinary MH accapted: 37.8407
Acceptance rate a_1: 5.6412
Acceptance rate a_2: 47.3222
Acceptance rate a_1*a_2: 2.6695
Acceptance rate a (for entier algorithm): 8.0380
Iterstion:
12
Starting DA-GP-MCMC with adaptive RW estimating 3 parameters
Covariance - kernel_MH_direct:
[0.0181555 -0.00438227 0.0184035; -0.00438227 0.00190507 -0.00451323; 0.0184035 -0.00451323 0.139391]
MCMC algorithm: MCWM
Adaptation algorithm: noAdaptation
Prior distribution: Uniform
Particel filter: bootstrap
Iteration: 1
Covariance:
[0.0181555 -0.00438227 0.0184035; -0.00438227 0.00190507 -0.00451323; 0.0184035 -0.00451323 0.139391]
ESS: 231.7715
Loglik: 6404.6330 
Percentage done: 20.00 % 
Acceptance rate on iteration 1 to 10000 is 7.8108 %
Covariance:
[0.0181555 -0.00438227 0.0184035; -0.00438227 0.00190507 -0.00451323; 0.0184035 -0.00451323 0.139391]
Loglik: 6403.5060 
ESS: 233.8570
ESS: 202.6437
Percentage done: 40.00 % 
Acceptance rate on iteration 10001 to 20000 is 8.8509 %
Covariance:
[0.0181555 -0.00438227 0.0184035; -0.00438227 0.00190507 -0.00451323; 0.0184035 -0.00451323 0.139391]
Loglik: 6404.6691 
ESS: 157.6397
ESS: 319.3021
Percentage done: 60.00 % 
Acceptance rate on iteration 20001 to 30000 is 8.3408 %
Covariance:
[0.0181555 -0.00438227 0.0184035; -0.00438227 0.00190507 -0.00451323; 0.0184035 -0.00451323 0.139391]
Loglik: 6401.7969 
Percentage done: 80.00 % 
Acceptance rate on iteration 30001 to 40000 is 7.9008 %
Covariance:
[0.0181555 -0.00438227 0.0184035; -0.00438227 0.00190507 -0.00451323; 0.0184035 -0.00451323 0.139391]
Loglik: 6404.4954 
ESS: 145.5195
ESS: 258.0278
elapsed time: 536.32952023 seconds
Ending DA-GP-MCMC with adaptive RW estimating 3 parameters
Algorithm: MCWM
Adaptation algorithm: noAdaptation
Prior distribution: Uniform
Particel filter: bootstrap
Time pre-er:  0
Time fit GP model:  0
Time er-part:  536
Number early-rejections: 40102
Number of cases directly to ordinary MH: 7535
Number of cases directly to ordinary MH accapted: 2880
Number cases in secound stage: 2362
Number accepted in secound stage: 1180
Total number of evaluations of the particle filter: 9897
Acceptance rate for ordinary MH accapted: 38.2216
Acceptance rate a_1: 5.5624
Acceptance rate a_2: 49.9577
Acceptance rate a_1*a_2: 2.7788
Acceptance rate a (for entier algorithm): 8.1200
Iterstion:
13
Starting DA-GP-MCMC with adaptive RW estimating 3 parameters
Covariance - kernel_MH_direct:
[0.0181555 -0.00438227 0.0184035; -0.00438227 0.00190507 -0.00451323; 0.0184035 -0.00451323 0.139391]
MCMC algorithm: MCWM
Adaptation algorithm: noAdaptation
Prior distribution: Uniform
Particel filter: bootstrap
Iteration: 1
Covariance:
[0.0181555 -0.00438227 0.0184035; -0.00438227 0.00190507 -0.00451323; 0.0184035 -0.00451323 0.139391]
ESS: 247.0430
Loglik: 6403.9210 
Percentage done: 20.00 % 
Acceptance rate on iteration 1 to 10000 is 8.1708 %
Covariance:
[0.0181555 -0.00438227 0.0184035; -0.00438227 0.00190507 -0.00451323; 0.0184035 -0.00451323 0.139391]
Loglik: 6402.7840 
ESS: 310.4921
ESS: 194.4018
Percentage done: 40.00 % 
Acceptance rate on iteration 10001 to 20000 is 7.5708 %
Covariance:
[0.0181555 -0.00438227 0.0184035; -0.00438227 0.00190507 -0.00451323; 0.0184035 -0.00451323 0.139391]
Loglik: 6402.8804 
ESS: 165.9175
ESS: 269.2208
Percentage done: 60.00 % 
Acceptance rate on iteration 20001 to 30000 is 8.6009 %
Covariance:
[0.0181555 -0.00438227 0.0184035; -0.00438227 0.00190507 -0.00451323; 0.0184035 -0.00451323 0.139391]
Loglik: 6403.0650 
Percentage done: 80.00 % 
Acceptance rate on iteration 30001 to 40000 is 7.7108 %
Covariance:
[0.0181555 -0.00438227 0.0184035; -0.00438227 0.00190507 -0.00451323; 0.0184035 -0.00451323 0.139391]
Loglik: 6405.2471 
elapsed time: 533.566655691 seconds
Ending DA-GP-MCMC with adaptive RW estimating 3 parameters
Algorithm: MCWM
Adaptation algorithm: noAdaptation
Prior distribution: Uniform
Particel filter: bootstrap
Time pre-er:  0
Time fit GP model:  0
Time er-part:  534
Number early-rejections: 40269
Number of cases directly to ordinary MH: 7413
Number of cases directly to ordinary MH accapted: 2871
Number cases in secound stage: 2317
Number accepted in secound stage: 1095
Total number of evaluations of the particle filter: 9730
Acceptance rate for ordinary MH accapted: 38.7293
Acceptance rate a_1: 5.4408
Acceptance rate a_2: 47.2594
Acceptance rate a_1*a_2: 2.5713
Acceptance rate a (for entier algorithm): 7.9320
Iterstion:
14
Starting DA-GP-MCMC with adaptive RW estimating 3 parameters
Covariance - kernel_MH_direct:
[0.0181555 -0.00438227 0.0184035; -0.00438227 0.00190507 -0.00451323; 0.0184035 -0.00451323 0.139391]
MCMC algorithm: MCWM
Adaptation algorithm: noAdaptation
Prior distribution: Uniform
Particel filter: bootstrap
Iteration: 1
Covariance:
[0.0181555 -0.00438227 0.0184035; -0.00438227 0.00190507 -0.00451323; 0.0184035 -0.00451323 0.139391]
ESS: 239.4975
Loglik: 6404.5845 
Percentage done: 20.00 % 
Acceptance rate on iteration 1 to 10000 is 8.2608 %
Covariance:
[0.0181555 -0.00438227 0.0184035; -0.00438227 0.00190507 -0.00451323; 0.0184035 -0.00451323 0.139391]
Loglik: 6403.2754 
Percentage done: 40.00 % 
Acceptance rate on iteration 10001 to 20000 is 8.1508 %
Covariance:
[0.0181555 -0.00438227 0.0184035; -0.00438227 0.00190507 -0.00451323; 0.0184035 -0.00451323 0.139391]
Loglik: 6401.4577 
ESS: 186.8885
ESS: 183.2951
Percentage done: 60.00 % 
Acceptance rate on iteration 20001 to 30000 is 8.2908 %
Covariance:
[0.0181555 -0.00438227 0.0184035; -0.00438227 0.00190507 -0.00451323; 0.0184035 -0.00451323 0.139391]
Loglik: 6403.9736 
Percentage done: 80.00 % 
Acceptance rate on iteration 30001 to 40000 is 8.4108 %
Covariance:
[0.0181555 -0.00438227 0.0184035; -0.00438227 0.00190507 -0.00451323; 0.0184035 -0.00451323 0.139391]
Loglik: 6403.6820 
elapsed time: 538.314645728 seconds
Ending DA-GP-MCMC with adaptive RW estimating 3 parameters
Algorithm: MCWM
Adaptation algorithm: noAdaptation
Prior distribution: Uniform
Particel filter: bootstrap
Time pre-er:  0
Time fit GP model:  0
Time er-part:  538
Number early-rejections: 40200
Number of cases directly to ordinary MH: 7470
Number of cases directly to ordinary MH accapted: 2940
Number cases in secound stage: 2329
Number accepted in secound stage: 1134
Total number of evaluations of the particle filter: 9799
Acceptance rate for ordinary MH accapted: 39.3574
Acceptance rate a_1: 5.4763
Acceptance rate a_2: 48.6904
Acceptance rate a_1*a_2: 2.6664
Acceptance rate a (for entier algorithm): 8.1480
Iterstion:
15
Starting DA-GP-MCMC with adaptive RW estimating 3 parameters
Covariance - kernel_MH_direct:
[0.0181555 -0.00438227 0.0184035; -0.00438227 0.00190507 -0.00451323; 0.0184035 -0.00451323 0.139391]
MCMC algorithm: MCWM
Adaptation algorithm: noAdaptation
Prior distribution: Uniform
Particel filter: bootstrap
Iteration: 1
Covariance:
[0.0181555 -0.00438227 0.0184035; -0.00438227 0.00190507 -0.00451323; 0.0184035 -0.00451323 0.139391]
ESS: 240.4025
Loglik: 6405.2206 
Percentage done: 20.00 % 
Acceptance rate on iteration 1 to 10000 is 8.3408 %
Covariance:
[0.0181555 -0.00438227 0.0184035; -0.00438227 0.00190507 -0.00451323; 0.0184035 -0.00451323 0.139391]
Loglik: 6401.6198 
ESS: 260.4459
ESS: 224.6522
Percentage done: 40.00 % 
Acceptance rate on iteration 10001 to 20000 is 7.2207 %
Covariance:
[0.0181555 -0.00438227 0.0184035; -0.00438227 0.00190507 -0.00451323; 0.0184035 -0.00451323 0.139391]
Loglik: 6404.7800 
Percentage done: 60.00 % 
Acceptance rate on iteration 20001 to 30000 is 7.7008 %
Covariance:
[0.0181555 -0.00438227 0.0184035; -0.00438227 0.00190507 -0.00451323; 0.0184035 -0.00451323 0.139391]
Loglik: 6403.8081 
ESS: 8.5102
ESS: 137.3302
Percentage done: 80.00 % 
Acceptance rate on iteration 30001 to 40000 is 8.1908 %
Covariance:
[0.0181555 -0.00438227 0.0184035; -0.00438227 0.00190507 -0.00451323; 0.0184035 -0.00451323 0.139391]
Loglik: 6401.5743 
elapsed time: 544.335960754 seconds
Ending DA-GP-MCMC with adaptive RW estimating 3 parameters
Algorithm: MCWM
Adaptation algorithm: noAdaptation
Prior distribution: Uniform
Particel filter: bootstrap
Time pre-er:  0
Time fit GP model:  0
Time er-part:  544
Number early-rejections: 40251
Number of cases directly to ordinary MH: 7531
Number of cases directly to ordinary MH accapted: 2865
Number cases in secound stage: 2217
Number accepted in secound stage: 1036
Total number of evaluations of the particle filter: 9748
Acceptance rate for ordinary MH accapted: 38.0428
Acceptance rate a_1: 5.2204
Acceptance rate a_2: 46.7298
Acceptance rate a_1*a_2: 2.4395
Acceptance rate a (for entier algorithm): 7.8020
Iterstion:
16
Starting DA-GP-MCMC with adaptive RW estimating 3 parameters
Covariance - kernel_MH_direct:
[0.0181555 -0.00438227 0.0184035; -0.00438227 0.00190507 -0.00451323; 0.0184035 -0.00451323 0.139391]
MCMC algorithm: MCWM
Adaptation algorithm: noAdaptation
Prior distribution: Uniform
Particel filter: bootstrap
Iteration: 1
Covariance:
[0.0181555 -0.00438227 0.0184035; -0.00438227 0.00190507 -0.00451323; 0.0184035 -0.00451323 0.139391]
ESS: 228.9400
Loglik: 6403.7744 
Percentage done: 20.00 % 
Acceptance rate on iteration 1 to 10000 is 8.3608 %
Covariance:
[0.0181555 -0.00438227 0.0184035; -0.00438227 0.00190507 -0.00451323; 0.0184035 -0.00451323 0.139391]
Loglik: 6405.6526 
Percentage done: 40.00 % 
Acceptance rate on iteration 10001 to 20000 is 8.0308 %
Covariance:
[0.0181555 -0.00438227 0.0184035; -0.00438227 0.00190507 -0.00451323; 0.0184035 -0.00451323 0.139391]
Loglik: 6402.8317 
Percentage done: 60.00 % 
Acceptance rate on iteration 20001 to 30000 is 8.1308 %
Covariance:
[0.0181555 -0.00438227 0.0184035; -0.00438227 0.00190507 -0.00451323; 0.0184035 -0.00451323 0.139391]
Loglik: 6404.1892 
Percentage done: 80.00 % 
Acceptance rate on iteration 30001 to 40000 is 7.4507 %
Covariance:
[0.0181555 -0.00438227 0.0184035; -0.00438227 0.00190507 -0.00451323; 0.0184035 -0.00451323 0.139391]
Loglik: 6402.4925 
ESS: 66.5681
ESS: 63.4296
elapsed time: 545.74888123 seconds
Ending DA-GP-MCMC with adaptive RW estimating 3 parameters
Algorithm: MCWM
Adaptation algorithm: noAdaptation
Prior distribution: Uniform
Particel filter: bootstrap
Time pre-er:  0
Time fit GP model:  0
Time er-part:  546
Number early-rejections: 40037
Number of cases directly to ordinary MH: 7725
Number of cases directly to ordinary MH accapted: 2899
Number cases in secound stage: 2237
Number accepted in secound stage: 1063
Total number of evaluations of the particle filter: 9962
Acceptance rate for ordinary MH accapted: 37.5275
Acceptance rate a_1: 5.2917
Acceptance rate a_2: 47.5190
Acceptance rate a_1*a_2: 2.5145
Acceptance rate a (for entier algorithm): 7.9240
Iterstion:
17
Starting DA-GP-MCMC with adaptive RW estimating 3 parameters
Covariance - kernel_MH_direct:
[0.0181555 -0.00438227 0.0184035; -0.00438227 0.00190507 -0.00451323; 0.0184035 -0.00451323 0.139391]
MCMC algorithm: MCWM
Adaptation algorithm: noAdaptation
Prior distribution: Uniform
Particel filter: bootstrap
Iteration: 1
Covariance:
[0.0181555 -0.00438227 0.0184035; -0.00438227 0.00190507 -0.00451323; 0.0184035 -0.00451323 0.139391]
ESS: 241.8620
Loglik: 6405.3770 
Percentage done: 20.00 % 
Acceptance rate on iteration 1 to 10000 is 7.6408 %
Covariance:
[0.0181555 -0.00438227 0.0184035; -0.00438227 0.00190507 -0.00451323; 0.0184035 -0.00451323 0.139391]
Loglik: 6404.6699 
Percentage done: 40.00 % 
Acceptance rate on iteration 10001 to 20000 is 8.3208 %
Covariance:
[0.0181555 -0.00438227 0.0184035; -0.00438227 0.00190507 -0.00451323; 0.0184035 -0.00451323 0.139391]
Loglik: 6403.1752 
Percentage done: 60.00 % 
Acceptance rate on iteration 20001 to 30000 is 8.0608 %
Covariance:
[0.0181555 -0.00438227 0.0184035; -0.00438227 0.00190507 -0.00451323; 0.0184035 -0.00451323 0.139391]
Loglik: 6404.0372 
Percentage done: 80.00 % 
Acceptance rate on iteration 30001 to 40000 is 7.9608 %
Covariance:
[0.0181555 -0.00438227 0.0184035; -0.00438227 0.00190507 -0.00451323; 0.0184035 -0.00451323 0.139391]
Loglik: 6401.0275 
ESS: 77.2378
ESS: 53.7116
elapsed time: 548.363053225 seconds
Ending DA-GP-MCMC with adaptive RW estimating 3 parameters
Algorithm: MCWM
Adaptation algorithm: noAdaptation
Prior distribution: Uniform
Particel filter: bootstrap
Time pre-er:  0
Time fit GP model:  0
Time er-part:  548
Number early-rejections: 40098
Number of cases directly to ordinary MH: 7483
Number of cases directly to ordinary MH accapted: 2897
Number cases in secound stage: 2418
Number accepted in secound stage: 1134
Total number of evaluations of the particle filter: 9901
Acceptance rate for ordinary MH accapted: 38.7144
Acceptance rate a_1: 5.6873
Acceptance rate a_2: 46.8983
Acceptance rate a_1*a_2: 2.6672
Acceptance rate a (for entier algorithm): 8.0620
Iterstion:
18
Starting DA-GP-MCMC with adaptive RW estimating 3 parameters
Covariance - kernel_MH_direct:
[0.0181555 -0.00438227 0.0184035; -0.00438227 0.00190507 -0.00451323; 0.0184035 -0.00451323 0.139391]
MCMC algorithm: MCWM
Adaptation algorithm: noAdaptation
Prior distribution: Uniform
Particel filter: bootstrap
Iteration: 1
Covariance:
[0.0181555 -0.00438227 0.0184035; -0.00438227 0.00190507 -0.00451323; 0.0184035 -0.00451323 0.139391]
ESS: 252.3059
Loglik: 6405.0391 
Percentage done: 20.00 % 
Acceptance rate on iteration 1 to 10000 is 7.3407 %
Covariance:
[0.0181555 -0.00438227 0.0184035; -0.00438227 0.00190507 -0.00451323; 0.0184035 -0.00451323 0.139391]
Loglik: 6405.1042 
Percentage done: 40.00 % 
Acceptance rate on iteration 10001 to 20000 is 7.4607 %
Covariance:
[0.0181555 -0.00438227 0.0184035; -0.00438227 0.00190507 -0.00451323; 0.0184035 -0.00451323 0.139391]
Loglik: 6403.0490 
ESS: 217.2813
ESS: 143.6304
Percentage done: 60.00 % 
Acceptance rate on iteration 20001 to 30000 is 8.0008 %
Covariance:
[0.0181555 -0.00438227 0.0184035; -0.00438227 0.00190507 -0.00451323; 0.0184035 -0.00451323 0.139391]
Loglik: 6403.9603 
Percentage done: 80.00 % 
Acceptance rate on iteration 30001 to 40000 is 8.0008 %
Covariance:
[0.0181555 -0.00438227 0.0184035; -0.00438227 0.00190507 -0.00451323; 0.0184035 -0.00451323 0.139391]
Loglik: 6404.1709 
elapsed time: 537.313716746 seconds
Ending DA-GP-MCMC with adaptive RW estimating 3 parameters
Algorithm: MCWM
Adaptation algorithm: noAdaptation
Prior distribution: Uniform
Particel filter: bootstrap
Time pre-er:  0
Time fit GP model:  0
Time er-part:  537
Number early-rejections: 40218
Number of cases directly to ordinary MH: 7481
Number of cases directly to ordinary MH accapted: 2740
Number cases in secound stage: 2300
Number accepted in secound stage: 1090
Total number of evaluations of the particle filter: 9781
Acceptance rate for ordinary MH accapted: 36.6261
Acceptance rate a_1: 5.4095
Acceptance rate a_2: 47.3913
Acceptance rate a_1*a_2: 2.5636
Acceptance rate a (for entier algorithm): 7.6600
Iterstion:
19
Starting DA-GP-MCMC with adaptive RW estimating 3 parameters
Covariance - kernel_MH_direct:
[0.0181555 -0.00438227 0.0184035; -0.00438227 0.00190507 -0.00451323; 0.0184035 -0.00451323 0.139391]
MCMC algorithm: MCWM
Adaptation algorithm: noAdaptation
Prior distribution: Uniform
Particel filter: bootstrap
Iteration: 1
Covariance:
[0.0181555 -0.00438227 0.0184035; -0.00438227 0.00190507 -0.00451323; 0.0184035 -0.00451323 0.139391]
ESS: 230.4368
Loglik: 6404.6403 
Percentage done: 20.00 % 
Acceptance rate on iteration 1 to 10000 is 8.4908 %
Covariance:
[0.0181555 -0.00438227 0.0184035; -0.00438227 0.00190507 -0.00451323; 0.0184035 -0.00451323 0.139391]
Loglik: 6403.3185 
ESS: 203.3926
ESS: 300.0789
Percentage done: 40.00 % 
Acceptance rate on iteration 10001 to 20000 is 8.4708 %
Covariance:
[0.0181555 -0.00438227 0.0184035; -0.00438227 0.00190507 -0.00451323; 0.0184035 -0.00451323 0.139391]
Loglik: 6403.8807 
Percentage done: 60.00 % 
Acceptance rate on iteration 20001 to 30000 is 8.3808 %
Covariance:
[0.0181555 -0.00438227 0.0184035; -0.00438227 0.00190507 -0.00451323; 0.0184035 -0.00451323 0.139391]
Loglik: 6404.9480 
Percentage done: 80.00 % 
Acceptance rate on iteration 30001 to 40000 is 7.9208 %
Covariance:
