Starting ml estimationLength of training data: 1800Start values for optimization:
[-1740.36; 1405.28; 4774.01; -62.7847; -76.8598; -748.329; -4.62424; -356.684; 8.8138; 6.80207; 0.738892; 0.392318; -1.77552; -2.97788; -0.867109]Iter     Function value   Gradient norm 
     0     3.016152e+03     4.608370e+03
     1     2.312323e+03     1.996813e+03
     2     1.388445e+03     1.621594e+03
     3     1.140757e+03     1.150942e+03
     4     1.099088e+03     9.546128e+02
     5     1.040948e+03     2.099395e+02
     6     1.038010e+03     1.145868e+02
     7     1.035119e+03     9.424871e+01
     8     1.024361e+03     3.451812e+02
     9     1.007710e+03     3.507439e+02
    10     9.953023e+02     2.351203e+02
    11     9.878889e+02     1.816452e+02
    12     9.753757e+02     2.891777e+02
    13     9.480374e+02     2.319831e+02
    14     9.441591e+02     5.803880e+01
    15     9.435748e+02     4.815715e+01
    16     9.417955e+02     1.836990e+02
    17     9.417965e+02     4.709357e+02
Estimated parameters of the GP model:
Estimated Β:s:
[-1740.38,1405.27,4773.97,-62.7572,-76.7039,-748.484,-4.5995,-356.776,8.85184,6.90226]
Estimated log Φ:s:
[-0.298681,-0.587577,-2.01521,-2.31576,-0.888738]
elapsed time: 501.766414889 seconds
Iterstion:
1
Starting DA-GP-MCMC with adaptive RW estimating 3 parameters
Covariance - kernel_MH_direct:
[0.0181555 -0.00438227 0.0184035; -0.00438227 0.00190507 -0.00451323; 0.0184035 -0.00451323 0.139391]
MCMC algorithm: MCWM
Adaptation algorithm: noAdaptation
Prior distribution: Uniform
Particel filter: bootstrap
Iteration: 1
Covariance:
[0.0181555 -0.00438227 0.0184035; -0.00438227 0.00190507 -0.00451323; 0.0184035 -0.00451323 0.139391]
ESS: 234.2487
Loglik: 6403.9621 
Percentage done: 20.00 % 
Acceptance rate on iteration 1 to 10000 is 8.1008 %
Covariance:
[0.0181555 -0.00438227 0.0184035; -0.00438227 0.00190507 -0.00451323; 0.0184035 -0.00451323 0.139391]
Loglik: 6403.1913 
Percentage done: 40.00 % 
Acceptance rate on iteration 10001 to 20000 is 7.9508 %
Covariance:
[0.0181555 -0.00438227 0.0184035; -0.00438227 0.00190507 -0.00451323; 0.0184035 -0.00451323 0.139391]
Loglik: 6404.7449 
Percentage done: 60.00 % 
Acceptance rate on iteration 20001 to 30000 is 7.8108 %
Covariance:
[0.0181555 -0.00438227 0.0184035; -0.00438227 0.00190507 -0.00451323; 0.0184035 -0.00451323 0.139391]
Loglik: 6403.7704 
Percentage done: 80.00 % 
Acceptance rate on iteration 30001 to 40000 is 8.1608 %
Covariance:
[0.0181555 -0.00438227 0.0184035; -0.00438227 0.00190507 -0.00451323; 0.0184035 -0.00451323 0.139391]
Loglik: 6402.5412 
elapsed time: 609.035065537 seconds
Ending DA-GP-MCMC with adaptive RW estimating 3 parameters
Algorithm: MCWM
Adaptation algorithm: noAdaptation
Prior distribution: Uniform
Particel filter: bootstrap
Time pre-er:  0
Time fit GP model:  0
Time er-part:  609
Number early-rejections: 40216
Number of cases directly to ordinary MH: 7545
Number of cases directly to ordinary MH accapted: 2892
Number cases in secound stage: 2238
Number accepted in secound stage: 1075
Total number of evaluations of the particle filter: 9783
Acceptance rate for ordinary MH accapted: 38.3300
Acceptance rate a_1: 5.2716
Acceptance rate a_2: 48.0340
Acceptance rate a_1*a_2: 2.5322
Acceptance rate a (for entier algorithm): 7.9340
Iterstion:
2
Starting DA-GP-MCMC with adaptive RW estimating 3 parameters
Covariance - kernel_MH_direct:
[0.0181555 -0.00438227 0.0184035; -0.00438227 0.00190507 -0.00451323; 0.0184035 -0.00451323 0.139391]
MCMC algorithm: MCWM
Adaptation algorithm: noAdaptation
Prior distribution: Uniform
Particel filter: bootstrap
Iteration: 1
Covariance:
[0.0181555 -0.00438227 0.0184035; -0.00438227 0.00190507 -0.00451323; 0.0184035 -0.00451323 0.139391]
ESS: 241.3879
Loglik: 6405.0597 
Percentage done: 20.00 % 
Acceptance rate on iteration 1 to 10000 is 8.3108 %
Covariance:
[0.0181555 -0.00438227 0.0184035; -0.00438227 0.00190507 -0.00451323; 0.0184035 -0.00451323 0.139391]
Loglik: 6403.8727 
Percentage done: 40.00 % 
Acceptance rate on iteration 10001 to 20000 is 7.7908 %
Covariance:
[0.0181555 -0.00438227 0.0184035; -0.00438227 0.00190507 -0.00451323; 0.0184035 -0.00451323 0.139391]
Loglik: 6403.5674 
Percentage done: 60.00 % 
Acceptance rate on iteration 20001 to 30000 is 8.7709 %
Covariance:
[0.0181555 -0.00438227 0.0184035; -0.00438227 0.00190507 -0.00451323; 0.0184035 -0.00451323 0.139391]
Loglik: 6405.2882 
ESS: 316.2677
ESS: 325.8848
Percentage done: 80.00 % 
Acceptance rate on iteration 30001 to 40000 is 8.0908 %
Covariance:
[0.0181555 -0.00438227 0.0184035; -0.00438227 0.00190507 -0.00451323; 0.0184035 -0.00451323 0.139391]
Loglik: 6405.3255 
elapsed time: 611.503822977 seconds
Ending DA-GP-MCMC with adaptive RW estimating 3 parameters
Algorithm: MCWM
Adaptation algorithm: noAdaptation
Prior distribution: Uniform
Particel filter: bootstrap
Time pre-er:  0
Time fit GP model:  0
Time er-part:  612
Number early-rejections: 40115
Number of cases directly to ordinary MH: 7503
Number of cases directly to ordinary MH accapted: 2879
Number cases in secound stage: 2381
Number accepted in secound stage: 1193
Total number of evaluations of the particle filter: 9884
Acceptance rate for ordinary MH accapted: 38.3713
Acceptance rate a_1: 5.6029
Acceptance rate a_2: 50.1050
Acceptance rate a_1*a_2: 2.8073
Acceptance rate a (for entier algorithm): 8.1440
Iterstion:
3
Starting DA-GP-MCMC with adaptive RW estimating 3 parameters
Covariance - kernel_MH_direct:
[0.0181555 -0.00438227 0.0184035; -0.00438227 0.00190507 -0.00451323; 0.0184035 -0.00451323 0.139391]
MCMC algorithm: MCWM
Adaptation algorithm: noAdaptation
Prior distribution: Uniform
Particel filter: bootstrap
Iteration: 1
Covariance:
[0.0181555 -0.00438227 0.0184035; -0.00438227 0.00190507 -0.00451323; 0.0184035 -0.00451323 0.139391]
ESS: 231.5074
Loglik: 6404.1026 
Percentage done: 20.00 % 
Acceptance rate on iteration 1 to 10000 is 8.4908 %
Covariance:
[0.0181555 -0.00438227 0.0184035; -0.00438227 0.00190507 -0.00451323; 0.0184035 -0.00451323 0.139391]
Loglik: 6404.7799 
Percentage done: 40.00 % 
Acceptance rate on iteration 10001 to 20000 is 8.1308 %
Covariance:
[0.0181555 -0.00438227 0.0184035; -0.00438227 0.00190507 -0.00451323; 0.0184035 -0.00451323 0.139391]
Loglik: 6404.9559 
ESS: 73.0848
ESS: 220.5627
Percentage done: 60.00 % 
Acceptance rate on iteration 20001 to 30000 is 7.4307 %
Covariance:
[0.0181555 -0.00438227 0.0184035; -0.00438227 0.00190507 -0.00451323; 0.0184035 -0.00451323 0.139391]
Loglik: 6403.5093 
Percentage done: 80.00 % 
Acceptance rate on iteration 30001 to 40000 is 7.4907 %
Covariance:
[0.0181555 -0.00438227 0.0184035; -0.00438227 0.00190507 -0.00451323; 0.0184035 -0.00451323 0.139391]
Loglik: 6403.4056 
elapsed time: 606.734063443 seconds
Ending DA-GP-MCMC with adaptive RW estimating 3 parameters
Algorithm: MCWM
Adaptation algorithm: noAdaptation
Prior distribution: Uniform
Particel filter: bootstrap
Time pre-er:  0
Time fit GP model:  0
Time er-part:  607
Number early-rejections: 40420
Number of cases directly to ordinary MH: 7261
Number of cases directly to ordinary MH accapted: 2786
Number cases in secound stage: 2318
Number accepted in secound stage: 1149
Total number of evaluations of the particle filter: 9579
Acceptance rate for ordinary MH accapted: 38.3694
Acceptance rate a_1: 5.4237
Acceptance rate a_2: 49.5686
Acceptance rate a_1*a_2: 2.6885
Acceptance rate a (for entier algorithm): 7.8700
Iterstion:
4
Starting DA-GP-MCMC with adaptive RW estimating 3 parameters
Covariance - kernel_MH_direct:
[0.0181555 -0.00438227 0.0184035; -0.00438227 0.00190507 -0.00451323; 0.0184035 -0.00451323 0.139391]
MCMC algorithm: MCWM
Adaptation algorithm: noAdaptation
Prior distribution: Uniform
Particel filter: bootstrap
Iteration: 1
Covariance:
[0.0181555 -0.00438227 0.0184035; -0.00438227 0.00190507 -0.00451323; 0.0184035 -0.00451323 0.139391]
ESS: 250.9087
Loglik: 6405.5230 
Percentage done: 20.00 % 
Acceptance rate on iteration 1 to 10000 is 7.6908 %
Covariance:
[0.0181555 -0.00438227 0.0184035; -0.00438227 0.00190507 -0.00451323; 0.0184035 -0.00451323 0.139391]
Loglik: 6403.9413 
ESS: 237.4520
ESS: 259.7996
Percentage done: 40.00 % 
Acceptance rate on iteration 10001 to 20000 is 7.8508 %
Covariance:
[0.0181555 -0.00438227 0.0184035; -0.00438227 0.00190507 -0.00451323; 0.0184035 -0.00451323 0.139391]
Loglik: 6403.2269 
Percentage done: 60.00 % 
Acceptance rate on iteration 20001 to 30000 is 7.4207 %
Covariance:
[0.0181555 -0.00438227 0.0184035; -0.00438227 0.00190507 -0.00451323; 0.0184035 -0.00451323 0.139391]
Loglik: 6402.4793 
Percentage done: 80.00 % 
Acceptance rate on iteration 30001 to 40000 is 7.8808 %
Covariance:
[0.0181555 -0.00438227 0.0184035; -0.00438227 0.00190507 -0.00451323; 0.0184035 -0.00451323 0.139391]
Loglik: 6404.6302 
elapsed time: 612.667916719 seconds
Ending DA-GP-MCMC with adaptive RW estimating 3 parameters
Algorithm: MCWM
Adaptation algorithm: noAdaptation
Prior distribution: Uniform
Particel filter: bootstrap
Time pre-er:  0
Time fit GP model:  0
Time er-part:  613
Number early-rejections: 40268
Number of cases directly to ordinary MH: 7486
Number of cases directly to ordinary MH accapted: 2787
Number cases in secound stage: 2245
Number accepted in secound stage: 1069
Total number of evaluations of the particle filter: 9731
Acceptance rate for ordinary MH accapted: 37.2295
Acceptance rate a_1: 5.2807
Acceptance rate a_2: 47.6169
Acceptance rate a_1*a_2: 2.5145
Acceptance rate a (for entier algorithm): 7.7120
Iterstion:
5
Starting DA-GP-MCMC with adaptive RW estimating 3 parameters
Covariance - kernel_MH_direct:
[0.0181555 -0.00438227 0.0184035; -0.00438227 0.00190507 -0.00451323; 0.0184035 -0.00451323 0.139391]
MCMC algorithm: MCWM
Adaptation algorithm: noAdaptation
Prior distribution: Uniform
Particel filter: bootstrap
Iteration: 1
Covariance:
[0.0181555 -0.00438227 0.0184035; -0.00438227 0.00190507 -0.00451323; 0.0184035 -0.00451323 0.139391]
ESS: 255.8452
Loglik: 6404.4105 
Percentage done: 20.00 % 
Acceptance rate on iteration 1 to 10000 is 8.3508 %
Covariance:
[0.0181555 -0.00438227 0.0184035; -0.00438227 0.00190507 -0.00451323; 0.0184035 -0.00451323 0.139391]
Loglik: 6405.0270 
Percentage done: 40.00 % 
Acceptance rate on iteration 10001 to 20000 is 7.9508 %
Covariance:
[0.0181555 -0.00438227 0.0184035; -0.00438227 0.00190507 -0.00451323; 0.0184035 -0.00451323 0.139391]
Loglik: 6403.9483 
Percentage done: 60.00 % 
Acceptance rate on iteration 20001 to 30000 is 8.3408 %
Covariance:
[0.0181555 -0.00438227 0.0184035; -0.00438227 0.00190507 -0.00451323; 0.0184035 -0.00451323 0.139391]
Loglik: 6404.1872 
ESS: 381.2426
ESS: 258.7459
Percentage done: 80.00 % 
Acceptance rate on iteration 30001 to 40000 is 8.0308 %
Covariance:
[0.0181555 -0.00438227 0.0184035; -0.00438227 0.00190507 -0.00451323; 0.0184035 -0.00451323 0.139391]
Loglik: 6403.7365 
elapsed time: 614.503756228 seconds
Ending DA-GP-MCMC with adaptive RW estimating 3 parameters
Algorithm: MCWM
Adaptation algorithm: noAdaptation
Prior distribution: Uniform
Particel filter: bootstrap
Time pre-er:  0
Time fit GP model:  0
Time er-part:  615
Number early-rejections: 40022
Number of cases directly to ordinary MH: 7591
Number of cases directly to ordinary MH accapted: 2921
Number cases in secound stage: 2386
Number accepted in secound stage: 1164
Total number of evaluations of the particle filter: 9977
Acceptance rate for ordinary MH accapted: 38.4798
Acceptance rate a_1: 5.6263
Acceptance rate a_2: 48.7846
Acceptance rate a_1*a_2: 2.7448
Acceptance rate a (for entier algorithm): 8.1700
Est prob:
[0.555977,0.886626,0.444023,0.113374]
Iterstion:
1
Covariance - kernel_secound_stage_direct:
[0.0181555 -0.00438227 0.0184035; -0.00438227 0.00190507 -0.00451323; 0.0184035 -0.00451323 0.139391]
Starting ADA-GP-MCMC with adaptive RW estimating 3 parameters
MCMC algorithm: MCWM
Adaptation algorithm: noAdaptation
Select case model: DT
Prior distribution: Uniform
Particel filter: bootstrap
Iteration: 1
Covariance:
[0.0181555 -0.00438227 0.0184035; -0.00438227 0.00190507 -0.00451323; 0.0184035 -0.00451323 0.139391]
ESS: 278.8787
Loglik: 6405.6647 
Percentage done: 20.00 % 
Acceptance rate on iteration 1 to 10000 is 9.3109 %
Covariance:
[0.0181555 -0.00438227 0.0184035; -0.00438227 0.00190507 -0.00451323; 0.0184035 -0.00451323 0.139391]
Loglik: NaN 
Percentage done: 40.00 % 
Acceptance rate on iteration 10001 to 20000 is 8.7609 %
Covariance:
[0.0181555 -0.00438227 0.0184035; -0.00438227 0.00190507 -0.00451323; 0.0184035 -0.00451323 0.139391]
Loglik: 6400.6430 
Percentage done: 60.00 % 
Acceptance rate on iteration 20001 to 30000 is 9.1109 %
Covariance:
[0.0181555 -0.00438227 0.0184035; -0.00438227 0.00190507 -0.00451323; 0.0184035 -0.00451323 0.139391]
Loglik: 6403.5992 
Percentage done: 80.00 % 
Acceptance rate on iteration 30001 to 40000 is 9.0609 %
Covariance:
[0.0181555 -0.00438227 0.0184035; -0.00438227 0.00190507 -0.00451323; 0.0184035 -0.00451323 0.139391]
Loglik: 6404.8016 
elapsed time: 606.302085676 seconds
Ending ADA-GP-MCMC with adaptive RW estimating 3 parameters
Algorithm: MCWM
Adaptation algorithm: noAdaptation
Prior distribution: Uniform
Particel filter: bootstrap
Time consumption:Time pre-er:  0
Time fit GP model:  0
Time er-part:  606
Number early-rejections: 39991
Number of cases directly to ordinary MH: 7502
Number of cases directly to ordinary MH accapted: 2899
Number split accaptance region early-accept: 331
Number split accaptance region early-reject: 512
Number cases in secound stage: 2506
Number accepted in secound stage: 791
Acceptance rate for ordinary MH accapted: 38.6430
Acceptance rate a_1: 5.8969
Acceptance rate a_2: 31.5642
Acceptance rate a_1*a_2: 1.8613
Acceptance rate a (for entier algorithm): 9.0660
Total number of evaluations of the particle filter: 9165
Number case 1 or 3: 2117
Number case 2 or 4: 389
Number case 1: 1370, 64.7142 % of all cases
Number case 2: 295, 75.8355 % of all cases
Number case 3: 747, 35.2858 % of all cases
Number case 4: 94, 24.1645 % of all cases
Number pf runs in case 1: 1133, prob pf given case 1 82.7007 %
Number pf runs in case 2: 295, prob pf given case 2 100.0000 %
Number pf runs in case 3: 235, prob pf given case 3 31.4592 %
Number pf runs in case 4: 0, prob pf given case 4 0.0000 %
Iterstion:
2
Covariance - kernel_secound_stage_direct:
[0.0181555 -0.00438227 0.0184035; -0.00438227 0.00190507 -0.00451323; 0.0184035 -0.00451323 0.139391]
Starting ADA-GP-MCMC with adaptive RW estimating 3 parameters
MCMC algorithm: MCWM
Adaptation algorithm: noAdaptation
Select case model: DT
Prior distribution: Uniform
Particel filter: bootstrap
Iteration: 1
Covariance:
[0.0181555 -0.00438227 0.0184035; -0.00438227 0.00190507 -0.00451323; 0.0184035 -0.00451323 0.139391]
ESS: 215.9349
Loglik: 6403.8075 
Percentage done: 20.00 % 
Acceptance rate on iteration 1 to 10000 is 8.6109 %
Covariance:
[0.0181555 -0.00438227 0.0184035; -0.00438227 0.00190507 -0.00451323; 0.0184035 -0.00451323 0.139391]
Loglik: 6404.1804 
Percentage done: 40.00 % 
Acceptance rate on iteration 10001 to 20000 is 9.4509 %
Covariance:
[0.0181555 -0.00438227 0.0184035; -0.00438227 0.00190507 -0.00451323; 0.0184035 -0.00451323 0.139391]
Loglik: NaN 
Percentage done: 60.00 % 
Acceptance rate on iteration 20001 to 30000 is 9.1109 %
Covariance:
[0.0181555 -0.00438227 0.0184035; -0.00438227 0.00190507 -0.00451323; 0.0184035 -0.00451323 0.139391]
Loglik: 6404.7348 
Percentage done: 80.00 % 
Acceptance rate on iteration 30001 to 40000 is 8.9909 %
Covariance:
[0.0181555 -0.00438227 0.0184035; -0.00438227 0.00190507 -0.00451323; 0.0184035 -0.00451323 0.139391]
Loglik: 6404.8005 
elapsed time: 608.262386134 seconds
Ending ADA-GP-MCMC with adaptive RW estimating 3 parameters
Algorithm: MCWM
Adaptation algorithm: noAdaptation
Prior distribution: Uniform
Particel filter: bootstrap
Time consumption:Time pre-er:  0
Time fit GP model:  0
Time er-part:  608
Number early-rejections: 39962
Number of cases directly to ordinary MH: 7531
Number of cases directly to ordinary MH accapted: 2885
Number split accaptance region early-accept: 377
Number split accaptance region early-reject: 523
Number cases in secound stage: 2506
Number accepted in secound stage: 728
Acceptance rate for ordinary MH accapted: 38.3083
Acceptance rate a_1: 5.9009
Acceptance rate a_2: 29.0503
Acceptance rate a_1*a_2: 1.7142
Acceptance rate a (for entier algorithm): 9.0260
Total number of evaluations of the particle filter: 9137
Number case 1 or 3: 2137
Number case 2 or 4: 369
Number case 1: 1394, 65.2316 % of all cases
Number case 2: 269, 72.8997 % of all cases
Number case 3: 743, 34.7684 % of all cases
Number case 4: 100, 27.1003 % of all cases
Number pf runs in case 1: 1117, prob pf given case 1 80.1291 %
Number pf runs in case 2: 269, prob pf given case 2 100.0000 %
Number pf runs in case 3: 220, prob pf given case 3 29.6097 %
Number pf runs in case 4: 0, prob pf given case 4 0.0000 %
Iterstion:
3
Covariance - kernel_secound_stage_direct:
[0.0181555 -0.00438227 0.0184035; -0.00438227 0.00190507 -0.00451323; 0.0184035 -0.00451323 0.139391]
Starting ADA-GP-MCMC with adaptive RW estimating 3 parameters
MCMC algorithm: MCWM
Adaptation algorithm: noAdaptation
Select case model: DT
Prior distribution: Uniform
Particel filter: bootstrap
Iteration: 1
Covariance:
[0.0181555 -0.00438227 0.0184035; -0.00438227 0.00190507 -0.00451323; 0.0184035 -0.00451323 0.139391]
ESS: 220.4795
Loglik: 6405.4898 
Percentage done: 20.00 % 
Acceptance rate on iteration 1 to 10000 is 9.3409 %
Covariance:
[0.0181555 -0.00438227 0.0184035; -0.00438227 0.00190507 -0.00451323; 0.0184035 -0.00451323 0.139391]
Loglik: NaN 
ESS: 228.6354
ESS: 295.9615
Percentage done: 40.00 % 
Acceptance rate on iteration 10001 to 20000 is 9.2509 %
Covariance:
[0.0181555 -0.00438227 0.0184035; -0.00438227 0.00190507 -0.00451323; 0.0184035 -0.00451323 0.139391]
Loglik: NaN 
Percentage done: 60.00 % 
Acceptance rate on iteration 20001 to 30000 is 9.2009 %
Covariance:
[0.0181555 -0.00438227 0.0184035; -0.00438227 0.00190507 -0.00451323; 0.0184035 -0.00451323 0.139391]
Loglik: NaN 
Percentage done: 80.00 % 
Acceptance rate on iteration 30001 to 40000 is 8.4608 %
Covariance:
[0.0181555 -0.00438227 0.0184035; -0.00438227 0.00190507 -0.00451323; 0.0184035 -0.00451323 0.139391]
Loglik: 6404.5697 
elapsed time: 613.678096495 seconds
Ending ADA-GP-MCMC with adaptive RW estimating 3 parameters
Algorithm: MCWM
Adaptation algorithm: noAdaptation
Prior distribution: Uniform
Particel filter: bootstrap
Time consumption:Time pre-er:  0
Time fit GP model:  0
Time er-part:  614
Number early-rejections: 39868
Number of cases directly to ordinary MH: 7564
Number of cases directly to ordinary MH accapted: 2949
Number split accaptance region early-accept: 354
Number split accaptance region early-reject: 520
Number cases in secound stage: 2567
Number accepted in secound stage: 754
Acceptance rate for ordinary MH accapted: 38.9873
Acceptance rate a_1: 6.0493
Acceptance rate a_2: 29.3728
Acceptance rate a_1*a_2: 1.7768
Acceptance rate a (for entier algorithm): 9.1540
Total number of evaluations of the particle filter: 9257
Number case 1 or 3: 2218
Number case 2 or 4: 349
Number case 1: 1475, 66.5014 % of all cases
Number case 2: 272, 77.9370 % of all cases
Number case 3: 743, 33.4986 % of all cases
Number case 4: 77, 22.0630 % of all cases
Number pf runs in case 1: 1198, prob pf given case 1 81.2203 %
Number pf runs in case 2: 272, prob pf given case 2 100.0000 %
Number pf runs in case 3: 223, prob pf given case 3 30.0135 %
Number pf runs in case 4: 0, prob pf given case 4 0.0000 %
Iterstion:
4
Covariance - kernel_secound_stage_direct:
[0.0181555 -0.00438227 0.0184035; -0.00438227 0.00190507 -0.00451323; 0.0184035 -0.00451323 0.139391]
Starting ADA-GP-MCMC with adaptive RW estimating 3 parameters
MCMC algorithm: MCWM
Adaptation algorithm: noAdaptation
Select case model: DT
Prior distribution: Uniform
Particel filter: bootstrap
Iteration: 1
Covariance:
[0.0181555 -0.00438227 0.0184035; -0.00438227 0.00190507 -0.00451323; 0.0184035 -0.00451323 0.139391]
ESS: 238.8460
Loglik: 6404.3299 
Percentage done: 20.00 % 
Acceptance rate on iteration 1 to 10000 is 9.2509 %
Covariance:
[0.0181555 -0.00438227 0.0184035; -0.00438227 0.00190507 -0.00451323; 0.0184035 -0.00451323 0.139391]
Loglik: 6403.3698 
Percentage done: 40.00 % 
Acceptance rate on iteration 10001 to 20000 is 9.1509 %
Covariance:
[0.0181555 -0.00438227 0.0184035; -0.00438227 0.00190507 -0.00451323; 0.0184035 -0.00451323 0.139391]
Loglik: 6404.5006 
ESS: 300.7885
ESS: 264.8109
Percentage done: 60.00 % 
Acceptance rate on iteration 20001 to 30000 is 8.6809 %
Covariance:
[0.0181555 -0.00438227 0.0184035; -0.00438227 0.00190507 -0.00451323; 0.0184035 -0.00451323 0.139391]
Loglik: NaN 
Percentage done: 80.00 % 
Acceptance rate on iteration 30001 to 40000 is 9.0009 %
Covariance:
[0.0181555 -0.00438227 0.0184035; -0.00438227 0.00190507 -0.00451323; 0.0184035 -0.00451323 0.139391]
Loglik: NaN 
elapsed time: 615.534504822 seconds
Ending ADA-GP-MCMC with adaptive RW estimating 3 parameters
Algorithm: MCWM
Adaptation algorithm: noAdaptation
Prior distribution: Uniform
Particel filter: bootstrap
Time consumption:Time pre-er:  0
Time fit GP model:  0
Time er-part:  616
Number early-rejections: 39962
Number of cases directly to ordinary MH: 7497
Number of cases directly to ordinary MH accapted: 2863
Number split accaptance region early-accept: 358
Number split accaptance region early-reject: 492
Number cases in secound stage: 2540
Number accepted in secound stage: 801
Acceptance rate for ordinary MH accapted: 38.1886
Acceptance rate a_1: 5.9762
Acceptance rate a_2: 31.5354
Acceptance rate a_1*a_2: 1.8846
Acceptance rate a (for entier algorithm): 9.0280
Total number of evaluations of the particle filter: 9187
Number case 1 or 3: 2112
Number case 2 or 4: 428
Number case 1: 1378, 65.2462 % of all cases
Number case 2: 322, 75.2336 % of all cases
Number case 3: 734, 34.7538 % of all cases
Number case 4: 106, 24.7664 % of all cases
Number pf runs in case 1: 1126, prob pf given case 1 81.7126 %
Number pf runs in case 2: 322, prob pf given case 2 100.0000 %
Number pf runs in case 3: 242, prob pf given case 3 32.9700 %
Number pf runs in case 4: 0, prob pf given case 4 0.0000 %
Iterstion:
5
Covariance - kernel_secound_stage_direct:
[0.0181555 -0.00438227 0.0184035; -0.00438227 0.00190507 -0.00451323; 0.0184035 -0.00451323 0.139391]
Starting ADA-GP-MCMC with adaptive RW estimating 3 parameters
MCMC algorithm: MCWM
Adaptation algorithm: noAdaptation
Select case model: DT
Prior distribution: Uniform
Particel filter: bootstrap
Iteration: 1
Covariance:
[0.0181555 -0.00438227 0.0184035; -0.00438227 0.00190507 -0.00451323; 0.0184035 -0.00451323 0.139391]
ESS: 224.8239
Loglik: 6404.6416 
Percentage done: 20.00 % 
Acceptance rate on iteration 1 to 10000 is 8.5209 %
Covariance:
[0.0181555 -0.00438227 0.0184035; -0.00438227 0.00190507 -0.00451323; 0.0184035 -0.00451323 0.139391]
Loglik: 6404.3988 
Percentage done: 40.00 % 
Acceptance rate on iteration 10001 to 20000 is 9.3109 %
Covariance:
[0.0181555 -0.00438227 0.0184035; -0.00438227 0.00190507 -0.00451323; 0.0184035 -0.00451323 0.139391]
Loglik: NaN 
Percentage done: 60.00 % 
Acceptance rate on iteration 20001 to 30000 is 9.0509 %
Covariance:
[0.0181555 -0.00438227 0.0184035; -0.00438227 0.00190507 -0.00451323; 0.0184035 -0.00451323 0.139391]
Loglik: 6404.4220 
ESS: 53.0907
ESS: 218.4680
Percentage done: 80.00 % 
Acceptance rate on iteration 30001 to 40000 is 9.6210 %
Covariance:
[0.0181555 -0.00438227 0.0184035; -0.00438227 0.00190507 -0.00451323; 0.0184035 -0.00451323 0.139391]
Loglik: 6404.6874 
elapsed time: 607.770964494 seconds
Ending ADA-GP-MCMC with adaptive RW estimating 3 parameters
Algorithm: MCWM
Adaptation algorithm: noAdaptation
Prior distribution: Uniform
Particel filter: bootstrap
Time consumption:Time pre-er:  0
Time fit GP model:  0
Time er-part:  608
Number early-rejections: 39904
Number of cases directly to ordinary MH: 7554
Number of cases directly to ordinary MH accapted: 2936
Number split accaptance region early-accept: 314
Number split accaptance region early-reject: 516
Number cases in secound stage: 2541
Number accepted in secound stage: 806
Acceptance rate for ordinary MH accapted: 38.8668
Acceptance rate a_1: 5.9866
Acceptance rate a_2: 31.7198
Acceptance rate a_1*a_2: 1.8989
Acceptance rate a (for entier algorithm): 9.1440
Total number of evaluations of the particle filter: 9265
Number case 1 or 3: 2161
Number case 2 or 4: 380
Number case 1: 1393, 64.4609 % of all cases
Number case 2: 301, 79.2105 % of all cases
Number case 3: 768, 35.5391 % of all cases
Number case 4: 79, 20.7895 % of all cases
Number pf runs in case 1: 1158, prob pf given case 1 83.1299 %
Number pf runs in case 2: 301, prob pf given case 2 100.0000 %
Number pf runs in case 3: 252, prob pf given case 3 32.8125 %
Number pf runs in case 4: 0, prob pf given case 4 0.0000 %
