Starting MCMC with adaptive RW estimating 3 parameters
MCMC algorithm: MCWM
Adaptation algorithm: AMUpdate_gen
Prior distribution: Uniform
Particel filter: bootstrap
Iteration: 1
Covariance:
[1.92 0.0 0.0; 0.0 1.92 0.0; 0.0 0.0 1.92]
ESS: 8.5884
Loglik: 6278.2640 
Percentage done: 19.23 % 
Acceptance rate on iteration 1 to 10000 is 0.4114
Covariance:
[0.0195737 -0.00460205 0.013313; -0.00460205 0.00203875 -0.000526328; 0.013313 -0.000526328 0.167219]
Loglik: 6402.7003 
ESS: 220.7163
ESS: 283.7888
Percentage done: 38.46 % 
Acceptance rate on iteration 10001 to 20000 is 0.4117
Covariance:
[0.0187854 -0.00458814 0.0180959; -0.00458814 0.00197951 -0.00323314; 0.0180959 -0.00323314 0.145866]
Loglik: 6405.2262 
ESS: 240.3257
ESS: 223.0895
Percentage done: 57.69 % 
Acceptance rate on iteration 20001 to 30000 is 0.4018
Covariance:
[0.0149367 -0.00384015 0.00886988; -0.00384015 0.00183579 -0.00186096; 0.00886988 -0.00186096 0.123999]
Loglik: 6403.5303 
ESS: 127.7110
ESS: 185.5128
Percentage done: 76.92 % 
Acceptance rate on iteration 30001 to 40000 is 0.3998
Covariance:
[0.0191679 -0.00444605 0.0112689; -0.00444605 0.00182495 -0.00190898; 0.0112689 -0.00190898 0.134685]
Loglik: 6405.1070 
ESS: 167.8155
ESS: 199.8584
Percentage done: 96.15 % 
Acceptance rate on iteration 40001 to 50000 is 0.3846
Covariance:
[0.0168298 -0.00403775 0.0118169; -0.00403775 0.00185657 -0.00270329; 0.0118169 -0.00270329 0.144104]
Loglik: 6404.3314 
ESS: 224.0482
ESS: 333.4287
Ending MCMC with adaptive RW estimating 3 parameters
Algorithm: MCWM
Adaptation algorithm: AMUpdate_gen
Prior distribution: Uniform
Particel filter: bootstrap
elapsed time: 993.648474872 seconds
Run time (s): 993.6485 
