Starting ml estimationLength of training data: 1800Start values for optimization:
[-1740.36; 1405.28; 4774.01; -62.7847; -76.8598; -748.329; -4.62424; -356.684; 8.8138; 6.80207; 0.738892; 0.392318; -1.77552; -2.97788; -0.867109]Iter     Function value   Gradient norm 
     0     3.016152e+03     4.608370e+03
     1     2.312323e+03     1.996813e+03
     2     1.388445e+03     1.621594e+03
     3     1.140757e+03     1.150942e+03
     4     1.099088e+03     9.546128e+02
     5     1.040948e+03     2.099395e+02
     6     1.038010e+03     1.145868e+02
     7     1.035119e+03     9.424871e+01
     8     1.024361e+03     3.451812e+02
     9     1.007710e+03     3.507439e+02
    10     9.953023e+02     2.351203e+02
    11     9.878889e+02     1.816452e+02
    12     9.753757e+02     2.891777e+02
    13     9.480374e+02     2.319831e+02
    14     9.441591e+02     5.803880e+01
    15     9.435748e+02     4.815715e+01
    16     9.417955e+02     1.836990e+02
    17     9.417965e+02     4.709357e+02
Estimated parameters of the GP model:
Estimated Β:s:
[-1740.38,1405.27,4773.97,-62.7572,-76.7039,-748.484,-4.5995,-356.776,8.85184,6.90226]
Estimated log Φ:s:
[-0.298681,-0.587577,-2.01521,-2.31576,-0.888738]
elapsed time: 498.540511349 seconds
Iterstion:
1
Starting DA-GP-MCMC with adaptive RW estimating 3 parameters
Covariance - kernel_MH_direct:
[0.0181555 -0.00438227 0.0184035; -0.00438227 0.00190507 -0.00451323; 0.0184035 -0.00451323 0.139391]
MCMC algorithm: MCWM
Adaptation algorithm: noAdaptation
Prior distribution: Uniform
Particel filter: bootstrap
Iteration: 1
Covariance:
[0.0181555 -0.00438227 0.0184035; -0.00438227 0.00190507 -0.00451323; 0.0184035 -0.00451323 0.139391]
ESS: 237.6211
Loglik: 6404.3635 
Percentage done: 20.00 % 
Acceptance rate on iteration 1 to 10000 is 7.9808 %
Covariance:
[0.0181555 -0.00438227 0.0184035; -0.00438227 0.00190507 -0.00451323; 0.0184035 -0.00451323 0.139391]
Loglik: 6405.3840 
Percentage done: 40.00 % 
Acceptance rate on iteration 10001 to 20000 is 7.8008 %
Covariance:
[0.0181555 -0.00438227 0.0184035; -0.00438227 0.00190507 -0.00451323; 0.0184035 -0.00451323 0.139391]
Loglik: 6401.9685 
Percentage done: 60.00 % 
Acceptance rate on iteration 20001 to 30000 is 8.1808 %
Covariance:
[0.0181555 -0.00438227 0.0184035; -0.00438227 0.00190507 -0.00451323; 0.0184035 -0.00451323 0.139391]
Loglik: 6403.5821 
Percentage done: 80.00 % 
Acceptance rate on iteration 30001 to 40000 is 7.9908 %
Covariance:
[0.0181555 -0.00438227 0.0184035; -0.00438227 0.00190507 -0.00451323; 0.0184035 -0.00451323 0.139391]
Loglik: 6402.8838 
ESS: 259.7469
ESS: 361.4563
elapsed time: 618.630589182 seconds
Ending DA-GP-MCMC with adaptive RW estimating 3 parameters
Algorithm: MCWM
Adaptation algorithm: noAdaptation
Prior distribution: Uniform
Particel filter: bootstrap
Time pre-er:  0
Time fit GP model:  0
Time er-part:  619
Number early-rejections: 40034
Number of cases directly to ordinary MH: 7482
Number of cases directly to ordinary MH accapted: 2864
Number cases in secound stage: 2483
Number accepted in secound stage: 1155
Total number of evaluations of the particle filter: 9965
Acceptance rate for ordinary MH accapted: 38.2785
Acceptance rate a_1: 5.8400
Acceptance rate a_2: 46.5163
Acceptance rate a_1*a_2: 2.7166
Acceptance rate a (for entier algorithm): 8.0380
Iterstion:
2
Starting DA-GP-MCMC with adaptive RW estimating 3 parameters
Covariance - kernel_MH_direct:
[0.0181555 -0.00438227 0.0184035; -0.00438227 0.00190507 -0.00451323; 0.0184035 -0.00451323 0.139391]
MCMC algorithm: MCWM
Adaptation algorithm: noAdaptation
Prior distribution: Uniform
Particel filter: bootstrap
Iteration: 1
Covariance:
[0.0181555 -0.00438227 0.0184035; -0.00438227 0.00190507 -0.00451323; 0.0184035 -0.00451323 0.139391]
ESS: 230.7391
Loglik: 6404.9918 
Percentage done: 20.00 % 
Acceptance rate on iteration 1 to 10000 is 7.9808 %
Covariance:
[0.0181555 -0.00438227 0.0184035; -0.00438227 0.00190507 -0.00451323; 0.0184035 -0.00451323 0.139391]
Loglik: 6402.5554 
Percentage done: 40.00 % 
Acceptance rate on iteration 10001 to 20000 is 7.6908 %
Covariance:
[0.0181555 -0.00438227 0.0184035; -0.00438227 0.00190507 -0.00451323; 0.0184035 -0.00451323 0.139391]
Loglik: 6401.6128 
ESS: 185.4090
ESS: 143.2695
Percentage done: 60.00 % 
Acceptance rate on iteration 20001 to 30000 is 7.8908 %
Covariance:
[0.0181555 -0.00438227 0.0184035; -0.00438227 0.00190507 -0.00451323; 0.0184035 -0.00451323 0.139391]
Loglik: 6404.6129 
Percentage done: 80.00 % 
Acceptance rate on iteration 30001 to 40000 is 7.9108 %
Covariance:
[0.0181555 -0.00438227 0.0184035; -0.00438227 0.00190507 -0.00451323; 0.0184035 -0.00451323 0.139391]
Loglik: 6404.4186 
elapsed time: 615.399719091 seconds
Ending DA-GP-MCMC with adaptive RW estimating 3 parameters
Algorithm: MCWM
Adaptation algorithm: noAdaptation
Prior distribution: Uniform
Particel filter: bootstrap
Time pre-er:  0
Time fit GP model:  0
Time er-part:  615
Number early-rejections: 40307
Number of cases directly to ordinary MH: 7447
Number of cases directly to ordinary MH accapted: 2838
Number cases in secound stage: 2245
Number accepted in secound stage: 1065
Total number of evaluations of the particle filter: 9692
Acceptance rate for ordinary MH accapted: 38.1093
Acceptance rate a_1: 5.2759
Acceptance rate a_2: 47.4388
Acceptance rate a_1*a_2: 2.5028
Acceptance rate a (for entier algorithm): 7.8060
Iterstion:
3
Starting DA-GP-MCMC with adaptive RW estimating 3 parameters
Covariance - kernel_MH_direct:
[0.0181555 -0.00438227 0.0184035; -0.00438227 0.00190507 -0.00451323; 0.0184035 -0.00451323 0.139391]
MCMC algorithm: MCWM
Adaptation algorithm: noAdaptation
Prior distribution: Uniform
Particel filter: bootstrap
Iteration: 1
Covariance:
[0.0181555 -0.00438227 0.0184035; -0.00438227 0.00190507 -0.00451323; 0.0184035 -0.00451323 0.139391]
ESS: 230.1745
Loglik: 6405.1149 
Percentage done: 20.00 % 
Acceptance rate on iteration 1 to 10000 is 8.3008 %
Covariance:
[0.0181555 -0.00438227 0.0184035; -0.00438227 0.00190507 -0.00451323; 0.0184035 -0.00451323 0.139391]
Loglik: 6405.0424 
Percentage done: 40.00 % 
Acceptance rate on iteration 10001 to 20000 is 7.8908 %
Covariance:
[0.0181555 -0.00438227 0.0184035; -0.00438227 0.00190507 -0.00451323; 0.0184035 -0.00451323 0.139391]
Loglik: 6403.7740 
Percentage done: 60.00 % 
Acceptance rate on iteration 20001 to 30000 is 8.1008 %
Covariance:
[0.0181555 -0.00438227 0.0184035; -0.00438227 0.00190507 -0.00451323; 0.0184035 -0.00451323 0.139391]
Loglik: 6401.9745 
Percentage done: 80.00 % 
Acceptance rate on iteration 30001 to 40000 is 7.9508 %
Covariance:
[0.0181555 -0.00438227 0.0184035; -0.00438227 0.00190507 -0.00451323; 0.0184035 -0.00451323 0.139391]
Loglik: 6404.3016 
elapsed time: 618.161880078 seconds
Ending DA-GP-MCMC with adaptive RW estimating 3 parameters
Algorithm: MCWM
Adaptation algorithm: noAdaptation
Prior distribution: Uniform
Particel filter: bootstrap
Time pre-er:  0
Time fit GP model:  0
Time er-part:  618
Number early-rejections: 40121
Number of cases directly to ordinary MH: 7536
Number of cases directly to ordinary MH accapted: 2850
Number cases in secound stage: 2342
Number accepted in secound stage: 1148
Total number of evaluations of the particle filter: 9878
Acceptance rate for ordinary MH accapted: 37.8185
Acceptance rate a_1: 5.5154
Acceptance rate a_2: 49.0179
Acceptance rate a_1*a_2: 2.7035
Acceptance rate a (for entier algorithm): 7.9960
Iterstion:
4
Starting DA-GP-MCMC with adaptive RW estimating 3 parameters
Covariance - kernel_MH_direct:
[0.0181555 -0.00438227 0.0184035; -0.00438227 0.00190507 -0.00451323; 0.0184035 -0.00451323 0.139391]
MCMC algorithm: MCWM
Adaptation algorithm: noAdaptation
Prior distribution: Uniform
Particel filter: bootstrap
Iteration: 1
Covariance:
[0.0181555 -0.00438227 0.0184035; -0.00438227 0.00190507 -0.00451323; 0.0184035 -0.00451323 0.139391]
ESS: 232.0856
Loglik: 6406.0973 
Percentage done: 20.00 % 
Acceptance rate on iteration 1 to 10000 is 7.6108 %
Covariance:
[0.0181555 -0.00438227 0.0184035; -0.00438227 0.00190507 -0.00451323; 0.0184035 -0.00451323 0.139391]
Loglik: 6403.2480 
ESS: 179.3335
ESS: 157.4306
Percentage done: 40.00 % 
Acceptance rate on iteration 10001 to 20000 is 8.1508 %
Covariance:
[0.0181555 -0.00438227 0.0184035; -0.00438227 0.00190507 -0.00451323; 0.0184035 -0.00451323 0.139391]
Loglik: 6404.4224 
ESS: 251.5885
ESS: 306.8041
Percentage done: 60.00 % 
Acceptance rate on iteration 20001 to 30000 is 8.2508 %
Covariance:
[0.0181555 -0.00438227 0.0184035; -0.00438227 0.00190507 -0.00451323; 0.0184035 -0.00451323 0.139391]
Loglik: 6404.8789 
Percentage done: 80.00 % 
Acceptance rate on iteration 30001 to 40000 is 8.2108 %
Covariance:
[0.0181555 -0.00438227 0.0184035; -0.00438227 0.00190507 -0.00451323; 0.0184035 -0.00451323 0.139391]
Loglik: 6402.0282 
elapsed time: 614.836983024 seconds
Ending DA-GP-MCMC with adaptive RW estimating 3 parameters
Algorithm: MCWM
Adaptation algorithm: noAdaptation
Prior distribution: Uniform
Particel filter: bootstrap
Time pre-er:  0
Time fit GP model:  0
Time er-part:  615
Number early-rejections: 40305
Number of cases directly to ordinary MH: 7463
Number of cases directly to ordinary MH accapted: 2934
Number cases in secound stage: 2231
Number accepted in secound stage: 1091
Total number of evaluations of the particle filter: 9694
Acceptance rate for ordinary MH accapted: 39.3139
Acceptance rate a_1: 5.2450
Acceptance rate a_2: 48.9018
Acceptance rate a_1*a_2: 2.5649
Acceptance rate a (for entier algorithm): 8.0500
Iterstion:
5
Starting DA-GP-MCMC with adaptive RW estimating 3 parameters
Covariance - kernel_MH_direct:
[0.0181555 -0.00438227 0.0184035; -0.00438227 0.00190507 -0.00451323; 0.0184035 -0.00451323 0.139391]
MCMC algorithm: MCWM
Adaptation algorithm: noAdaptation
Prior distribution: Uniform
Particel filter: bootstrap
Iteration: 1
Covariance:
[0.0181555 -0.00438227 0.0184035; -0.00438227 0.00190507 -0.00451323; 0.0184035 -0.00451323 0.139391]
ESS: 231.5385
Loglik: 6405.4194 
Percentage done: 20.00 % 
Acceptance rate on iteration 1 to 10000 is 7.8608 %
Covariance:
[0.0181555 -0.00438227 0.0184035; -0.00438227 0.00190507 -0.00451323; 0.0184035 -0.00451323 0.139391]
Loglik: 6404.5181 
ESS: 221.1520
ESS: 325.6947
Percentage done: 40.00 % 
Acceptance rate on iteration 10001 to 20000 is 8.0308 %
Covariance:
[0.0181555 -0.00438227 0.0184035; -0.00438227 0.00190507 -0.00451323; 0.0184035 -0.00451323 0.139391]
Loglik: 6401.8964 
Percentage done: 60.00 % 
Acceptance rate on iteration 20001 to 30000 is 7.9608 %
Covariance:
[0.0181555 -0.00438227 0.0184035; -0.00438227 0.00190507 -0.00451323; 0.0184035 -0.00451323 0.139391]
Loglik: 6402.9780 
Percentage done: 80.00 % 
Acceptance rate on iteration 30001 to 40000 is 8.1108 %
Covariance:
[0.0181555 -0.00438227 0.0184035; -0.00438227 0.00190507 -0.00451323; 0.0184035 -0.00451323 0.139391]
Loglik: 6402.9155 
elapsed time: 621.340267011 seconds
Ending DA-GP-MCMC with adaptive RW estimating 3 parameters
Algorithm: MCWM
Adaptation algorithm: noAdaptation
Prior distribution: Uniform
Particel filter: bootstrap
Time pre-er:  0
Time fit GP model:  0
Time er-part:  621
Number early-rejections: 40049
Number of cases directly to ordinary MH: 7624
Number of cases directly to ordinary MH accapted: 2933
Number cases in secound stage: 2326
Number accepted in secound stage: 1144
Total number of evaluations of the particle filter: 9950
Acceptance rate for ordinary MH accapted: 38.4706
Acceptance rate a_1: 5.4891
Acceptance rate a_2: 49.1831
Acceptance rate a_1*a_2: 2.6997
Acceptance rate a (for entier algorithm): 8.1540
Est prob:
[0.553763,0.895284,0.446237,0.104716]
Iterstion:
1
Covariance - kernel_secound_stage_direct:
[0.0181555 -0.00438227 0.0184035; -0.00438227 0.00190507 -0.00451323; 0.0184035 -0.00451323 0.139391]
Starting ADA-GP-MCMC with adaptive RW estimating 3 parameters
MCMC algorithm: MCWM
Adaptation algorithm: noAdaptation
Select case model: DT
Prior distribution: Uniform
Particel filter: bootstrap
Iteration: 1
Covariance:
[0.0181555 -0.00438227 0.0184035; -0.00438227 0.00190507 -0.00451323; 0.0184035 -0.00451323 0.139391]
ESS: 232.2520
Loglik: 6405.0838 
Percentage done: 20.00 % 
Acceptance rate on iteration 1 to 10000 is 9.2309 %
Covariance:
[0.0181555 -0.00438227 0.0184035; -0.00438227 0.00190507 -0.00451323; 0.0184035 -0.00451323 0.139391]
Loglik: NaN 
ESS: 365.6673
ESS: 207.2453
Percentage done: 40.00 % 
Acceptance rate on iteration 10001 to 20000 is 8.6409 %
Covariance:
[0.0181555 -0.00438227 0.0184035; -0.00438227 0.00190507 -0.00451323; 0.0184035 -0.00451323 0.139391]
Loglik: NaN 
Percentage done: 60.00 % 
Acceptance rate on iteration 20001 to 30000 is 9.1909 %
Covariance:
[0.0181555 -0.00438227 0.0184035; -0.00438227 0.00190507 -0.00451323; 0.0184035 -0.00451323 0.139391]
Loglik: NaN 
Percentage done: 80.00 % 
Acceptance rate on iteration 30001 to 40000 is 8.3908 %
Covariance:
[0.0181555 -0.00438227 0.0184035; -0.00438227 0.00190507 -0.00451323; 0.0184035 -0.00451323 0.139391]
Loglik: NaN 
elapsed time: 610.2424883 seconds
Ending ADA-GP-MCMC with adaptive RW estimating 3 parameters
Algorithm: MCWM
Adaptation algorithm: noAdaptation
Prior distribution: Uniform
Particel filter: bootstrap
Time consumption:Time pre-er:  0
Time fit GP model:  0
Time er-part:  610
Number early-rejections: 40036
Number of cases directly to ordinary MH: 7552
Number of cases directly to ordinary MH accapted: 2855
Number split accaptance region early-accept: 339
Number split accaptance region early-reject: 433
Number cases in secound stage: 2411
Number accepted in secound stage: 760
Acceptance rate for ordinary MH accapted: 37.8046
Acceptance rate a_1: 5.6800
Acceptance rate a_2: 31.5222
Acceptance rate a_1*a_2: 1.7905
Acceptance rate a (for entier algorithm): 8.7740
Total number of evaluations of the particle filter: 9191
Number case 1 or 3: 2045
Number case 2 or 4: 366
Number case 1: 1388, 67.8729 % of all cases
Number case 2: 280, 76.5027 % of all cases
Number case 3: 657, 32.1271 % of all cases
Number case 4: 86, 23.4973 % of all cases
Number pf runs in case 1: 1135, prob pf given case 1 81.7723 %
Number pf runs in case 2: 280, prob pf given case 2 100.0000 %
Number pf runs in case 3: 224, prob pf given case 3 34.0944 %
Number pf runs in case 4: 0, prob pf given case 4 0.0000 %
Iterstion:
2
Covariance - kernel_secound_stage_direct:
[0.0181555 -0.00438227 0.0184035; -0.00438227 0.00190507 -0.00451323; 0.0184035 -0.00451323 0.139391]
Starting ADA-GP-MCMC with adaptive RW estimating 3 parameters
MCMC algorithm: MCWM
Adaptation algorithm: noAdaptation
Select case model: DT
Prior distribution: Uniform
Particel filter: bootstrap
Iteration: 1
Covariance:
[0.0181555 -0.00438227 0.0184035; -0.00438227 0.00190507 -0.00451323; 0.0184035 -0.00451323 0.139391]
ESS: 241.7789
Loglik: 6404.8280 
Percentage done: 20.00 % 
Acceptance rate on iteration 1 to 10000 is 8.8509 %
Covariance:
[0.0181555 -0.00438227 0.0184035; -0.00438227 0.00190507 -0.00451323; 0.0184035 -0.00451323 0.139391]
Loglik: 6404.6687 
Percentage done: 40.00 % 
Acceptance rate on iteration 10001 to 20000 is 9.4109 %
Covariance:
[0.0181555 -0.00438227 0.0184035; -0.00438227 0.00190507 -0.00451323; 0.0184035 -0.00451323 0.139391]
Loglik: 6403.0603 
Percentage done: 60.00 % 
Acceptance rate on iteration 20001 to 30000 is 9.4109 %
Covariance:
[0.0181555 -0.00438227 0.0184035; -0.00438227 0.00190507 -0.00451323; 0.0184035 -0.00451323 0.139391]
Loglik: NaN 
Percentage done: 80.00 % 
Acceptance rate on iteration 30001 to 40000 is 8.6409 %
Covariance:
[0.0181555 -0.00438227 0.0184035; -0.00438227 0.00190507 -0.00451323; 0.0184035 -0.00451323 0.139391]
Loglik: 6400.4646 
elapsed time: 613.416196202 seconds
Ending ADA-GP-MCMC with adaptive RW estimating 3 parameters
Algorithm: MCWM
Adaptation algorithm: noAdaptation
Prior distribution: Uniform
Particel filter: bootstrap
Time consumption:Time pre-er:  0
Time fit GP model:  0
Time er-part:  613
Number early-rejections: 40012
Number of cases directly to ordinary MH: 7458
Number of cases directly to ordinary MH accapted: 2896
Number split accaptance region early-accept: 385
Number split accaptance region early-reject: 458
Number cases in secound stage: 2529
Number accepted in secound stage: 795
Acceptance rate for ordinary MH accapted: 38.8308
Acceptance rate a_1: 5.9449
Acceptance rate a_2: 31.4353
Acceptance rate a_1*a_2: 1.8688
Acceptance rate a (for entier algorithm): 9.0680
Total number of evaluations of the particle filter: 9144
Number case 1 or 3: 2159
Number case 2 or 4: 370
Number case 1: 1487, 68.8745 % of all cases
Number case 2: 281, 75.9459 % of all cases
Number case 3: 672, 31.1255 % of all cases
Number case 4: 89, 24.0541 % of all cases
Number pf runs in case 1: 1191, prob pf given case 1 80.0941 %
Number pf runs in case 2: 281, prob pf given case 2 100.0000 %
Number pf runs in case 3: 214, prob pf given case 3 31.8452 %
Number pf runs in case 4: 0, prob pf given case 4 0.0000 %
Iterstion:
3
Covariance - kernel_secound_stage_direct:
[0.0181555 -0.00438227 0.0184035; -0.00438227 0.00190507 -0.00451323; 0.0184035 -0.00451323 0.139391]
Starting ADA-GP-MCMC with adaptive RW estimating 3 parameters
MCMC algorithm: MCWM
Adaptation algorithm: noAdaptation
Select case model: DT
Prior distribution: Uniform
Particel filter: bootstrap
Iteration: 1
Covariance:
[0.0181555 -0.00438227 0.0184035; -0.00438227 0.00190507 -0.00451323; 0.0184035 -0.00451323 0.139391]
ESS: 237.8236
Loglik: 6405.1885 
Percentage done: 20.00 % 
Acceptance rate on iteration 1 to 10000 is 8.5509 %
Covariance:
[0.0181555 -0.00438227 0.0184035; -0.00438227 0.00190507 -0.00451323; 0.0184035 -0.00451323 0.139391]
Loglik: 6402.2140 
Percentage done: 40.00 % 
Acceptance rate on iteration 10001 to 20000 is 9.0209 %
Covariance:
[0.0181555 -0.00438227 0.0184035; -0.00438227 0.00190507 -0.00451323; 0.0184035 -0.00451323 0.139391]
Loglik: 6401.4583 
Percentage done: 60.00 % 
Acceptance rate on iteration 20001 to 30000 is 8.7709 %
Covariance:
[0.0181555 -0.00438227 0.0184035; -0.00438227 0.00190507 -0.00451323; 0.0184035 -0.00451323 0.139391]
Loglik: 6404.3344 
Percentage done: 80.00 % 
Acceptance rate on iteration 30001 to 40000 is 8.9009 %
Covariance:
[0.0181555 -0.00438227 0.0184035; -0.00438227 0.00190507 -0.00451323; 0.0184035 -0.00451323 0.139391]
Loglik: 6403.0539 
ESS: 157.5334
ESS: 246.4402
elapsed time: 616.055043864 seconds
Ending ADA-GP-MCMC with adaptive RW estimating 3 parameters
Algorithm: MCWM
Adaptation algorithm: noAdaptation
Prior distribution: Uniform
Particel filter: bootstrap
Time consumption:Time pre-er:  0
Time fit GP model:  0
Time er-part:  616
Number early-rejections: 40024
Number of cases directly to ordinary MH: 7439
Number of cases directly to ordinary MH accapted: 2797
Number split accaptance region early-accept: 403
Number split accaptance region early-reject: 452
Number cases in secound stage: 2536
Number accepted in secound stage: 790
Acceptance rate for ordinary MH accapted: 37.5991
Acceptance rate a_1: 5.9586
Acceptance rate a_2: 31.1514
Acceptance rate a_1*a_2: 1.8562
Acceptance rate a (for entier algorithm): 8.8840
Total number of evaluations of the particle filter: 9120
Number case 1 or 3: 2126
Number case 2 or 4: 410
Number case 1: 1436, 67.5447 % of all cases
Number case 2: 294, 71.7073 % of all cases
Number case 3: 690, 32.4553 % of all cases
Number case 4: 116, 28.2927 % of all cases
Number pf runs in case 1: 1149, prob pf given case 1 80.0139 %
Number pf runs in case 2: 294, prob pf given case 2 100.0000 %
Number pf runs in case 3: 238, prob pf given case 3 34.4928 %
Number pf runs in case 4: 0, prob pf given case 4 0.0000 %
Iterstion:
4
Covariance - kernel_secound_stage_direct:
[0.0181555 -0.00438227 0.0184035; -0.00438227 0.00190507 -0.00451323; 0.0184035 -0.00451323 0.139391]
Starting ADA-GP-MCMC with adaptive RW estimating 3 parameters
MCMC algorithm: MCWM
Adaptation algorithm: noAdaptation
Select case model: DT
Prior distribution: Uniform
Particel filter: bootstrap
Iteration: 1
Covariance:
[0.0181555 -0.00438227 0.0184035; -0.00438227 0.00190507 -0.00451323; 0.0184035 -0.00451323 0.139391]
ESS: 238.8133
Loglik: 6403.6250 
Percentage done: 20.00 % 
Acceptance rate on iteration 1 to 10000 is 8.8109 %
Covariance:
[0.0181555 -0.00438227 0.0184035; -0.00438227 0.00190507 -0.00451323; 0.0184035 -0.00451323 0.139391]
Loglik: 6403.5051 
Percentage done: 40.00 % 
Acceptance rate on iteration 10001 to 20000 is 8.7309 %
Covariance:
[0.0181555 -0.00438227 0.0184035; -0.00438227 0.00190507 -0.00451323; 0.0184035 -0.00451323 0.139391]
Loglik: NaN 
Percentage done: 60.00 % 
Acceptance rate on iteration 20001 to 30000 is 8.8309 %
Covariance:
[0.0181555 -0.00438227 0.0184035; -0.00438227 0.00190507 -0.00451323; 0.0184035 -0.00451323 0.139391]
Loglik: 6403.4359 
Percentage done: 80.00 % 
Acceptance rate on iteration 30001 to 40000 is 9.6510 %
Covariance:
[0.0181555 -0.00438227 0.0184035; -0.00438227 0.00190507 -0.00451323; 0.0184035 -0.00451323 0.139391]
Loglik: 6404.3921 
elapsed time: 621.882114691 seconds
Ending ADA-GP-MCMC with adaptive RW estimating 3 parameters
Algorithm: MCWM
Adaptation algorithm: noAdaptation
Prior distribution: Uniform
Particel filter: bootstrap
Time consumption:Time pre-er:  0
Time fit GP model:  0
Time er-part:  622
Number early-rejections: 39928
Number of cases directly to ordinary MH: 7584
Number of cases directly to ordinary MH accapted: 2918
Number split accaptance region early-accept: 335
Number split accaptance region early-reject: 456
Number cases in secound stage: 2487
Number accepted in secound stage: 801
Acceptance rate for ordinary MH accapted: 38.4757
Acceptance rate a_1: 5.8635
Acceptance rate a_2: 32.2075
Acceptance rate a_1*a_2: 1.8885
Acceptance rate a (for entier algorithm): 9.0200
Total number of evaluations of the particle filter: 9280
Number case 1 or 3: 2126
Number case 2 or 4: 361
Number case 1: 1444, 67.9210 % of all cases
Number case 2: 262, 72.5762 % of all cases
Number case 3: 682, 32.0790 % of all cases
Number case 4: 99, 27.4238 % of all cases
Number pf runs in case 1: 1208, prob pf given case 1 83.6565 %
Number pf runs in case 2: 262, prob pf given case 2 100.0000 %
Number pf runs in case 3: 226, prob pf given case 3 33.1378 %
Number pf runs in case 4: 0, prob pf given case 4 0.0000 %
Iterstion:
5
Covariance - kernel_secound_stage_direct:
[0.0181555 -0.00438227 0.0184035; -0.00438227 0.00190507 -0.00451323; 0.0184035 -0.00451323 0.139391]
Starting ADA-GP-MCMC with adaptive RW estimating 3 parameters
MCMC algorithm: MCWM
Adaptation algorithm: noAdaptation
Select case model: DT
Prior distribution: Uniform
Particel filter: bootstrap
Iteration: 1
Covariance:
[0.0181555 -0.00438227 0.0184035; -0.00438227 0.00190507 -0.00451323; 0.0184035 -0.00451323 0.139391]
ESS: 231.3790
Loglik: 6404.1265 
Percentage done: 20.00 % 
Acceptance rate on iteration 1 to 10000 is 8.6209 %
Covariance:
[0.0181555 -0.00438227 0.0184035; -0.00438227 0.00190507 -0.00451323; 0.0184035 -0.00451323 0.139391]
Loglik: 6403.8624 
Percentage done: 40.00 % 
Acceptance rate on iteration 10001 to 20000 is 9.2309 %
Covariance:
[0.0181555 -0.00438227 0.0184035; -0.00438227 0.00190507 -0.00451323; 0.0184035 -0.00451323 0.139391]
Loglik: 6403.9893 
Percentage done: 60.00 % 
Acceptance rate on iteration 20001 to 30000 is 9.1409 %
Covariance:
[0.0181555 -0.00438227 0.0184035; -0.00438227 0.00190507 -0.00451323; 0.0184035 -0.00451323 0.139391]
Loglik: 6404.1631 
Percentage done: 80.00 % 
Acceptance rate on iteration 30001 to 40000 is 9.3409 %
Covariance:
[0.0181555 -0.00438227 0.0184035; -0.00438227 0.00190507 -0.00451323; 0.0184035 -0.00451323 0.139391]
Loglik: 6404.5039 
elapsed time: 614.867522342 seconds
Ending ADA-GP-MCMC with adaptive RW estimating 3 parameters
Algorithm: MCWM
Adaptation algorithm: noAdaptation
Prior distribution: Uniform
Particel filter: bootstrap
Time consumption:Time pre-er:  0
Time fit GP model:  0
Time er-part:  615
Number early-rejections: 39906
Number of cases directly to ordinary MH: 7566
Number of cases directly to ordinary MH accapted: 2942
Number split accaptance region early-accept: 351
Number split accaptance region early-reject: 430
Number cases in secound stage: 2527
Number accepted in secound stage: 808
Acceptance rate for ordinary MH accapted: 38.8845
Acceptance rate a_1: 5.9553
Acceptance rate a_2: 31.9747
Acceptance rate a_1*a_2: 1.9042
Acceptance rate a (for entier algorithm): 9.0620
Total number of evaluations of the particle filter: 9312
Number case 1 or 3: 2144
Number case 2 or 4: 383
Number case 1: 1471, 68.6101 % of all cases
Number case 2: 314, 81.9843 % of all cases
Number case 3: 673, 31.3899 % of all cases
Number case 4: 69, 18.0157 % of all cases
Number pf runs in case 1: 1189, prob pf given case 1 80.8294 %
Number pf runs in case 2: 314, prob pf given case 2 100.0000 %
Number pf runs in case 3: 243, prob pf given case 3 36.1070 %
Number pf runs in case 4: 0, prob pf given case 4 0.0000 %
