Starting ml estimationLength of training data: 1800Start values for optimization:
[-1675.05; 1375.71; 4765.66; -58.8521; -73.1682; -747.808; -4.68548; -355.504; 8.98857; 4.83859; 0.934979; 0.588406; -1.67788; -2.87451; -0.771963]Iter     Function value   Gradient norm 
     0     3.698300e+03     5.694031e+03
     1     3.262084e+03     2.855870e+03
     2     1.975381e+03     9.488459e+02
     3     1.934337e+03     1.262212e+03
     4     1.874534e+03     8.578166e+02
     5     1.866085e+03     2.493929e+02
     6     1.864053e+03     1.803131e+02
     7     1.852694e+03     8.614007e+01
     8     1.848558e+03     3.463314e+02
     9     1.817633e+03     1.754832e+02
    10     1.798021e+03     4.745932e+02
    11     1.645368e+03     1.876391e+03
    12     1.645370e+03     1.876423e+03
Estimated parameters of the GP model:
Estimated Β:s:
[-1675.15,1375.6,4765.39,-58.7235,-72.4946,-748.514,-4.48632,-355.928,9.05095,5.1954]
Estimated log Φ:s:
[-0.320285,-0.640191,-2.23617,-2.05645,-0.732181]
elapsed time: 187.742094782 seconds
Starting DA-GP-MCMC with adaptive RW estimating 3 parameters
Covariance - kernel_MH_direct:
[0.0260567 -0.0059508 0.0221521; -0.0059508 0.00199741 -0.00417316; 0.0221521 -0.00417316 0.114205]
MCMC algorithm: MCWM
Adaptation algorithm: noAdaptation
Prior distribution: Uniform
Particel filter: bootstrap
Iteration: 1
Covariance:
[0.0375216 -0.00856914 0.031899; -0.00856914 0.00287627 -0.00600934; 0.031899 -0.00600934 0.164455]
ESS: 216.2305
Loglik: 6404.9165 
Percentage done: 1.00 % 
Acceptance rate on iteration 1 to 1000 is 6.8068 %
Covariance:
[0.0375216 -0.00856914 0.031899; -0.00856914 0.00287627 -0.00600934; 0.031899 -0.00600934 0.164455]
Loglik: 6404.1887 
Percentage done: 2.00 % 
Acceptance rate on iteration 1001 to 2000 is 5.2052 %
Covariance:
[0.0375216 -0.00856914 0.031899; -0.00856914 0.00287627 -0.00600934; 0.031899 -0.00600934 0.164455]
Loglik: 6403.5711 
Percentage done: 3.00 % 
Acceptance rate on iteration 2001 to 3000 is 6.6066 %
Covariance:
[0.0375216 -0.00856914 0.031899; -0.00856914 0.00287627 -0.00600934; 0.031899 -0.00600934 0.164455]
Loglik: 6404.7932 
Percentage done: 4.00 % 
Acceptance rate on iteration 3001 to 4000 is 4.4044 %
Covariance:
[0.0375216 -0.00856914 0.031899; -0.00856914 0.00287627 -0.00600934; 0.031899 -0.00600934 0.164455]
Loglik: 6403.8708 
Percentage done: 5.00 % 
Acceptance rate on iteration 4001 to 5000 is 4.2042 %
Covariance:
[0.0375216 -0.00856914 0.031899; -0.00856914 0.00287627 -0.00600934; 0.031899 -0.00600934 0.164455]
Loglik: 6404.9207 
Percentage done: 6.00 % 
Acceptance rate on iteration 5001 to 6000 is 5.9059 %
Covariance:
[0.0375216 -0.00856914 0.031899; -0.00856914 0.00287627 -0.00600934; 0.031899 -0.00600934 0.164455]
Loglik: 6405.4829 
Percentage done: 7.00 % 
Acceptance rate on iteration 6001 to 7000 is 6.5065 %
Covariance:
[0.0375216 -0.00856914 0.031899; -0.00856914 0.00287627 -0.00600934; 0.031899 -0.00600934 0.164455]
Loglik: 6404.2766 
Percentage done: 8.00 % 
Acceptance rate on iteration 7001 to 8000 is 6.8068 %
Covariance:
[0.0375216 -0.00856914 0.031899; -0.00856914 0.00287627 -0.00600934; 0.031899 -0.00600934 0.164455]
Loglik: 6403.1141 
ESS: 201.3585
ESS: 174.6250
Percentage done: 9.00 % 
Acceptance rate on iteration 8001 to 9000 is 5.9059 %
Covariance:
[0.0375216 -0.00856914 0.031899; -0.00856914 0.00287627 -0.00600934; 0.031899 -0.00600934 0.164455]
Loglik: 6400.3261 
Percentage done: 10.00 % 
Acceptance rate on iteration 9001 to 10000 is 5.4054 %
Covariance:
[0.0375216 -0.00856914 0.031899; -0.00856914 0.00287627 -0.00600934; 0.031899 -0.00600934 0.164455]
Loglik: 6403.0767 
Percentage done: 11.00 % 
Acceptance rate on iteration 10001 to 11000 is 7.3073 %
Covariance:
[0.0375216 -0.00856914 0.031899; -0.00856914 0.00287627 -0.00600934; 0.031899 -0.00600934 0.164455]
Loglik: 6405.1886 
Percentage done: 12.00 % 
Acceptance rate on iteration 11001 to 12000 is 4.9049 %
Covariance:
[0.0375216 -0.00856914 0.031899; -0.00856914 0.00287627 -0.00600934; 0.031899 -0.00600934 0.164455]
Loglik: 6399.0558 
ESS: 90.9147
ESS: 117.2654
Percentage done: 13.00 % 
Acceptance rate on iteration 12001 to 13000 is 7.8078 %
Covariance:
[0.0375216 -0.00856914 0.031899; -0.00856914 0.00287627 -0.00600934; 0.031899 -0.00600934 0.164455]
Loglik: 6404.1710 
Percentage done: 14.00 % 
Acceptance rate on iteration 13001 to 14000 is 6.5065 %
Covariance:
[0.0375216 -0.00856914 0.031899; -0.00856914 0.00287627 -0.00600934; 0.031899 -0.00600934 0.164455]
Loglik: 6400.1179 
Percentage done: 15.00 % 
Acceptance rate on iteration 14001 to 15000 is 5.5055 %
Covariance:
[0.0375216 -0.00856914 0.031899; -0.00856914 0.00287627 -0.00600934; 0.031899 -0.00600934 0.164455]
Loglik: 6403.2496 
Percentage done: 16.00 % 
Acceptance rate on iteration 15001 to 16000 is 5.2052 %
Covariance:
[0.0375216 -0.00856914 0.031899; -0.00856914 0.00287627 -0.00600934; 0.031899 -0.00600934 0.164455]
Loglik: 6401.1770 
Percentage done: 17.00 % 
Acceptance rate on iteration 16001 to 17000 is 5.2052 %
Covariance:
[0.0375216 -0.00856914 0.031899; -0.00856914 0.00287627 -0.00600934; 0.031899 -0.00600934 0.164455]
Loglik: 6403.3269 
Percentage done: 18.00 % 
Acceptance rate on iteration 17001 to 18000 is 3.4034 %
Covariance:
[0.0375216 -0.00856914 0.031899; -0.00856914 0.00287627 -0.00600934; 0.031899 -0.00600934 0.164455]
Loglik: 6404.8268 
Percentage done: 19.00 % 
Acceptance rate on iteration 18001 to 19000 is 4.6046 %
Covariance:
[0.0375216 -0.00856914 0.031899; -0.00856914 0.00287627 -0.00600934; 0.031899 -0.00600934 0.164455]
Loglik: 6403.8830 
Percentage done: 20.00 % 
Acceptance rate on iteration 19001 to 20000 is 4.0040 %
Covariance:
[0.0375216 -0.00856914 0.031899; -0.00856914 0.00287627 -0.00600934; 0.031899 -0.00600934 0.164455]
Loglik: 6405.5337 
Percentage done: 21.00 % 
Acceptance rate on iteration 20001 to 21000 is 7.2072 %
Covariance:
[0.0375216 -0.00856914 0.031899; -0.00856914 0.00287627 -0.00600934; 0.031899 -0.00600934 0.164455]
Loglik: 6403.8222 
Percentage done: 22.00 % 
Acceptance rate on iteration 21001 to 22000 is 6.0060 %
Covariance:
[0.0375216 -0.00856914 0.031899; -0.00856914 0.00287627 -0.00600934; 0.031899 -0.00600934 0.164455]
Loglik: 6404.2502 
Percentage done: 23.00 % 
Acceptance rate on iteration 22001 to 23000 is 7.1071 %
Covariance:
[0.0375216 -0.00856914 0.031899; -0.00856914 0.00287627 -0.00600934; 0.031899 -0.00600934 0.164455]
Loglik: 6403.6869 
Percentage done: 24.00 % 
Acceptance rate on iteration 23001 to 24000 is 6.8068 %
Covariance:
[0.0375216 -0.00856914 0.031899; -0.00856914 0.00287627 -0.00600934; 0.031899 -0.00600934 0.164455]
Loglik: 6401.8629 
Percentage done: 25.00 % 
Acceptance rate on iteration 24001 to 25000 is 5.9059 %
Covariance:
[0.0375216 -0.00856914 0.031899; -0.00856914 0.00287627 -0.00600934; 0.031899 -0.00600934 0.164455]
Loglik: 6404.6053 
ESS: 242.4813
ESS: 252.9705
Percentage done: 26.00 % 
Acceptance rate on iteration 25001 to 26000 is 5.4054 %
Covariance:
[0.0375216 -0.00856914 0.031899; -0.00856914 0.00287627 -0.00600934; 0.031899 -0.00600934 0.164455]
Loglik: 6403.5308 
Percentage done: 27.00 % 
Acceptance rate on iteration 26001 to 27000 is 5.4054 %
Covariance:
[0.0375216 -0.00856914 0.031899; -0.00856914 0.00287627 -0.00600934; 0.031899 -0.00600934 0.164455]
Loglik: 6405.4124 
Percentage done: 28.00 % 
Acceptance rate on iteration 27001 to 28000 is 4.9049 %
Covariance:
[0.0375216 -0.00856914 0.031899; -0.00856914 0.00287627 -0.00600934; 0.031899 -0.00600934 0.164455]
Loglik: 6404.8221 
Percentage done: 29.00 % 
Acceptance rate on iteration 28001 to 29000 is 3.8038 %
Covariance:
[0.0375216 -0.00856914 0.031899; -0.00856914 0.00287627 -0.00600934; 0.031899 -0.00600934 0.164455]
Loglik: 6403.2411 
Percentage done: 30.00 % 
Acceptance rate on iteration 29001 to 30000 is 4.3043 %
Covariance:
[0.0375216 -0.00856914 0.031899; -0.00856914 0.00287627 -0.00600934; 0.031899 -0.00600934 0.164455]
Loglik: 6404.2258 
Percentage done: 31.00 % 
Acceptance rate on iteration 30001 to 31000 is 4.9049 %
Covariance:
[0.0375216 -0.00856914 0.031899; -0.00856914 0.00287627 -0.00600934; 0.031899 -0.00600934 0.164455]
Loglik: 6401.9679 
Percentage done: 32.00 % 
Acceptance rate on iteration 31001 to 32000 is 6.0060 %
Covariance:
[0.0375216 -0.00856914 0.031899; -0.00856914 0.00287627 -0.00600934; 0.031899 -0.00600934 0.164455]
Loglik: 6404.2091 
Percentage done: 33.00 % 
Acceptance rate on iteration 32001 to 33000 is 5.9059 %
Covariance:
[0.0375216 -0.00856914 0.031899; -0.00856914 0.00287627 -0.00600934; 0.031899 -0.00600934 0.164455]
Loglik: 6403.4093 
Percentage done: 34.00 % 
Acceptance rate on iteration 33001 to 34000 is 4.8048 %
Covariance:
[0.0375216 -0.00856914 0.031899; -0.00856914 0.00287627 -0.00600934; 0.031899 -0.00600934 0.164455]
Loglik: 6404.5829 
Percentage done: 35.00 % 
Acceptance rate on iteration 34001 to 35000 is 6.3063 %
Covariance:
[0.0375216 -0.00856914 0.031899; -0.00856914 0.00287627 -0.00600934; 0.031899 -0.00600934 0.164455]
Loglik: 6403.8177 
Percentage done: 36.00 % 
Acceptance rate on iteration 35001 to 36000 is 5.7057 %
Covariance:
[0.0375216 -0.00856914 0.031899; -0.00856914 0.00287627 -0.00600934; 0.031899 -0.00600934 0.164455]
Loglik: 6405.5786 
Percentage done: 37.00 % 
Acceptance rate on iteration 36001 to 37000 is 5.4054 %
Covariance:
[0.0375216 -0.00856914 0.031899; -0.00856914 0.00287627 -0.00600934; 0.031899 -0.00600934 0.164455]
Loglik: 6404.4505 
Percentage done: 38.00 % 
Acceptance rate on iteration 37001 to 38000 is 6.6066 %
Covariance:
[0.0375216 -0.00856914 0.031899; -0.00856914 0.00287627 -0.00600934; 0.031899 -0.00600934 0.164455]
Loglik: 6404.8824 
Percentage done: 39.00 % 
Acceptance rate on iteration 38001 to 39000 is 5.0050 %
Covariance:
[0.0375216 -0.00856914 0.031899; -0.00856914 0.00287627 -0.00600934; 0.031899 -0.00600934 0.164455]
Loglik: 6404.3020 
Percentage done: 40.00 % 
Acceptance rate on iteration 39001 to 40000 is 4.7047 %
Covariance:
[0.0375216 -0.00856914 0.031899; -0.00856914 0.00287627 -0.00600934; 0.031899 -0.00600934 0.164455]
Loglik: 6404.2386 
Percentage done: 41.00 % 
Acceptance rate on iteration 40001 to 41000 is 4.6046 %
Covariance:
[0.0375216 -0.00856914 0.031899; -0.00856914 0.00287627 -0.00600934; 0.031899 -0.00600934 0.164455]
Loglik: 6403.8329 
Percentage done: 42.00 % 
Acceptance rate on iteration 41001 to 42000 is 5.4054 %
Covariance:
[0.0375216 -0.00856914 0.031899; -0.00856914 0.00287627 -0.00600934; 0.031899 -0.00600934 0.164455]
Loglik: 6403.7425 
Percentage done: 43.00 % 
Acceptance rate on iteration 42001 to 43000 is 4.8048 %
Covariance:
[0.0375216 -0.00856914 0.031899; -0.00856914 0.00287627 -0.00600934; 0.031899 -0.00600934 0.164455]
Loglik: 6405.4264 
Percentage done: 44.00 % 
Acceptance rate on iteration 43001 to 44000 is 5.4054 %
Covariance:
[0.0375216 -0.00856914 0.031899; -0.00856914 0.00287627 -0.00600934; 0.031899 -0.00600934 0.164455]
Loglik: 6404.5547 
ESS: 391.2569
ESS: 352.7365
Percentage done: 45.00 % 
Acceptance rate on iteration 44001 to 45000 is 6.3063 %
Covariance:
[0.0375216 -0.00856914 0.031899; -0.00856914 0.00287627 -0.00600934; 0.031899 -0.00600934 0.164455]
Loglik: 6403.8003 
Percentage done: 46.00 % 
Acceptance rate on iteration 45001 to 46000 is 6.6066 %
Covariance:
[0.0375216 -0.00856914 0.031899; -0.00856914 0.00287627 -0.00600934; 0.031899 -0.00600934 0.164455]
Loglik: 6402.1525 
Percentage done: 47.00 % 
Acceptance rate on iteration 46001 to 47000 is 6.6066 %
Covariance:
[0.0375216 -0.00856914 0.031899; -0.00856914 0.00287627 -0.00600934; 0.031899 -0.00600934 0.164455]
Loglik: 6405.2574 
Percentage done: 48.00 % 
Acceptance rate on iteration 47001 to 48000 is 5.5055 %
Covariance:
[0.0375216 -0.00856914 0.031899; -0.00856914 0.00287627 -0.00600934; 0.031899 -0.00600934 0.164455]
Loglik: 6401.2177 
Percentage done: 49.00 % 
Acceptance rate on iteration 48001 to 49000 is 4.1041 %
Covariance:
[0.0375216 -0.00856914 0.031899; -0.00856914 0.00287627 -0.00600934; 0.031899 -0.00600934 0.164455]
Loglik: 6401.1460 
Percentage done: 50.00 % 
Acceptance rate on iteration 49001 to 50000 is 6.4064 %
Covariance:
[0.0375216 -0.00856914 0.031899; -0.00856914 0.00287627 -0.00600934; 0.031899 -0.00600934 0.164455]
Loglik: 6404.6048 
Percentage done: 51.00 % 
Acceptance rate on iteration 50001 to 51000 is 5.7057 %
Covariance:
[0.0375216 -0.00856914 0.031899; -0.00856914 0.00287627 -0.00600934; 0.031899 -0.00600934 0.164455]
Loglik: 6404.5172 
Percentage done: 52.00 % 
Acceptance rate on iteration 51001 to 52000 is 7.7077 %
Covariance:
[0.0375216 -0.00856914 0.031899; -0.00856914 0.00287627 -0.00600934; 0.031899 -0.00600934 0.164455]
Loglik: 6403.1250 
ESS: 121.6402
ESS: 97.4319
Percentage done: 53.00 % 
Acceptance rate on iteration 52001 to 53000 is 5.5055 %
Covariance:
[0.0375216 -0.00856914 0.031899; -0.00856914 0.00287627 -0.00600934; 0.031899 -0.00600934 0.164455]
Loglik: 6404.6326 
Percentage done: 54.00 % 
Acceptance rate on iteration 53001 to 54000 is 6.0060 %
Covariance:
[0.0375216 -0.00856914 0.031899; -0.00856914 0.00287627 -0.00600934; 0.031899 -0.00600934 0.164455]
Loglik: 6404.4549 
Percentage done: 55.00 % 
Acceptance rate on iteration 54001 to 55000 is 5.1051 %
Covariance:
[0.0375216 -0.00856914 0.031899; -0.00856914 0.00287627 -0.00600934; 0.031899 -0.00600934 0.164455]
Loglik: 6404.6376 
Percentage done: 56.00 % 
Acceptance rate on iteration 55001 to 56000 is 6.4064 %
Covariance:
[0.0375216 -0.00856914 0.031899; -0.00856914 0.00287627 -0.00600934; 0.031899 -0.00600934 0.164455]
Loglik: 6404.8918 
Percentage done: 57.00 % 
Acceptance rate on iteration 56001 to 57000 is 5.6056 %
Covariance:
[0.0375216 -0.00856914 0.031899; -0.00856914 0.00287627 -0.00600934; 0.031899 -0.00600934 0.164455]
Loglik: 6400.9620 
Percentage done: 58.00 % 
Acceptance rate on iteration 57001 to 58000 is 6.2062 %
Covariance:
[0.0375216 -0.00856914 0.031899; -0.00856914 0.00287627 -0.00600934; 0.031899 -0.00600934 0.164455]
Loglik: 6405.4055 
Percentage done: 59.00 % 
Acceptance rate on iteration 58001 to 59000 is 7.1071 %
Covariance:
[0.0375216 -0.00856914 0.031899; -0.00856914 0.00287627 -0.00600934; 0.031899 -0.00600934 0.164455]
Loglik: 6402.4528 
ESS: 353.9529
ESS: 366.2981
Percentage done: 60.00 % 
Acceptance rate on iteration 59001 to 60000 is 5.4054 %
Covariance:
[0.0375216 -0.00856914 0.031899; -0.00856914 0.00287627 -0.00600934; 0.031899 -0.00600934 0.164455]
Loglik: 6403.6514 
Percentage done: 61.00 % 
Acceptance rate on iteration 60001 to 61000 is 6.7067 %
Covariance:
[0.0375216 -0.00856914 0.031899; -0.00856914 0.00287627 -0.00600934; 0.031899 -0.00600934 0.164455]
Loglik: 6404.4417 
ESS: 345.7551
ESS: 283.3921
Percentage done: 62.00 % 
Acceptance rate on iteration 61001 to 62000 is 3.7037 %
Covariance:
[0.0375216 -0.00856914 0.031899; -0.00856914 0.00287627 -0.00600934; 0.031899 -0.00600934 0.164455]
Loglik: 6404.0847 
Percentage done: 63.00 % 
Acceptance rate on iteration 62001 to 63000 is 6.2062 %
Covariance:
[0.0375216 -0.00856914 0.031899; -0.00856914 0.00287627 -0.00600934; 0.031899 -0.00600934 0.164455]
Loglik: 6403.8206 
Percentage done: 64.00 % 
Acceptance rate on iteration 63001 to 64000 is 6.6066 %
Covariance:
[0.0375216 -0.00856914 0.031899; -0.00856914 0.00287627 -0.00600934; 0.031899 -0.00600934 0.164455]
Loglik: 6404.7012 
Percentage done: 65.00 % 
Acceptance rate on iteration 64001 to 65000 is 5.9059 %
Covariance:
[0.0375216 -0.00856914 0.031899; -0.00856914 0.00287627 -0.00600934; 0.031899 -0.00600934 0.164455]
Loglik: 6402.4013 
Percentage done: 66.00 % 
Acceptance rate on iteration 65001 to 66000 is 5.1051 %
Covariance:
[0.0375216 -0.00856914 0.031899; -0.00856914 0.00287627 -0.00600934; 0.031899 -0.00600934 0.164455]
Loglik: 6404.4815 
Percentage done: 67.00 % 
Acceptance rate on iteration 66001 to 67000 is 4.0040 %
Covariance:
[0.0375216 -0.00856914 0.031899; -0.00856914 0.00287627 -0.00600934; 0.031899 -0.00600934 0.164455]
Loglik: 6404.5291 
Percentage done: 68.00 % 
Acceptance rate on iteration 67001 to 68000 is 5.4054 %
Covariance:
[0.0375216 -0.00856914 0.031899; -0.00856914 0.00287627 -0.00600934; 0.031899 -0.00600934 0.164455]
Loglik: 6403.8934 
Percentage done: 69.00 % 
Acceptance rate on iteration 68001 to 69000 is 5.7057 %
Covariance:
[0.0375216 -0.00856914 0.031899; -0.00856914 0.00287627 -0.00600934; 0.031899 -0.00600934 0.164455]
Loglik: 6404.3950 
Percentage done: 70.00 % 
Acceptance rate on iteration 69001 to 70000 is 4.1041 %
Covariance:
[0.0375216 -0.00856914 0.031899; -0.00856914 0.00287627 -0.00600934; 0.031899 -0.00600934 0.164455]
Loglik: 6404.3917 
Percentage done: 71.00 % 
Acceptance rate on iteration 70001 to 71000 is 4.2042 %
Covariance:
[0.0375216 -0.00856914 0.031899; -0.00856914 0.00287627 -0.00600934; 0.031899 -0.00600934 0.164455]
Loglik: 6403.5827 
ESS: 173.8227
ESS: 288.6512
Percentage done: 72.00 % 
Acceptance rate on iteration 71001 to 72000 is 5.2052 %
Covariance:
[0.0375216 -0.00856914 0.031899; -0.00856914 0.00287627 -0.00600934; 0.031899 -0.00600934 0.164455]
Loglik: 6405.4589 
Percentage done: 73.00 % 
Acceptance rate on iteration 72001 to 73000 is 5.1051 %
Covariance:
[0.0375216 -0.00856914 0.031899; -0.00856914 0.00287627 -0.00600934; 0.031899 -0.00600934 0.164455]
Loglik: 6403.9380 
Percentage done: 74.00 % 
Acceptance rate on iteration 73001 to 74000 is 7.1071 %
Covariance:
[0.0375216 -0.00856914 0.031899; -0.00856914 0.00287627 -0.00600934; 0.031899 -0.00600934 0.164455]
Loglik: 6404.4038 
Percentage done: 75.00 % 
Acceptance rate on iteration 74001 to 75000 is 5.5055 %
Covariance:
[0.0375216 -0.00856914 0.031899; -0.00856914 0.00287627 -0.00600934; 0.031899 -0.00600934 0.164455]
Loglik: 6403.2718 
Percentage done: 76.00 % 
Acceptance rate on iteration 75001 to 76000 is 4.8048 %
Covariance:
[0.0375216 -0.00856914 0.031899; -0.00856914 0.00287627 -0.00600934; 0.031899 -0.00600934 0.164455]
Loglik: 6402.9122 
Percentage done: 77.00 % 
Acceptance rate on iteration 76001 to 77000 is 6.8068 %
Covariance:
[0.0375216 -0.00856914 0.031899; -0.00856914 0.00287627 -0.00600934; 0.031899 -0.00600934 0.164455]
Loglik: 6399.6348 
ESS: 7.5442
ESS: 73.1291
Percentage done: 78.00 % 
Acceptance rate on iteration 77001 to 78000 is 6.2062 %
Covariance:
[0.0375216 -0.00856914 0.031899; -0.00856914 0.00287627 -0.00600934; 0.031899 -0.00600934 0.164455]
Loglik: 6401.9364 
Percentage done: 79.00 % 
Acceptance rate on iteration 78001 to 79000 is 4.7047 %
Covariance:
[0.0375216 -0.00856914 0.031899; -0.00856914 0.00287627 -0.00600934; 0.031899 -0.00600934 0.164455]
Loglik: 6401.8104 
ESS: 695.1456
ESS: 481.2928
Percentage done: 80.00 % 
Acceptance rate on iteration 79001 to 80000 is 5.5055 %
Covariance:
[0.0375216 -0.00856914 0.031899; -0.00856914 0.00287627 -0.00600934; 0.031899 -0.00600934 0.164455]
Loglik: 6404.2655 
Percentage done: 81.00 % 
Acceptance rate on iteration 80001 to 81000 is 5.9059 %
Covariance:
[0.0375216 -0.00856914 0.031899; -0.00856914 0.00287627 -0.00600934; 0.031899 -0.00600934 0.164455]
Loglik: 6404.7260 
Percentage done: 82.00 % 
Acceptance rate on iteration 81001 to 82000 is 6.3063 %
Covariance:
[0.0375216 -0.00856914 0.031899; -0.00856914 0.00287627 -0.00600934; 0.031899 -0.00600934 0.164455]
Loglik: 6404.7861 
Percentage done: 83.00 % 
Acceptance rate on iteration 82001 to 83000 is 6.2062 %
Covariance:
[0.0375216 -0.00856914 0.031899; -0.00856914 0.00287627 -0.00600934; 0.031899 -0.00600934 0.164455]
Loglik: 6404.8995 
Percentage done: 84.00 % 
Acceptance rate on iteration 83001 to 84000 is 5.1051 %
Covariance:
[0.0375216 -0.00856914 0.031899; -0.00856914 0.00287627 -0.00600934; 0.031899 -0.00600934 0.164455]
Loglik: 6399.6712 
Percentage done: 85.00 % 
Acceptance rate on iteration 84001 to 85000 is 6.4064 %
Covariance:
[0.0375216 -0.00856914 0.031899; -0.00856914 0.00287627 -0.00600934; 0.031899 -0.00600934 0.164455]
Loglik: 6405.3046 
Percentage done: 86.00 % 
Acceptance rate on iteration 85001 to 86000 is 5.4054 %
Covariance:
[0.0375216 -0.00856914 0.031899; -0.00856914 0.00287627 -0.00600934; 0.031899 -0.00600934 0.164455]
Loglik: 6404.1413 
Percentage done: 87.00 % 
Acceptance rate on iteration 86001 to 87000 is 5.9059 %
Covariance:
[0.0375216 -0.00856914 0.031899; -0.00856914 0.00287627 -0.00600934; 0.031899 -0.00600934 0.164455]
Loglik: 6401.7097 
Percentage done: 88.00 % 
Acceptance rate on iteration 87001 to 88000 is 6.8068 %
Covariance:
[0.0375216 -0.00856914 0.031899; -0.00856914 0.00287627 -0.00600934; 0.031899 -0.00600934 0.164455]
Loglik: 6403.3752 
Percentage done: 89.00 % 
Acceptance rate on iteration 88001 to 89000 is 5.6056 %
Covariance:
[0.0375216 -0.00856914 0.031899; -0.00856914 0.00287627 -0.00600934; 0.031899 -0.00600934 0.164455]
Loglik: 6403.0951 
Percentage done: 90.00 % 
Acceptance rate on iteration 89001 to 90000 is 4.8048 %
Covariance:
[0.0375216 -0.00856914 0.031899; -0.00856914 0.00287627 -0.00600934; 0.031899 -0.00600934 0.164455]
Loglik: 6404.0344 
Percentage done: 91.00 % 
Acceptance rate on iteration 90001 to 91000 is 4.7047 %
Covariance:
[0.0375216 -0.00856914 0.031899; -0.00856914 0.00287627 -0.00600934; 0.031899 -0.00600934 0.164455]
Loglik: 6404.8631 
Percentage done: 92.00 % 
Acceptance rate on iteration 91001 to 92000 is 7.5075 %
Covariance:
[0.0375216 -0.00856914 0.031899; -0.00856914 0.00287627 -0.00600934; 0.031899 -0.00600934 0.164455]
Loglik: 6404.6714 
Percentage done: 93.00 % 
Acceptance rate on iteration 92001 to 93000 is 4.5045 %
Covariance:
[0.0375216 -0.00856914 0.031899; -0.00856914 0.00287627 -0.00600934; 0.031899 -0.00600934 0.164455]
Loglik: 6403.4620 
Percentage done: 94.00 % 
Acceptance rate on iteration 93001 to 94000 is 5.6056 %
Covariance:
[0.0375216 -0.00856914 0.031899; -0.00856914 0.00287627 -0.00600934; 0.031899 -0.00600934 0.164455]
Loglik: 6404.3118 
ESS: 113.0702
ESS: 240.6525
Percentage done: 95.00 % 
Acceptance rate on iteration 94001 to 95000 is 6.9069 %
Covariance:
[0.0375216 -0.00856914 0.031899; -0.00856914 0.00287627 -0.00600934; 0.031899 -0.00600934 0.164455]
Loglik: 6404.1969 
Percentage done: 96.00 % 
Acceptance rate on iteration 95001 to 96000 is 5.1051 %
Covariance:
[0.0375216 -0.00856914 0.031899; -0.00856914 0.00287627 -0.00600934; 0.031899 -0.00600934 0.164455]
Loglik: 6403.5563 
Percentage done: 97.00 % 
Acceptance rate on iteration 96001 to 97000 is 7.3073 %
Covariance:
[0.0375216 -0.00856914 0.031899; -0.00856914 0.00287627 -0.00600934; 0.031899 -0.00600934 0.164455]
Loglik: 6402.5486 
Percentage done: 98.00 % 
Acceptance rate on iteration 97001 to 98000 is 6.1061 %
Covariance:
[0.0375216 -0.00856914 0.031899; -0.00856914 0.00287627 -0.00600934; 0.031899 -0.00600934 0.164455]
Loglik: 6403.8535 
Percentage done: 99.00 % 
Acceptance rate on iteration 98001 to 99000 is 5.3053 %
Covariance:
[0.0375216 -0.00856914 0.031899; -0.00856914 0.00287627 -0.00600934; 0.031899 -0.00600934 0.164455]
Loglik: 6404.6432 
elapsed time: 365.931421238 seconds
Ending DA-GP-MCMC with adaptive RW estimating 3 parameters
Algorithm: MCWM
Adaptation algorithm: noAdaptation
Prior distribution: Uniform
Particel filter: bootstrap
Time pre-er:  0
Time fit GP model:  0
Time er-part:  366
Number early-rejections: 86219
Number of cases directly to ordinary MH: 10081
Number of cases directly to ordinary MH accapted: 3830
Number cases in secound stage: 3699
Number accepted in secound stage: 1827
Accaptace rate for ordinary MH accapted: 37.9923
Accaptace rate a_1: 4.1137
Accaptace rate a_2: 49.3917
Accaptace rate a_1*a_2: 2.0319
Accaptace rate a (for entier algorithm): 5.6570
Covariance - kernel_secound_stage_direct:
[0.0260567 -0.0059508 0.0221521; -0.0059508 0.00199741 -0.00417316; 0.0221521 -0.00417316 0.114205]
Starting DA-GP-MCMC with adaptive RW estimating 3 parameters
MCMC algorithm: MCWM
Adaptation algorithm: noAdaptation
Select case model: BiaseCoin
Prior distribution: Uniform
Particel filter: bootstrap
Iteration: 1
Covariance:
[0.0375216 -0.00856914 0.031899; -0.00856914 0.00287627 -0.00600934; 0.031899 -0.00600934 0.164455]
ESS: 215.9297
Loglik: 6405.0016 
Percentage done: 1.00 % 
Acceptance rate on iteration 1 to 1000 is 6.5065 %
Covariance:
[0.0375216 -0.00856914 0.031899; -0.00856914 0.00287627 -0.00600934; 0.031899 -0.00600934 0.164455]
Loglik: 6403.6323 
Percentage done: 2.00 % 
Acceptance rate on iteration 1001 to 2000 is 5.5055 %
Covariance:
[0.0375216 -0.00856914 0.031899; -0.00856914 0.00287627 -0.00600934; 0.031899 -0.00600934 0.164455]
Loglik: 6401.7583 
Percentage done: 3.00 % 
Acceptance rate on iteration 2001 to 3000 is 8.4084 %
Covariance:
[0.0375216 -0.00856914 0.031899; -0.00856914 0.00287627 -0.00600934; 0.031899 -0.00600934 0.164455]
Loglik: 6404.5238 
Percentage done: 4.00 % 
Acceptance rate on iteration 3001 to 4000 is 6.8068 %
Covariance:
[0.0375216 -0.00856914 0.031899; -0.00856914 0.00287627 -0.00600934; 0.031899 -0.00600934 0.164455]
Loglik: 6404.2752 
Percentage done: 5.00 % 
Acceptance rate on iteration 4001 to 5000 is 6.3063 %
Covariance:
[0.0375216 -0.00856914 0.031899; -0.00856914 0.00287627 -0.00600934; 0.031899 -0.00600934 0.164455]
Loglik: 6403.9503 
Percentage done: 6.00 % 
Acceptance rate on iteration 5001 to 6000 is 6.6066 %
Covariance:
[0.0375216 -0.00856914 0.031899; -0.00856914 0.00287627 -0.00600934; 0.031899 -0.00600934 0.164455]
Loglik: NaN 
ESS: 20.6868
ESS: 152.2070
Percentage done: 7.00 % 
Acceptance rate on iteration 6001 to 7000 is 7.3073 %
Covariance:
[0.0375216 -0.00856914 0.031899; -0.00856914 0.00287627 -0.00600934; 0.031899 -0.00600934 0.164455]
Loglik: 6401.3529 
Percentage done: 8.00 % 
Acceptance rate on iteration 7001 to 8000 is 9.9099 %
Covariance:
[0.0375216 -0.00856914 0.031899; -0.00856914 0.00287627 -0.00600934; 0.031899 -0.00600934 0.164455]
Loglik: 6404.3813 
Percentage done: 9.00 % 
Acceptance rate on iteration 8001 to 9000 is 6.8068 %
Covariance:
[0.0375216 -0.00856914 0.031899; -0.00856914 0.00287627 -0.00600934; 0.031899 -0.00600934 0.164455]
Loglik: 6403.2557 
Percentage done: 10.00 % 
Acceptance rate on iteration 9001 to 10000 is 5.1051 %
Covariance:
[0.0375216 -0.00856914 0.031899; -0.00856914 0.00287627 -0.00600934; 0.031899 -0.00600934 0.164455]
Loglik: 6403.5974 
ESS: 380.6300
ESS: 257.2771
Percentage done: 11.00 % 
Acceptance rate on iteration 10001 to 11000 is 5.0050 %
Covariance:
[0.0375216 -0.00856914 0.031899; -0.00856914 0.00287627 -0.00600934; 0.031899 -0.00600934 0.164455]
Loglik: 6404.3189 
Percentage done: 12.00 % 
Acceptance rate on iteration 11001 to 12000 is 6.3063 %
Covariance:
[0.0375216 -0.00856914 0.031899; -0.00856914 0.00287627 -0.00600934; 0.031899 -0.00600934 0.164455]
Loglik: 6405.1060 
Percentage done: 13.00 % 
Acceptance rate on iteration 12001 to 13000 is 6.9069 %
Covariance:
[0.0375216 -0.00856914 0.031899; -0.00856914 0.00287627 -0.00600934; 0.031899 -0.00600934 0.164455]
Loglik: 6405.0664 
ESS: 315.0322
ESS: 294.4274
Percentage done: 14.00 % 
Acceptance rate on iteration 13001 to 14000 is 7.2072 %
Covariance:
[0.0375216 -0.00856914 0.031899; -0.00856914 0.00287627 -0.00600934; 0.031899 -0.00600934 0.164455]
Loglik: NaN 
Percentage done: 15.00 % 
Acceptance rate on iteration 14001 to 15000 is 7.3073 %
Covariance:
[0.0375216 -0.00856914 0.031899; -0.00856914 0.00287627 -0.00600934; 0.031899 -0.00600934 0.164455]
Loglik: 6403.0830 
Percentage done: 16.00 % 
Acceptance rate on iteration 15001 to 16000 is 4.9049 %
Covariance:
[0.0375216 -0.00856914 0.031899; -0.00856914 0.00287627 -0.00600934; 0.031899 -0.00600934 0.164455]
Loglik: 6404.8407 
Percentage done: 17.00 % 
Acceptance rate on iteration 16001 to 17000 is 6.2062 %
Covariance:
[0.0375216 -0.00856914 0.031899; -0.00856914 0.00287627 -0.00600934; 0.031899 -0.00600934 0.164455]
Loglik: 6404.5432 
Percentage done: 18.00 % 
Acceptance rate on iteration 17001 to 18000 is 8.0080 %
Covariance:
[0.0375216 -0.00856914 0.031899; -0.00856914 0.00287627 -0.00600934; 0.031899 -0.00600934 0.164455]
Loglik: 6403.2514 
Percentage done: 19.00 % 
Acceptance rate on iteration 18001 to 19000 is 5.0050 %
Covariance:
[0.0375216 -0.00856914 0.031899; -0.00856914 0.00287627 -0.00600934; 0.031899 -0.00600934 0.164455]
Loglik: 6404.1816 
Percentage done: 20.00 % 
Acceptance rate on iteration 19001 to 20000 is 7.1071 %
Covariance:
[0.0375216 -0.00856914 0.031899; -0.00856914 0.00287627 -0.00600934; 0.031899 -0.00600934 0.164455]
Loglik: 6403.3445 
Percentage done: 21.00 % 
Acceptance rate on iteration 20001 to 21000 is 7.9079 %
Covariance:
[0.0375216 -0.00856914 0.031899; -0.00856914 0.00287627 -0.00600934; 0.031899 -0.00600934 0.164455]
Loglik: 6404.7209 
Percentage done: 22.00 % 
Acceptance rate on iteration 21001 to 22000 is 8.8088 %
Covariance:
[0.0375216 -0.00856914 0.031899; -0.00856914 0.00287627 -0.00600934; 0.031899 -0.00600934 0.164455]
Loglik: 6403.9838 
Percentage done: 23.00 % 
Acceptance rate on iteration 22001 to 23000 is 9.2092 %
Covariance:
[0.0375216 -0.00856914 0.031899; -0.00856914 0.00287627 -0.00600934; 0.031899 -0.00600934 0.164455]
Loglik: NaN 
ESS: 149.3483
ESS: 129.7323
Percentage done: 24.00 % 
Acceptance rate on iteration 23001 to 24000 is 5.7057 %
Covariance:
[0.0375216 -0.00856914 0.031899; -0.00856914 0.00287627 -0.00600934; 0.031899 -0.00600934 0.164455]
Loglik: NaN 
Percentage done: 25.00 % 
Acceptance rate on iteration 24001 to 25000 is 4.7047 %
Covariance:
[0.0375216 -0.00856914 0.031899; -0.00856914 0.00287627 -0.00600934; 0.031899 -0.00600934 0.164455]
Loglik: 6404.5867 
Percentage done: 26.00 % 
Acceptance rate on iteration 25001 to 26000 is 6.5065 %
Covariance:
[0.0375216 -0.00856914 0.031899; -0.00856914 0.00287627 -0.00600934; 0.031899 -0.00600934 0.164455]
Loglik: 6402.2084 
Percentage done: 27.00 % 
Acceptance rate on iteration 26001 to 27000 is 5.1051 %
Covariance:
[0.0375216 -0.00856914 0.031899; -0.00856914 0.00287627 -0.00600934; 0.031899 -0.00600934 0.164455]
Loglik: 6404.5931 
Percentage done: 28.00 % 
Acceptance rate on iteration 27001 to 28000 is 8.5085 %
Covariance:
[0.0375216 -0.00856914 0.031899; -0.00856914 0.00287627 -0.00600934; 0.031899 -0.00600934 0.164455]
Loglik: 6403.4116 
Percentage done: 29.00 % 
Acceptance rate on iteration 28001 to 29000 is 5.6056 %
Covariance:
[0.0375216 -0.00856914 0.031899; -0.00856914 0.00287627 -0.00600934; 0.031899 -0.00600934 0.164455]
Loglik: 6405.0385 
Percentage done: 30.00 % 
Acceptance rate on iteration 29001 to 30000 is 7.3073 %
Covariance:
[0.0375216 -0.00856914 0.031899; -0.00856914 0.00287627 -0.00600934; 0.031899 -0.00600934 0.164455]
Loglik: NaN 
Percentage done: 31.00 % 
Acceptance rate on iteration 30001 to 31000 is 5.2052 %
Covariance:
[0.0375216 -0.00856914 0.031899; -0.00856914 0.00287627 -0.00600934; 0.031899 -0.00600934 0.164455]
Loglik: 6404.1092 
Percentage done: 32.00 % 
Acceptance rate on iteration 31001 to 32000 is 7.3073 %
Covariance:
[0.0375216 -0.00856914 0.031899; -0.00856914 0.00287627 -0.00600934; 0.031899 -0.00600934 0.164455]
Loglik: NaN 
Percentage done: 33.00 % 
Acceptance rate on iteration 32001 to 33000 is 6.2062 %
Covariance:
[0.0375216 -0.00856914 0.031899; -0.00856914 0.00287627 -0.00600934; 0.031899 -0.00600934 0.164455]
Loglik: 6404.2442 
Percentage done: 34.00 % 
Acceptance rate on iteration 33001 to 34000 is 7.9079 %
Covariance:
[0.0375216 -0.00856914 0.031899; -0.00856914 0.00287627 -0.00600934; 0.031899 -0.00600934 0.164455]
Loglik: 6404.7177 
Percentage done: 35.00 % 
Acceptance rate on iteration 34001 to 35000 is 8.1081 %
Covariance:
[0.0375216 -0.00856914 0.031899; -0.00856914 0.00287627 -0.00600934; 0.031899 -0.00600934 0.164455]
Loglik: 6403.9983 
ESS: 194.4632
ESS: 205.3427
Percentage done: 36.00 % 
Acceptance rate on iteration 35001 to 36000 is 7.2072 %
Covariance:
[0.0375216 -0.00856914 0.031899; -0.00856914 0.00287627 -0.00600934; 0.031899 -0.00600934 0.164455]
Loglik: NaN 
Percentage done: 37.00 % 
Acceptance rate on iteration 36001 to 37000 is 8.0080 %
Covariance:
[0.0375216 -0.00856914 0.031899; -0.00856914 0.00287627 -0.00600934; 0.031899 -0.00600934 0.164455]
Loglik: NaN 
Percentage done: 38.00 % 
Acceptance rate on iteration 37001 to 38000 is 6.0060 %
Covariance:
[0.0375216 -0.00856914 0.031899; -0.00856914 0.00287627 -0.00600934; 0.031899 -0.00600934 0.164455]
Loglik: NaN 
Percentage done: 39.00 % 
Acceptance rate on iteration 38001 to 39000 is 6.2062 %
Covariance:
[0.0375216 -0.00856914 0.031899; -0.00856914 0.00287627 -0.00600934; 0.031899 -0.00600934 0.164455]
Loglik: NaN 
Percentage done: 40.00 % 
Acceptance rate on iteration 39001 to 40000 is 7.6076 %
Covariance:
[0.0375216 -0.00856914 0.031899; -0.00856914 0.00287627 -0.00600934; 0.031899 -0.00600934 0.164455]
Loglik: 6402.9956 
ESS: 185.0187
ESS: 192.9831
Percentage done: 41.00 % 
Acceptance rate on iteration 40001 to 41000 is 4.8048 %
Covariance:
[0.0375216 -0.00856914 0.031899; -0.00856914 0.00287627 -0.00600934; 0.031899 -0.00600934 0.164455]
Loglik: NaN 
Percentage done: 42.00 % 
Acceptance rate on iteration 41001 to 42000 is 7.0070 %
Covariance:
[0.0375216 -0.00856914 0.031899; -0.00856914 0.00287627 -0.00600934; 0.031899 -0.00600934 0.164455]
Loglik: NaN 
Percentage done: 43.00 % 
Acceptance rate on iteration 42001 to 43000 is 6.1061 %
Covariance:
[0.0375216 -0.00856914 0.031899; -0.00856914 0.00287627 -0.00600934; 0.031899 -0.00600934 0.164455]
Loglik: 6404.9070 
Percentage done: 44.00 % 
Acceptance rate on iteration 43001 to 44000 is 5.3053 %
Covariance:
[0.0375216 -0.00856914 0.031899; -0.00856914 0.00287627 -0.00600934; 0.031899 -0.00600934 0.164455]
Loglik: 6404.6412 
Percentage done: 45.00 % 
Acceptance rate on iteration 44001 to 45000 is 5.1051 %
Covariance:
[0.0375216 -0.00856914 0.031899; -0.00856914 0.00287627 -0.00600934; 0.031899 -0.00600934 0.164455]
Loglik: NaN 
Percentage done: 46.00 % 
Acceptance rate on iteration 45001 to 46000 is 7.0070 %
Covariance:
[0.0375216 -0.00856914 0.031899; -0.00856914 0.00287627 -0.00600934; 0.031899 -0.00600934 0.164455]
Loglik: 6402.3317 
Percentage done: 47.00 % 
Acceptance rate on iteration 46001 to 47000 is 5.8058 %
Covariance:
[0.0375216 -0.00856914 0.031899; -0.00856914 0.00287627 -0.00600934; 0.031899 -0.00600934 0.164455]
Loglik: NaN 
Percentage done: 48.00 % 
Acceptance rate on iteration 47001 to 48000 is 5.3053 %
Covariance:
[0.0375216 -0.00856914 0.031899; -0.00856914 0.00287627 -0.00600934; 0.031899 -0.00600934 0.164455]
Loglik: 6404.3825 
ESS: 359.0998
ESS: 215.5031
Percentage done: 49.00 % 
Acceptance rate on iteration 48001 to 49000 is 6.6066 %
Covariance:
[0.0375216 -0.00856914 0.031899; -0.00856914 0.00287627 -0.00600934; 0.031899 -0.00600934 0.164455]
Loglik: 6402.7787 
Percentage done: 50.00 % 
Acceptance rate on iteration 49001 to 50000 is 6.5065 %
Covariance:
[0.0375216 -0.00856914 0.031899; -0.00856914 0.00287627 -0.00600934; 0.031899 -0.00600934 0.164455]
Loglik: 6405.3285 
Percentage done: 51.00 % 
Acceptance rate on iteration 50001 to 51000 is 6.0060 %
Covariance:
[0.0375216 -0.00856914 0.031899; -0.00856914 0.00287627 -0.00600934; 0.031899 -0.00600934 0.164455]
Loglik: 6404.7768 
Percentage done: 52.00 % 
Acceptance rate on iteration 51001 to 52000 is 6.1061 %
Covariance:
[0.0375216 -0.00856914 0.031899; -0.00856914 0.00287627 -0.00600934; 0.031899 -0.00600934 0.164455]
Loglik: 6402.5650 
Percentage done: 53.00 % 
Acceptance rate on iteration 52001 to 53000 is 7.7077 %
Covariance:
[0.0375216 -0.00856914 0.031899; -0.00856914 0.00287627 -0.00600934; 0.031899 -0.00600934 0.164455]
Loglik: 6406.0171 
Percentage done: 54.00 % 
Acceptance rate on iteration 53001 to 54000 is 7.8078 %
Covariance:
[0.0375216 -0.00856914 0.031899; -0.00856914 0.00287627 -0.00600934; 0.031899 -0.00600934 0.164455]
Loglik: NaN 
Percentage done: 55.00 % 
Acceptance rate on iteration 54001 to 55000 is 8.4084 %
Covariance:
[0.0375216 -0.00856914 0.031899; -0.00856914 0.00287627 -0.00600934; 0.031899 -0.00600934 0.164455]
Loglik: 6404.4372 
Percentage done: 56.00 % 
Acceptance rate on iteration 55001 to 56000 is 7.5075 %
Covariance:
[0.0375216 -0.00856914 0.031899; -0.00856914 0.00287627 -0.00600934; 0.031899 -0.00600934 0.164455]
Loglik: 6405.9457 
Percentage done: 57.00 % 
Acceptance rate on iteration 56001 to 57000 is 5.8058 %
Covariance:
[0.0375216 -0.00856914 0.031899; -0.00856914 0.00287627 -0.00600934; 0.031899 -0.00600934 0.164455]
Loglik: 6401.9295 
Percentage done: 58.00 % 
Acceptance rate on iteration 57001 to 58000 is 7.7077 %
Covariance:
[0.0375216 -0.00856914 0.031899; -0.00856914 0.00287627 -0.00600934; 0.031899 -0.00600934 0.164455]
Loglik: 6403.5075 
Percentage done: 59.00 % 
Acceptance rate on iteration 58001 to 59000 is 6.4064 %
Covariance:
[0.0375216 -0.00856914 0.031899; -0.00856914 0.00287627 -0.00600934; 0.031899 -0.00600934 0.164455]
Loglik: 6404.8487 
ESS: 792.7983
ESS: 216.7062
Percentage done: 60.00 % 
Acceptance rate on iteration 59001 to 60000 is 4.7047 %
Covariance:
[0.0375216 -0.00856914 0.031899; -0.00856914 0.00287627 -0.00600934; 0.031899 -0.00600934 0.164455]
Loglik: NaN 
ESS: 233.0725
ESS: 260.4802
Percentage done: 61.00 % 
Acceptance rate on iteration 60001 to 61000 is 7.7077 %
Covariance:
[0.0375216 -0.00856914 0.031899; -0.00856914 0.00287627 -0.00600934; 0.031899 -0.00600934 0.164455]
Loglik: NaN 
Percentage done: 62.00 % 
Acceptance rate on iteration 61001 to 62000 is 6.1061 %
Covariance:
[0.0375216 -0.00856914 0.031899; -0.00856914 0.00287627 -0.00600934; 0.031899 -0.00600934 0.164455]
Loglik: NaN 
Percentage done: 63.00 % 
Acceptance rate on iteration 62001 to 63000 is 5.2052 %
Covariance:
[0.0375216 -0.00856914 0.031899; -0.00856914 0.00287627 -0.00600934; 0.031899 -0.00600934 0.164455]
Loglik: NaN 
Percentage done: 64.00 % 
Acceptance rate on iteration 63001 to 64000 is 6.8068 %
Covariance:
[0.0375216 -0.00856914 0.031899; -0.00856914 0.00287627 -0.00600934; 0.031899 -0.00600934 0.164455]
Loglik: 6403.6414 
Percentage done: 65.00 % 
Acceptance rate on iteration 64001 to 65000 is 8.2082 %
Covariance:
[0.0375216 -0.00856914 0.031899; -0.00856914 0.00287627 -0.00600934; 0.031899 -0.00600934 0.164455]
Loglik: 6404.5332 
ESS: 150.1523
ESS: 235.8259
Percentage done: 66.00 % 
Acceptance rate on iteration 65001 to 66000 is 6.1061 %
Covariance:
[0.0375216 -0.00856914 0.031899; -0.00856914 0.00287627 -0.00600934; 0.031899 -0.00600934 0.164455]
Loglik: NaN 
Percentage done: 67.00 % 
Acceptance rate on iteration 66001 to 67000 is 8.7087 %
Covariance:
[0.0375216 -0.00856914 0.031899; -0.00856914 0.00287627 -0.00600934; 0.031899 -0.00600934 0.164455]
Loglik: 6404.7435 
Percentage done: 68.00 % 
Acceptance rate on iteration 67001 to 68000 is 6.2062 %
Covariance:
[0.0375216 -0.00856914 0.031899; -0.00856914 0.00287627 -0.00600934; 0.031899 -0.00600934 0.164455]
Loglik: NaN 
Percentage done: 69.00 % 
Acceptance rate on iteration 68001 to 69000 is 7.3073 %
Covariance:
[0.0375216 -0.00856914 0.031899; -0.00856914 0.00287627 -0.00600934; 0.031899 -0.00600934 0.164455]
Loglik: 6404.5209 
Percentage done: 70.00 % 
Acceptance rate on iteration 69001 to 70000 is 7.9079 %
Covariance:
[0.0375216 -0.00856914 0.031899; -0.00856914 0.00287627 -0.00600934; 0.031899 -0.00600934 0.164455]
Loglik: NaN 
Percentage done: 71.00 % 
Acceptance rate on iteration 70001 to 71000 is 9.9099 %
Covariance:
[0.0375216 -0.00856914 0.031899; -0.00856914 0.00287627 -0.00600934; 0.031899 -0.00600934 0.164455]
Loglik: NaN 
Percentage done: 72.00 % 
Acceptance rate on iteration 71001 to 72000 is 7.1071 %
Covariance:
[0.0375216 -0.00856914 0.031899; -0.00856914 0.00287627 -0.00600934; 0.031899 -0.00600934 0.164455]
Loglik: 6402.7125 
Percentage done: 73.00 % 
Acceptance rate on iteration 72001 to 73000 is 6.7067 %
Covariance:
[0.0375216 -0.00856914 0.031899; -0.00856914 0.00287627 -0.00600934; 0.031899 -0.00600934 0.164455]
Loglik: NaN 
Percentage done: 74.00 % 
Acceptance rate on iteration 73001 to 74000 is 5.7057 %
Covariance:
[0.0375216 -0.00856914 0.031899; -0.00856914 0.00287627 -0.00600934; 0.031899 -0.00600934 0.164455]
Loglik: 6405.1763 
Percentage done: 75.00 % 
Acceptance rate on iteration 74001 to 75000 is 5.8058 %
Covariance:
