Starting ml estimationLength of training data: 1800Start values for optimization:
[-1675.05; 1375.71; 4765.66; -58.8521; -73.1682; -747.808; -4.68548; -355.504; 8.98857; 4.83859; 0.934979; 0.588406; -1.67788; -2.87451; -0.771963]Iter     Function value   Gradient norm 
     0     3.698300e+03     5.694031e+03
     1     3.262084e+03     2.855870e+03
     2     1.975381e+03     9.488459e+02
     3     1.934337e+03     1.262212e+03
     4     1.874534e+03     8.578166e+02
     5     1.866085e+03     2.493929e+02
     6     1.864053e+03     1.803131e+02
     7     1.852694e+03     8.614007e+01
     8     1.848558e+03     3.463314e+02
     9     1.817633e+03     1.754832e+02
    10     1.798021e+03     4.745932e+02
    11     1.645368e+03     1.876391e+03
    12     1.645370e+03     1.876423e+03
Estimated parameters of the GP model:
Estimated Β:s:
[-1675.15,1375.6,4765.39,-58.7235,-72.4946,-748.514,-4.48632,-355.928,9.05095,5.1954]
Estimated log Φ:s:
[-0.320285,-0.640191,-2.23617,-2.05645,-0.732181]
elapsed time: 186.776511037 seconds
Starting DA-GP-MCMC with adaptive RW estimating 3 parameters
Covariance - kernel_MH_direct:
[0.0260567 -0.0059508 0.0221521; -0.0059508 0.00199741 -0.00417316; 0.0221521 -0.00417316 0.114205]
MCMC algorithm: MCWM
Adaptation algorithm: noAdaptation
Prior distribution: Uniform
Particel filter: bootstrap
Iteration: 1
Covariance:
[0.0260567 -0.0059508 0.0221521; -0.0059508 0.00199741 -0.00417316; 0.0221521 -0.00417316 0.114205]
ESS: 228.3100
Loglik: 6406.0737 
Percentage done: 2.00 % 
Acceptance rate on iteration 1 to 1000 is 1.5015 %
Covariance:
[0.0260567 -0.0059508 0.0221521; -0.0059508 0.00199741 -0.00417316; 0.0221521 -0.00417316 0.114205]
Loglik: 6404.3830 
Percentage done: 4.00 % 
Acceptance rate on iteration 1001 to 2000 is 2.0020 %
Covariance:
[0.0260567 -0.0059508 0.0221521; -0.0059508 0.00199741 -0.00417316; 0.0221521 -0.00417316 0.114205]
Loglik: 6403.5738 
Percentage done: 6.00 % 
Acceptance rate on iteration 2001 to 3000 is 1.1011 %
Covariance:
[0.0260567 -0.0059508 0.0221521; -0.0059508 0.00199741 -0.00417316; 0.0221521 -0.00417316 0.114205]
Loglik: 6405.2353 
Percentage done: 8.00 % 
Acceptance rate on iteration 3001 to 4000 is 2.3023 %
Covariance:
[0.0260567 -0.0059508 0.0221521; -0.0059508 0.00199741 -0.00417316; 0.0221521 -0.00417316 0.114205]
Loglik: 6405.2009 
Percentage done: 10.00 % 
Acceptance rate on iteration 4001 to 5000 is 1.2012 %
Covariance:
[0.0260567 -0.0059508 0.0221521; -0.0059508 0.00199741 -0.00417316; 0.0221521 -0.00417316 0.114205]
Loglik: 6404.4825 
Percentage done: 12.00 % 
Acceptance rate on iteration 5001 to 6000 is 1.1011 %
Covariance:
[0.0260567 -0.0059508 0.0221521; -0.0059508 0.00199741 -0.00417316; 0.0221521 -0.00417316 0.114205]
Loglik: 6404.6667 
Percentage done: 14.00 % 
Acceptance rate on iteration 6001 to 7000 is 0.6006 %
Covariance:
[0.0260567 -0.0059508 0.0221521; -0.0059508 0.00199741 -0.00417316; 0.0221521 -0.00417316 0.114205]
Loglik: 6403.8414 
Percentage done: 16.00 % 
Acceptance rate on iteration 7001 to 8000 is 1.5015 %
Covariance:
[0.0260567 -0.0059508 0.0221521; -0.0059508 0.00199741 -0.00417316; 0.0221521 -0.00417316 0.114205]
Loglik: 6404.2803 
Percentage done: 18.00 % 
Acceptance rate on iteration 8001 to 9000 is 1.3013 %
Covariance:
[0.0260567 -0.0059508 0.0221521; -0.0059508 0.00199741 -0.00417316; 0.0221521 -0.00417316 0.114205]
Loglik: 6403.7838 
Percentage done: 20.00 % 
Acceptance rate on iteration 9001 to 10000 is 1.1011 %
Covariance:
[0.0260567 -0.0059508 0.0221521; -0.0059508 0.00199741 -0.00417316; 0.0221521 -0.00417316 0.114205]
Loglik: 6405.0309 
Percentage done: 22.00 % 
Acceptance rate on iteration 10001 to 11000 is 1.5015 %
Covariance:
[0.0260567 -0.0059508 0.0221521; -0.0059508 0.00199741 -0.00417316; 0.0221521 -0.00417316 0.114205]
Loglik: 6405.6217 
Percentage done: 24.00 % 
Acceptance rate on iteration 11001 to 12000 is 0.9009 %
Covariance:
[0.0260567 -0.0059508 0.0221521; -0.0059508 0.00199741 -0.00417316; 0.0221521 -0.00417316 0.114205]
Loglik: 6402.0332 
Percentage done: 26.00 % 
Acceptance rate on iteration 12001 to 13000 is 1.5015 %
Covariance:
[0.0260567 -0.0059508 0.0221521; -0.0059508 0.00199741 -0.00417316; 0.0221521 -0.00417316 0.114205]
Loglik: 6403.2456 
Percentage done: 28.00 % 
Acceptance rate on iteration 13001 to 14000 is 2.1021 %
Covariance:
[0.0260567 -0.0059508 0.0221521; -0.0059508 0.00199741 -0.00417316; 0.0221521 -0.00417316 0.114205]
Loglik: 6404.1439 
Percentage done: 30.00 % 
Acceptance rate on iteration 14001 to 15000 is 1.0010 %
Covariance:
[0.0260567 -0.0059508 0.0221521; -0.0059508 0.00199741 -0.00417316; 0.0221521 -0.00417316 0.114205]
Loglik: 6405.8566 
Percentage done: 32.00 % 
Acceptance rate on iteration 15001 to 16000 is 1.7017 %
Covariance:
[0.0260567 -0.0059508 0.0221521; -0.0059508 0.00199741 -0.00417316; 0.0221521 -0.00417316 0.114205]
Loglik: 6404.0204 
Percentage done: 34.00 % 
Acceptance rate on iteration 16001 to 17000 is 1.7017 %
Covariance:
[0.0260567 -0.0059508 0.0221521; -0.0059508 0.00199741 -0.00417316; 0.0221521 -0.00417316 0.114205]
Loglik: 6403.6651 
Percentage done: 36.00 % 
Acceptance rate on iteration 17001 to 18000 is 1.3013 %
Covariance:
[0.0260567 -0.0059508 0.0221521; -0.0059508 0.00199741 -0.00417316; 0.0221521 -0.00417316 0.114205]
Loglik: 6404.9291 
Percentage done: 38.00 % 
Acceptance rate on iteration 18001 to 19000 is 1.4014 %
Covariance:
[0.0260567 -0.0059508 0.0221521; -0.0059508 0.00199741 -0.00417316; 0.0221521 -0.00417316 0.114205]
Loglik: 6404.5388 
Percentage done: 40.00 % 
Acceptance rate on iteration 19001 to 20000 is 1.7017 %
Covariance:
[0.0260567 -0.0059508 0.0221521; -0.0059508 0.00199741 -0.00417316; 0.0221521 -0.00417316 0.114205]
Loglik: 6401.9112 
ESS: 354.3585
ESS: 462.0868
Percentage done: 42.00 % 
Acceptance rate on iteration 20001 to 21000 is 1.4014 %
Covariance:
[0.0260567 -0.0059508 0.0221521; -0.0059508 0.00199741 -0.00417316; 0.0221521 -0.00417316 0.114205]
Loglik: 6406.2443 
Percentage done: 44.00 % 
Acceptance rate on iteration 21001 to 22000 is 1.2012 %
Covariance:
[0.0260567 -0.0059508 0.0221521; -0.0059508 0.00199741 -0.00417316; 0.0221521 -0.00417316 0.114205]
Loglik: 6402.7328 
Percentage done: 46.00 % 
Acceptance rate on iteration 22001 to 23000 is 1.8018 %
Covariance:
[0.0260567 -0.0059508 0.0221521; -0.0059508 0.00199741 -0.00417316; 0.0221521 -0.00417316 0.114205]
Loglik: 6404.3476 
Percentage done: 48.00 % 
Acceptance rate on iteration 23001 to 24000 is 1.0010 %
Covariance:
[0.0260567 -0.0059508 0.0221521; -0.0059508 0.00199741 -0.00417316; 0.0221521 -0.00417316 0.114205]
Loglik: 6404.4600 
Percentage done: 50.00 % 
Acceptance rate on iteration 24001 to 25000 is 2.2022 %
Covariance:
[0.0260567 -0.0059508 0.0221521; -0.0059508 0.00199741 -0.00417316; 0.0221521 -0.00417316 0.114205]
Loglik: 6405.5877 
ESS: 229.0906
ESS: 377.3112
Percentage done: 52.00 % 
Acceptance rate on iteration 25001 to 26000 is 1.5015 %
Covariance:
[0.0260567 -0.0059508 0.0221521; -0.0059508 0.00199741 -0.00417316; 0.0221521 -0.00417316 0.114205]
Loglik: 6404.5056 
Percentage done: 54.00 % 
Acceptance rate on iteration 26001 to 27000 is 2.5025 %
Covariance:
[0.0260567 -0.0059508 0.0221521; -0.0059508 0.00199741 -0.00417316; 0.0221521 -0.00417316 0.114205]
Loglik: 6403.4876 
Percentage done: 56.00 % 
Acceptance rate on iteration 27001 to 28000 is 1.3013 %
Covariance:
[0.0260567 -0.0059508 0.0221521; -0.0059508 0.00199741 -0.00417316; 0.0221521 -0.00417316 0.114205]
Loglik: 6403.7100 
Percentage done: 58.00 % 
Acceptance rate on iteration 28001 to 29000 is 1.0010 %
Covariance:
[0.0260567 -0.0059508 0.0221521; -0.0059508 0.00199741 -0.00417316; 0.0221521 -0.00417316 0.114205]
Loglik: 6405.2703 
Percentage done: 60.00 % 
Acceptance rate on iteration 29001 to 30000 is 1.6016 %
Covariance:
[0.0260567 -0.0059508 0.0221521; -0.0059508 0.00199741 -0.00417316; 0.0221521 -0.00417316 0.114205]
Loglik: 6403.8557 
Percentage done: 62.00 % 
Acceptance rate on iteration 30001 to 31000 is 1.7017 %
Covariance:
[0.0260567 -0.0059508 0.0221521; -0.0059508 0.00199741 -0.00417316; 0.0221521 -0.00417316 0.114205]
Loglik: 6404.7428 
Percentage done: 64.00 % 
Acceptance rate on iteration 31001 to 32000 is 1.6016 %
Covariance:
[0.0260567 -0.0059508 0.0221521; -0.0059508 0.00199741 -0.00417316; 0.0221521 -0.00417316 0.114205]
Loglik: 6404.5513 
Percentage done: 66.00 % 
Acceptance rate on iteration 32001 to 33000 is 0.8008 %
Covariance:
[0.0260567 -0.0059508 0.0221521; -0.0059508 0.00199741 -0.00417316; 0.0221521 -0.00417316 0.114205]
Loglik: 6404.8344 
Percentage done: 68.00 % 
Acceptance rate on iteration 33001 to 34000 is 1.5015 %
Covariance:
[0.0260567 -0.0059508 0.0221521; -0.0059508 0.00199741 -0.00417316; 0.0221521 -0.00417316 0.114205]
Loglik: 6403.9309 
Percentage done: 70.00 % 
Acceptance rate on iteration 34001 to 35000 is 0.9009 %
Covariance:
[0.0260567 -0.0059508 0.0221521; -0.0059508 0.00199741 -0.00417316; 0.0221521 -0.00417316 0.114205]
Loglik: 6404.6242 
Percentage done: 72.00 % 
Acceptance rate on iteration 35001 to 36000 is 1.6016 %
Covariance:
[0.0260567 -0.0059508 0.0221521; -0.0059508 0.00199741 -0.00417316; 0.0221521 -0.00417316 0.114205]
Loglik: 6404.4197 
Percentage done: 74.00 % 
Acceptance rate on iteration 36001 to 37000 is 2.2022 %
Covariance:
[0.0260567 -0.0059508 0.0221521; -0.0059508 0.00199741 -0.00417316; 0.0221521 -0.00417316 0.114205]
Loglik: 6405.0576 
Percentage done: 76.00 % 
Acceptance rate on iteration 37001 to 38000 is 1.2012 %
Covariance:
[0.0260567 -0.0059508 0.0221521; -0.0059508 0.00199741 -0.00417316; 0.0221521 -0.00417316 0.114205]
Loglik: 6404.1198 
Percentage done: 78.00 % 
Acceptance rate on iteration 38001 to 39000 is 1.3013 %
Covariance:
[0.0260567 -0.0059508 0.0221521; -0.0059508 0.00199741 -0.00417316; 0.0221521 -0.00417316 0.114205]
Loglik: 6404.7338 
Percentage done: 80.00 % 
Acceptance rate on iteration 39001 to 40000 is 1.6016 %
Covariance:
[0.0260567 -0.0059508 0.0221521; -0.0059508 0.00199741 -0.00417316; 0.0221521 -0.00417316 0.114205]
Loglik: 6404.2425 
Percentage done: 82.00 % 
Acceptance rate on iteration 40001 to 41000 is 0.8008 %
Covariance:
[0.0260567 -0.0059508 0.0221521; -0.0059508 0.00199741 -0.00417316; 0.0221521 -0.00417316 0.114205]
Loglik: 6405.4187 
Percentage done: 84.00 % 
Acceptance rate on iteration 41001 to 42000 is 1.1011 %
Covariance:
[0.0260567 -0.0059508 0.0221521; -0.0059508 0.00199741 -0.00417316; 0.0221521 -0.00417316 0.114205]
Loglik: 6403.4265 
Percentage done: 86.00 % 
Acceptance rate on iteration 42001 to 43000 is 1.0010 %
Covariance:
[0.0260567 -0.0059508 0.0221521; -0.0059508 0.00199741 -0.00417316; 0.0221521 -0.00417316 0.114205]
Loglik: 6404.5083 
Percentage done: 88.00 % 
Acceptance rate on iteration 43001 to 44000 is 1.9019 %
Covariance:
[0.0260567 -0.0059508 0.0221521; -0.0059508 0.00199741 -0.00417316; 0.0221521 -0.00417316 0.114205]
Loglik: 6403.7565 
Percentage done: 90.00 % 
Acceptance rate on iteration 44001 to 45000 is 1.1011 %
Covariance:
[0.0260567 -0.0059508 0.0221521; -0.0059508 0.00199741 -0.00417316; 0.0221521 -0.00417316 0.114205]
Loglik: 6404.7762 
Percentage done: 92.00 % 
Acceptance rate on iteration 45001 to 46000 is 1.8018 %
Covariance:
[0.0260567 -0.0059508 0.0221521; -0.0059508 0.00199741 -0.00417316; 0.0221521 -0.00417316 0.114205]
Loglik: 6405.6044 
Percentage done: 94.00 % 
Acceptance rate on iteration 46001 to 47000 is 0.3003 %
Covariance:
[0.0260567 -0.0059508 0.0221521; -0.0059508 0.00199741 -0.00417316; 0.0221521 -0.00417316 0.114205]
Loglik: 6405.1823 
Percentage done: 96.00 % 
Acceptance rate on iteration 47001 to 48000 is 0.7007 %
Covariance:
[0.0260567 -0.0059508 0.0221521; -0.0059508 0.00199741 -0.00417316; 0.0221521 -0.00417316 0.114205]
Loglik: 6404.3397 
Percentage done: 98.00 % 
Acceptance rate on iteration 48001 to 49000 is 1.3013 %
Covariance:
[0.0260567 -0.0059508 0.0221521; -0.0059508 0.00199741 -0.00417316; 0.0221521 -0.00417316 0.114205]
Loglik: 6404.2342 
elapsed time: 64.535660983 seconds
Ending DA-GP-MCMC with adaptive RW estimating 3 parameters
Algorithm: MCWM
Adaptation algorithm: noAdaptation
Prior distribution: Uniform
Particel filter: bootstrap
Time pre-er:  0
Time fit GP model:  0
Time er-part:  65
Number early-rejections: 48532
Number of cases directly to ordinary MH: 0
Number of cases directly to ordinary MH accapted: 0
Number cases in secound stage: 1467
Number accepted in secound stage: 712
Accaptace rate for ordinary MH accapted: NaN
Accaptace rate a_1: 2.9341
Accaptace rate a_2: 48.5344
Accaptace rate a_1*a_2: 1.4240
Accaptace rate a (for entier algorithm): 1.4240
Covariance - kernel_secound_stage_direct:
[0.0260567 -0.0059508 0.0221521; -0.0059508 0.00199741 -0.00417316; 0.0221521 -0.00417316 0.114205]
Starting DA-GP-MCMC with adaptive RW estimating 3 parameters
MCMC algorithm: MCWM
Adaptation algorithm: noAdaptation
Select case model: BiaseCoin
Prior distribution: Uniform
Particel filter: bootstrap
Iteration: 1
Covariance:
[0.0260567 -0.0059508 0.0221521; -0.0059508 0.00199741 -0.00417316; 0.0221521 -0.00417316 0.114205]
ESS: 213.5588
Loglik: 6403.1607 
Percentage done: 2.00 % 
Acceptance rate on iteration 1 to 1000 is 4.2042 %
Covariance:
[0.0260567 -0.0059508 0.0221521; -0.0059508 0.00199741 -0.00417316; 0.0221521 -0.00417316 0.114205]
Loglik: NaN 
Percentage done: 4.00 % 
Acceptance rate on iteration 1001 to 2000 is 1.8018 %
Covariance:
[0.0260567 -0.0059508 0.0221521; -0.0059508 0.00199741 -0.00417316; 0.0221521 -0.00417316 0.114205]
Loglik: NaN 
Percentage done: 6.00 % 
Acceptance rate on iteration 2001 to 3000 is 3.7037 %
Covariance:
[0.0260567 -0.0059508 0.0221521; -0.0059508 0.00199741 -0.00417316; 0.0221521 -0.00417316 0.114205]
Loglik: NaN 
Percentage done: 8.00 % 
Acceptance rate on iteration 3001 to 4000 is 2.4024 %
Covariance:
[0.0260567 -0.0059508 0.0221521; -0.0059508 0.00199741 -0.00417316; 0.0221521 -0.00417316 0.114205]
Loglik: NaN 
ESS: 243.1848
ESS: 127.5105
Percentage done: 10.00 % 
Acceptance rate on iteration 4001 to 5000 is 2.2022 %
Covariance:
[0.0260567 -0.0059508 0.0221521; -0.0059508 0.00199741 -0.00417316; 0.0221521 -0.00417316 0.114205]
Loglik: NaN 
Percentage done: 12.00 % 
Acceptance rate on iteration 5001 to 6000 is 3.4034 %
Covariance:
[0.0260567 -0.0059508 0.0221521; -0.0059508 0.00199741 -0.00417316; 0.0221521 -0.00417316 0.114205]
Loglik: NaN 
Percentage done: 14.00 % 
Acceptance rate on iteration 6001 to 7000 is 2.3023 %
Covariance:
[0.0260567 -0.0059508 0.0221521; -0.0059508 0.00199741 -0.00417316; 0.0221521 -0.00417316 0.114205]
Loglik: NaN 
Percentage done: 16.00 % 
Acceptance rate on iteration 7001 to 8000 is 2.0020 %
Covariance:
[0.0260567 -0.0059508 0.0221521; -0.0059508 0.00199741 -0.00417316; 0.0221521 -0.00417316 0.114205]
Loglik: NaN 
Percentage done: 18.00 % 
Acceptance rate on iteration 8001 to 9000 is 1.1011 %
Covariance:
[0.0260567 -0.0059508 0.0221521; -0.0059508 0.00199741 -0.00417316; 0.0221521 -0.00417316 0.114205]
Loglik: NaN 
ESS: 393.5581
ESS: 106.2972
Percentage done: 20.00 % 
Acceptance rate on iteration 9001 to 10000 is 6.0060 %
Covariance:
[0.0260567 -0.0059508 0.0221521; -0.0059508 0.00199741 -0.00417316; 0.0221521 -0.00417316 0.114205]
Loglik: NaN 
Percentage done: 22.00 % 
Acceptance rate on iteration 10001 to 11000 is 4.4044 %
Covariance:
[0.0260567 -0.0059508 0.0221521; -0.0059508 0.00199741 -0.00417316; 0.0221521 -0.00417316 0.114205]
Loglik: NaN 
Percentage done: 24.00 % 
Acceptance rate on iteration 11001 to 12000 is 2.8028 %
Covariance:
[0.0260567 -0.0059508 0.0221521; -0.0059508 0.00199741 -0.00417316; 0.0221521 -0.00417316 0.114205]
Loglik: NaN 
Percentage done: 26.00 % 
Acceptance rate on iteration 12001 to 13000 is 3.5035 %
Covariance:
[0.0260567 -0.0059508 0.0221521; -0.0059508 0.00199741 -0.00417316; 0.0221521 -0.00417316 0.114205]
Loglik: NaN 
Percentage done: 28.00 % 
Acceptance rate on iteration 13001 to 14000 is 1.0010 %
Covariance:
[0.0260567 -0.0059508 0.0221521; -0.0059508 0.00199741 -0.00417316; 0.0221521 -0.00417316 0.114205]
Loglik: NaN 
Percentage done: 30.00 % 
Acceptance rate on iteration 14001 to 15000 is 1.4014 %
Covariance:
[0.0260567 -0.0059508 0.0221521; -0.0059508 0.00199741 -0.00417316; 0.0221521 -0.00417316 0.114205]
Loglik: NaN 
Percentage done: 32.00 % 
Acceptance rate on iteration 15001 to 16000 is 2.9029 %
Covariance:
[0.0260567 -0.0059508 0.0221521; -0.0059508 0.00199741 -0.00417316; 0.0221521 -0.00417316 0.114205]
Loglik: NaN 
Percentage done: 34.00 % 
Acceptance rate on iteration 16001 to 17000 is 3.3033 %
Covariance:
[0.0260567 -0.0059508 0.0221521; -0.0059508 0.00199741 -0.00417316; 0.0221521 -0.00417316 0.114205]
Loglik: NaN 
ESS: 232.5276
ESS: 246.1785
Percentage done: 36.00 % 
Acceptance rate on iteration 17001 to 18000 is 1.3013 %
Covariance:
[0.0260567 -0.0059508 0.0221521; -0.0059508 0.00199741 -0.00417316; 0.0221521 -0.00417316 0.114205]
Loglik: NaN 
Percentage done: 38.00 % 
Acceptance rate on iteration 18001 to 19000 is 3.0030 %
Covariance:
[0.0260567 -0.0059508 0.0221521; -0.0059508 0.00199741 -0.00417316; 0.0221521 -0.00417316 0.114205]
Loglik: NaN 
Percentage done: 40.00 % 
Acceptance rate on iteration 19001 to 20000 is 3.1031 %
Covariance:
[0.0260567 -0.0059508 0.0221521; -0.0059508 0.00199741 -0.00417316; 0.0221521 -0.00417316 0.114205]
Loglik: NaN 
Percentage done: 42.00 % 
Acceptance rate on iteration 20001 to 21000 is 2.4024 %
Covariance:
[0.0260567 -0.0059508 0.0221521; -0.0059508 0.00199741 -0.00417316; 0.0221521 -0.00417316 0.114205]
Loglik: NaN 
Percentage done: 44.00 % 
Acceptance rate on iteration 21001 to 22000 is 1.8018 %
Covariance:
[0.0260567 -0.0059508 0.0221521; -0.0059508 0.00199741 -0.00417316; 0.0221521 -0.00417316 0.114205]
Loglik: NaN 
Percentage done: 46.00 % 
Acceptance rate on iteration 22001 to 23000 is 2.1021 %
Covariance:
[0.0260567 -0.0059508 0.0221521; -0.0059508 0.00199741 -0.00417316; 0.0221521 -0.00417316 0.114205]
Loglik: NaN 
Percentage done: 48.00 % 
Acceptance rate on iteration 23001 to 24000 is 1.9019 %
Covariance:
[0.0260567 -0.0059508 0.0221521; -0.0059508 0.00199741 -0.00417316; 0.0221521 -0.00417316 0.114205]
Loglik: NaN 
Percentage done: 50.00 % 
Acceptance rate on iteration 24001 to 25000 is 2.2022 %
Covariance:
[0.0260567 -0.0059508 0.0221521; -0.0059508 0.00199741 -0.00417316; 0.0221521 -0.00417316 0.114205]
Loglik: NaN 
Percentage done: 52.00 % 
Acceptance rate on iteration 25001 to 26000 is 3.0030 %
Covariance:
[0.0260567 -0.0059508 0.0221521; -0.0059508 0.00199741 -0.00417316; 0.0221521 -0.00417316 0.114205]
Loglik: NaN 
ESS: 183.2034
ESS: 68.8280
Percentage done: 54.00 % 
Acceptance rate on iteration 26001 to 27000 is 4.7047 %
Covariance:
[0.0260567 -0.0059508 0.0221521; -0.0059508 0.00199741 -0.00417316; 0.0221521 -0.00417316 0.114205]
Loglik: NaN 
Percentage done: 56.00 % 
Acceptance rate on iteration 27001 to 28000 is 1.2012 %
Covariance:
[0.0260567 -0.0059508 0.0221521; -0.0059508 0.00199741 -0.00417316; 0.0221521 -0.00417316 0.114205]
Loglik: NaN 
Percentage done: 58.00 % 
Acceptance rate on iteration 28001 to 29000 is 1.6016 %
Covariance:
[0.0260567 -0.0059508 0.0221521; -0.0059508 0.00199741 -0.00417316; 0.0221521 -0.00417316 0.114205]
Loglik: NaN 
Percentage done: 60.00 % 
Acceptance rate on iteration 29001 to 30000 is 2.3023 %
Covariance:
[0.0260567 -0.0059508 0.0221521; -0.0059508 0.00199741 -0.00417316; 0.0221521 -0.00417316 0.114205]
Loglik: NaN 
Percentage done: 62.00 % 
Acceptance rate on iteration 30001 to 31000 is 1.1011 %
Covariance:
[0.0260567 -0.0059508 0.0221521; -0.0059508 0.00199741 -0.00417316; 0.0221521 -0.00417316 0.114205]
Loglik: NaN 
Percentage done: 64.00 % 
Acceptance rate on iteration 31001 to 32000 is 2.9029 %
Covariance:
[0.0260567 -0.0059508 0.0221521; -0.0059508 0.00199741 -0.00417316; 0.0221521 -0.00417316 0.114205]
Loglik: NaN 
Percentage done: 66.00 % 
Acceptance rate on iteration 32001 to 33000 is 3.5035 %
Covariance:
[0.0260567 -0.0059508 0.0221521; -0.0059508 0.00199741 -0.00417316; 0.0221521 -0.00417316 0.114205]
Loglik: NaN 
Percentage done: 68.00 % 
Acceptance rate on iteration 33001 to 34000 is 1.2012 %
Covariance:
[0.0260567 -0.0059508 0.0221521; -0.0059508 0.00199741 -0.00417316; 0.0221521 -0.00417316 0.114205]
Loglik: NaN 
Percentage done: 70.00 % 
Acceptance rate on iteration 34001 to 35000 is 1.9019 %
Covariance:
[0.0260567 -0.0059508 0.0221521; -0.0059508 0.00199741 -0.00417316; 0.0221521 -0.00417316 0.114205]
Loglik: NaN 
Percentage done: 72.00 % 
Acceptance rate on iteration 35001 to 36000 is 5.5055 %
Covariance:
[0.0260567 -0.0059508 0.0221521; -0.0059508 0.00199741 -0.00417316; 0.0221521 -0.00417316 0.114205]
Loglik: NaN 
Percentage done: 74.00 % 
Acceptance rate on iteration 36001 to 37000 is 2.8028 %
Covariance:
[0.0260567 -0.0059508 0.0221521; -0.0059508 0.00199741 -0.00417316; 0.0221521 -0.00417316 0.114205]
Loglik: NaN 
Percentage done: 76.00 % 
Acceptance rate on iteration 37001 to 38000 is 2.4024 %
Covariance:
[0.0260567 -0.0059508 0.0221521; -0.0059508 0.00199741 -0.00417316; 0.0221521 -0.00417316 0.114205]
Loglik: NaN 
Percentage done: 78.00 % 
Acceptance rate on iteration 38001 to 39000 is 2.6026 %
Covariance:
[0.0260567 -0.0059508 0.0221521; -0.0059508 0.00199741 -0.00417316; 0.0221521 -0.00417316 0.114205]
Loglik: NaN 
Percentage done: 80.00 % 
Acceptance rate on iteration 39001 to 40000 is 2.0020 %
Covariance:
[0.0260567 -0.0059508 0.0221521; -0.0059508 0.00199741 -0.00417316; 0.0221521 -0.00417316 0.114205]
Loglik: NaN 
Percentage done: 82.00 % 
Acceptance rate on iteration 40001 to 41000 is 2.3023 %
Covariance:
[0.0260567 -0.0059508 0.0221521; -0.0059508 0.00199741 -0.00417316; 0.0221521 -0.00417316 0.114205]
Loglik: NaN 
Percentage done: 84.00 % 
Acceptance rate on iteration 41001 to 42000 is 3.9039 %
Covariance:
[0.0260567 -0.0059508 0.0221521; -0.0059508 0.00199741 -0.00417316; 0.0221521 -0.00417316 0.114205]
Loglik: NaN 
Percentage done: 86.00 % 
Acceptance rate on iteration 42001 to 43000 is 1.2012 %
Covariance:
[0.0260567 -0.0059508 0.0221521; -0.0059508 0.00199741 -0.00417316; 0.0221521 -0.00417316 0.114205]
Loglik: NaN 
Percentage done: 88.00 % 
Acceptance rate on iteration 43001 to 44000 is 2.6026 %
Covariance:
[0.0260567 -0.0059508 0.0221521; -0.0059508 0.00199741 -0.00417316; 0.0221521 -0.00417316 0.114205]
Loglik: NaN 
Percentage done: 90.00 % 
Acceptance rate on iteration 44001 to 45000 is 2.0020 %
Covariance:
[0.0260567 -0.0059508 0.0221521; -0.0059508 0.00199741 -0.00417316; 0.0221521 -0.00417316 0.114205]
Loglik: NaN 
Percentage done: 92.00 % 
Acceptance rate on iteration 45001 to 46000 is 5.3053 %
Covariance:
[0.0260567 -0.0059508 0.0221521; -0.0059508 0.00199741 -0.00417316; 0.0221521 -0.00417316 0.114205]
Loglik: NaN 
Percentage done: 94.00 % 
Acceptance rate on iteration 46001 to 47000 is 1.9019 %
Covariance:
[0.0260567 -0.0059508 0.0221521; -0.0059508 0.00199741 -0.00417316; 0.0221521 -0.00417316 0.114205]
Loglik: NaN 
Percentage done: 96.00 % 
Acceptance rate on iteration 47001 to 48000 is 0.7007 %
Covariance:
[0.0260567 -0.0059508 0.0221521; -0.0059508 0.00199741 -0.00417316; 0.0221521 -0.00417316 0.114205]
Loglik: NaN 
Percentage done: 98.00 % 
Acceptance rate on iteration 48001 to 49000 is 3.0030 %
Covariance:
[0.0260567 -0.0059508 0.0221521; -0.0059508 0.00199741 -0.00417316; 0.0221521 -0.00417316 0.114205]
Loglik: NaN 
elapsed time: 60.200728174 seconds
Ending ADA-GP-MCMC with adaptive RW estimating 3 parameters
Algorithm: MCWM
Adaptation algorithm: noAdaptation
Prior distribution: Uniform
Particel filter: bootstrap
Time consumption:Time pre-er:  0
Time fit GP model:  0
Time er-part:  60
Number early-rejections: 47995
Number of cases directly to ordinary MH: 0
Number of cases directly to ordinary MH accapted: 0
Number split accaptance region early-accept: 319
Number split accaptance region early-reject: 431
Number cases in secound stage: 2004
Number accepted in secound stage: 558
Accaptace rate for ordinary MH accapted: NaN
Accaptace rate a_1: 4.0081
Accaptace rate a_2: 27.8443
Accaptace rate a_1*a_2: 1.1160
Accaptace rate a (for entier algorithm): 2.6160
Nbr assumtion correct: 636.000000
Proc assumtion correct: 0.507177
Number case 1: 968
Number case 2: 363
Number case 3: 633
Number case 4: 40
