Starting ml estimationLength of training data: 1800Start values for optimization:
[-1523.2; 1407.2; 4583.99; -55.6323; -78.4753; -711.582; -5.11237; -352.039; 8.58983; 3.47456; 0.837314; 0.49074; -1.80181; -2.9177; -0.790801]Iter     Function value   Gradient norm 
     0     3.386428e+03     5.035904e+03
     1     2.261042e+03     1.470636e+03
     2     1.954700e+03     1.326832e+03
     3     1.762808e+03     2.638337e+03
     4     1.678241e+03     1.365072e+03
     5     1.654190e+03     1.534527e+02
     6     1.649211e+03     3.465677e+02
     7     1.645366e+03     1.027079e+02
     8     1.619854e+03     3.936438e+02
     9     1.608457e+03     1.336939e+02
    10     1.593706e+03     4.380358e+02
    11     1.564481e+03     1.774550e+03
    12     1.564482e+03     1.774569e+03
Estimated parameters of the GP model:
Estimated Β:s:
[-1523.27,1407.11,4583.78,-55.5745,-78.0715,-712.116,-4.85312,-352.372,8.48577,3.67091]
Estimated log Φ:s:
[-0.302481,-0.652893,-2.24868,-2.00102,-0.776028]
elapsed time: 416.234206633 seconds
Iterstion:
1
Starting DA-GP-MCMC with adaptive RW estimating 3 parameters
Covariance - kernel_MH_direct:
[0.018798 -0.00444545 0.0147408; -0.00444545 0.0018966 -0.0024932; 0.0147408 -0.0024932 0.132842]
MCMC algorithm: MCWM
Adaptation algorithm: noAdaptation
Prior distribution: Uniform
Particel filter: bootstrap
Iteration: 1
Covariance:
[0.0227456 -0.00537899 0.0178364; -0.00537899 0.00229489 -0.00301678; 0.0178364 -0.00301678 0.160739]
ESS: 233.2568
Loglik: 6404.9498 
Percentage done: 20.00 % 
Acceptance rate on iteration 1 to 10000 is 7.4207 %
Covariance:
[0.0227456 -0.00537899 0.0178364; -0.00537899 0.00229489 -0.00301678; 0.0178364 -0.00301678 0.160739]
Loglik: 6401.6106 
ESS: 234.7158
ESS: 249.0248
Percentage done: 40.00 % 
Acceptance rate on iteration 10001 to 20000 is 7.9408 %
Covariance:
[0.0227456 -0.00537899 0.0178364; -0.00537899 0.00229489 -0.00301678; 0.0178364 -0.00301678 0.160739]
Loglik: 6403.0474 
ESS: 14.8282
ESS: 100.1547
Percentage done: 60.00 % 
Acceptance rate on iteration 20001 to 30000 is 7.5608 %
Covariance:
[0.0227456 -0.00537899 0.0178364; -0.00537899 0.00229489 -0.00301678; 0.0178364 -0.00301678 0.160739]
Loglik: 6402.8760 
Percentage done: 80.00 % 
Acceptance rate on iteration 30001 to 40000 is 7.7908 %
Covariance:
[0.0227456 -0.00537899 0.0178364; -0.00537899 0.00229489 -0.00301678; 0.0178364 -0.00301678 0.160739]
Loglik: 6395.1531 
elapsed time: 410.055670552 seconds
Ending DA-GP-MCMC with adaptive RW estimating 3 parameters
Algorithm: MCWM
Adaptation algorithm: noAdaptation
Prior distribution: Uniform
Particel filter: bootstrap
Time pre-er:  0
Time fit GP model:  0
Time er-part:  410
Number early-rejections: 40460
Number of cases directly to ordinary MH: 7538
Number of cases directly to ordinary MH accapted: 2824
Number cases in secound stage: 2001
Number accepted in secound stage: 996
Total number of evaluations of the particle filter: 9539
Acceptance rate for ordinary MH accapted: 37.4635
Acceptance rate a_1: 4.7126
Acceptance rate a_2: 49.7751
Acceptance rate a_1*a_2: 2.3457
Acceptance rate a (for entier algorithm): 7.6400
Iterstion:
2
Starting DA-GP-MCMC with adaptive RW estimating 3 parameters
Covariance - kernel_MH_direct:
[0.018798 -0.00444545 0.0147408; -0.00444545 0.0018966 -0.0024932; 0.0147408 -0.0024932 0.132842]
MCMC algorithm: MCWM
Adaptation algorithm: noAdaptation
Prior distribution: Uniform
Particel filter: bootstrap
Iteration: 1
Covariance:
[0.0227456 -0.00537899 0.0178364; -0.00537899 0.00229489 -0.00301678; 0.0178364 -0.00301678 0.160739]
ESS: 225.9762
Loglik: 6405.2517 
Percentage done: 20.00 % 
Acceptance rate on iteration 1 to 10000 is 7.7208 %
Covariance:
[0.0227456 -0.00537899 0.0178364; -0.00537899 0.00229489 -0.00301678; 0.0178364 -0.00301678 0.160739]
Loglik: 6404.2164 
Percentage done: 40.00 % 
Acceptance rate on iteration 10001 to 20000 is 7.6608 %
Covariance:
[0.0227456 -0.00537899 0.0178364; -0.00537899 0.00229489 -0.00301678; 0.0178364 -0.00301678 0.160739]
Loglik: 6403.5332 
Percentage done: 60.00 % 
Acceptance rate on iteration 20001 to 30000 is 7.9908 %
Covariance:
[0.0227456 -0.00537899 0.0178364; -0.00537899 0.00229489 -0.00301678; 0.0178364 -0.00301678 0.160739]
Loglik: 6401.5460 
Percentage done: 80.00 % 
Acceptance rate on iteration 30001 to 40000 is 7.8108 %
Covariance:
[0.0227456 -0.00537899 0.0178364; -0.00537899 0.00229489 -0.00301678; 0.0178364 -0.00301678 0.160739]
Loglik: 6405.6710 
elapsed time: 410.49024945 seconds
Ending DA-GP-MCMC with adaptive RW estimating 3 parameters
Algorithm: MCWM
Adaptation algorithm: noAdaptation
Prior distribution: Uniform
Particel filter: bootstrap
Time pre-er:  0
Time fit GP model:  0
Time er-part:  410
Number early-rejections: 40440
Number of cases directly to ordinary MH: 7515
Number of cases directly to ordinary MH accapted: 2880
Number cases in secound stage: 2044
Number accepted in secound stage: 1013
Total number of evaluations of the particle filter: 9559
Acceptance rate for ordinary MH accapted: 38.3234
Acceptance rate a_1: 4.8112
Acceptance rate a_2: 49.5597
Acceptance rate a_1*a_2: 2.3844
Acceptance rate a (for entier algorithm): 7.7860
Iterstion:
3
Starting DA-GP-MCMC with adaptive RW estimating 3 parameters
Covariance - kernel_MH_direct:
[0.018798 -0.00444545 0.0147408; -0.00444545 0.0018966 -0.0024932; 0.0147408 -0.0024932 0.132842]
MCMC algorithm: MCWM
Adaptation algorithm: noAdaptation
Prior distribution: Uniform
Particel filter: bootstrap
Iteration: 1
Covariance:
[0.0227456 -0.00537899 0.0178364; -0.00537899 0.00229489 -0.00301678; 0.0178364 -0.00301678 0.160739]
ESS: 245.5304
Loglik: 6404.5759 
Percentage done: 20.00 % 
Acceptance rate on iteration 1 to 10000 is 7.3207 %
Covariance:
[0.0227456 -0.00537899 0.0178364; -0.00537899 0.00229489 -0.00301678; 0.0178364 -0.00301678 0.160739]
Loglik: 6405.3206 
Percentage done: 40.00 % 
Acceptance rate on iteration 10001 to 20000 is 7.5408 %
Covariance:
[0.0227456 -0.00537899 0.0178364; -0.00537899 0.00229489 -0.00301678; 0.0178364 -0.00301678 0.160739]
Loglik: 6404.2485 
Percentage done: 60.00 % 
Acceptance rate on iteration 20001 to 30000 is 8.6709 %
Covariance:
[0.0227456 -0.00537899 0.0178364; -0.00537899 0.00229489 -0.00301678; 0.0178364 -0.00301678 0.160739]
Loglik: 6402.5636 
ESS: 146.5345
ESS: 93.9485
Percentage done: 80.00 % 
Acceptance rate on iteration 30001 to 40000 is 7.4707 %
Covariance:
[0.0227456 -0.00537899 0.0178364; -0.00537899 0.00229489 -0.00301678; 0.0178364 -0.00301678 0.160739]
Loglik: 6404.8305 
elapsed time: 412.491661002 seconds
Ending DA-GP-MCMC with adaptive RW estimating 3 parameters
Algorithm: MCWM
Adaptation algorithm: noAdaptation
Prior distribution: Uniform
Particel filter: bootstrap
Time pre-er:  0
Time fit GP model:  0
Time er-part:  412
Number early-rejections: 40448
Number of cases directly to ordinary MH: 7446
Number of cases directly to ordinary MH accapted: 2808
Number cases in secound stage: 2105
Number accepted in secound stage: 1057
Total number of evaluations of the particle filter: 9551
Acceptance rate for ordinary MH accapted: 37.7115
Acceptance rate a_1: 4.9468
Acceptance rate a_2: 50.2138
Acceptance rate a_1*a_2: 2.4840
Acceptance rate a (for entier algorithm): 7.7300
Iterstion:
4
Starting DA-GP-MCMC with adaptive RW estimating 3 parameters
Covariance - kernel_MH_direct:
[0.018798 -0.00444545 0.0147408; -0.00444545 0.0018966 -0.0024932; 0.0147408 -0.0024932 0.132842]
MCMC algorithm: MCWM
Adaptation algorithm: noAdaptation
Prior distribution: Uniform
Particel filter: bootstrap
Iteration: 1
Covariance:
[0.0227456 -0.00537899 0.0178364; -0.00537899 0.00229489 -0.00301678; 0.0178364 -0.00301678 0.160739]
ESS: 236.7476
Loglik: 6404.7240 
Percentage done: 20.00 % 
Acceptance rate on iteration 1 to 10000 is 7.2907 %
Covariance:
[0.0227456 -0.00537899 0.0178364; -0.00537899 0.00229489 -0.00301678; 0.0178364 -0.00301678 0.160739]
Loglik: 6404.7045 
Percentage done: 40.00 % 
Acceptance rate on iteration 10001 to 20000 is 7.9908 %
Covariance:
[0.0227456 -0.00537899 0.0178364; -0.00537899 0.00229489 -0.00301678; 0.0178364 -0.00301678 0.160739]
Loglik: 6405.8620 
Percentage done: 60.00 % 
Acceptance rate on iteration 20001 to 30000 is 7.5208 %
Covariance:
[0.0227456 -0.00537899 0.0178364; -0.00537899 0.00229489 -0.00301678; 0.0178364 -0.00301678 0.160739]
Loglik: 6403.4458 
Percentage done: 80.00 % 
Acceptance rate on iteration 30001 to 40000 is 8.0908 %
Covariance:
[0.0227456 -0.00537899 0.0178364; -0.00537899 0.00229489 -0.00301678; 0.0178364 -0.00301678 0.160739]
Loglik: 6404.0922 
elapsed time: 411.888365759 seconds
Ending DA-GP-MCMC with adaptive RW estimating 3 parameters
Algorithm: MCWM
Adaptation algorithm: noAdaptation
Prior distribution: Uniform
Particel filter: bootstrap
Time pre-er:  0
Time fit GP model:  0
Time er-part:  412
Number early-rejections: 40326
Number of cases directly to ordinary MH: 7615
Number of cases directly to ordinary MH accapted: 2776
Number cases in secound stage: 2058
Number accepted in secound stage: 1034
Total number of evaluations of the particle filter: 9673
Acceptance rate for ordinary MH accapted: 36.4544
Acceptance rate a_1: 4.8556
Acceptance rate a_2: 50.2430
Acceptance rate a_1*a_2: 2.4396
Acceptance rate a (for entier algorithm): 7.6200
Iterstion:
5
Starting DA-GP-MCMC with adaptive RW estimating 3 parameters
Covariance - kernel_MH_direct:
[0.018798 -0.00444545 0.0147408; -0.00444545 0.0018966 -0.0024932; 0.0147408 -0.0024932 0.132842]
MCMC algorithm: MCWM
Adaptation algorithm: noAdaptation
Prior distribution: Uniform
Particel filter: bootstrap
Iteration: 1
Covariance:
[0.0227456 -0.00537899 0.0178364; -0.00537899 0.00229489 -0.00301678; 0.0178364 -0.00301678 0.160739]
ESS: 239.9325
Loglik: 6404.5700 
Percentage done: 20.00 % 
Acceptance rate on iteration 1 to 10000 is 8.1008 %
Covariance:
[0.0227456 -0.00537899 0.0178364; -0.00537899 0.00229489 -0.00301678; 0.0178364 -0.00301678 0.160739]
Loglik: 6402.3709 
ESS: 105.6744
ESS: 63.0417
Percentage done: 40.00 % 
Acceptance rate on iteration 10001 to 20000 is 8.1508 %
Covariance:
[0.0227456 -0.00537899 0.0178364; -0.00537899 0.00229489 -0.00301678; 0.0178364 -0.00301678 0.160739]
Loglik: 6403.0343 
Percentage done: 60.00 % 
Acceptance rate on iteration 20001 to 30000 is 7.6008 %
Covariance:
[0.0227456 -0.00537899 0.0178364; -0.00537899 0.00229489 -0.00301678; 0.0178364 -0.00301678 0.160739]
Loglik: 6405.9820 
Percentage done: 80.00 % 
Acceptance rate on iteration 30001 to 40000 is 7.4407 %
Covariance:
[0.0227456 -0.00537899 0.0178364; -0.00537899 0.00229489 -0.00301678; 0.0178364 -0.00301678 0.160739]
Loglik: 6405.5362 
elapsed time: 412.152103147 seconds
Ending DA-GP-MCMC with adaptive RW estimating 3 parameters
Algorithm: MCWM
Adaptation algorithm: noAdaptation
Prior distribution: Uniform
Particel filter: bootstrap
Time pre-er:  0
Time fit GP model:  0
Time er-part:  412
Number early-rejections: 40446
Number of cases directly to ordinary MH: 7451
Number of cases directly to ordinary MH accapted: 2818
Number cases in secound stage: 2102
Number accepted in secound stage: 1086
Total number of evaluations of the particle filter: 9553
Acceptance rate for ordinary MH accapted: 37.8204
Acceptance rate a_1: 4.9403
Acceptance rate a_2: 51.6651
Acceptance rate a_1*a_2: 2.5524
Acceptance rate a (for entier algorithm): 7.8080
Iterstion:
6
Starting DA-GP-MCMC with adaptive RW estimating 3 parameters
Covariance - kernel_MH_direct:
[0.018798 -0.00444545 0.0147408; -0.00444545 0.0018966 -0.0024932; 0.0147408 -0.0024932 0.132842]
MCMC algorithm: MCWM
Adaptation algorithm: noAdaptation
Prior distribution: Uniform
Particel filter: bootstrap
Iteration: 1
Covariance:
[0.0227456 -0.00537899 0.0178364; -0.00537899 0.00229489 -0.00301678; 0.0178364 -0.00301678 0.160739]
ESS: 233.7041
Loglik: 6405.0468 
Percentage done: 20.00 % 
Acceptance rate on iteration 1 to 10000 is 7.4407 %
Covariance:
[0.0227456 -0.00537899 0.0178364; -0.00537899 0.00229489 -0.00301678; 0.0178364 -0.00301678 0.160739]
Loglik: 6405.1603 
Percentage done: 40.00 % 
Acceptance rate on iteration 10001 to 20000 is 7.3707 %
Covariance:
[0.0227456 -0.00537899 0.0178364; -0.00537899 0.00229489 -0.00301678; 0.0178364 -0.00301678 0.160739]
Loglik: 6404.8352 
Percentage done: 60.00 % 
Acceptance rate on iteration 20001 to 30000 is 8.0408 %
Covariance:
[0.0227456 -0.00537899 0.0178364; -0.00537899 0.00229489 -0.00301678; 0.0178364 -0.00301678 0.160739]
Loglik: 6404.7615 
Percentage done: 80.00 % 
Acceptance rate on iteration 30001 to 40000 is 7.7308 %
Covariance:
[0.0227456 -0.00537899 0.0178364; -0.00537899 0.00229489 -0.00301678; 0.0178364 -0.00301678 0.160739]
Loglik: 6402.7026 
elapsed time: 408.718062922 seconds
Ending DA-GP-MCMC with adaptive RW estimating 3 parameters
Algorithm: MCWM
Adaptation algorithm: noAdaptation
Prior distribution: Uniform
Particel filter: bootstrap
Time pre-er:  0
Time fit GP model:  0
Time er-part:  409
Number early-rejections: 40542
Number of cases directly to ordinary MH: 7349
Number of cases directly to ordinary MH accapted: 2773
Number cases in secound stage: 2108
Number accepted in secound stage: 1072
Total number of evaluations of the particle filter: 9457
Acceptance rate for ordinary MH accapted: 37.7330
Acceptance rate a_1: 4.9426
Acceptance rate a_2: 50.8539
Acceptance rate a_1*a_2: 2.5135
Acceptance rate a (for entier algorithm): 7.6900
Iterstion:
7
Starting DA-GP-MCMC with adaptive RW estimating 3 parameters
Covariance - kernel_MH_direct:
[0.018798 -0.00444545 0.0147408; -0.00444545 0.0018966 -0.0024932; 0.0147408 -0.0024932 0.132842]
MCMC algorithm: MCWM
Adaptation algorithm: noAdaptation
Prior distribution: Uniform
Particel filter: bootstrap
Iteration: 1
Covariance:
[0.0227456 -0.00537899 0.0178364; -0.00537899 0.00229489 -0.00301678; 0.0178364 -0.00301678 0.160739]
ESS: 236.1574
Loglik: 6404.7850 
Percentage done: 20.00 % 
Acceptance rate on iteration 1 to 10000 is 8.3808 %
Covariance:
[0.0227456 -0.00537899 0.0178364; -0.00537899 0.00229489 -0.00301678; 0.0178364 -0.00301678 0.160739]
Loglik: 6404.3575 
ESS: 362.7623
ESS: 169.1696
Percentage done: 40.00 % 
Acceptance rate on iteration 10001 to 20000 is 7.8508 %
Covariance:
[0.0227456 -0.00537899 0.0178364; -0.00537899 0.00229489 -0.00301678; 0.0178364 -0.00301678 0.160739]
Loglik: 6404.8878 
Percentage done: 60.00 % 
Acceptance rate on iteration 20001 to 30000 is 7.6808 %
Covariance:
[0.0227456 -0.00537899 0.0178364; -0.00537899 0.00229489 -0.00301678; 0.0178364 -0.00301678 0.160739]
Loglik: 6403.1580 
Percentage done: 80.00 % 
Acceptance rate on iteration 30001 to 40000 is 7.6008 %
Covariance:
[0.0227456 -0.00537899 0.0178364; -0.00537899 0.00229489 -0.00301678; 0.0178364 -0.00301678 0.160739]
Loglik: 6403.8730 
elapsed time: 411.096740561 seconds
Ending DA-GP-MCMC with adaptive RW estimating 3 parameters
Algorithm: MCWM
Adaptation algorithm: noAdaptation
Prior distribution: Uniform
Particel filter: bootstrap
Time pre-er:  0
Time fit GP model:  0
Time er-part:  411
Number early-rejections: 40437
Number of cases directly to ordinary MH: 7516
Number of cases directly to ordinary MH accapted: 2888
Number cases in secound stage: 2046
Number accepted in secound stage: 1021
Total number of evaluations of the particle filter: 9562
Acceptance rate for ordinary MH accapted: 38.4247
Acceptance rate a_1: 4.8160
Acceptance rate a_2: 49.9022
Acceptance rate a_1*a_2: 2.4033
Acceptance rate a (for entier algorithm): 7.8180
Iterstion:
8
Starting DA-GP-MCMC with adaptive RW estimating 3 parameters
Covariance - kernel_MH_direct:
[0.018798 -0.00444545 0.0147408; -0.00444545 0.0018966 -0.0024932; 0.0147408 -0.0024932 0.132842]
MCMC algorithm: MCWM
Adaptation algorithm: noAdaptation
Prior distribution: Uniform
Particel filter: bootstrap
Iteration: 1
Covariance:
[0.0227456 -0.00537899 0.0178364; -0.00537899 0.00229489 -0.00301678; 0.0178364 -0.00301678 0.160739]
ESS: 234.5056
Loglik: 6405.7797 
Percentage done: 20.00 % 
Acceptance rate on iteration 1 to 10000 is 7.4907 %
Covariance:
[0.0227456 -0.00537899 0.0178364; -0.00537899 0.00229489 -0.00301678; 0.0178364 -0.00301678 0.160739]
Loglik: 6405.0675 
Percentage done: 40.00 % 
Acceptance rate on iteration 10001 to 20000 is 7.1707 %
Covariance:
[0.0227456 -0.00537899 0.0178364; -0.00537899 0.00229489 -0.00301678; 0.0178364 -0.00301678 0.160739]
Loglik: 6404.0050 
Percentage done: 60.00 % 
Acceptance rate on iteration 20001 to 30000 is 7.6808 %
Covariance:
[0.0227456 -0.00537899 0.0178364; -0.00537899 0.00229489 -0.00301678; 0.0178364 -0.00301678 0.160739]
Loglik: 6404.9102 
Percentage done: 80.00 % 
Acceptance rate on iteration 30001 to 40000 is 8.2708 %
Covariance:
[0.0227456 -0.00537899 0.0178364; -0.00537899 0.00229489 -0.00301678; 0.0178364 -0.00301678 0.160739]
Loglik: 6404.8941 
elapsed time: 414.936539421 seconds
Ending DA-GP-MCMC with adaptive RW estimating 3 parameters
Algorithm: MCWM
Adaptation algorithm: noAdaptation
Prior distribution: Uniform
Particel filter: bootstrap
Time pre-er:  0
Time fit GP model:  0
Time er-part:  415
Number early-rejections: 40411
Number of cases directly to ordinary MH: 7491
Number of cases directly to ordinary MH accapted: 2799
Number cases in secound stage: 2097
Number accepted in secound stage: 1049
Total number of evaluations of the particle filter: 9588
Acceptance rate for ordinary MH accapted: 37.3648
Acceptance rate a_1: 4.9332
Acceptance rate a_2: 50.0238
Acceptance rate a_1*a_2: 2.4678
Acceptance rate a (for entier algorithm): 7.6960
Iterstion:
9
Starting DA-GP-MCMC with adaptive RW estimating 3 parameters
Covariance - kernel_MH_direct:
[0.018798 -0.00444545 0.0147408; -0.00444545 0.0018966 -0.0024932; 0.0147408 -0.0024932 0.132842]
MCMC algorithm: MCWM
Adaptation algorithm: noAdaptation
Prior distribution: Uniform
Particel filter: bootstrap
Iteration: 1
Covariance:
[0.0227456 -0.00537899 0.0178364; -0.00537899 0.00229489 -0.00301678; 0.0178364 -0.00301678 0.160739]
ESS: 219.7735
Loglik: 6404.6819 
Percentage done: 20.00 % 
Acceptance rate on iteration 1 to 10000 is 7.5208 %
Covariance:
[0.0227456 -0.00537899 0.0178364; -0.00537899 0.00229489 -0.00301678; 0.0178364 -0.00301678 0.160739]
Loglik: 6404.7334 
ESS: 443.2237
ESS: 252.8675
Percentage done: 40.00 % 
Acceptance rate on iteration 10001 to 20000 is 7.5208 %
Covariance:
[0.0227456 -0.00537899 0.0178364; -0.00537899 0.00229489 -0.00301678; 0.0178364 -0.00301678 0.160739]
Loglik: 6405.1178 
ESS: 420.8874
ESS: 268.1988
Percentage done: 60.00 % 
Acceptance rate on iteration 20001 to 30000 is 8.2108 %
Covariance:
[0.0227456 -0.00537899 0.0178364; -0.00537899 0.00229489 -0.00301678; 0.0178364 -0.00301678 0.160739]
Loglik: 6404.7576 
Percentage done: 80.00 % 
Acceptance rate on iteration 30001 to 40000 is 7.6108 %
Covariance:
[0.0227456 -0.00537899 0.0178364; -0.00537899 0.00229489 -0.00301678; 0.0178364 -0.00301678 0.160739]
Loglik: 6401.7760 
elapsed time: 411.965828587 seconds
Ending DA-GP-MCMC with adaptive RW estimating 3 parameters
Algorithm: MCWM
Adaptation algorithm: noAdaptation
Prior distribution: Uniform
Particel filter: bootstrap
Time pre-er:  0
Time fit GP model:  0
Time er-part:  412
Number early-rejections: 40571
Number of cases directly to ordinary MH: 7421
Number of cases directly to ordinary MH accapted: 2829
Number cases in secound stage: 2007
Number accepted in secound stage: 1020
Total number of evaluations of the particle filter: 9428
Acceptance rate for ordinary MH accapted: 38.1215
Acceptance rate a_1: 4.7137
Acceptance rate a_2: 50.8221
Acceptance rate a_1*a_2: 2.3956
Acceptance rate a (for entier algorithm): 7.6980
Iterstion:
10
Starting DA-GP-MCMC with adaptive RW estimating 3 parameters
Covariance - kernel_MH_direct:
[0.018798 -0.00444545 0.0147408; -0.00444545 0.0018966 -0.0024932; 0.0147408 -0.0024932 0.132842]
MCMC algorithm: MCWM
Adaptation algorithm: noAdaptation
Prior distribution: Uniform
Particel filter: bootstrap
Iteration: 1
Covariance:
[0.0227456 -0.00537899 0.0178364; -0.00537899 0.00229489 -0.00301678; 0.0178364 -0.00301678 0.160739]
ESS: 214.0897
Loglik: 6405.3330 
Percentage done: 20.00 % 
Acceptance rate on iteration 1 to 10000 is 7.8408 %
Covariance:
[0.0227456 -0.00537899 0.0178364; -0.00537899 0.00229489 -0.00301678; 0.0178364 -0.00301678 0.160739]
Loglik: 6402.3181 
Percentage done: 40.00 % 
Acceptance rate on iteration 10001 to 20000 is 8.5209 %
Covariance:
[0.0227456 -0.00537899 0.0178364; -0.00537899 0.00229489 -0.00301678; 0.0178364 -0.00301678 0.160739]
Loglik: 6404.3315 
Percentage done: 60.00 % 
Acceptance rate on iteration 20001 to 30000 is 7.7308 %
Covariance:
[0.0227456 -0.00537899 0.0178364; -0.00537899 0.00229489 -0.00301678; 0.0178364 -0.00301678 0.160739]
Loglik: 6404.6166 
Percentage done: 80.00 % 
Acceptance rate on iteration 30001 to 40000 is 8.0808 %
Covariance:
[0.0227456 -0.00537899 0.0178364; -0.00537899 0.00229489 -0.00301678; 0.0178364 -0.00301678 0.160739]
Loglik: 6404.2297 
elapsed time: 412.651743556 seconds
Ending DA-GP-MCMC with adaptive RW estimating 3 parameters
Algorithm: MCWM
Adaptation algorithm: noAdaptation
Prior distribution: Uniform
Particel filter: bootstrap
Time pre-er:  0
Time fit GP model:  0
Time er-part:  413
Number early-rejections: 40308
Number of cases directly to ordinary MH: 7600
Number of cases directly to ordinary MH accapted: 2907
Number cases in secound stage: 2091
Number accepted in secound stage: 1059
Total number of evaluations of the particle filter: 9691
Acceptance rate for ordinary MH accapted: 38.2500
Acceptance rate a_1: 4.9317
Acceptance rate a_2: 50.6456
Acceptance rate a_1*a_2: 2.4977
Acceptance rate a (for entier algorithm): 7.9320
Iterstion:
11
Starting DA-GP-MCMC with adaptive RW estimating 3 parameters
Covariance - kernel_MH_direct:
[0.018798 -0.00444545 0.0147408; -0.00444545 0.0018966 -0.0024932; 0.0147408 -0.0024932 0.132842]
MCMC algorithm: MCWM
Adaptation algorithm: noAdaptation
Prior distribution: Uniform
Particel filter: bootstrap
Iteration: 1
Covariance:
[0.0227456 -0.00537899 0.0178364; -0.00537899 0.00229489 -0.00301678; 0.0178364 -0.00301678 0.160739]
ESS: 221.0388
Loglik: 6404.6070 
Percentage done: 20.00 % 
Acceptance rate on iteration 1 to 10000 is 7.1107 %
Covariance:
[0.0227456 -0.00537899 0.0178364; -0.00537899 0.00229489 -0.00301678; 0.0178364 -0.00301678 0.160739]
Loglik: 6404.6676 
Percentage done: 40.00 % 
Acceptance rate on iteration 10001 to 20000 is 7.5808 %
Covariance:
[0.0227456 -0.00537899 0.0178364; -0.00537899 0.00229489 -0.00301678; 0.0178364 -0.00301678 0.160739]
Loglik: 6403.7985 
Percentage done: 60.00 % 
Acceptance rate on iteration 20001 to 30000 is 7.9308 %
Covariance:
[0.0227456 -0.00537899 0.0178364; -0.00537899 0.00229489 -0.00301678; 0.0178364 -0.00301678 0.160739]
Loglik: 6405.2957 
Percentage done: 80.00 % 
Acceptance rate on iteration 30001 to 40000 is 7.6308 %
Covariance:
[0.0227456 -0.00537899 0.0178364; -0.00537899 0.00229489 -0.00301678; 0.0178364 -0.00301678 0.160739]
Loglik: 6404.0060 
elapsed time: 413.189714593 seconds
Ending DA-GP-MCMC with adaptive RW estimating 3 parameters
Algorithm: MCWM
Adaptation algorithm: noAdaptation
Prior distribution: Uniform
Particel filter: bootstrap
Time pre-er:  0
Time fit GP model:  0
Time er-part:  413
Number early-rejections: 40461
Number of cases directly to ordinary MH: 7515
Number of cases directly to ordinary MH accapted: 2760
Number cases in secound stage: 2023
Number accepted in secound stage: 1037
Total number of evaluations of the particle filter: 9538
Acceptance rate for ordinary MH accapted: 36.7265
Acceptance rate a_1: 4.7618
Acceptance rate a_2: 51.2605
Acceptance rate a_1*a_2: 2.4409
Acceptance rate a (for entier algorithm): 7.5940
Iterstion:
12
Starting DA-GP-MCMC with adaptive RW estimating 3 parameters
Covariance - kernel_MH_direct:
[0.018798 -0.00444545 0.0147408; -0.00444545 0.0018966 -0.0024932; 0.0147408 -0.0024932 0.132842]
MCMC algorithm: MCWM
Adaptation algorithm: noAdaptation
Prior distribution: Uniform
Particel filter: bootstrap
Iteration: 1
Covariance:
[0.0227456 -0.00537899 0.0178364; -0.00537899 0.00229489 -0.00301678; 0.0178364 -0.00301678 0.160739]
ESS: 257.3338
Loglik: 6405.2460 
Percentage done: 20.00 % 
Acceptance rate on iteration 1 to 10000 is 7.6308 %
Covariance:
[0.0227456 -0.00537899 0.0178364; -0.00537899 0.00229489 -0.00301678; 0.0178364 -0.00301678 0.160739]
Loglik: 6402.7568 
Percentage done: 40.00 % 
Acceptance rate on iteration 10001 to 20000 is 7.5708 %
Covariance:
[0.0227456 -0.00537899 0.0178364; -0.00537899 0.00229489 -0.00301678; 0.0178364 -0.00301678 0.160739]
Loglik: 6403.6070 
Percentage done: 60.00 % 
Acceptance rate on iteration 20001 to 30000 is 7.2007 %
Covariance:
[0.0227456 -0.00537899 0.0178364; -0.00537899 0.00229489 -0.00301678; 0.0178364 -0.00301678 0.160739]
Loglik: 6403.6421 
ESS: 240.9403
ESS: 206.4200
Percentage done: 80.00 % 
Acceptance rate on iteration 30001 to 40000 is 7.1607 %
Covariance:
[0.0227456 -0.00537899 0.0178364; -0.00537899 0.00229489 -0.00301678; 0.0178364 -0.00301678 0.160739]
Loglik: 6402.8110 
elapsed time: 414.558762061 seconds
Ending DA-GP-MCMC with adaptive RW estimating 3 parameters
Algorithm: MCWM
Adaptation algorithm: noAdaptation
Prior distribution: Uniform
Particel filter: bootstrap
Time pre-er:  0
Time fit GP model:  0
Time er-part:  415
Number early-rejections: 40571
Number of cases directly to ordinary MH: 7463
Number of cases directly to ordinary MH accapted: 2761
Number cases in secound stage: 1965
Number accepted in secound stage: 1000
Total number of evaluations of the particle filter: 9428
Acceptance rate for ordinary MH accapted: 36.9958
Acceptance rate a_1: 4.6196
Acceptance rate a_2: 50.8906
Acceptance rate a_1*a_2: 2.3509
Acceptance rate a (for entier algorithm): 7.5220
Iterstion:
13
Starting DA-GP-MCMC with adaptive RW estimating 3 parameters
Covariance - kernel_MH_direct:
[0.018798 -0.00444545 0.0147408; -0.00444545 0.0018966 -0.0024932; 0.0147408 -0.0024932 0.132842]
MCMC algorithm: MCWM
Adaptation algorithm: noAdaptation
Prior distribution: Uniform
Particel filter: bootstrap
Iteration: 1
Covariance:
[0.0227456 -0.00537899 0.0178364; -0.00537899 0.00229489 -0.00301678; 0.0178364 -0.00301678 0.160739]
ESS: 230.2469
Loglik: 6405.1900 
Percentage done: 20.00 % 
Acceptance rate on iteration 1 to 10000 is 8.1408 %
Covariance:
[0.0227456 -0.00537899 0.0178364; -0.00537899 0.00229489 -0.00301678; 0.0178364 -0.00301678 0.160739]
Loglik: 6403.3115 
ESS: 412.3111
ESS: 242.1010
Percentage done: 40.00 % 
Acceptance rate on iteration 10001 to 20000 is 7.8408 %
Covariance:
[0.0227456 -0.00537899 0.0178364; -0.00537899 0.00229489 -0.00301678; 0.0178364 -0.00301678 0.160739]
Loglik: 6403.3804 
Percentage done: 60.00 % 
Acceptance rate on iteration 20001 to 30000 is 7.6008 %
Covariance:
[0.0227456 -0.00537899 0.0178364; -0.00537899 0.00229489 -0.00301678; 0.0178364 -0.00301678 0.160739]
Loglik: 6404.0039 
Percentage done: 80.00 % 
Acceptance rate on iteration 30001 to 40000 is 7.6408 %
Covariance:
[0.0227456 -0.00537899 0.0178364; -0.00537899 0.00229489 -0.00301678; 0.0178364 -0.00301678 0.160739]
Loglik: 6403.8763 
ESS: 216.8538
ESS: 244.5821
elapsed time: 407.185763927 seconds
Ending DA-GP-MCMC with adaptive RW estimating 3 parameters
Algorithm: MCWM
Adaptation algorithm: noAdaptation
Prior distribution: Uniform
Particel filter: bootstrap
Time pre-er:  0
Time fit GP model:  0
Time er-part:  407
Number early-rejections: 40571
Number of cases directly to ordinary MH: 7375
Number of cases directly to ordinary MH accapted: 2825
Number cases in secound stage: 2053
Number accepted in secound stage: 1064
Total number of evaluations of the particle filter: 9428
Acceptance rate for ordinary MH accapted: 38.3051
Acceptance rate a_1: 4.8165
Acceptance rate a_2: 51.8266
Acceptance rate a_1*a_2: 2.4962
Acceptance rate a (for entier algorithm): 7.7780
Iterstion:
14
Starting DA-GP-MCMC with adaptive RW estimating 3 parameters
Covariance - kernel_MH_direct:
[0.018798 -0.00444545 0.0147408; -0.00444545 0.0018966 -0.0024932; 0.0147408 -0.0024932 0.132842]
MCMC algorithm: MCWM
Adaptation algorithm: noAdaptation
Prior distribution: Uniform
Particel filter: bootstrap
Iteration: 1
Covariance:
[0.0227456 -0.00537899 0.0178364; -0.00537899 0.00229489 -0.00301678; 0.0178364 -0.00301678 0.160739]
ESS: 234.7956
Loglik: 6404.4781 
Percentage done: 20.00 % 
Acceptance rate on iteration 1 to 10000 is 8.1708 %
Covariance:
[0.0227456 -0.00537899 0.0178364; -0.00537899 0.00229489 -0.00301678; 0.0178364 -0.00301678 0.160739]
Loglik: 6401.4071 
Percentage done: 40.00 % 
Acceptance rate on iteration 10001 to 20000 is 8.1108 %
Covariance:
[0.0227456 -0.00537899 0.0178364; -0.00537899 0.00229489 -0.00301678; 0.0178364 -0.00301678 0.160739]
Loglik: 6402.6671 
Percentage done: 60.00 % 
Acceptance rate on iteration 20001 to 30000 is 7.8808 %
Covariance:
[0.0227456 -0.00537899 0.0178364; -0.00537899 0.00229489 -0.00301678; 0.0178364 -0.00301678 0.160739]
Loglik: 6400.4378 
ESS: 153.0843
ESS: 186.2585
Percentage done: 80.00 % 
Acceptance rate on iteration 30001 to 40000 is 7.1507 %
Covariance:
[0.0227456 -0.00537899 0.0178364; -0.00537899 0.00229489 -0.00301678; 0.0178364 -0.00301678 0.160739]
Loglik: 6401.5532 
elapsed time: 411.992200175 seconds
Ending DA-GP-MCMC with adaptive RW estimating 3 parameters
Algorithm: MCWM
Adaptation algorithm: noAdaptation
Prior distribution: Uniform
Particel filter: bootstrap
Time pre-er:  0
Time fit GP model:  0
Time er-part:  412
Number early-rejections: 40454
Number of cases directly to ordinary MH: 7500
Number of cases directly to ordinary MH accapted: 2859
Number cases in secound stage: 2045
Number accepted in secound stage: 1048
Total number of evaluations of the particle filter: 9545
Acceptance rate for ordinary MH accapted: 38.1200
Acceptance rate a_1: 4.8119
Acceptance rate a_2: 51.2469
Acceptance rate a_1*a_2: 2.4659
Acceptance rate a (for entier algorithm): 7.8140
Iterstion:
15
Starting DA-GP-MCMC with adaptive RW estimating 3 parameters
Covariance - kernel_MH_direct:
[0.018798 -0.00444545 0.0147408; -0.00444545 0.0018966 -0.0024932; 0.0147408 -0.0024932 0.132842]
MCMC algorithm: MCWM
Adaptation algorithm: noAdaptation
Prior distribution: Uniform
Particel filter: bootstrap
Iteration: 1
Covariance:
[0.0227456 -0.00537899 0.0178364; -0.00537899 0.00229489 -0.00301678; 0.0178364 -0.00301678 0.160739]
ESS: 234.2549
Loglik: 6404.9506 
Percentage done: 20.00 % 
Acceptance rate on iteration 1 to 10000 is 7.3007 %
Covariance:
[0.0227456 -0.00537899 0.0178364; -0.00537899 0.00229489 -0.00301678; 0.0178364 -0.00301678 0.160739]
Loglik: 6404.9243 
Percentage done: 40.00 % 
Acceptance rate on iteration 10001 to 20000 is 7.7408 %
Covariance:
[0.0227456 -0.00537899 0.0178364; -0.00537899 0.00229489 -0.00301678; 0.0178364 -0.00301678 0.160739]
Loglik: 6405.4654 
Percentage done: 60.00 % 
Acceptance rate on iteration 20001 to 30000 is 7.8308 %
Covariance:
[0.0227456 -0.00537899 0.0178364; -0.00537899 0.00229489 -0.00301678; 0.0178364 -0.00301678 0.160739]
Loglik: 6404.4654 
ESS: 158.7249
ESS: 242.2225
Percentage done: 80.00 % 
Acceptance rate on iteration 30001 to 40000 is 8.0708 %
Covariance:
[0.0227456 -0.00537899 0.0178364; -0.00537899 0.00229489 -0.00301678; 0.0178364 -0.00301678 0.160739]
Loglik: 6405.2527 
elapsed time: 416.798910468 seconds
Ending DA-GP-MCMC with adaptive RW estimating 3 parameters
Algorithm: MCWM
Adaptation algorithm: noAdaptation
Prior distribution: Uniform
Particel filter: bootstrap
Time pre-er:  0
Time fit GP model:  0
Time er-part:  417
Number early-rejections: 40395
Number of cases directly to ordinary MH: 7554
Number of cases directly to ordinary MH accapted: 2883
Number cases in secound stage: 2050
Number accepted in secound stage: 1030
Total number of evaluations of the particle filter: 9604
Acceptance rate for ordinary MH accapted: 38.1652
Acceptance rate a_1: 4.8298
Acceptance rate a_2: 50.2439
Acceptance rate a_1*a_2: 2.4267
Acceptance rate a (for entier algorithm): 7.8260
Iterstion:
16
Starting DA-GP-MCMC with adaptive RW estimating 3 parameters
Covariance - kernel_MH_direct:
[0.018798 -0.00444545 0.0147408; -0.00444545 0.0018966 -0.0024932; 0.0147408 -0.0024932 0.132842]
MCMC algorithm: MCWM
Adaptation algorithm: noAdaptation
Prior distribution: Uniform
Particel filter: bootstrap
Iteration: 1
Covariance:
[0.0227456 -0.00537899 0.0178364; -0.00537899 0.00229489 -0.00301678; 0.0178364 -0.00301678 0.160739]
ESS: 224.8855
Loglik: 6403.9605 
Percentage done: 20.00 % 
Acceptance rate on iteration 1 to 10000 is 7.7308 %
Covariance:
[0.0227456 -0.00537899 0.0178364; -0.00537899 0.00229489 -0.00301678; 0.0178364 -0.00301678 0.160739]
Loglik: 6404.9596 
Percentage done: 40.00 % 
Acceptance rate on iteration 10001 to 20000 is 8.5209 %
Covariance:
[0.0227456 -0.00537899 0.0178364; -0.00537899 0.00229489 -0.00301678; 0.0178364 -0.00301678 0.160739]
Loglik: 6402.5784 
Percentage done: 60.00 % 
Acceptance rate on iteration 20001 to 30000 is 8.1208 %
Covariance:
[0.0227456 -0.00537899 0.0178364; -0.00537899 0.00229489 -0.00301678; 0.0178364 -0.00301678 0.160739]
Loglik: 6403.5763 
ESS: 322.4503
ESS: 269.9010
Percentage done: 80.00 % 
Acceptance rate on iteration 30001 to 40000 is 8.0508 %
Covariance:
[0.0227456 -0.00537899 0.0178364; -0.00537899 0.00229489 -0.00301678; 0.0178364 -0.00301678 0.160739]
Loglik: 6403.8290 
ESS: 139.3965
ESS: 116.0740
elapsed time: 419.313227663 seconds
Ending DA-GP-MCMC with adaptive RW estimating 3 parameters
Algorithm: MCWM
Adaptation algorithm: noAdaptation
Prior distribution: Uniform
Particel filter: bootstrap
Time pre-er:  0
Time fit GP model:  0
Time er-part:  419
Number early-rejections: 40434
Number of cases directly to ordinary MH: 7511
Number of cases directly to ordinary MH accapted: 2921
Number cases in secound stage: 2054
Number accepted in secound stage: 1059
Total number of evaluations of the particle filter: 9565
Acceptance rate for ordinary MH accapted: 38.8896
Acceptance rate a_1: 4.8343
Acceptance rate a_2: 51.5579
Acceptance rate a_1*a_2: 2.4925
Acceptance rate a (for entier algorithm): 7.9600
Iterstion:
17
Starting DA-GP-MCMC with adaptive RW estimating 3 parameters
Covariance - kernel_MH_direct:
[0.018798 -0.00444545 0.0147408; -0.00444545 0.0018966 -0.0024932; 0.0147408 -0.0024932 0.132842]
MCMC algorithm: MCWM
Adaptation algorithm: noAdaptation
Prior distribution: Uniform
Particel filter: bootstrap
Iteration: 1
Covariance:
[0.0227456 -0.00537899 0.0178364; -0.00537899 0.00229489 -0.00301678; 0.0178364 -0.00301678 0.160739]
ESS: 232.2919
Loglik: 6404.9048 
Percentage done: 20.00 % 
Acceptance rate on iteration 1 to 10000 is 8.4708 %
Covariance:
[0.0227456 -0.00537899 0.0178364; -0.00537899 0.00229489 -0.00301678; 0.0178364 -0.00301678 0.160739]
Loglik: 6404.7912 
Percentage done: 40.00 % 
Acceptance rate on iteration 10001 to 20000 is 7.3107 %
Covariance:
[0.0227456 -0.00537899 0.0178364; -0.00537899 0.00229489 -0.00301678; 0.0178364 -0.00301678 0.160739]
Loglik: 6404.3896 
Percentage done: 60.00 % 
Acceptance rate on iteration 20001 to 30000 is 7.3507 %
Covariance:
[0.0227456 -0.00537899 0.0178364; -0.00537899 0.00229489 -0.00301678; 0.0178364 -0.00301678 0.160739]
Loglik: 6403.0730 
Percentage done: 80.00 % 
Acceptance rate on iteration 30001 to 40000 is 7.3607 %
Covariance:
[0.0227456 -0.00537899 0.0178364; -0.00537899 0.00229489 -0.00301678; 0.0178364 -0.00301678 0.160739]
Loglik: 6404.7927 
elapsed time: 408.031499536 seconds
Ending DA-GP-MCMC with adaptive RW estimating 3 parameters
Algorithm: MCWM
Adaptation algorithm: noAdaptation
Prior distribution: Uniform
Particel filter: bootstrap
Time pre-er:  0
Time fit GP model:  0
Time er-part:  408
Number early-rejections: 40504
Number of cases directly to ordinary MH: 7464
Number of cases directly to ordinary MH accapted: 2833
Number cases in secound stage: 2031
Number accepted in secound stage: 1008
Total number of evaluations of the particle filter: 9495
Acceptance rate for ordinary MH accapted: 37.9555
Acceptance rate a_1: 4.7749
Acceptance rate a_2: 49.6307
Acceptance rate a_1*a_2: 2.3698
Acceptance rate a (for entier algorithm): 7.6820
Iterstion:
18
Starting DA-GP-MCMC with adaptive RW estimating 3 parameters
Covariance - kernel_MH_direct:
[0.018798 -0.00444545 0.0147408; -0.00444545 0.0018966 -0.0024932; 0.0147408 -0.0024932 0.132842]
MCMC algorithm: MCWM
Adaptation algorithm: noAdaptation
Prior distribution: Uniform
Particel filter: bootstrap
Iteration: 1
Covariance:
[0.0227456 -0.00537899 0.0178364; -0.00537899 0.00229489 -0.00301678; 0.0178364 -0.00301678 0.160739]
ESS: 232.3002
Loglik: 6404.0108 
Percentage done: 20.00 % 
Acceptance rate on iteration 1 to 10000 is 7.6908 %
Covariance:
[0.0227456 -0.00537899 0.0178364; -0.00537899 0.00229489 -0.00301678; 0.0178364 -0.00301678 0.160739]
Loglik: 6401.6767 
Percentage done: 40.00 % 
Acceptance rate on iteration 10001 to 20000 is 8.4608 %
Covariance:
[0.0227456 -0.00537899 0.0178364; -0.00537899 0.00229489 -0.00301678; 0.0178364 -0.00301678 0.160739]
Loglik: 6403.4910 
Percentage done: 60.00 % 
Acceptance rate on iteration 20001 to 30000 is 7.4007 %
Covariance:
[0.0227456 -0.00537899 0.0178364; -0.00537899 0.00229489 -0.00301678; 0.0178364 -0.00301678 0.160739]
Loglik: 6403.5586 
Percentage done: 80.00 % 
Acceptance rate on iteration 30001 to 40000 is 7.7008 %
Covariance:
[0.0227456 -0.00537899 0.0178364; -0.00537899 0.00229489 -0.00301678; 0.0178364 -0.00301678 0.160739]
Loglik: 6402.8271 
ESS: 238.5843
ESS: 367.6505
elapsed time: 413.95844649 seconds
Ending DA-GP-MCMC with adaptive RW estimating 3 parameters
Algorithm: MCWM
Adaptation algorithm: noAdaptation
Prior distribution: Uniform
Particel filter: bootstrap
Time pre-er:  0
Time fit GP model:  0
Time er-part:  414
Number early-rejections: 40385
Number of cases directly to ordinary MH: 7502
Number of cases directly to ordinary MH accapted: 2860
Number cases in secound stage: 2112
Number accepted in secound stage: 1060
Total number of evaluations of the particle filter: 9614
Acceptance rate for ordinary MH accapted: 38.1232
Acceptance rate a_1: 4.9698
Acceptance rate a_2: 50.1894
Acceptance rate a_1*a_2: 2.4943
Acceptance rate a (for entier algorithm): 7.8400
Iterstion:
19
Starting DA-GP-MCMC with adaptive RW estimating 3 parameters
Covariance - kernel_MH_direct:
[0.018798 -0.00444545 0.0147408; -0.00444545 0.0018966 -0.0024932; 0.0147408 -0.0024932 0.132842]
MCMC algorithm: MCWM
Adaptation algorithm: noAdaptation
Prior distribution: Uniform
Particel filter: bootstrap
Iteration: 1
Covariance:
[0.0227456 -0.00537899 0.0178364; -0.00537899 0.00229489 -0.00301678; 0.0178364 -0.00301678 0.160739]
ESS: 219.5746
Loglik: 6405.4908 
Percentage done: 20.00 % 
Acceptance rate on iteration 1 to 10000 is 8.1408 %
Covariance:
[0.0227456 -0.00537899 0.0178364; -0.00537899 0.00229489 -0.00301678; 0.0178364 -0.00301678 0.160739]
Loglik: 6400.6155 
Percentage done: 40.00 % 
Acceptance rate on iteration 10001 to 20000 is 7.5608 %
Covariance:
[0.0227456 -0.00537899 0.0178364; -0.00537899 0.00229489 -0.00301678; 0.0178364 -0.00301678 0.160739]
Loglik: 6404.2304 
Percentage done: 60.00 % 
Acceptance rate on iteration 20001 to 30000 is 8.0108 %
Covariance:
[0.0227456 -0.00537899 0.0178364; -0.00537899 0.00229489 -0.00301678; 0.0178364 -0.00301678 0.160739]
Loglik: 6401.4855 
Percentage done: 80.00 % 
Acceptance rate on iteration 30001 to 40000 is 8.4308 %
Covariance:
[0.0227456 -0.00537899 0.0178364; -0.00537899 0.00229489 -0.00301678; 0.0178364 -0.00301678 0.160739]
Loglik: 6405.0400 
elapsed time: 419.872246211 seconds
Ending DA-GP-MCMC with adaptive RW estimating 3 parameters
Algorithm: MCWM
Adaptation algorithm: noAdaptation
Prior distribution: Uniform
Particel filter: bootstrap
Time pre-er:  0
Time fit GP model:  0
Time er-part:  420
Number early-rejections: 40217
Number of cases directly to ordinary MH: 7711
Number of cases directly to ordinary MH accapted: 2969
Number cases in secound stage: 2071
Number accepted in secound stage: 1072
