Starting ml estimationLength of training data: 1800Start values for optimization:
[-1675.05; 1375.71; 4765.66; -58.8521; -73.1682; -747.808; -4.68548; -355.504; 8.98857; 4.83859; 0.934979; 0.588406; -1.67788; -2.87451; -0.771963]Iter     Function value   Gradient norm 
     0     3.698300e+03     5.694031e+03
     1     3.262084e+03     2.855870e+03
     2     1.975381e+03     9.488459e+02
     3     1.934337e+03     1.262212e+03
     4     1.874534e+03     8.578166e+02
     5     1.866085e+03     2.493929e+02
     6     1.864053e+03     1.803131e+02
     7     1.852694e+03     8.614007e+01
     8     1.848558e+03     3.463314e+02
     9     1.817633e+03     1.754832e+02
    10     1.798021e+03     4.745932e+02
    11     1.645368e+03     1.876391e+03
    12     1.645370e+03     1.876423e+03
Estimated parameters of the GP model:
Estimated Β:s:
[-1675.15,1375.6,4765.39,-58.7235,-72.4946,-748.514,-4.48632,-355.928,9.05095,5.1954]
Estimated log Φ:s:
[-0.320285,-0.640191,-2.23617,-2.05645,-0.732181]
elapsed time: 186.338801024 seconds
Starting DA-GP-MCMC with adaptive RW estimating 3 parameters
Covariance - kernel_MH_direct:
[0.0375216 -0.00856914 0.031899; -0.00856914 0.00287627 -0.00600934; 0.031899 -0.00600934 0.164455]
MCMC algorithm: MCWM
Adaptation algorithm: noAdaptation
Prior distribution: Uniform
Particel filter: bootstrap
Iteration: 1
Covariance:
[0.0260567 -0.0059508 0.0221521; -0.0059508 0.00199741 -0.00417316; 0.0221521 -0.00417316 0.114205]
ESS: 199.2422
Loglik: 6404.9157 
Percentage done: 4.00 % 
Acceptance rate on iteration 1 to 1000 is 5.4054 %
Covariance:
[0.0260567 -0.0059508 0.0221521; -0.0059508 0.00199741 -0.00417316; 0.0221521 -0.00417316 0.114205]
Loglik: 6404.1072 
Percentage done: 8.00 % 
Acceptance rate on iteration 1001 to 2000 is 4.2042 %
Covariance:
[0.0260567 -0.0059508 0.0221521; -0.0059508 0.00199741 -0.00417316; 0.0221521 -0.00417316 0.114205]
Loglik: 6403.8336 
Percentage done: 12.00 % 
Acceptance rate on iteration 2001 to 3000 is 6.2062 %
Covariance:
[0.0260567 -0.0059508 0.0221521; -0.0059508 0.00199741 -0.00417316; 0.0221521 -0.00417316 0.114205]
Loglik: 6400.9229 
Percentage done: 16.00 % 
Acceptance rate on iteration 3001 to 4000 is 4.6046 %
Covariance:
[0.0260567 -0.0059508 0.0221521; -0.0059508 0.00199741 -0.00417316; 0.0221521 -0.00417316 0.114205]
Loglik: 6404.1232 
Percentage done: 20.00 % 
Acceptance rate on iteration 4001 to 5000 is 6.3063 %
Covariance:
[0.0260567 -0.0059508 0.0221521; -0.0059508 0.00199741 -0.00417316; 0.0221521 -0.00417316 0.114205]
Loglik: 6405.0190 
Percentage done: 24.00 % 
Acceptance rate on iteration 5001 to 6000 is 4.6046 %
Covariance:
[0.0260567 -0.0059508 0.0221521; -0.0059508 0.00199741 -0.00417316; 0.0221521 -0.00417316 0.114205]
Loglik: 6402.7067 
Percentage done: 28.00 % 
Acceptance rate on iteration 6001 to 7000 is 6.1061 %
Covariance:
[0.0260567 -0.0059508 0.0221521; -0.0059508 0.00199741 -0.00417316; 0.0221521 -0.00417316 0.114205]
Loglik: 6403.5630 
Percentage done: 32.00 % 
Acceptance rate on iteration 7001 to 8000 is 4.1041 %
Covariance:
[0.0260567 -0.0059508 0.0221521; -0.0059508 0.00199741 -0.00417316; 0.0221521 -0.00417316 0.114205]
Loglik: 6403.8837 
Percentage done: 36.00 % 
Acceptance rate on iteration 8001 to 9000 is 7.6076 %
Covariance:
[0.0260567 -0.0059508 0.0221521; -0.0059508 0.00199741 -0.00417316; 0.0221521 -0.00417316 0.114205]
Loglik: 6404.8168 
Percentage done: 40.00 % 
Acceptance rate on iteration 9001 to 10000 is 3.5035 %
Covariance:
[0.0260567 -0.0059508 0.0221521; -0.0059508 0.00199741 -0.00417316; 0.0221521 -0.00417316 0.114205]
Loglik: 6405.0781 
Percentage done: 44.00 % 
Acceptance rate on iteration 10001 to 11000 is 5.7057 %
Covariance:
[0.0260567 -0.0059508 0.0221521; -0.0059508 0.00199741 -0.00417316; 0.0221521 -0.00417316 0.114205]
Loglik: 6404.5389 
Percentage done: 48.00 % 
Acceptance rate on iteration 11001 to 12000 is 6.0060 %
Covariance:
[0.0260567 -0.0059508 0.0221521; -0.0059508 0.00199741 -0.00417316; 0.0221521 -0.00417316 0.114205]
Loglik: 6402.4224 
Percentage done: 52.00 % 
Acceptance rate on iteration 12001 to 13000 is 4.0040 %
Covariance:
[0.0260567 -0.0059508 0.0221521; -0.0059508 0.00199741 -0.00417316; 0.0221521 -0.00417316 0.114205]
Loglik: 6403.4734 
Percentage done: 56.00 % 
Acceptance rate on iteration 13001 to 14000 is 4.7047 %
Covariance:
[0.0260567 -0.0059508 0.0221521; -0.0059508 0.00199741 -0.00417316; 0.0221521 -0.00417316 0.114205]
Loglik: 6403.8658 
Percentage done: 60.00 % 
Acceptance rate on iteration 14001 to 15000 is 4.7047 %
Covariance:
[0.0260567 -0.0059508 0.0221521; -0.0059508 0.00199741 -0.00417316; 0.0221521 -0.00417316 0.114205]
Loglik: 6405.8161 
Percentage done: 64.00 % 
Acceptance rate on iteration 15001 to 16000 is 3.9039 %
Covariance:
[0.0260567 -0.0059508 0.0221521; -0.0059508 0.00199741 -0.00417316; 0.0221521 -0.00417316 0.114205]
Loglik: 6404.3022 
Percentage done: 68.00 % 
Acceptance rate on iteration 16001 to 17000 is 4.7047 %
Covariance:
[0.0260567 -0.0059508 0.0221521; -0.0059508 0.00199741 -0.00417316; 0.0221521 -0.00417316 0.114205]
Loglik: 6405.0323 
Percentage done: 72.00 % 
Acceptance rate on iteration 17001 to 18000 is 5.4054 %
Covariance:
[0.0260567 -0.0059508 0.0221521; -0.0059508 0.00199741 -0.00417316; 0.0221521 -0.00417316 0.114205]
Loglik: 6404.2219 
Percentage done: 76.00 % 
Acceptance rate on iteration 18001 to 19000 is 5.9059 %
Covariance:
[0.0260567 -0.0059508 0.0221521; -0.0059508 0.00199741 -0.00417316; 0.0221521 -0.00417316 0.114205]
Loglik: 6403.8058 
Percentage done: 80.00 % 
Acceptance rate on iteration 19001 to 20000 is 5.6056 %
Covariance:
[0.0260567 -0.0059508 0.0221521; -0.0059508 0.00199741 -0.00417316; 0.0221521 -0.00417316 0.114205]
Loglik: 6404.8613 
Percentage done: 84.00 % 
Acceptance rate on iteration 20001 to 21000 is 4.2042 %
Covariance:
[0.0260567 -0.0059508 0.0221521; -0.0059508 0.00199741 -0.00417316; 0.0221521 -0.00417316 0.114205]
Loglik: 6402.6311 
ESS: 205.5896
ESS: 228.4875
Percentage done: 88.00 % 
Acceptance rate on iteration 21001 to 22000 is 5.6056 %
Covariance:
[0.0260567 -0.0059508 0.0221521; -0.0059508 0.00199741 -0.00417316; 0.0221521 -0.00417316 0.114205]
Loglik: 6403.6560 
Percentage done: 92.00 % 
Acceptance rate on iteration 22001 to 23000 is 5.3053 %
Covariance:
[0.0260567 -0.0059508 0.0221521; -0.0059508 0.00199741 -0.00417316; 0.0221521 -0.00417316 0.114205]
Loglik: 6403.8339 
Percentage done: 96.00 % 
Acceptance rate on iteration 23001 to 24000 is 4.8048 %
Covariance:
[0.0260567 -0.0059508 0.0221521; -0.0059508 0.00199741 -0.00417316; 0.0221521 -0.00417316 0.114205]
Loglik: 6402.8823 
elapsed time: 96.621218102 seconds
Ending DA-GP-MCMC with adaptive RW estimating 3 parameters
Algorithm: MCWM
Adaptation algorithm: noAdaptation
Prior distribution: Uniform
Particel filter: bootstrap
Time pre-er:  0
Time fit GP model:  0
Time er-part:  97
Number early-rejections: 21385
Number of cases directly to ordinary MH: 2535
Number cases in secound stage: 1079
Number accepted in secound stage: 525
Covariance - kernel_secound_stage_direct:
[0.0375216 -0.00856914 0.031899; -0.00856914 0.00287627 -0.00600934; 0.031899 -0.00600934 0.164455]
Starting DA-GP-MCMC with adaptive RW estimating 3 parameters
MCMC algorithm: MCWM
Adaptation algorithm: noAdaptation
Select case model: BiaseCoin
Prior distribution: Uniform
Particel filter: bootstrap
Iteration: 1
Covariance:
[0.0260567 -0.0059508 0.0221521; -0.0059508 0.00199741 -0.00417316; 0.0221521 -0.00417316 0.114205]
ESS: 227.7151
Loglik: 6403.8976 
Percentage done: 4.00 % 
Acceptance rate on iteration 1 to 1000 is 6.7067 %
Covariance:
[0.0260567 -0.0059508 0.0221521; -0.0059508 0.00199741 -0.00417316; 0.0221521 -0.00417316 0.114205]
Loglik: 6404.1257 
Percentage done: 8.00 % 
Acceptance rate on iteration 1001 to 2000 is 5.5055 %
Covariance:
[0.0260567 -0.0059508 0.0221521; -0.0059508 0.00199741 -0.00417316; 0.0221521 -0.00417316 0.114205]
Loglik: NaN 
Percentage done: 12.00 % 
Acceptance rate on iteration 2001 to 3000 is 7.3073 %
Covariance:
[0.0260567 -0.0059508 0.0221521; -0.0059508 0.00199741 -0.00417316; 0.0221521 -0.00417316 0.114205]
Loglik: 6404.4107 
Percentage done: 16.00 % 
Acceptance rate on iteration 3001 to 4000 is 8.0080 %
Covariance:
[0.0260567 -0.0059508 0.0221521; -0.0059508 0.00199741 -0.00417316; 0.0221521 -0.00417316 0.114205]
Loglik: NaN 
Percentage done: 20.00 % 
Acceptance rate on iteration 4001 to 5000 is 7.3073 %
Covariance:
[0.0260567 -0.0059508 0.0221521; -0.0059508 0.00199741 -0.00417316; 0.0221521 -0.00417316 0.114205]
Loglik: 6403.7936 
ESS: 89.8321
ESS: 134.2329
Percentage done: 24.00 % 
Acceptance rate on iteration 5001 to 6000 is 6.6066 %
Covariance:
[0.0260567 -0.0059508 0.0221521; -0.0059508 0.00199741 -0.00417316; 0.0221521 -0.00417316 0.114205]
Loglik: 6401.5397 
ESS: 109.6158
ESS: 46.9666
Percentage done: 28.00 % 
Acceptance rate on iteration 6001 to 7000 is 4.2042 %
Covariance:
[0.0260567 -0.0059508 0.0221521; -0.0059508 0.00199741 -0.00417316; 0.0221521 -0.00417316 0.114205]
Loglik: 6403.5759 
ESS: 291.4829
ESS: 173.9436
Percentage done: 32.00 % 
Acceptance rate on iteration 7001 to 8000 is 6.4064 %
Covariance:
[0.0260567 -0.0059508 0.0221521; -0.0059508 0.00199741 -0.00417316; 0.0221521 -0.00417316 0.114205]
Loglik: NaN 
Percentage done: 36.00 % 
Acceptance rate on iteration 8001 to 9000 is 5.4054 %
Covariance:
[0.0260567 -0.0059508 0.0221521; -0.0059508 0.00199741 -0.00417316; 0.0221521 -0.00417316 0.114205]
Loglik: NaN 
Percentage done: 40.00 % 
Acceptance rate on iteration 9001 to 10000 is 7.4074 %
Covariance:
[0.0260567 -0.0059508 0.0221521; -0.0059508 0.00199741 -0.00417316; 0.0221521 -0.00417316 0.114205]
Loglik: 6401.0830 
ESS: 574.7745
ESS: 267.6413
Percentage done: 44.00 % 
Acceptance rate on iteration 10001 to 11000 is 7.3073 %
Covariance:
[0.0260567 -0.0059508 0.0221521; -0.0059508 0.00199741 -0.00417316; 0.0221521 -0.00417316 0.114205]
Loglik: NaN 
Percentage done: 48.00 % 
Acceptance rate on iteration 11001 to 12000 is 6.8068 %
Covariance:
[0.0260567 -0.0059508 0.0221521; -0.0059508 0.00199741 -0.00417316; 0.0221521 -0.00417316 0.114205]
Loglik: 6402.7348 
Percentage done: 52.00 % 
Acceptance rate on iteration 12001 to 13000 is 5.9059 %
Covariance:
[0.0260567 -0.0059508 0.0221521; -0.0059508 0.00199741 -0.00417316; 0.0221521 -0.00417316 0.114205]
Loglik: NaN 
Percentage done: 56.00 % 
Acceptance rate on iteration 13001 to 14000 is 5.0050 %
Covariance:
[0.0260567 -0.0059508 0.0221521; -0.0059508 0.00199741 -0.00417316; 0.0221521 -0.00417316 0.114205]
Loglik: 6403.7384 
Percentage done: 60.00 % 
Acceptance rate on iteration 14001 to 15000 is 4.9049 %
Covariance:
[0.0260567 -0.0059508 0.0221521; -0.0059508 0.00199741 -0.00417316; 0.0221521 -0.00417316 0.114205]
Loglik: 6404.8237 
Percentage done: 64.00 % 
Acceptance rate on iteration 15001 to 16000 is 5.5055 %
Covariance:
[0.0260567 -0.0059508 0.0221521; -0.0059508 0.00199741 -0.00417316; 0.0221521 -0.00417316 0.114205]
Loglik: NaN 
ESS: 265.8591
ESS: 340.5584
Percentage done: 68.00 % 
Acceptance rate on iteration 16001 to 17000 is 8.7087 %
Covariance:
[0.0260567 -0.0059508 0.0221521; -0.0059508 0.00199741 -0.00417316; 0.0221521 -0.00417316 0.114205]
Loglik: NaN 
Percentage done: 72.00 % 
Acceptance rate on iteration 17001 to 18000 is 7.9079 %
Covariance:
[0.0260567 -0.0059508 0.0221521; -0.0059508 0.00199741 -0.00417316; 0.0221521 -0.00417316 0.114205]
Loglik: 6403.7471 
Percentage done: 76.00 % 
Acceptance rate on iteration 18001 to 19000 is 5.8058 %
Covariance:
[0.0260567 -0.0059508 0.0221521; -0.0059508 0.00199741 -0.00417316; 0.0221521 -0.00417316 0.114205]
Loglik: NaN 
Percentage done: 80.00 % 
Acceptance rate on iteration 19001 to 20000 is 7.6076 %
Covariance:
[0.0260567 -0.0059508 0.0221521; -0.0059508 0.00199741 -0.00417316; 0.0221521 -0.00417316 0.114205]
Loglik: 6403.2236 
Percentage done: 84.00 % 
Acceptance rate on iteration 20001 to 21000 is 8.5085 %
Covariance:
[0.0260567 -0.0059508 0.0221521; -0.0059508 0.00199741 -0.00417316; 0.0221521 -0.00417316 0.114205]
Loglik: 6402.5517 
Percentage done: 88.00 % 
Acceptance rate on iteration 21001 to 22000 is 7.0070 %
Covariance:
[0.0260567 -0.0059508 0.0221521; -0.0059508 0.00199741 -0.00417316; 0.0221521 -0.00417316 0.114205]
Loglik: 6403.7576 
Percentage done: 92.00 % 
Acceptance rate on iteration 22001 to 23000 is 4.4044 %
Covariance:
[0.0260567 -0.0059508 0.0221521; -0.0059508 0.00199741 -0.00417316; 0.0221521 -0.00417316 0.114205]
Loglik: NaN 
Percentage done: 96.00 % 
Acceptance rate on iteration 23001 to 24000 is 6.7067 %
Covariance:
[0.0260567 -0.0059508 0.0221521; -0.0059508 0.00199741 -0.00417316; 0.0221521 -0.00417316 0.114205]
Loglik: 6403.8884 
elapsed time: 89.072759005 seconds
Ending ADA-GP-MCMC with adaptive RW estimating 3 parameters
Algorithm: MCWM
Adaptation algorithm: noAdaptation
Prior distribution: Uniform
Particel filter: bootstrap
Time consumption:Time pre-er:  0
Time fit GP model:  0
Time er-part:  89
Number early-rejections: 21266
Number of cases directly to ordinary MH: 2498
Number split accaptance region early-accept: 190
Number split accaptance region early-reject: 282
Number cases in secound stage: 1235
Number accepted in secound stage: 365
Nbr assumtion correct: 458.000000
Proc assumtion correct: 0.600262
Number case 1: 654
Number case 2: 176
Number case 3: 384
Number case 4: 21
