Starting ml estimationLength of training data: 1800Start values for optimization:
[-1740.36; 1405.28; 4774.01; -62.7847; -76.8598; -748.329; -4.62424; -356.684; 8.8138; 6.80207; 0.738892; 0.392318; -1.77552; -2.97788; -0.867109]Iter     Function value   Gradient norm 
     0     3.016152e+03     4.608370e+03
     1     2.312323e+03     1.996813e+03
     2     1.388445e+03     1.621594e+03
     3     1.140757e+03     1.150942e+03
     4     1.099088e+03     9.546128e+02
     5     1.040948e+03     2.099395e+02
     6     1.038010e+03     1.145868e+02
     7     1.035119e+03     9.424871e+01
     8     1.024361e+03     3.451812e+02
     9     1.007710e+03     3.507439e+02
    10     9.953023e+02     2.351203e+02
    11     9.878889e+02     1.816452e+02
    12     9.753757e+02     2.891777e+02
    13     9.480374e+02     2.319831e+02
    14     9.441591e+02     5.803880e+01
    15     9.435748e+02     4.815715e+01
    16     9.417955e+02     1.836990e+02
    17     9.417965e+02     4.709357e+02
Estimated parameters of the GP model:
Estimated Β:s:
[-1740.38,1405.27,4773.97,-62.7572,-76.7039,-748.484,-4.5995,-356.776,8.85184,6.90226]
Estimated log Φ:s:
[-0.298681,-0.587577,-2.01521,-2.31576,-0.888738]
elapsed time: 424.360231588 seconds
Iterstion:
1
Starting DA-GP-MCMC with adaptive RW estimating 3 parameters
Covariance - kernel_MH_direct:
[0.0181555 -0.00438227 0.0184035; -0.00438227 0.00190507 -0.00451323; 0.0184035 -0.00451323 0.139391]
MCMC algorithm: MCWM
Adaptation algorithm: noAdaptation
Prior distribution: Uniform
Particel filter: bootstrap
Iteration: 1
Covariance:
[0.0181555 -0.00438227 0.0184035; -0.00438227 0.00190507 -0.00451323; 0.0184035 -0.00451323 0.139391]
ESS: 237.1102
Loglik: 6405.0351 
Percentage done: 20.00 % 
Acceptance rate on iteration 1 to 10000 is 7.7808 %
Covariance:
[0.0181555 -0.00438227 0.0184035; -0.00438227 0.00190507 -0.00451323; 0.0184035 -0.00451323 0.139391]
Loglik: 6405.3253 
Percentage done: 40.00 % 
Acceptance rate on iteration 10001 to 20000 is 7.3107 %
Covariance:
[0.0181555 -0.00438227 0.0184035; -0.00438227 0.00190507 -0.00451323; 0.0184035 -0.00451323 0.139391]
Loglik: 6403.4749 
Percentage done: 60.00 % 
Acceptance rate on iteration 20001 to 30000 is 7.6108 %
Covariance:
[0.0181555 -0.00438227 0.0184035; -0.00438227 0.00190507 -0.00451323; 0.0184035 -0.00451323 0.139391]
Loglik: 6405.0469 
Percentage done: 80.00 % 
Acceptance rate on iteration 30001 to 40000 is 7.7008 %
Covariance:
[0.0181555 -0.00438227 0.0184035; -0.00438227 0.00190507 -0.00451323; 0.0184035 -0.00451323 0.139391]
Loglik: 6401.8296 
elapsed time: 541.620161477 seconds
Ending DA-GP-MCMC with adaptive RW estimating 3 parameters
Algorithm: MCWM
Adaptation algorithm: noAdaptation
Prior distribution: Uniform
Particel filter: bootstrap
Time pre-er:  0
Time fit GP model:  0
Time er-part:  542
Number early-rejections: 40187
Number of cases directly to ordinary MH: 7522
Number of cases directly to ordinary MH accapted: 2786
Number cases in secound stage: 2290
Number accepted in secound stage: 1081
Total number of evaluations of the particle filter: 9812
Acceptance rate for ordinary MH accapted: 37.0380
Acceptance rate a_1: 5.3912
Acceptance rate a_2: 47.2052
Acceptance rate a_1*a_2: 2.5449
Acceptance rate a (for entier algorithm): 7.7340
Iterstion:
2
Starting DA-GP-MCMC with adaptive RW estimating 3 parameters
Covariance - kernel_MH_direct:
[0.0181555 -0.00438227 0.0184035; -0.00438227 0.00190507 -0.00451323; 0.0184035 -0.00451323 0.139391]
MCMC algorithm: MCWM
Adaptation algorithm: noAdaptation
Prior distribution: Uniform
Particel filter: bootstrap
Iteration: 1
Covariance:
[0.0181555 -0.00438227 0.0184035; -0.00438227 0.00190507 -0.00451323; 0.0184035 -0.00451323 0.139391]
ESS: 227.1553
Loglik: 6405.0987 
Percentage done: 20.00 % 
Acceptance rate on iteration 1 to 10000 is 7.8508 %
Covariance:
[0.0181555 -0.00438227 0.0184035; -0.00438227 0.00190507 -0.00451323; 0.0184035 -0.00451323 0.139391]
Loglik: 6403.3665 
Percentage done: 40.00 % 
Acceptance rate on iteration 10001 to 20000 is 8.3708 %
Covariance:
[0.0181555 -0.00438227 0.0184035; -0.00438227 0.00190507 -0.00451323; 0.0184035 -0.00451323 0.139391]
Loglik: 6402.5393 
Percentage done: 60.00 % 
Acceptance rate on iteration 20001 to 30000 is 8.1408 %
Covariance:
[0.0181555 -0.00438227 0.0184035; -0.00438227 0.00190507 -0.00451323; 0.0184035 -0.00451323 0.139391]
Loglik: 6402.8389 
Percentage done: 80.00 % 
Acceptance rate on iteration 30001 to 40000 is 8.0408 %
Covariance:
[0.0181555 -0.00438227 0.0184035; -0.00438227 0.00190507 -0.00451323; 0.0184035 -0.00451323 0.139391]
Loglik: 6402.8897 
elapsed time: 545.396038235 seconds
Ending DA-GP-MCMC with adaptive RW estimating 3 parameters
Algorithm: MCWM
Adaptation algorithm: noAdaptation
Prior distribution: Uniform
Particel filter: bootstrap
Time pre-er:  0
Time fit GP model:  0
Time er-part:  545
Number early-rejections: 40114
Number of cases directly to ordinary MH: 7445
Number of cases directly to ordinary MH accapted: 2850
Number cases in secound stage: 2440
Number accepted in secound stage: 1206
Total number of evaluations of the particle filter: 9885
Acceptance rate for ordinary MH accapted: 38.2807
Acceptance rate a_1: 5.7339
Acceptance rate a_2: 49.4262
Acceptance rate a_1*a_2: 2.8340
Acceptance rate a (for entier algorithm): 8.1120
Iterstion:
3
Starting DA-GP-MCMC with adaptive RW estimating 3 parameters
Covariance - kernel_MH_direct:
[0.0181555 -0.00438227 0.0184035; -0.00438227 0.00190507 -0.00451323; 0.0184035 -0.00451323 0.139391]
MCMC algorithm: MCWM
Adaptation algorithm: noAdaptation
Prior distribution: Uniform
Particel filter: bootstrap
Iteration: 1
Covariance:
[0.0181555 -0.00438227 0.0184035; -0.00438227 0.00190507 -0.00451323; 0.0184035 -0.00451323 0.139391]
ESS: 240.1440
Loglik: 6405.1527 
Percentage done: 20.00 % 
Acceptance rate on iteration 1 to 10000 is 8.1108 %
Covariance:
[0.0181555 -0.00438227 0.0184035; -0.00438227 0.00190507 -0.00451323; 0.0184035 -0.00451323 0.139391]
Loglik: 6405.2377 
Percentage done: 40.00 % 
Acceptance rate on iteration 10001 to 20000 is 7.7308 %
Covariance:
[0.0181555 -0.00438227 0.0184035; -0.00438227 0.00190507 -0.00451323; 0.0184035 -0.00451323 0.139391]
Loglik: 6402.0368 
ESS: 262.1525
ESS: 228.4657
Percentage done: 60.00 % 
Acceptance rate on iteration 20001 to 30000 is 7.9508 %
Covariance:
[0.0181555 -0.00438227 0.0184035; -0.00438227 0.00190507 -0.00451323; 0.0184035 -0.00451323 0.139391]
Loglik: 6404.3985 
ESS: 330.8848
ESS: 407.1609
Percentage done: 80.00 % 
Acceptance rate on iteration 30001 to 40000 is 8.4108 %
Covariance:
[0.0181555 -0.00438227 0.0184035; -0.00438227 0.00190507 -0.00451323; 0.0184035 -0.00451323 0.139391]
Loglik: 6404.1460 
elapsed time: 542.690101135 seconds
Ending DA-GP-MCMC with adaptive RW estimating 3 parameters
Algorithm: MCWM
Adaptation algorithm: noAdaptation
Prior distribution: Uniform
Particel filter: bootstrap
Time pre-er:  0
Time fit GP model:  0
Time er-part:  543
Number early-rejections: 40121
Number of cases directly to ordinary MH: 7541
Number of cases directly to ordinary MH accapted: 2835
Number cases in secound stage: 2337
Number accepted in secound stage: 1165
Total number of evaluations of the particle filter: 9878
Acceptance rate for ordinary MH accapted: 37.5945
Acceptance rate a_1: 5.5043
Acceptance rate a_2: 49.8502
Acceptance rate a_1*a_2: 2.7439
Acceptance rate a (for entier algorithm): 8.0000
Iterstion:
4
Starting DA-GP-MCMC with adaptive RW estimating 3 parameters
Covariance - kernel_MH_direct:
[0.0181555 -0.00438227 0.0184035; -0.00438227 0.00190507 -0.00451323; 0.0184035 -0.00451323 0.139391]
MCMC algorithm: MCWM
Adaptation algorithm: noAdaptation
Prior distribution: Uniform
Particel filter: bootstrap
Iteration: 1
Covariance:
[0.0181555 -0.00438227 0.0184035; -0.00438227 0.00190507 -0.00451323; 0.0184035 -0.00451323 0.139391]
ESS: 221.1580
Loglik: 6404.6783 
Percentage done: 20.00 % 
Acceptance rate on iteration 1 to 10000 is 7.7008 %
Covariance:
[0.0181555 -0.00438227 0.0184035; -0.00438227 0.00190507 -0.00451323; 0.0184035 -0.00451323 0.139391]
Loglik: 6405.6020 
Percentage done: 40.00 % 
Acceptance rate on iteration 10001 to 20000 is 7.9908 %
Covariance:
[0.0181555 -0.00438227 0.0184035; -0.00438227 0.00190507 -0.00451323; 0.0184035 -0.00451323 0.139391]
Loglik: 6402.5703 
Percentage done: 60.00 % 
Acceptance rate on iteration 20001 to 30000 is 8.4908 %
Covariance:
[0.0181555 -0.00438227 0.0184035; -0.00438227 0.00190507 -0.00451323; 0.0184035 -0.00451323 0.139391]
Loglik: 6403.7720 
Percentage done: 80.00 % 
Acceptance rate on iteration 30001 to 40000 is 7.8508 %
Covariance:
[0.0181555 -0.00438227 0.0184035; -0.00438227 0.00190507 -0.00451323; 0.0184035 -0.00451323 0.139391]
Loglik: 6402.7455 
elapsed time: 547.210322485 seconds
Ending DA-GP-MCMC with adaptive RW estimating 3 parameters
Algorithm: MCWM
Adaptation algorithm: noAdaptation
Prior distribution: Uniform
Particel filter: bootstrap
Time pre-er:  0
Time fit GP model:  0
Time er-part:  547
Number early-rejections: 40063
Number of cases directly to ordinary MH: 7608
Number of cases directly to ordinary MH accapted: 2949
Number cases in secound stage: 2328
Number accepted in secound stage: 1063
Total number of evaluations of the particle filter: 9936
Acceptance rate for ordinary MH accapted: 38.7618
Acceptance rate a_1: 5.4917
Acceptance rate a_2: 45.6615
Acceptance rate a_1*a_2: 2.5076
Acceptance rate a (for entier algorithm): 8.0240
Iterstion:
5
Starting DA-GP-MCMC with adaptive RW estimating 3 parameters
Covariance - kernel_MH_direct:
[0.0181555 -0.00438227 0.0184035; -0.00438227 0.00190507 -0.00451323; 0.0184035 -0.00451323 0.139391]
MCMC algorithm: MCWM
Adaptation algorithm: noAdaptation
Prior distribution: Uniform
Particel filter: bootstrap
Iteration: 1
Covariance:
[0.0181555 -0.00438227 0.0184035; -0.00438227 0.00190507 -0.00451323; 0.0184035 -0.00451323 0.139391]
ESS: 237.5468
Loglik: 6405.1703 
Percentage done: 20.00 % 
Acceptance rate on iteration 1 to 10000 is 7.8808 %
Covariance:
[0.0181555 -0.00438227 0.0184035; -0.00438227 0.00190507 -0.00451323; 0.0184035 -0.00451323 0.139391]
Loglik: 6404.0290 
Percentage done: 40.00 % 
Acceptance rate on iteration 10001 to 20000 is 8.0108 %
Covariance:
[0.0181555 -0.00438227 0.0184035; -0.00438227 0.00190507 -0.00451323; 0.0184035 -0.00451323 0.139391]
Loglik: 6404.9837 
Percentage done: 60.00 % 
Acceptance rate on iteration 20001 to 30000 is 7.9408 %
Covariance:
[0.0181555 -0.00438227 0.0184035; -0.00438227 0.00190507 -0.00451323; 0.0184035 -0.00451323 0.139391]
Loglik: 6404.5116 
Percentage done: 80.00 % 
Acceptance rate on iteration 30001 to 40000 is 8.7609 %
Covariance:
[0.0181555 -0.00438227 0.0184035; -0.00438227 0.00190507 -0.00451323; 0.0184035 -0.00451323 0.139391]
Loglik: 6403.8213 
elapsed time: 550.696491508 seconds
Ending DA-GP-MCMC with adaptive RW estimating 3 parameters
Algorithm: MCWM
Adaptation algorithm: noAdaptation
Prior distribution: Uniform
Particel filter: bootstrap
Time pre-er:  0
Time fit GP model:  0
Time er-part:  551
Number early-rejections: 40104
Number of cases directly to ordinary MH: 7492
Number of cases directly to ordinary MH accapted: 2883
Number cases in secound stage: 2403
Number accepted in secound stage: 1182
Total number of evaluations of the particle filter: 9895
Acceptance rate for ordinary MH accapted: 38.4810
Acceptance rate a_1: 5.6532
Acceptance rate a_2: 49.1885
Acceptance rate a_1*a_2: 2.7807
Acceptance rate a (for entier algorithm): 8.1300
Iterstion:
6
Starting DA-GP-MCMC with adaptive RW estimating 3 parameters
Covariance - kernel_MH_direct:
[0.0181555 -0.00438227 0.0184035; -0.00438227 0.00190507 -0.00451323; 0.0184035 -0.00451323 0.139391]
MCMC algorithm: MCWM
Adaptation algorithm: noAdaptation
Prior distribution: Uniform
Particel filter: bootstrap
Iteration: 1
Covariance:
[0.0181555 -0.00438227 0.0184035; -0.00438227 0.00190507 -0.00451323; 0.0184035 -0.00451323 0.139391]
ESS: 240.6407
Loglik: 6404.0129 
Percentage done: 20.00 % 
Acceptance rate on iteration 1 to 10000 is 8.1808 %
Covariance:
[0.0181555 -0.00438227 0.0184035; -0.00438227 0.00190507 -0.00451323; 0.0184035 -0.00451323 0.139391]
Loglik: 6404.2704 
Percentage done: 40.00 % 
Acceptance rate on iteration 10001 to 20000 is 7.5908 %
Covariance:
[0.0181555 -0.00438227 0.0184035; -0.00438227 0.00190507 -0.00451323; 0.0184035 -0.00451323 0.139391]
Loglik: 6404.8354 
Percentage done: 60.00 % 
Acceptance rate on iteration 20001 to 30000 is 7.9108 %
Covariance:
[0.0181555 -0.00438227 0.0184035; -0.00438227 0.00190507 -0.00451323; 0.0184035 -0.00451323 0.139391]
Loglik: 6404.5764 
Percentage done: 80.00 % 
Acceptance rate on iteration 30001 to 40000 is 8.1608 %
Covariance:
[0.0181555 -0.00438227 0.0184035; -0.00438227 0.00190507 -0.00451323; 0.0184035 -0.00451323 0.139391]
Loglik: 6404.5207 
elapsed time: 541.912249404 seconds
Ending DA-GP-MCMC with adaptive RW estimating 3 parameters
Algorithm: MCWM
Adaptation algorithm: noAdaptation
Prior distribution: Uniform
Particel filter: bootstrap
Time pre-er:  0
Time fit GP model:  0
Time er-part:  542
Number early-rejections: 40207
Number of cases directly to ordinary MH: 7505
Number of cases directly to ordinary MH accapted: 2914
Number cases in secound stage: 2287
Number accepted in secound stage: 1086
Total number of evaluations of the particle filter: 9792
Acceptance rate for ordinary MH accapted: 38.8274
Acceptance rate a_1: 5.3819
Acceptance rate a_2: 47.4858
Acceptance rate a_1*a_2: 2.5557
Acceptance rate a (for entier algorithm): 8.0000
Iterstion:
7
Starting DA-GP-MCMC with adaptive RW estimating 3 parameters
Covariance - kernel_MH_direct:
[0.0181555 -0.00438227 0.0184035; -0.00438227 0.00190507 -0.00451323; 0.0184035 -0.00451323 0.139391]
MCMC algorithm: MCWM
Adaptation algorithm: noAdaptation
Prior distribution: Uniform
Particel filter: bootstrap
Iteration: 1
Covariance:
[0.0181555 -0.00438227 0.0184035; -0.00438227 0.00190507 -0.00451323; 0.0184035 -0.00451323 0.139391]
ESS: 214.9303
Loglik: 6404.7518 
Percentage done: 20.00 % 
Acceptance rate on iteration 1 to 10000 is 7.9308 %
Covariance:
[0.0181555 -0.00438227 0.0184035; -0.00438227 0.00190507 -0.00451323; 0.0184035 -0.00451323 0.139391]
Loglik: 6404.6701 
Percentage done: 40.00 % 
Acceptance rate on iteration 10001 to 20000 is 7.9208 %
Covariance:
[0.0181555 -0.00438227 0.0184035; -0.00438227 0.00190507 -0.00451323; 0.0184035 -0.00451323 0.139391]
Loglik: 6403.6043 
Percentage done: 60.00 % 
Acceptance rate on iteration 20001 to 30000 is 7.7008 %
Covariance:
[0.0181555 -0.00438227 0.0184035; -0.00438227 0.00190507 -0.00451323; 0.0184035 -0.00451323 0.139391]
Loglik: 6400.8923 
Percentage done: 80.00 % 
Acceptance rate on iteration 30001 to 40000 is 7.8708 %
Covariance:
[0.0181555 -0.00438227 0.0184035; -0.00438227 0.00190507 -0.00451323; 0.0184035 -0.00451323 0.139391]
Loglik: 6401.7859 
ESS: 297.6051
ESS: 142.6299
elapsed time: 545.79231887 seconds
Ending DA-GP-MCMC with adaptive RW estimating 3 parameters
Algorithm: MCWM
Adaptation algorithm: noAdaptation
Prior distribution: Uniform
Particel filter: bootstrap
Time pre-er:  0
Time fit GP model:  0
Time er-part:  546
Number early-rejections: 40261
Number of cases directly to ordinary MH: 7350
Number of cases directly to ordinary MH accapted: 2762
Number cases in secound stage: 2388
Number accepted in secound stage: 1144
Total number of evaluations of the particle filter: 9738
Acceptance rate for ordinary MH accapted: 37.5782
Acceptance rate a_1: 5.5992
Acceptance rate a_2: 47.9062
Acceptance rate a_1*a_2: 2.6824
Acceptance rate a (for entier algorithm): 7.8120
Iterstion:
8
Starting DA-GP-MCMC with adaptive RW estimating 3 parameters
Covariance - kernel_MH_direct:
[0.0181555 -0.00438227 0.0184035; -0.00438227 0.00190507 -0.00451323; 0.0184035 -0.00451323 0.139391]
MCMC algorithm: MCWM
Adaptation algorithm: noAdaptation
Prior distribution: Uniform
Particel filter: bootstrap
Iteration: 1
Covariance:
[0.0181555 -0.00438227 0.0184035; -0.00438227 0.00190507 -0.00451323; 0.0184035 -0.00451323 0.139391]
ESS: 237.7426
Loglik: 6405.4925 
Percentage done: 20.00 % 
Acceptance rate on iteration 1 to 10000 is 8.1308 %
Covariance:
[0.0181555 -0.00438227 0.0184035; -0.00438227 0.00190507 -0.00451323; 0.0184035 -0.00451323 0.139391]
Loglik: 6404.7915 
Percentage done: 40.00 % 
Acceptance rate on iteration 10001 to 20000 is 8.1408 %
Covariance:
[0.0181555 -0.00438227 0.0184035; -0.00438227 0.00190507 -0.00451323; 0.0184035 -0.00451323 0.139391]
Loglik: 6402.2234 
Percentage done: 60.00 % 
Acceptance rate on iteration 20001 to 30000 is 8.1208 %
Covariance:
[0.0181555 -0.00438227 0.0184035; -0.00438227 0.00190507 -0.00451323; 0.0184035 -0.00451323 0.139391]
Loglik: 6401.9505 
Percentage done: 80.00 % 
Acceptance rate on iteration 30001 to 40000 is 8.0408 %
Covariance:
[0.0181555 -0.00438227 0.0184035; -0.00438227 0.00190507 -0.00451323; 0.0184035 -0.00451323 0.139391]
Loglik: 6403.9638 
elapsed time: 551.216776224 seconds
Ending DA-GP-MCMC with adaptive RW estimating 3 parameters
Algorithm: MCWM
Adaptation algorithm: noAdaptation
Prior distribution: Uniform
Particel filter: bootstrap
Time pre-er:  0
Time fit GP model:  0
Time er-part:  551
Number early-rejections: 40170
Number of cases directly to ordinary MH: 7410
Number of cases directly to ordinary MH accapted: 2858
Number cases in secound stage: 2419
Number accepted in secound stage: 1151
Total number of evaluations of the particle filter: 9829
Acceptance rate for ordinary MH accapted: 38.5695
Acceptance rate a_1: 5.6799
Acceptance rate a_2: 47.5816
Acceptance rate a_1*a_2: 2.7026
Acceptance rate a (for entier algorithm): 8.0180
Iterstion:
9
Starting DA-GP-MCMC with adaptive RW estimating 3 parameters
Covariance - kernel_MH_direct:
[0.0181555 -0.00438227 0.0184035; -0.00438227 0.00190507 -0.00451323; 0.0184035 -0.00451323 0.139391]
MCMC algorithm: MCWM
Adaptation algorithm: noAdaptation
Prior distribution: Uniform
Particel filter: bootstrap
Iteration: 1
Covariance:
[0.0181555 -0.00438227 0.0184035; -0.00438227 0.00190507 -0.00451323; 0.0184035 -0.00451323 0.139391]
ESS: 247.1699
Loglik: 6404.6883 
Percentage done: 20.00 % 
Acceptance rate on iteration 1 to 10000 is 8.4108 %
Covariance:
[0.0181555 -0.00438227 0.0184035; -0.00438227 0.00190507 -0.00451323; 0.0184035 -0.00451323 0.139391]
Loglik: 6405.3495 
Percentage done: 40.00 % 
Acceptance rate on iteration 10001 to 20000 is 7.5508 %
Covariance:
[0.0181555 -0.00438227 0.0184035; -0.00438227 0.00190507 -0.00451323; 0.0184035 -0.00451323 0.139391]
Loglik: 6398.3033 
Percentage done: 60.00 % 
Acceptance rate on iteration 20001 to 30000 is 7.9808 %
Covariance:
[0.0181555 -0.00438227 0.0184035; -0.00438227 0.00190507 -0.00451323; 0.0184035 -0.00451323 0.139391]
Loglik: 6405.3387 
Percentage done: 80.00 % 
Acceptance rate on iteration 30001 to 40000 is 7.6208 %
Covariance:
[0.0181555 -0.00438227 0.0184035; -0.00438227 0.00190507 -0.00451323; 0.0184035 -0.00451323 0.139391]
Loglik: 6404.4289 
ESS: 31.1145
ESS: 271.1621
elapsed time: 543.345859612 seconds
Ending DA-GP-MCMC with adaptive RW estimating 3 parameters
Algorithm: MCWM
Adaptation algorithm: noAdaptation
Prior distribution: Uniform
Particel filter: bootstrap
Time pre-er:  0
Time fit GP model:  0
Time er-part:  543
Number early-rejections: 40157
Number of cases directly to ordinary MH: 7475
Number of cases directly to ordinary MH accapted: 2892
Number cases in secound stage: 2367
Number accepted in secound stage: 1132
Total number of evaluations of the particle filter: 9842
Acceptance rate for ordinary MH accapted: 38.6890
Acceptance rate a_1: 5.5663
Acceptance rate a_2: 47.8243
Acceptance rate a_1*a_2: 2.6620
Acceptance rate a (for entier algorithm): 8.0480
Iterstion:
10
Starting DA-GP-MCMC with adaptive RW estimating 3 parameters
Covariance - kernel_MH_direct:
[0.0181555 -0.00438227 0.0184035; -0.00438227 0.00190507 -0.00451323; 0.0184035 -0.00451323 0.139391]
MCMC algorithm: MCWM
Adaptation algorithm: noAdaptation
Prior distribution: Uniform
Particel filter: bootstrap
Iteration: 1
Covariance:
[0.0181555 -0.00438227 0.0184035; -0.00438227 0.00190507 -0.00451323; 0.0184035 -0.00451323 0.139391]
ESS: 233.1110
Loglik: 6404.8943 
Percentage done: 20.00 % 
Acceptance rate on iteration 1 to 10000 is 7.6108 %
Covariance:
[0.0181555 -0.00438227 0.0184035; -0.00438227 0.00190507 -0.00451323; 0.0184035 -0.00451323 0.139391]
Loglik: 6405.1598 
ESS: 307.4353
ESS: 388.6968
Percentage done: 40.00 % 
Acceptance rate on iteration 10001 to 20000 is 7.7708 %
Covariance:
[0.0181555 -0.00438227 0.0184035; -0.00438227 0.00190507 -0.00451323; 0.0184035 -0.00451323 0.139391]
Loglik: 6405.1388 
Percentage done: 60.00 % 
Acceptance rate on iteration 20001 to 30000 is 8.0608 %
Covariance:
[0.0181555 -0.00438227 0.0184035; -0.00438227 0.00190507 -0.00451323; 0.0184035 -0.00451323 0.139391]
Loglik: 6400.5443 
Percentage done: 80.00 % 
Acceptance rate on iteration 30001 to 40000 is 8.0008 %
Covariance:
[0.0181555 -0.00438227 0.0184035; -0.00438227 0.00190507 -0.00451323; 0.0184035 -0.00451323 0.139391]
Loglik: 6403.8736 
elapsed time: 545.204501424 seconds
Ending DA-GP-MCMC with adaptive RW estimating 3 parameters
Algorithm: MCWM
Adaptation algorithm: noAdaptation
Prior distribution: Uniform
Particel filter: bootstrap
Time pre-er:  0
Time fit GP model:  0
Time er-part:  545
Number early-rejections: 40210
Number of cases directly to ordinary MH: 7547
Number of cases directly to ordinary MH accapted: 2850
Number cases in secound stage: 2242
Number accepted in secound stage: 1090
Total number of evaluations of the particle filter: 9789
Acceptance rate for ordinary MH accapted: 37.7633
Acceptance rate a_1: 5.2813
Acceptance rate a_2: 48.6173
Acceptance rate a_1*a_2: 2.5676
Acceptance rate a (for entier algorithm): 7.8800
Iterstion:
11
Starting DA-GP-MCMC with adaptive RW estimating 3 parameters
Covariance - kernel_MH_direct:
[0.0181555 -0.00438227 0.0184035; -0.00438227 0.00190507 -0.00451323; 0.0184035 -0.00451323 0.139391]
MCMC algorithm: MCWM
Adaptation algorithm: noAdaptation
Prior distribution: Uniform
Particel filter: bootstrap
Iteration: 1
Covariance:
[0.0181555 -0.00438227 0.0184035; -0.00438227 0.00190507 -0.00451323; 0.0184035 -0.00451323 0.139391]
ESS: 247.5846
Loglik: 6405.0144 
Percentage done: 20.00 % 
Acceptance rate on iteration 1 to 10000 is 8.2408 %
Covariance:
[0.0181555 -0.00438227 0.0184035; -0.00438227 0.00190507 -0.00451323; 0.0184035 -0.00451323 0.139391]
Loglik: 6405.0538 
Percentage done: 40.00 % 
Acceptance rate on iteration 10001 to 20000 is 7.7208 %
Covariance:
[0.0181555 -0.00438227 0.0184035; -0.00438227 0.00190507 -0.00451323; 0.0184035 -0.00451323 0.139391]
Loglik: 6404.6569 
Percentage done: 60.00 % 
Acceptance rate on iteration 20001 to 30000 is 7.9108 %
Covariance:
[0.0181555 -0.00438227 0.0184035; -0.00438227 0.00190507 -0.00451323; 0.0184035 -0.00451323 0.139391]
Loglik: 6402.2987 
ESS: 150.3898
ESS: 244.5615
Percentage done: 80.00 % 
Acceptance rate on iteration 30001 to 40000 is 8.1308 %
Covariance:
[0.0181555 -0.00438227 0.0184035; -0.00438227 0.00190507 -0.00451323; 0.0184035 -0.00451323 0.139391]
Loglik: 6405.1487 
elapsed time: 541.575634662 seconds
Ending DA-GP-MCMC with adaptive RW estimating 3 parameters
Algorithm: MCWM
Adaptation algorithm: noAdaptation
Prior distribution: Uniform
Particel filter: bootstrap
Time pre-er:  0
Time fit GP model:  0
Time er-part:  542
Number early-rejections: 40225
Number of cases directly to ordinary MH: 7420
Number of cases directly to ordinary MH accapted: 2832
Number cases in secound stage: 2354
Number accepted in secound stage: 1149
Total number of evaluations of the particle filter: 9774
Acceptance rate for ordinary MH accapted: 38.1671
Acceptance rate a_1: 5.5285
Acceptance rate a_2: 48.8105
Acceptance rate a_1*a_2: 2.6985
Acceptance rate a (for entier algorithm): 7.9620
Iterstion:
12
Starting DA-GP-MCMC with adaptive RW estimating 3 parameters
Covariance - kernel_MH_direct:
[0.0181555 -0.00438227 0.0184035; -0.00438227 0.00190507 -0.00451323; 0.0184035 -0.00451323 0.139391]
MCMC algorithm: MCWM
Adaptation algorithm: noAdaptation
Prior distribution: Uniform
Particel filter: bootstrap
Iteration: 1
Covariance:
[0.0181555 -0.00438227 0.0184035; -0.00438227 0.00190507 -0.00451323; 0.0184035 -0.00451323 0.139391]
ESS: 236.3775
Loglik: 6405.1765 
Percentage done: 20.00 % 
Acceptance rate on iteration 1 to 10000 is 7.5508 %
Covariance:
[0.0181555 -0.00438227 0.0184035; -0.00438227 0.00190507 -0.00451323; 0.0184035 -0.00451323 0.139391]
Loglik: 6404.7906 
ESS: 166.0796
ESS: 245.7052
Percentage done: 40.00 % 
Acceptance rate on iteration 10001 to 20000 is 7.9308 %
Covariance:
[0.0181555 -0.00438227 0.0184035; -0.00438227 0.00190507 -0.00451323; 0.0184035 -0.00451323 0.139391]
Loglik: 6405.2946 
ESS: 157.4315
ESS: 304.7908
Percentage done: 60.00 % 
Acceptance rate on iteration 20001 to 30000 is 7.9108 %
Covariance:
[0.0181555 -0.00438227 0.0184035; -0.00438227 0.00190507 -0.00451323; 0.0184035 -0.00451323 0.139391]
Loglik: 6402.9248 
Percentage done: 80.00 % 
Acceptance rate on iteration 30001 to 40000 is 7.5108 %
Covariance:
[0.0181555 -0.00438227 0.0184035; -0.00438227 0.00190507 -0.00451323; 0.0184035 -0.00451323 0.139391]
Loglik: 6403.2781 
elapsed time: 541.192902699 seconds
Ending DA-GP-MCMC with adaptive RW estimating 3 parameters
Algorithm: MCWM
Adaptation algorithm: noAdaptation
Prior distribution: Uniform
Particel filter: bootstrap
Time pre-er:  0
Time fit GP model:  0
Time er-part:  541
Number early-rejections: 40206
Number of cases directly to ordinary MH: 7541
Number of cases directly to ordinary MH accapted: 2842
Number cases in secound stage: 2252
Number accepted in secound stage: 1084
Total number of evaluations of the particle filter: 9793
Acceptance rate for ordinary MH accapted: 37.6873
Acceptance rate a_1: 5.3041
Acceptance rate a_2: 48.1350
Acceptance rate a_1*a_2: 2.5531
Acceptance rate a (for entier algorithm): 7.8520
Iterstion:
13
Starting DA-GP-MCMC with adaptive RW estimating 3 parameters
Covariance - kernel_MH_direct:
[0.0181555 -0.00438227 0.0184035; -0.00438227 0.00190507 -0.00451323; 0.0184035 -0.00451323 0.139391]
MCMC algorithm: MCWM
Adaptation algorithm: noAdaptation
Prior distribution: Uniform
Particel filter: bootstrap
Iteration: 1
Covariance:
[0.0181555 -0.00438227 0.0184035; -0.00438227 0.00190507 -0.00451323; 0.0184035 -0.00451323 0.139391]
ESS: 242.4508
Loglik: 6404.8559 
Percentage done: 20.00 % 
Acceptance rate on iteration 1 to 10000 is 7.8608 %
Covariance:
[0.0181555 -0.00438227 0.0184035; -0.00438227 0.00190507 -0.00451323; 0.0184035 -0.00451323 0.139391]
Loglik: 6404.1265 
Percentage done: 40.00 % 
Acceptance rate on iteration 10001 to 20000 is 8.2308 %
Covariance:
[0.0181555 -0.00438227 0.0184035; -0.00438227 0.00190507 -0.00451323; 0.0184035 -0.00451323 0.139391]
Loglik: 6404.5240 
Percentage done: 60.00 % 
Acceptance rate on iteration 20001 to 30000 is 7.7008 %
Covariance:
[0.0181555 -0.00438227 0.0184035; -0.00438227 0.00190507 -0.00451323; 0.0184035 -0.00451323 0.139391]
Loglik: 6404.4593 
Percentage done: 80.00 % 
Acceptance rate on iteration 30001 to 40000 is 7.9908 %
Covariance:
[0.0181555 -0.00438227 0.0184035; -0.00438227 0.00190507 -0.00451323; 0.0184035 -0.00451323 0.139391]
Loglik: 6404.1024 
elapsed time: 544.366669542 seconds
Ending DA-GP-MCMC with adaptive RW estimating 3 parameters
Algorithm: MCWM
Adaptation algorithm: noAdaptation
Prior distribution: Uniform
Particel filter: bootstrap
Time pre-er:  0
Time fit GP model:  0
Time er-part:  544
Number early-rejections: 40103
Number of cases directly to ordinary MH: 7558
Number of cases directly to ordinary MH accapted: 2853
Number cases in secound stage: 2338
Number accepted in secound stage: 1110
Total number of evaluations of the particle filter: 9896
Acceptance rate for ordinary MH accapted: 37.7481
Acceptance rate a_1: 5.5088
Acceptance rate a_2: 47.4765
Acceptance rate a_1*a_2: 2.6154
Acceptance rate a (for entier algorithm): 7.9260
Iterstion:
14
Starting DA-GP-MCMC with adaptive RW estimating 3 parameters
Covariance - kernel_MH_direct:
[0.0181555 -0.00438227 0.0184035; -0.00438227 0.00190507 -0.00451323; 0.0184035 -0.00451323 0.139391]
MCMC algorithm: MCWM
Adaptation algorithm: noAdaptation
Prior distribution: Uniform
Particel filter: bootstrap
Iteration: 1
Covariance:
[0.0181555 -0.00438227 0.0184035; -0.00438227 0.00190507 -0.00451323; 0.0184035 -0.00451323 0.139391]
ESS: 208.9274
Loglik: 6405.1709 
Percentage done: 20.00 % 
Acceptance rate on iteration 1 to 10000 is 7.4707 %
Covariance:
[0.0181555 -0.00438227 0.0184035; -0.00438227 0.00190507 -0.00451323; 0.0184035 -0.00451323 0.139391]
Loglik: 6403.1698 
Percentage done: 40.00 % 
Acceptance rate on iteration 10001 to 20000 is 7.8408 %
Covariance:
[0.0181555 -0.00438227 0.0184035; -0.00438227 0.00190507 -0.00451323; 0.0184035 -0.00451323 0.139391]
Loglik: 6403.4159 
Percentage done: 60.00 % 
Acceptance rate on iteration 20001 to 30000 is 7.5808 %
Covariance:
[0.0181555 -0.00438227 0.0184035; -0.00438227 0.00190507 -0.00451323; 0.0184035 -0.00451323 0.139391]
Loglik: 6404.4051 
Percentage done: 80.00 % 
Acceptance rate on iteration 30001 to 40000 is 8.4108 %
Covariance:
[0.0181555 -0.00438227 0.0184035; -0.00438227 0.00190507 -0.00451323; 0.0184035 -0.00451323 0.139391]
Loglik: 6404.2490 
elapsed time: 544.433246835 seconds
Ending DA-GP-MCMC with adaptive RW estimating 3 parameters
Algorithm: MCWM
Adaptation algorithm: noAdaptation
Prior distribution: Uniform
Particel filter: bootstrap
Time pre-er:  0
Time fit GP model:  0
Time er-part:  544
Number early-rejections: 40164
Number of cases directly to ordinary MH: 7514
Number of cases directly to ordinary MH accapted: 2853
Number cases in secound stage: 2321
Number accepted in secound stage: 1148
Total number of evaluations of the particle filter: 9835
Acceptance rate for ordinary MH accapted: 37.9691
Acceptance rate a_1: 5.4631
Acceptance rate a_2: 49.4614
Acceptance rate a_1*a_2: 2.7021
Acceptance rate a (for entier algorithm): 8.0020
Iterstion:
15
Starting DA-GP-MCMC with adaptive RW estimating 3 parameters
Covariance - kernel_MH_direct:
[0.0181555 -0.00438227 0.0184035; -0.00438227 0.00190507 -0.00451323; 0.0184035 -0.00451323 0.139391]
MCMC algorithm: MCWM
Adaptation algorithm: noAdaptation
Prior distribution: Uniform
Particel filter: bootstrap
Iteration: 1
Covariance:
[0.0181555 -0.00438227 0.0184035; -0.00438227 0.00190507 -0.00451323; 0.0184035 -0.00451323 0.139391]
ESS: 236.1531
Loglik: 6404.7787 
Percentage done: 20.00 % 
Acceptance rate on iteration 1 to 10000 is 7.5208 %
Covariance:
[0.0181555 -0.00438227 0.0184035; -0.00438227 0.00190507 -0.00451323; 0.0184035 -0.00451323 0.139391]
Loglik: 6404.5075 
Percentage done: 40.00 % 
Acceptance rate on iteration 10001 to 20000 is 8.4008 %
Covariance:
[0.0181555 -0.00438227 0.0184035; -0.00438227 0.00190507 -0.00451323; 0.0184035 -0.00451323 0.139391]
Loglik: 6404.7374 
ESS: 264.4715
ESS: 324.4466
Percentage done: 60.00 % 
Acceptance rate on iteration 20001 to 30000 is 7.7008 %
Covariance:
[0.0181555 -0.00438227 0.0184035; -0.00438227 0.00190507 -0.00451323; 0.0184035 -0.00451323 0.139391]
Loglik: 6404.3127 
Percentage done: 80.00 % 
Acceptance rate on iteration 30001 to 40000 is 8.1308 %
Covariance:
[0.0181555 -0.00438227 0.0184035; -0.00438227 0.00190507 -0.00451323; 0.0184035 -0.00451323 0.139391]
Loglik: 6403.9369 
ESS: 280.4063
ESS: 420.9277
elapsed time: 538.232690453 seconds
Ending DA-GP-MCMC with adaptive RW estimating 3 parameters
Algorithm: MCWM
Adaptation algorithm: noAdaptation
Prior distribution: Uniform
Particel filter: bootstrap
Time pre-er:  0
Time fit GP model:  0
Time er-part:  538
Number early-rejections: 40142
Number of cases directly to ordinary MH: 7565
Number of cases directly to ordinary MH accapted: 2892
Number cases in secound stage: 2292
Number accepted in secound stage: 1113
Total number of evaluations of the particle filter: 9857
Acceptance rate for ordinary MH accapted: 38.2287
Acceptance rate a_1: 5.4013
Acceptance rate a_2: 48.5602
Acceptance rate a_1*a_2: 2.6229
Acceptance rate a (for entier algorithm): 8.0100
Iterstion:
16
Starting DA-GP-MCMC with adaptive RW estimating 3 parameters
Covariance - kernel_MH_direct:
[0.0181555 -0.00438227 0.0184035; -0.00438227 0.00190507 -0.00451323; 0.0184035 -0.00451323 0.139391]
MCMC algorithm: MCWM
Adaptation algorithm: noAdaptation
Prior distribution: Uniform
Particel filter: bootstrap
Iteration: 1
Covariance:
[0.0181555 -0.00438227 0.0184035; -0.00438227 0.00190507 -0.00451323; 0.0184035 -0.00451323 0.139391]
ESS: 232.1745
Loglik: 6405.3920 
Percentage done: 20.00 % 
Acceptance rate on iteration 1 to 10000 is 7.9108 %
Covariance:
[0.0181555 -0.00438227 0.0184035; -0.00438227 0.00190507 -0.00451323; 0.0184035 -0.00451323 0.139391]
Loglik: 6401.3001 
Percentage done: 40.00 % 
Acceptance rate on iteration 10001 to 20000 is 8.0408 %
Covariance:
[0.0181555 -0.00438227 0.0184035; -0.00438227 0.00190507 -0.00451323; 0.0184035 -0.00451323 0.139391]
Loglik: 6403.3792 
Percentage done: 60.00 % 
Acceptance rate on iteration 20001 to 30000 is 7.6708 %
Covariance:
[0.0181555 -0.00438227 0.0184035; -0.00438227 0.00190507 -0.00451323; 0.0184035 -0.00451323 0.139391]
Loglik: 6404.9407 
Percentage done: 80.00 % 
Acceptance rate on iteration 30001 to 40000 is 8.1808 %
Covariance:
[0.0181555 -0.00438227 0.0184035; -0.00438227 0.00190507 -0.00451323; 0.0184035 -0.00451323 0.139391]
Loglik: 6404.2330 
elapsed time: 547.585468957 seconds
Ending DA-GP-MCMC with adaptive RW estimating 3 parameters
Algorithm: MCWM
Adaptation algorithm: noAdaptation
Prior distribution: Uniform
Particel filter: bootstrap
Time pre-er:  0
Time fit GP model:  0
Time er-part:  548
Number early-rejections: 40170
Number of cases directly to ordinary MH: 7575
Number of cases directly to ordinary MH accapted: 2892
Number cases in secound stage: 2254
Number accepted in secound stage: 1078
Total number of evaluations of the particle filter: 9829
Acceptance rate for ordinary MH accapted: 38.1782
Acceptance rate a_1: 5.3130
Acceptance rate a_2: 47.8261
Acceptance rate a_1*a_2: 2.5410
Acceptance rate a (for entier algorithm): 7.9400
Iterstion:
17
Starting DA-GP-MCMC with adaptive RW estimating 3 parameters
Covariance - kernel_MH_direct:
[0.0181555 -0.00438227 0.0184035; -0.00438227 0.00190507 -0.00451323; 0.0184035 -0.00451323 0.139391]
MCMC algorithm: MCWM
Adaptation algorithm: noAdaptation
Prior distribution: Uniform
Particel filter: bootstrap
Iteration: 1
Covariance:
[0.0181555 -0.00438227 0.0184035; -0.00438227 0.00190507 -0.00451323; 0.0184035 -0.00451323 0.139391]
ESS: 241.3378
Loglik: 6405.3239 
Percentage done: 20.00 % 
Acceptance rate on iteration 1 to 10000 is 8.3108 %
Covariance:
[0.0181555 -0.00438227 0.0184035; -0.00438227 0.00190507 -0.00451323; 0.0184035 -0.00451323 0.139391]
Loglik: 6403.6848 
Percentage done: 40.00 % 
Acceptance rate on iteration 10001 to 20000 is 8.1908 %
Covariance:
[0.0181555 -0.00438227 0.0184035; -0.00438227 0.00190507 -0.00451323; 0.0184035 -0.00451323 0.139391]
Loglik: 6403.8841 
Percentage done: 60.00 % 
Acceptance rate on iteration 20001 to 30000 is 7.5108 %
Covariance:
[0.0181555 -0.00438227 0.0184035; -0.00438227 0.00190507 -0.00451323; 0.0184035 -0.00451323 0.139391]
Loglik: 6404.2320 
Percentage done: 80.00 % 
Acceptance rate on iteration 30001 to 40000 is 7.7908 %
Covariance:
[0.0181555 -0.00438227 0.0184035; -0.00438227 0.00190507 -0.00451323; 0.0184035 -0.00451323 0.139391]
Loglik: 6403.6603 
elapsed time: 553.477271558 seconds
Ending DA-GP-MCMC with adaptive RW estimating 3 parameters
Algorithm: MCWM
Adaptation algorithm: noAdaptation
Prior distribution: Uniform
Particel filter: bootstrap
Time pre-er:  0
Time fit GP model:  0
Time er-part:  553
Number early-rejections: 40176
Number of cases directly to ordinary MH: 7512
Number of cases directly to ordinary MH accapted: 2831
Number cases in secound stage: 2311
Number accepted in secound stage: 1112
Total number of evaluations of the particle filter: 9823
Acceptance rate for ordinary MH accapted: 37.6864
Acceptance rate a_1: 5.4393
Acceptance rate a_2: 48.1177
Acceptance rate a_1*a_2: 2.6173
Acceptance rate a (for entier algorithm): 7.8860
Iterstion:
18
Starting DA-GP-MCMC with adaptive RW estimating 3 parameters
Covariance - kernel_MH_direct:
[0.0181555 -0.00438227 0.0184035; -0.00438227 0.00190507 -0.00451323; 0.0184035 -0.00451323 0.139391]
MCMC algorithm: MCWM
Adaptation algorithm: noAdaptation
Prior distribution: Uniform
Particel filter: bootstrap
Iteration: 1
Covariance:
[0.0181555 -0.00438227 0.0184035; -0.00438227 0.00190507 -0.00451323; 0.0184035 -0.00451323 0.139391]
ESS: 237.4995
Loglik: 6404.8990 
Percentage done: 20.00 % 
Acceptance rate on iteration 1 to 10000 is 7.8608 %
Covariance:
[0.0181555 -0.00438227 0.0184035; -0.00438227 0.00190507 -0.00451323; 0.0184035 -0.00451323 0.139391]
Loglik: 6404.1199 
Percentage done: 40.00 % 
Acceptance rate on iteration 10001 to 20000 is 8.3008 %
Covariance:
[0.0181555 -0.00438227 0.0184035; -0.00438227 0.00190507 -0.00451323; 0.0184035 -0.00451323 0.139391]
Loglik: 6404.9851 
Percentage done: 60.00 % 
Acceptance rate on iteration 20001 to 30000 is 8.1308 %
Covariance:
[0.0181555 -0.00438227 0.0184035; -0.00438227 0.00190507 -0.00451323; 0.0184035 -0.00451323 0.139391]
Loglik: 6404.7209 
ESS: 72.8532
ESS: 280.9658
Percentage done: 80.00 % 
Acceptance rate on iteration 30001 to 40000 is 7.8108 %
Covariance:
[0.0181555 -0.00438227 0.0184035; -0.00438227 0.00190507 -0.00451323; 0.0184035 -0.00451323 0.139391]
Loglik: 6403.8523 
ESS: 63.2775
ESS: 164.8783
elapsed time: 547.760885199 seconds
Ending DA-GP-MCMC with adaptive RW estimating 3 parameters
Algorithm: MCWM
Adaptation algorithm: noAdaptation
Prior distribution: Uniform
Particel filter: bootstrap
Time pre-er:  0
Time fit GP model:  0
Time er-part:  548
Number early-rejections: 40182
Number of cases directly to ordinary MH: 7456
Number of cases directly to ordinary MH accapted: 2819
Number cases in secound stage: 2361
Number accepted in secound stage: 1128
Total number of evaluations of the particle filter: 9817
Acceptance rate for ordinary MH accapted: 37.8085
Acceptance rate a_1: 5.5497
Acceptance rate a_2: 47.7764
Acceptance rate a_1*a_2: 2.6514
Acceptance rate a (for entier algorithm): 7.8940
Iterstion:
19
Starting DA-GP-MCMC with adaptive RW estimating 3 parameters
Covariance - kernel_MH_direct:
[0.0181555 -0.00438227 0.0184035; -0.00438227 0.00190507 -0.00451323; 0.0184035 -0.00451323 0.139391]
MCMC algorithm: MCWM
Adaptation algorithm: noAdaptation
Prior distribution: Uniform
Particel filter: bootstrap
Iteration: 1
Covariance:
[0.0181555 -0.00438227 0.0184035; -0.00438227 0.00190507 -0.00451323; 0.0184035 -0.00451323 0.139391]
ESS: 242.2834
Loglik: 6403.8893 
Percentage done: 20.00 % 
Acceptance rate on iteration 1 to 10000 is 7.8008 %
Covariance:
[0.0181555 -0.00438227 0.0184035; -0.00438227 0.00190507 -0.00451323; 0.0184035 -0.00451323 0.139391]
Loglik: 6404.1819 
Percentage done: 40.00 % 
Acceptance rate on iteration 10001 to 20000 is 7.6908 %
Covariance:
[0.0181555 -0.00438227 0.0184035; -0.00438227 0.00190507 -0.00451323; 0.0184035 -0.00451323 0.139391]
Loglik: 6404.4788 
Percentage done: 60.00 % 
Acceptance rate on iteration 20001 to 30000 is 7.5408 %
Covariance:
[0.0181555 -0.00438227 0.0184035; -0.00438227 0.00190507 -0.00451323; 0.0184035 -0.00451323 0.139391]
Loglik: 6404.5958 
Percentage done: 80.00 % 
Acceptance rate on iteration 30001 to 40000 is 8.0408 %
Covariance:
[0.0181555 -0.00438227 0.0184035; -0.00438227 0.00190507 -0.00451323; 0.0184035 -0.00451323 0.139391]
Loglik: 6404.6446 
elapsed time: 541.803923942 seconds
Ending DA-GP-MCMC with adaptive RW estimating 3 parameters
Algorithm: MCWM
Adaptation algorithm: noAdaptation
Prior distribution: Uniform
Particel filter: bootstrap
Time pre-er:  0
Time fit GP model:  0
Time er-part:  542
