Starting MCMC with adaptive RW estimating 3 parameters
MCMC algorithm: MCWM
Adaptation algorithm: AMUpdate_gen
Prior distribution: Uniform
Particel filter: bootstrap
Iteration: 1
Covariance:
[1.92 0.0 0.0; 0.0 1.92 0.0; 0.0 0.0 1.92]
ESS: 11.2428
Loglik: 6287.9689 
Percentage done: 19.23 % 
Acceptance rate on iteration 1 to 10000 is 0.5052
Covariance:
[0.0101304 -0.00248202 0.00706094; -0.00248202 0.00101453 -0.00123155; 0.00706094 -0.00123155 0.0745526]
Loglik: 6404.6887 
ESS: 218.3881
ESS: 173.1776
Percentage done: 38.46 % 
Acceptance rate on iteration 10001 to 20000 is 0.4929
Covariance:
[0.0115435 -0.00299383 0.00956635; -0.00299383 0.00121416 -0.00200301; 0.00956635 -0.00200301 0.0796877]
Loglik: 6402.0984 
ESS: 276.9776
ESS: 290.1630
Percentage done: 57.69 % 
Acceptance rate on iteration 20001 to 30000 is 0.5021
Covariance:
[0.0100516 -0.00239834 0.0080917; -0.00239834 0.000986165 -0.00180132; 0.0080917 -0.00180132 0.0666887]
Loglik: 6404.0574 
ESS: 665.8570
ESS: 386.8966
Percentage done: 76.92 % 
Acceptance rate on iteration 30001 to 40000 is 0.4935
Covariance:
[0.00976658 -0.0022773 0.00806411; -0.0022773 0.00100759 -0.00162818; 0.00806411 -0.00162818 0.0724448]
Loglik: 6403.1265 
ESS: 335.8272
ESS: 323.5446
Percentage done: 96.15 % 
Acceptance rate on iteration 40001 to 50000 is 0.4921
Covariance:
[0.00994003 -0.00246581 0.00313255; -0.00246581 0.00106507 -0.000510923; 0.00313255 -0.000510923 0.0886824]
Loglik: 6404.9040 
ESS: 293.6640
ESS: 203.5520
Ending MCMC with adaptive RW estimating 3 parameters
Algorithm: MCWM
Adaptation algorithm: AMUpdate_gen
Prior distribution: Uniform
Particel filter: bootstrap
elapsed time: 986.263456839 seconds
Run time (s): 986.2635 
