Starting ml estimationLength of training data: 1800Start values for optimization:
[-1740.36; 1405.28; 4774.01; -62.7847; -76.8598; -748.329; -4.62424; -356.684; 8.8138; 6.80207; 0.738892; 0.392318; -1.77552; -2.97788; -0.867109]Iter     Function value   Gradient norm 
     0     3.016152e+03     4.608370e+03
     1     2.312323e+03     1.996813e+03
     2     1.388445e+03     1.621594e+03
     3     1.140757e+03     1.150942e+03
     4     1.099088e+03     9.546128e+02
     5     1.040948e+03     2.099395e+02
     6     1.038010e+03     1.145868e+02
     7     1.035119e+03     9.424871e+01
     8     1.024361e+03     3.451812e+02
     9     1.007710e+03     3.507439e+02
    10     9.953023e+02     2.351203e+02
    11     9.878889e+02     1.816452e+02
    12     9.753757e+02     2.891777e+02
    13     9.480374e+02     2.319831e+02
    14     9.441591e+02     5.803880e+01
    15     9.435748e+02     4.815715e+01
    16     9.417955e+02     1.836990e+02
    17     9.417965e+02     4.709357e+02
Estimated parameters of the GP model:
Estimated Β:s:
[-1740.38,1405.27,4773.97,-62.7572,-76.7039,-748.484,-4.5995,-356.776,8.85184,6.90226]
Estimated log Φ:s:
[-0.298681,-0.587577,-2.01521,-2.31576,-0.888738]
elapsed time: 498.854620825 seconds
Iterstion:
1
Starting DA-GP-MCMC with adaptive RW estimating 3 parameters
Covariance - kernel_MH_direct:
[0.0181555 -0.00438227 0.0184035; -0.00438227 0.00190507 -0.00451323; 0.0184035 -0.00451323 0.139391]
MCMC algorithm: MCWM
Adaptation algorithm: noAdaptation
Prior distribution: Uniform
Particel filter: bootstrap
Iteration: 1
Covariance:
[0.0181555 -0.00438227 0.0184035; -0.00438227 0.00190507 -0.00451323; 0.0184035 -0.00451323 0.139391]
ESS: 235.2840
Loglik: 6405.3967 
Percentage done: 20.00 % 
Acceptance rate on iteration 1 to 10000 is 7.6908 %
Covariance:
[0.0181555 -0.00438227 0.0184035; -0.00438227 0.00190507 -0.00451323; 0.0184035 -0.00451323 0.139391]
Loglik: 6403.6077 
ESS: 196.9072
ESS: 293.8640
Percentage done: 40.00 % 
Acceptance rate on iteration 10001 to 20000 is 8.0808 %
Covariance:
[0.0181555 -0.00438227 0.0184035; -0.00438227 0.00190507 -0.00451323; 0.0184035 -0.00451323 0.139391]
Loglik: 6404.6357 
ESS: 62.9879
ESS: 115.1127
Percentage done: 60.00 % 
Acceptance rate on iteration 20001 to 30000 is 8.3808 %
Covariance:
[0.0181555 -0.00438227 0.0184035; -0.00438227 0.00190507 -0.00451323; 0.0184035 -0.00451323 0.139391]
Loglik: 6403.7004 
Percentage done: 80.00 % 
Acceptance rate on iteration 30001 to 40000 is 7.7908 %
Covariance:
[0.0181555 -0.00438227 0.0184035; -0.00438227 0.00190507 -0.00451323; 0.0184035 -0.00451323 0.139391]
Loglik: 6404.1281 
elapsed time: 615.123244571 seconds
Ending DA-GP-MCMC with adaptive RW estimating 3 parameters
Algorithm: MCWM
Adaptation algorithm: noAdaptation
Prior distribution: Uniform
Particel filter: bootstrap
Time pre-er:  0
Time fit GP model:  0
Time er-part:  615
Number early-rejections: 40111
Number of cases directly to ordinary MH: 7568
Number of cases directly to ordinary MH accapted: 2872
Number cases in secound stage: 2320
Number accepted in secound stage: 1078
Total number of evaluations of the particle filter: 9888
Acceptance rate for ordinary MH accapted: 37.9493
Acceptance rate a_1: 5.4677
Acceptance rate a_2: 46.4655
Acceptance rate a_1*a_2: 2.5406
Acceptance rate a (for entier algorithm): 7.9000
Iterstion:
2
Starting DA-GP-MCMC with adaptive RW estimating 3 parameters
Covariance - kernel_MH_direct:
[0.0181555 -0.00438227 0.0184035; -0.00438227 0.00190507 -0.00451323; 0.0184035 -0.00451323 0.139391]
MCMC algorithm: MCWM
Adaptation algorithm: noAdaptation
Prior distribution: Uniform
Particel filter: bootstrap
Iteration: 1
Covariance:
[0.0181555 -0.00438227 0.0184035; -0.00438227 0.00190507 -0.00451323; 0.0184035 -0.00451323 0.139391]
ESS: 229.3053
Loglik: 6405.1040 
Percentage done: 20.00 % 
Acceptance rate on iteration 1 to 10000 is 7.6708 %
Covariance:
[0.0181555 -0.00438227 0.0184035; -0.00438227 0.00190507 -0.00451323; 0.0184035 -0.00451323 0.139391]
Loglik: 6403.6777 
Percentage done: 40.00 % 
Acceptance rate on iteration 10001 to 20000 is 8.4008 %
Covariance:
[0.0181555 -0.00438227 0.0184035; -0.00438227 0.00190507 -0.00451323; 0.0184035 -0.00451323 0.139391]
Loglik: 6403.7703 
Percentage done: 60.00 % 
Acceptance rate on iteration 20001 to 30000 is 7.4607 %
Covariance:
[0.0181555 -0.00438227 0.0184035; -0.00438227 0.00190507 -0.00451323; 0.0184035 -0.00451323 0.139391]
Loglik: 6403.7664 
Percentage done: 80.00 % 
Acceptance rate on iteration 30001 to 40000 is 7.3207 %
Covariance:
[0.0181555 -0.00438227 0.0184035; -0.00438227 0.00190507 -0.00451323; 0.0184035 -0.00451323 0.139391]
Loglik: 6403.9709 
elapsed time: 617.546901283 seconds
Ending DA-GP-MCMC with adaptive RW estimating 3 parameters
Algorithm: MCWM
Adaptation algorithm: noAdaptation
Prior distribution: Uniform
Particel filter: bootstrap
Time pre-er:  0
Time fit GP model:  0
Time er-part:  618
Number early-rejections: 40249
Number of cases directly to ordinary MH: 7400
Number of cases directly to ordinary MH accapted: 2766
Number cases in secound stage: 2350
Number accepted in secound stage: 1143
Total number of evaluations of the particle filter: 9750
Acceptance rate for ordinary MH accapted: 37.3784
Acceptance rate a_1: 5.5166
Acceptance rate a_2: 48.6383
Acceptance rate a_1*a_2: 2.6832
Acceptance rate a (for entier algorithm): 7.8180
Est prob:
[0.55283,0.886395,0.44717,0.113605]
Iterstion:
1
Covariance - kernel_secound_stage_direct:
[0.0181555 -0.00438227 0.0184035; -0.00438227 0.00190507 -0.00451323; 0.0184035 -0.00451323 0.139391]
Starting ADA-GP-MCMC with adaptive RW estimating 3 parameters
MCMC algorithm: MCWM
Adaptation algorithm: noAdaptation
Select case model: BiasedCoin
Prior distribution: Uniform
Particel filter: bootstrap
Iteration: 1
Covariance:
[0.0181555 -0.00438227 0.0184035; -0.00438227 0.00190507 -0.00451323; 0.0184035 -0.00451323 0.139391]
ESS: 227.4190
Loglik: 6404.7270 
Percentage done: 20.00 % 
Acceptance rate on iteration 1 to 10000 is 9.3309 %
Covariance:
[0.0181555 -0.00438227 0.0184035; -0.00438227 0.00190507 -0.00451323; 0.0184035 -0.00451323 0.139391]
Loglik: NaN 
ESS: 291.6752
ESS: 213.6656
Percentage done: 40.00 % 
Acceptance rate on iteration 10001 to 20000 is 9.5310 %
Covariance:
[0.0181555 -0.00438227 0.0184035; -0.00438227 0.00190507 -0.00451323; 0.0184035 -0.00451323 0.139391]
Loglik: 6405.7592 
Percentage done: 60.00 % 
Acceptance rate on iteration 20001 to 30000 is 9.4309 %
Covariance:
[0.0181555 -0.00438227 0.0184035; -0.00438227 0.00190507 -0.00451323; 0.0184035 -0.00451323 0.139391]
Loglik: 6405.5953 
Percentage done: 80.00 % 
Acceptance rate on iteration 30001 to 40000 is 9.9410 %
Covariance:
[0.0181555 -0.00438227 0.0184035; -0.00438227 0.00190507 -0.00451323; 0.0184035 -0.00451323 0.139391]
Loglik: 6405.2456 
elapsed time: 601.545416907 seconds
Ending ADA-GP-MCMC with adaptive RW estimating 3 parameters
Algorithm: MCWM
Adaptation algorithm: noAdaptation
Prior distribution: Uniform
Particel filter: bootstrap
Time consumption:Time pre-er:  0
Time fit GP model:  0
Time er-part:  602
Number early-rejections: 39810
Number of cases directly to ordinary MH: 7545
Number of cases directly to ordinary MH accapted: 2881
Number split accaptance region early-accept: 339
Number split accaptance region early-reject: 787
Number cases in secound stage: 2644
Number accepted in secound stage: 738
Acceptance rate for ordinary MH accapted: 38.1842
Acceptance rate a_1: 6.2279
Acceptance rate a_2: 27.9123
Acceptance rate a_1*a_2: 1.7384
Acceptance rate a (for entier algorithm): 9.4900
Total number of evaluations of the particle filter: 9063
Number case 1 or 3: 2246
Number case 2 or 4: 398
Number case 1: 1242, 55.2983 % of all cases
Number case 2: 345, 86.6834 % of all cases
Number case 3: 1004, 44.7017 % of all cases
Number case 4: 53, 13.3166 % of all cases
Number pf runs in case 1: 956, prob pf given case 1 76.9726 %
Number pf runs in case 2: 345, prob pf given case 2 100.0000 %
Number pf runs in case 3: 217, prob pf given case 3 21.6135 %
Number pf runs in case 4: 0, prob pf given case 4 0.0000 %
Iterstion:
2
Covariance - kernel_secound_stage_direct:
[0.0181555 -0.00438227 0.0184035; -0.00438227 0.00190507 -0.00451323; 0.0184035 -0.00451323 0.139391]
Starting ADA-GP-MCMC with adaptive RW estimating 3 parameters
MCMC algorithm: MCWM
Adaptation algorithm: noAdaptation
Select case model: BiasedCoin
Prior distribution: Uniform
Particel filter: bootstrap
Iteration: 1
Covariance:
[0.0181555 -0.00438227 0.0184035; -0.00438227 0.00190507 -0.00451323; 0.0184035 -0.00451323 0.139391]
ESS: 239.0464
Loglik: 6404.9002 
Percentage done: 20.00 % 
Acceptance rate on iteration 1 to 10000 is 9.8210 %
Covariance:
[0.0181555 -0.00438227 0.0184035; -0.00438227 0.00190507 -0.00451323; 0.0184035 -0.00451323 0.139391]
Loglik: NaN 
Percentage done: 40.00 % 
Acceptance rate on iteration 10001 to 20000 is 9.8310 %
Covariance:
[0.0181555 -0.00438227 0.0184035; -0.00438227 0.00190507 -0.00451323; 0.0184035 -0.00451323 0.139391]
Loglik: 6403.1561 
Percentage done: 60.00 % 
Acceptance rate on iteration 20001 to 30000 is 9.8610 %
Covariance:
[0.0181555 -0.00438227 0.0184035; -0.00438227 0.00190507 -0.00451323; 0.0184035 -0.00451323 0.139391]
Loglik: 6404.1197 
Percentage done: 80.00 % 
Acceptance rate on iteration 30001 to 40000 is 9.7110 %
Covariance:
[0.0181555 -0.00438227 0.0184035; -0.00438227 0.00190507 -0.00451323; 0.0184035 -0.00451323 0.139391]
Loglik: 6402.6409 
elapsed time: 680.961765592 seconds
Ending ADA-GP-MCMC with adaptive RW estimating 3 parameters
Algorithm: MCWM
Adaptation algorithm: noAdaptation
Prior distribution: Uniform
Particel filter: bootstrap
Time consumption:Time pre-er:  0
Time fit GP model:  0
Time er-part:  681
Number early-rejections: 39693
Number of cases directly to ordinary MH: 7617
Number of cases directly to ordinary MH accapted: 2991
Number split accaptance region early-accept: 302
Number split accaptance region early-reject: 765
Number cases in secound stage: 2689
Number accepted in secound stage: 809
Acceptance rate for ordinary MH accapted: 39.2674
Acceptance rate a_1: 6.3447
Acceptance rate a_2: 30.0855
Acceptance rate a_1*a_2: 1.9088
Acceptance rate a (for entier algorithm): 9.7340
Total number of evaluations of the particle filter: 9239
Number case 1 or 3: 2294
Number case 2 or 4: 395
Number case 1: 1266, 55.1874 % of all cases
Number case 2: 353, 89.3671 % of all cases
Number case 3: 1028, 44.8126 % of all cases
Number case 4: 42, 10.6329 % of all cases
Number pf runs in case 1: 1006, prob pf given case 1 79.4629 %
Number pf runs in case 2: 353, prob pf given case 2 100.0000 %
Number pf runs in case 3: 263, prob pf given case 3 25.5837 %
Number pf runs in case 4: 0, prob pf given case 4 0.0000 %
