Starting ml estimationLength of training data: 1800Start values for optimization:
[-1675.05; 1375.71; 4765.66; -58.8521; -73.1682; -747.808; -4.68548; -355.504; 8.98857; 4.83859; 0.934979; 0.588406; -1.67788; -2.87451; -0.771963]Iter     Function value   Gradient norm 
     0     3.698300e+03     5.694031e+03
     1     3.262084e+03     2.855870e+03
     2     1.975381e+03     9.488459e+02
     3     1.934337e+03     1.262212e+03
     4     1.874534e+03     8.578166e+02
     5     1.866085e+03     2.493929e+02
     6     1.864053e+03     1.803131e+02
     7     1.852694e+03     8.614007e+01
     8     1.848558e+03     3.463314e+02
     9     1.817633e+03     1.754832e+02
    10     1.798021e+03     4.745932e+02
    11     1.645368e+03     1.876391e+03
    12     1.645370e+03     1.876423e+03
Estimated parameters of the GP model:
Estimated Β:s:
[-1675.15,1375.6,4765.39,-58.7235,-72.4946,-748.514,-4.48632,-355.928,9.05095,5.1954]
Estimated log Φ:s:
[-0.320285,-0.640191,-2.23617,-2.05645,-0.732181]
elapsed time: 185.793321725 seconds
Starting DA-GP-MCMC with adaptive RW estimating 3 parameters
Covariance - kernel_MH_direct:
[0.0375216 -0.00856914 0.031899; -0.00856914 0.00287627 -0.00600934; 0.031899 -0.00600934 0.164455]
MCMC algorithm: MCWM
Adaptation algorithm: noAdaptation
Prior distribution: Uniform
Particel filter: bootstrap
Iteration: 1
Covariance:
[0.0260567 -0.0059508 0.0221521; -0.0059508 0.00199741 -0.00417316; 0.0221521 -0.00417316 0.114205]
ESS: 234.2960
Loglik: 6404.6078 
Percentage done: 4.00 % 
Acceptance rate on iteration 1 to 1000 is 7.0070 %
Covariance:
[0.0260567 -0.0059508 0.0221521; -0.0059508 0.00199741 -0.00417316; 0.0221521 -0.00417316 0.114205]
Loglik: 6403.9139 
Percentage done: 8.00 % 
Acceptance rate on iteration 1001 to 2000 is 6.3063 %
Covariance:
[0.0260567 -0.0059508 0.0221521; -0.0059508 0.00199741 -0.00417316; 0.0221521 -0.00417316 0.114205]
Loglik: 6402.9784 
Percentage done: 12.00 % 
Acceptance rate on iteration 2001 to 3000 is 5.9059 %
Covariance:
[0.0260567 -0.0059508 0.0221521; -0.0059508 0.00199741 -0.00417316; 0.0221521 -0.00417316 0.114205]
Loglik: 6404.5000 
Percentage done: 16.00 % 
Acceptance rate on iteration 3001 to 4000 is 6.0060 %
Covariance:
[0.0260567 -0.0059508 0.0221521; -0.0059508 0.00199741 -0.00417316; 0.0221521 -0.00417316 0.114205]
Loglik: 6404.7304 
Percentage done: 20.00 % 
Acceptance rate on iteration 4001 to 5000 is 5.0050 %
Covariance:
[0.0260567 -0.0059508 0.0221521; -0.0059508 0.00199741 -0.00417316; 0.0221521 -0.00417316 0.114205]
Loglik: 6404.5606 
Percentage done: 24.00 % 
Acceptance rate on iteration 5001 to 6000 is 4.9049 %
Covariance:
[0.0260567 -0.0059508 0.0221521; -0.0059508 0.00199741 -0.00417316; 0.0221521 -0.00417316 0.114205]
Loglik: 6403.1180 
Percentage done: 28.00 % 
Acceptance rate on iteration 6001 to 7000 is 4.5045 %
Covariance:
[0.0260567 -0.0059508 0.0221521; -0.0059508 0.00199741 -0.00417316; 0.0221521 -0.00417316 0.114205]
Loglik: 6406.0138 
Percentage done: 32.00 % 
Acceptance rate on iteration 7001 to 8000 is 4.6046 %
Covariance:
[0.0260567 -0.0059508 0.0221521; -0.0059508 0.00199741 -0.00417316; 0.0221521 -0.00417316 0.114205]
Loglik: 6404.6859 
Percentage done: 36.00 % 
Acceptance rate on iteration 8001 to 9000 is 5.3053 %
Covariance:
[0.0260567 -0.0059508 0.0221521; -0.0059508 0.00199741 -0.00417316; 0.0221521 -0.00417316 0.114205]
Loglik: 6404.2167 
Percentage done: 40.00 % 
Acceptance rate on iteration 9001 to 10000 is 6.4064 %
Covariance:
[0.0260567 -0.0059508 0.0221521; -0.0059508 0.00199741 -0.00417316; 0.0221521 -0.00417316 0.114205]
Loglik: 6401.9569 
Percentage done: 44.00 % 
Acceptance rate on iteration 10001 to 11000 is 4.5045 %
Covariance:
[0.0260567 -0.0059508 0.0221521; -0.0059508 0.00199741 -0.00417316; 0.0221521 -0.00417316 0.114205]
Loglik: 6402.1211 
Percentage done: 48.00 % 
Acceptance rate on iteration 11001 to 12000 is 4.8048 %
Covariance:
[0.0260567 -0.0059508 0.0221521; -0.0059508 0.00199741 -0.00417316; 0.0221521 -0.00417316 0.114205]
Loglik: 6403.0604 
Percentage done: 52.00 % 
Acceptance rate on iteration 12001 to 13000 is 5.8058 %
Covariance:
[0.0260567 -0.0059508 0.0221521; -0.0059508 0.00199741 -0.00417316; 0.0221521 -0.00417316 0.114205]
Loglik: 6403.5445 
ESS: 172.9030
ESS: 190.3180
Percentage done: 56.00 % 
Acceptance rate on iteration 13001 to 14000 is 3.5035 %
Covariance:
[0.0260567 -0.0059508 0.0221521; -0.0059508 0.00199741 -0.00417316; 0.0221521 -0.00417316 0.114205]
Loglik: 6405.5646 
Percentage done: 60.00 % 
Acceptance rate on iteration 14001 to 15000 is 4.6046 %
Covariance:
[0.0260567 -0.0059508 0.0221521; -0.0059508 0.00199741 -0.00417316; 0.0221521 -0.00417316 0.114205]
Loglik: 6403.7739 
ESS: 218.0759
ESS: 263.2943
Percentage done: 64.00 % 
Acceptance rate on iteration 15001 to 16000 is 4.1041 %
Covariance:
[0.0260567 -0.0059508 0.0221521; -0.0059508 0.00199741 -0.00417316; 0.0221521 -0.00417316 0.114205]
Loglik: 6405.3386 
Percentage done: 68.00 % 
Acceptance rate on iteration 16001 to 17000 is 3.6036 %
Covariance:
[0.0260567 -0.0059508 0.0221521; -0.0059508 0.00199741 -0.00417316; 0.0221521 -0.00417316 0.114205]
Loglik: 6403.3519 
Percentage done: 72.00 % 
Acceptance rate on iteration 17001 to 18000 is 5.5055 %
Covariance:
[0.0260567 -0.0059508 0.0221521; -0.0059508 0.00199741 -0.00417316; 0.0221521 -0.00417316 0.114205]
Loglik: 6404.4063 
Percentage done: 76.00 % 
Acceptance rate on iteration 18001 to 19000 is 4.2042 %
Covariance:
[0.0260567 -0.0059508 0.0221521; -0.0059508 0.00199741 -0.00417316; 0.0221521 -0.00417316 0.114205]
Loglik: 6404.6180 
Percentage done: 80.00 % 
Acceptance rate on iteration 19001 to 20000 is 5.6056 %
Covariance:
[0.0260567 -0.0059508 0.0221521; -0.0059508 0.00199741 -0.00417316; 0.0221521 -0.00417316 0.114205]
Loglik: 6404.7471 
Percentage done: 84.00 % 
Acceptance rate on iteration 20001 to 21000 is 6.0060 %
Covariance:
[0.0260567 -0.0059508 0.0221521; -0.0059508 0.00199741 -0.00417316; 0.0221521 -0.00417316 0.114205]
Loglik: 6404.1167 
Percentage done: 88.00 % 
Acceptance rate on iteration 21001 to 22000 is 3.8038 %
Covariance:
[0.0260567 -0.0059508 0.0221521; -0.0059508 0.00199741 -0.00417316; 0.0221521 -0.00417316 0.114205]
Loglik: 6402.9784 
Percentage done: 92.00 % 
Acceptance rate on iteration 22001 to 23000 is 4.1041 %
Covariance:
[0.0260567 -0.0059508 0.0221521; -0.0059508 0.00199741 -0.00417316; 0.0221521 -0.00417316 0.114205]
Loglik: 6401.8675 
Percentage done: 96.00 % 
Acceptance rate on iteration 23001 to 24000 is 4.6046 %
Covariance:
[0.0260567 -0.0059508 0.0221521; -0.0059508 0.00199741 -0.00417316; 0.0221521 -0.00417316 0.114205]
Loglik: 6405.0287 
ESS: 326.5947
ESS: 258.9011
elapsed time: 94.710268902 seconds
Ending DA-GP-MCMC with adaptive RW estimating 3 parameters
Algorithm: MCWM
Adaptation algorithm: noAdaptation
Prior distribution: Uniform
Particel filter: bootstrap
Time pre-er:  0
Time fit GP model:  0
Time er-part:  95
Number early-rejections: 21450
Number of cases directly to ordinary MH: 2457
Number cases in secound stage: 1092
Number accepted in secound stage: 522
Covariance - kernel_secound_stage_direct:
[0.0375216 -0.00856914 0.031899; -0.00856914 0.00287627 -0.00600934; 0.031899 -0.00600934 0.164455]
Starting DA-GP-MCMC with adaptive RW estimating 3 parameters
MCMC algorithm: MCWM
Adaptation algorithm: noAdaptation
Select case model: BiaseCoin
Prior distribution: Uniform
Particel filter: bootstrap
Iteration: 1
Covariance:
[0.0260567 -0.0059508 0.0221521; -0.0059508 0.00199741 -0.00417316; 0.0221521 -0.00417316 0.114205]
ESS: 214.9334
Loglik: 6404.0790 
Percentage done: 4.00 % 
Acceptance rate on iteration 1 to 1000 is 7.3073 %
Covariance:
[0.0260567 -0.0059508 0.0221521; -0.0059508 0.00199741 -0.00417316; 0.0221521 -0.00417316 0.114205]
Loglik: NaN 
Percentage done: 8.00 % 
Acceptance rate on iteration 1001 to 2000 is 7.6076 %
Covariance:
[0.0260567 -0.0059508 0.0221521; -0.0059508 0.00199741 -0.00417316; 0.0221521 -0.00417316 0.114205]
Loglik: 6403.1440 
ESS: 93.2561
ESS: 287.2803
Percentage done: 12.00 % 
Acceptance rate on iteration 2001 to 3000 is 5.6056 %
Covariance:
[0.0260567 -0.0059508 0.0221521; -0.0059508 0.00199741 -0.00417316; 0.0221521 -0.00417316 0.114205]
Loglik: 6403.9738 
Percentage done: 16.00 % 
Acceptance rate on iteration 3001 to 4000 is 5.5055 %
Covariance:
[0.0260567 -0.0059508 0.0221521; -0.0059508 0.00199741 -0.00417316; 0.0221521 -0.00417316 0.114205]
Loglik: 6404.7187 
ESS: 163.1393
ESS: 193.1988
Percentage done: 20.00 % 
Acceptance rate on iteration 4001 to 5000 is 7.5075 %
Covariance:
[0.0260567 -0.0059508 0.0221521; -0.0059508 0.00199741 -0.00417316; 0.0221521 -0.00417316 0.114205]
Loglik: 6403.4557 
ESS: 833.0098
ESS: 219.1520
Percentage done: 24.00 % 
Acceptance rate on iteration 5001 to 6000 is 7.3073 %
Covariance:
[0.0260567 -0.0059508 0.0221521; -0.0059508 0.00199741 -0.00417316; 0.0221521 -0.00417316 0.114205]
Loglik: 6403.4757 
Percentage done: 28.00 % 
Acceptance rate on iteration 6001 to 7000 is 7.9079 %
Covariance:
[0.0260567 -0.0059508 0.0221521; -0.0059508 0.00199741 -0.00417316; 0.0221521 -0.00417316 0.114205]
Loglik: 6405.1349 
Percentage done: 32.00 % 
Acceptance rate on iteration 7001 to 8000 is 6.4064 %
Covariance:
[0.0260567 -0.0059508 0.0221521; -0.0059508 0.00199741 -0.00417316; 0.0221521 -0.00417316 0.114205]
Loglik: NaN 
Percentage done: 36.00 % 
Acceptance rate on iteration 8001 to 9000 is 5.3053 %
Covariance:
[0.0260567 -0.0059508 0.0221521; -0.0059508 0.00199741 -0.00417316; 0.0221521 -0.00417316 0.114205]
Loglik: NaN 
Percentage done: 40.00 % 
Acceptance rate on iteration 9001 to 10000 is 8.6086 %
Covariance:
[0.0260567 -0.0059508 0.0221521; -0.0059508 0.00199741 -0.00417316; 0.0221521 -0.00417316 0.114205]
Loglik: NaN 
Percentage done: 44.00 % 
Acceptance rate on iteration 10001 to 11000 is 8.5085 %
Covariance:
[0.0260567 -0.0059508 0.0221521; -0.0059508 0.00199741 -0.00417316; 0.0221521 -0.00417316 0.114205]
Loglik: 6404.0157 
ESS: 200.8916
ESS: 270.0993
Percentage done: 48.00 % 
Acceptance rate on iteration 11001 to 12000 is 5.5055 %
Covariance:
[0.0260567 -0.0059508 0.0221521; -0.0059508 0.00199741 -0.00417316; 0.0221521 -0.00417316 0.114205]
Loglik: 6403.3525 
Percentage done: 52.00 % 
Acceptance rate on iteration 12001 to 13000 is 6.6066 %
Covariance:
[0.0260567 -0.0059508 0.0221521; -0.0059508 0.00199741 -0.00417316; 0.0221521 -0.00417316 0.114205]
Loglik: 6405.7601 
Percentage done: 56.00 % 
Acceptance rate on iteration 13001 to 14000 is 6.6066 %
Covariance:
[0.0260567 -0.0059508 0.0221521; -0.0059508 0.00199741 -0.00417316; 0.0221521 -0.00417316 0.114205]
Loglik: 6402.6078 
Percentage done: 60.00 % 
Acceptance rate on iteration 14001 to 15000 is 6.9069 %
Covariance:
[0.0260567 -0.0059508 0.0221521; -0.0059508 0.00199741 -0.00417316; 0.0221521 -0.00417316 0.114205]
Loglik: NaN 
Percentage done: 64.00 % 
Acceptance rate on iteration 15001 to 16000 is 5.9059 %
Covariance:
[0.0260567 -0.0059508 0.0221521; -0.0059508 0.00199741 -0.00417316; 0.0221521 -0.00417316 0.114205]
Loglik: 6403.2484 
ESS: 265.8040
ESS: 207.4336
Percentage done: 68.00 % 
Acceptance rate on iteration 16001 to 17000 is 8.9089 %
Covariance:
[0.0260567 -0.0059508 0.0221521; -0.0059508 0.00199741 -0.00417316; 0.0221521 -0.00417316 0.114205]
Loglik: 6400.3771 
Percentage done: 72.00 % 
Acceptance rate on iteration 17001 to 18000 is 7.2072 %
Covariance:
[0.0260567 -0.0059508 0.0221521; -0.0059508 0.00199741 -0.00417316; 0.0221521 -0.00417316 0.114205]
Loglik: 6404.3259 
Percentage done: 76.00 % 
Acceptance rate on iteration 18001 to 19000 is 6.1061 %
Covariance:
[0.0260567 -0.0059508 0.0221521; -0.0059508 0.00199741 -0.00417316; 0.0221521 -0.00417316 0.114205]
Loglik: 6405.3742 
Percentage done: 80.00 % 
Acceptance rate on iteration 19001 to 20000 is 5.9059 %
Covariance:
[0.0260567 -0.0059508 0.0221521; -0.0059508 0.00199741 -0.00417316; 0.0221521 -0.00417316 0.114205]
Loglik: 6405.2540 
Percentage done: 84.00 % 
Acceptance rate on iteration 20001 to 21000 is 5.1051 %
Covariance:
[0.0260567 -0.0059508 0.0221521; -0.0059508 0.00199741 -0.00417316; 0.0221521 -0.00417316 0.114205]
Loglik: 6403.8362 
Percentage done: 88.00 % 
Acceptance rate on iteration 21001 to 22000 is 5.1051 %
Covariance:
[0.0260567 -0.0059508 0.0221521; -0.0059508 0.00199741 -0.00417316; 0.0221521 -0.00417316 0.114205]
Loglik: NaN 
Percentage done: 92.00 % 
Acceptance rate on iteration 22001 to 23000 is 6.0060 %
Covariance:
[0.0260567 -0.0059508 0.0221521; -0.0059508 0.00199741 -0.00417316; 0.0221521 -0.00417316 0.114205]
Loglik: 6403.1629 
Percentage done: 96.00 % 
Acceptance rate on iteration 23001 to 24000 is 5.6056 %
Covariance:
[0.0260567 -0.0059508 0.0221521; -0.0059508 0.00199741 -0.00417316; 0.0221521 -0.00417316 0.114205]
Loglik: 6404.3629 
elapsed time: 88.881003137 seconds
Ending ADA-GP-MCMC with adaptive RW estimating 3 parameters
Algorithm: MCWM
Adaptation algorithm: noAdaptation
Prior distribution: Uniform
Particel filter: bootstrap
Time consumption:Time pre-er:  0
Time fit GP model:  0
Time er-part:  89
Number early-rejections: 21242
Number of cases directly to ordinary MH: 2536
Number split accaptance region early-accept: 163
Number split accaptance region early-reject: 325
Number cases in secound stage: 1221
Number accepted in secound stage: 370
Nbr assumtion correct: 465.000000
Proc assumtion correct: 0.634379
Number case 1: 600
Number case 2: 179
Number case 3: 417
Number case 4: 25
