Starting MCMC with adaptive RW estimating 3 parameters
MCMC algorithm: MCWM
Adaptation algorithm: AMUpdate_gen
Prior distribution: Uniform
Particel filter: bootstrap
Iteration: 1
Covariance:
[1.92 0.0 0.0; 0.0 1.92 0.0; 0.0 0.0 1.92]
ESS: 13.7367
Loglik: 6292.6764 
Percentage done: 19.23 % 
Acceptance rate on iteration 1 to 10000 is 0.4204
Covariance:
[0.021494 -0.00545654 0.0139595; -0.00545654 0.00218938 -0.00265313; 0.0139595 -0.00265313 0.127703]
Loglik: 6405.0976 
ESS: 400.2952
ESS: 276.6157
Percentage done: 38.46 % 
Acceptance rate on iteration 10001 to 20000 is 0.4081
Covariance:
[0.0200438 -0.00501337 0.0129171; -0.00501337 0.00196807 -0.00276793; 0.0129171 -0.00276793 0.156894]
Loglik: 6402.2318 
ESS: 67.2288
ESS: 147.1889
Percentage done: 57.69 % 
Acceptance rate on iteration 20001 to 30000 is 0.3790
Covariance:
[0.0137875 -0.00330429 0.0161459; -0.00330429 0.0015786 -0.001422; 0.0161459 -0.001422 0.36349]
Loglik: 6400.7788 
ESS: 359.2374
ESS: 298.0478
Percentage done: 76.92 % 
Acceptance rate on iteration 30001 to 40000 is 0.3923
Covariance:
[0.0157984 -0.00392578 0.00997945; -0.00392578 0.00164993 -0.00221384; 0.00997945 -0.00221384 0.158914]
Loglik: 6403.5691 
ESS: 256.6056
ESS: 92.8873
Percentage done: 96.15 % 
Acceptance rate on iteration 40001 to 50000 is 0.4245
Covariance:
[0.016793 -0.00397526 0.0131359; -0.00397526 0.00166306 -0.00314189; 0.0131359 -0.00314189 0.137472]
Loglik: 6403.1709 
ESS: 468.7573
ESS: 388.2597
Ending MCMC with adaptive RW estimating 3 parameters
Algorithm: MCWM
Adaptation algorithm: AMUpdate_gen
Prior distribution: Uniform
Particel filter: bootstrap
elapsed time: 1589.519979674 seconds
Run time (s): 1589.5200 
