Starting ml estimationLength of training data: 1800Start values for optimization:
[-1740.36; 1405.28; 4774.01; -62.7847; -76.8598; -748.329; -4.62424; -356.684; 8.8138; 6.80207; 0.738892; 0.392318; -1.77552; -2.97788; -0.867109]Iter     Function value   Gradient norm 
     0     3.016152e+03     4.608370e+03
     1     2.312323e+03     1.996813e+03
     2     1.388445e+03     1.621594e+03
     3     1.140757e+03     1.150942e+03
     4     1.099088e+03     9.546128e+02
     5     1.040948e+03     2.099395e+02
     6     1.038010e+03     1.145868e+02
     7     1.035119e+03     9.424871e+01
     8     1.024361e+03     3.451812e+02
     9     1.007710e+03     3.507439e+02
    10     9.953023e+02     2.351203e+02
    11     9.878889e+02     1.816452e+02
    12     9.753757e+02     2.891777e+02
    13     9.480374e+02     2.319831e+02
    14     9.441591e+02     5.803880e+01
    15     9.435748e+02     4.815715e+01
    16     9.417955e+02     1.836990e+02
    17     9.417965e+02     4.709357e+02
Estimated parameters of the GP model:
Estimated Β:s:
[-1740.38,1405.27,4773.97,-62.7572,-76.7039,-748.484,-4.5995,-356.776,8.85184,6.90226]
Estimated log Φ:s:
[-0.298681,-0.587577,-2.01521,-2.31576,-0.888738]
elapsed time: 450.00352128 seconds
Iterstion:
1
Starting DA-GP-MCMC with adaptive RW estimating 3 parameters
Covariance - kernel_MH_direct:
[0.0181555 -0.00438227 0.0184035; -0.00438227 0.00190507 -0.00451323; 0.0184035 -0.00451323 0.139391]
MCMC algorithm: MCWM
Adaptation algorithm: noAdaptation
Prior distribution: Uniform
Particel filter: bootstrap
Iteration: 1
Covariance:
[0.0181555 -0.00438227 0.0184035; -0.00438227 0.00190507 -0.00451323; 0.0184035 -0.00451323 0.139391]
ESS: 234.2410
Loglik: 6405.0207 
Percentage done: 20.00 % 
Acceptance rate on iteration 1 to 10000 is 7.9908 %
Covariance:
[0.0181555 -0.00438227 0.0184035; -0.00438227 0.00190507 -0.00451323; 0.0184035 -0.00451323 0.139391]
Loglik: 6404.3563 
Percentage done: 40.00 % 
Acceptance rate on iteration 10001 to 20000 is 7.8308 %
Covariance:
[0.0181555 -0.00438227 0.0184035; -0.00438227 0.00190507 -0.00451323; 0.0184035 -0.00451323 0.139391]
Loglik: 6403.2227 
Percentage done: 60.00 % 
Acceptance rate on iteration 20001 to 30000 is 8.3608 %
Covariance:
[0.0181555 -0.00438227 0.0184035; -0.00438227 0.00190507 -0.00451323; 0.0184035 -0.00451323 0.139391]
Loglik: 6403.4894 
Percentage done: 80.00 % 
Acceptance rate on iteration 30001 to 40000 is 8.3108 %
Covariance:
[0.0181555 -0.00438227 0.0184035; -0.00438227 0.00190507 -0.00451323; 0.0184035 -0.00451323 0.139391]
Loglik: 6404.2713 
elapsed time: 560.432928021 seconds
Ending DA-GP-MCMC with adaptive RW estimating 3 parameters
Algorithm: MCWM
Adaptation algorithm: noAdaptation
Prior distribution: Uniform
Particel filter: bootstrap
Time pre-er:  0
Time fit GP model:  0
Time er-part:  560
Number early-rejections: 40082
Number of cases directly to ordinary MH: 7467
Number of cases directly to ordinary MH accapted: 2874
Number cases in secound stage: 2450
Number accepted in secound stage: 1141
Total number of evaluations of the particle filter: 9917
Acceptance rate for ordinary MH accapted: 38.4894
Acceptance rate a_1: 5.7604
Acceptance rate a_2: 46.5714
Acceptance rate a_1*a_2: 2.6827
Acceptance rate a (for entier algorithm): 8.0300
Iterstion:
2
Starting DA-GP-MCMC with adaptive RW estimating 3 parameters
Covariance - kernel_MH_direct:
[0.0181555 -0.00438227 0.0184035; -0.00438227 0.00190507 -0.00451323; 0.0184035 -0.00451323 0.139391]
MCMC algorithm: MCWM
Adaptation algorithm: noAdaptation
Prior distribution: Uniform
Particel filter: bootstrap
Iteration: 1
Covariance:
[0.0181555 -0.00438227 0.0184035; -0.00438227 0.00190507 -0.00451323; 0.0184035 -0.00451323 0.139391]
ESS: 237.3824
Loglik: 6405.0950 
Percentage done: 20.00 % 
Acceptance rate on iteration 1 to 10000 is 7.8608 %
Covariance:
[0.0181555 -0.00438227 0.0184035; -0.00438227 0.00190507 -0.00451323; 0.0184035 -0.00451323 0.139391]
Loglik: 6404.3074 
ESS: 71.8157
ESS: 148.3679
Percentage done: 40.00 % 
Acceptance rate on iteration 10001 to 20000 is 8.2408 %
Covariance:
[0.0181555 -0.00438227 0.0184035; -0.00438227 0.00190507 -0.00451323; 0.0184035 -0.00451323 0.139391]
Loglik: 6402.7681 
Percentage done: 60.00 % 
Acceptance rate on iteration 20001 to 30000 is 8.1908 %
Covariance:
[0.0181555 -0.00438227 0.0184035; -0.00438227 0.00190507 -0.00451323; 0.0184035 -0.00451323 0.139391]
Loglik: 6405.1830 
Percentage done: 80.00 % 
Acceptance rate on iteration 30001 to 40000 is 8.4108 %
Covariance:
[0.0181555 -0.00438227 0.0184035; -0.00438227 0.00190507 -0.00451323; 0.0184035 -0.00451323 0.139391]
Loglik: 6399.3801 
ESS: 214.1355
ESS: 176.9512
elapsed time: 560.786423342 seconds
Ending DA-GP-MCMC with adaptive RW estimating 3 parameters
Algorithm: MCWM
Adaptation algorithm: noAdaptation
Prior distribution: Uniform
Particel filter: bootstrap
Time pre-er:  0
Time fit GP model:  0
Time er-part:  561
Number early-rejections: 40090
Number of cases directly to ordinary MH: 7515
Number of cases directly to ordinary MH accapted: 2911
Number cases in secound stage: 2394
Number accepted in secound stage: 1199
Total number of evaluations of the particle filter: 9909
Acceptance rate for ordinary MH accapted: 38.7359
Acceptance rate a_1: 5.6351
Acceptance rate a_2: 50.0835
Acceptance rate a_1*a_2: 2.8222
Acceptance rate a (for entier algorithm): 8.2200
Iterstion:
3
Starting DA-GP-MCMC with adaptive RW estimating 3 parameters
Covariance - kernel_MH_direct:
[0.0181555 -0.00438227 0.0184035; -0.00438227 0.00190507 -0.00451323; 0.0184035 -0.00451323 0.139391]
MCMC algorithm: MCWM
Adaptation algorithm: noAdaptation
Prior distribution: Uniform
Particel filter: bootstrap
Iteration: 1
Covariance:
[0.0181555 -0.00438227 0.0184035; -0.00438227 0.00190507 -0.00451323; 0.0184035 -0.00451323 0.139391]
ESS: 223.3127
Loglik: 6404.8976 
Percentage done: 20.00 % 
Acceptance rate on iteration 1 to 10000 is 7.7908 %
Covariance:
[0.0181555 -0.00438227 0.0184035; -0.00438227 0.00190507 -0.00451323; 0.0184035 -0.00451323 0.139391]
Loglik: 6404.9685 
ESS: 202.2735
ESS: 245.9947
Percentage done: 40.00 % 
Acceptance rate on iteration 10001 to 20000 is 8.4208 %
Covariance:
[0.0181555 -0.00438227 0.0184035; -0.00438227 0.00190507 -0.00451323; 0.0184035 -0.00451323 0.139391]
Loglik: 6403.6283 
ESS: 70.0956
ESS: 279.8314
Percentage done: 60.00 % 
Acceptance rate on iteration 20001 to 30000 is 8.3508 %
Covariance:
[0.0181555 -0.00438227 0.0184035; -0.00438227 0.00190507 -0.00451323; 0.0184035 -0.00451323 0.139391]
Loglik: 6404.3380 
ESS: 137.8384
ESS: 123.0487
Percentage done: 80.00 % 
Acceptance rate on iteration 30001 to 40000 is 7.3407 %
Covariance:
[0.0181555 -0.00438227 0.0184035; -0.00438227 0.00190507 -0.00451323; 0.0184035 -0.00451323 0.139391]
Loglik: 6403.6944 
elapsed time: 561.409673665 seconds
Ending DA-GP-MCMC with adaptive RW estimating 3 parameters
Algorithm: MCWM
Adaptation algorithm: noAdaptation
Prior distribution: Uniform
Particel filter: bootstrap
Time pre-er:  0
Time fit GP model:  0
Time er-part:  561
Number early-rejections: 40205
Number of cases directly to ordinary MH: 7472
Number of cases directly to ordinary MH accapted: 2885
Number cases in secound stage: 2322
Number accepted in secound stage: 1141
Total number of evaluations of the particle filter: 9794
Acceptance rate for ordinary MH accapted: 38.6108
Acceptance rate a_1: 5.4601
Acceptance rate a_2: 49.1387
Acceptance rate a_1*a_2: 2.6830
Acceptance rate a (for entier algorithm): 8.0520
Iterstion:
4
Starting DA-GP-MCMC with adaptive RW estimating 3 parameters
Covariance - kernel_MH_direct:
[0.0181555 -0.00438227 0.0184035; -0.00438227 0.00190507 -0.00451323; 0.0184035 -0.00451323 0.139391]
MCMC algorithm: MCWM
Adaptation algorithm: noAdaptation
Prior distribution: Uniform
Particel filter: bootstrap
Iteration: 1
Covariance:
[0.0181555 -0.00438227 0.0184035; -0.00438227 0.00190507 -0.00451323; 0.0184035 -0.00451323 0.139391]
ESS: 229.1611
Loglik: 6405.4256 
Percentage done: 20.00 % 
Acceptance rate on iteration 1 to 10000 is 7.4907 %
Covariance:
[0.0181555 -0.00438227 0.0184035; -0.00438227 0.00190507 -0.00451323; 0.0184035 -0.00451323 0.139391]
Loglik: 6405.9818 
Percentage done: 40.00 % 
Acceptance rate on iteration 10001 to 20000 is 8.1908 %
Covariance:
[0.0181555 -0.00438227 0.0184035; -0.00438227 0.00190507 -0.00451323; 0.0184035 -0.00451323 0.139391]
Loglik: 6404.9576 
ESS: 177.2125
ESS: 241.6214
Percentage done: 60.00 % 
Acceptance rate on iteration 20001 to 30000 is 8.0408 %
Covariance:
[0.0181555 -0.00438227 0.0184035; -0.00438227 0.00190507 -0.00451323; 0.0184035 -0.00451323 0.139391]
Loglik: 6403.6814 
ESS: 181.5936
ESS: 265.4898
Percentage done: 80.00 % 
Acceptance rate on iteration 30001 to 40000 is 8.0008 %
Covariance:
[0.0181555 -0.00438227 0.0184035; -0.00438227 0.00190507 -0.00451323; 0.0184035 -0.00451323 0.139391]
Loglik: 6404.3403 
elapsed time: 555.247946864 seconds
Ending DA-GP-MCMC with adaptive RW estimating 3 parameters
Algorithm: MCWM
Adaptation algorithm: noAdaptation
Prior distribution: Uniform
Particel filter: bootstrap
Time pre-er:  0
Time fit GP model:  0
Time er-part:  555
Number early-rejections: 40064
Number of cases directly to ordinary MH: 7612
Number of cases directly to ordinary MH accapted: 2883
Number cases in secound stage: 2323
Number accepted in secound stage: 1132
Total number of evaluations of the particle filter: 9935
Acceptance rate for ordinary MH accapted: 37.8744
Acceptance rate a_1: 5.4805
Acceptance rate a_2: 48.7301
Acceptance rate a_1*a_2: 2.6706
Acceptance rate a (for entier algorithm): 8.0300
Iterstion:
5
Starting DA-GP-MCMC with adaptive RW estimating 3 parameters
Covariance - kernel_MH_direct:
[0.0181555 -0.00438227 0.0184035; -0.00438227 0.00190507 -0.00451323; 0.0184035 -0.00451323 0.139391]
MCMC algorithm: MCWM
Adaptation algorithm: noAdaptation
Prior distribution: Uniform
Particel filter: bootstrap
Iteration: 1
Covariance:
[0.0181555 -0.00438227 0.0184035; -0.00438227 0.00190507 -0.00451323; 0.0184035 -0.00451323 0.139391]
ESS: 232.5633
Loglik: 6404.9419 
Percentage done: 20.00 % 
Acceptance rate on iteration 1 to 10000 is 7.7508 %
Covariance:
[0.0181555 -0.00438227 0.0184035; -0.00438227 0.00190507 -0.00451323; 0.0184035 -0.00451323 0.139391]
Loglik: 6402.5149 
Percentage done: 40.00 % 
Acceptance rate on iteration 10001 to 20000 is 8.0908 %
Covariance:
[0.0181555 -0.00438227 0.0184035; -0.00438227 0.00190507 -0.00451323; 0.0184035 -0.00451323 0.139391]
Loglik: 6402.6784 
Percentage done: 60.00 % 
Acceptance rate on iteration 20001 to 30000 is 8.2108 %
Covariance:
[0.0181555 -0.00438227 0.0184035; -0.00438227 0.00190507 -0.00451323; 0.0184035 -0.00451323 0.139391]
Loglik: 6405.8527 
Percentage done: 80.00 % 
Acceptance rate on iteration 30001 to 40000 is 7.8808 %
Covariance:
[0.0181555 -0.00438227 0.0184035; -0.00438227 0.00190507 -0.00451323; 0.0184035 -0.00451323 0.139391]
Loglik: 6403.9625 
elapsed time: 552.475940459 seconds
Ending DA-GP-MCMC with adaptive RW estimating 3 parameters
Algorithm: MCWM
Adaptation algorithm: noAdaptation
Prior distribution: Uniform
Particel filter: bootstrap
Time pre-er:  0
Time fit GP model:  0
Time er-part:  552
Number early-rejections: 40164
Number of cases directly to ordinary MH: 7543
Number of cases directly to ordinary MH accapted: 2876
Number cases in secound stage: 2292
Number accepted in secound stage: 1103
Total number of evaluations of the particle filter: 9835
Acceptance rate for ordinary MH accapted: 38.1281
Acceptance rate a_1: 5.3985
Acceptance rate a_2: 48.1239
Acceptance rate a_1*a_2: 2.5980
Acceptance rate a (for entier algorithm): 7.9580
Iterstion:
6
Starting DA-GP-MCMC with adaptive RW estimating 3 parameters
Covariance - kernel_MH_direct:
[0.0181555 -0.00438227 0.0184035; -0.00438227 0.00190507 -0.00451323; 0.0184035 -0.00451323 0.139391]
MCMC algorithm: MCWM
Adaptation algorithm: noAdaptation
Prior distribution: Uniform
Particel filter: bootstrap
Iteration: 1
Covariance:
[0.0181555 -0.00438227 0.0184035; -0.00438227 0.00190507 -0.00451323; 0.0184035 -0.00451323 0.139391]
ESS: 236.0535
Loglik: 6404.4190 
Percentage done: 20.00 % 
Acceptance rate on iteration 1 to 10000 is 8.0808 %
Covariance:
[0.0181555 -0.00438227 0.0184035; -0.00438227 0.00190507 -0.00451323; 0.0184035 -0.00451323 0.139391]
Loglik: 6403.8120 
Percentage done: 40.00 % 
Acceptance rate on iteration 10001 to 20000 is 8.4708 %
Covariance:
[0.0181555 -0.00438227 0.0184035; -0.00438227 0.00190507 -0.00451323; 0.0184035 -0.00451323 0.139391]
Loglik: 6404.1521 
Percentage done: 60.00 % 
Acceptance rate on iteration 20001 to 30000 is 8.3308 %
Covariance:
[0.0181555 -0.00438227 0.0184035; -0.00438227 0.00190507 -0.00451323; 0.0184035 -0.00451323 0.139391]
Loglik: 6401.6387 
Percentage done: 80.00 % 
Acceptance rate on iteration 30001 to 40000 is 7.6908 %
Covariance:
[0.0181555 -0.00438227 0.0184035; -0.00438227 0.00190507 -0.00451323; 0.0184035 -0.00451323 0.139391]
Loglik: 6402.3869 
elapsed time: 558.670975514 seconds
Ending DA-GP-MCMC with adaptive RW estimating 3 parameters
Algorithm: MCWM
Adaptation algorithm: noAdaptation
Prior distribution: Uniform
Particel filter: bootstrap
Time pre-er:  0
Time fit GP model:  0
Time er-part:  559
Number early-rejections: 40075
Number of cases directly to ordinary MH: 7609
Number of cases directly to ordinary MH accapted: 2900
Number cases in secound stage: 2315
Number accepted in secound stage: 1186
Total number of evaluations of the particle filter: 9924
Acceptance rate for ordinary MH accapted: 38.1128
Acceptance rate a_1: 5.4612
Acceptance rate a_2: 51.2311
Acceptance rate a_1*a_2: 2.7978
Acceptance rate a (for entier algorithm): 8.1720
Iterstion:
7
Starting DA-GP-MCMC with adaptive RW estimating 3 parameters
Covariance - kernel_MH_direct:
[0.0181555 -0.00438227 0.0184035; -0.00438227 0.00190507 -0.00451323; 0.0184035 -0.00451323 0.139391]
MCMC algorithm: MCWM
Adaptation algorithm: noAdaptation
Prior distribution: Uniform
Particel filter: bootstrap
Iteration: 1
Covariance:
[0.0181555 -0.00438227 0.0184035; -0.00438227 0.00190507 -0.00451323; 0.0184035 -0.00451323 0.139391]
ESS: 247.5550
Loglik: 6404.5430 
Percentage done: 20.00 % 
Acceptance rate on iteration 1 to 10000 is 7.7008 %
Covariance:
[0.0181555 -0.00438227 0.0184035; -0.00438227 0.00190507 -0.00451323; 0.0184035 -0.00451323 0.139391]
Loglik: 6403.1347 
Percentage done: 40.00 % 
Acceptance rate on iteration 10001 to 20000 is 8.2708 %
Covariance:
[0.0181555 -0.00438227 0.0184035; -0.00438227 0.00190507 -0.00451323; 0.0184035 -0.00451323 0.139391]
Loglik: 6403.4220 
Percentage done: 60.00 % 
Acceptance rate on iteration 20001 to 30000 is 7.6808 %
Covariance:
[0.0181555 -0.00438227 0.0184035; -0.00438227 0.00190507 -0.00451323; 0.0184035 -0.00451323 0.139391]
Loglik: 6404.0485 
ESS: 188.7887
ESS: 300.2500
Percentage done: 80.00 % 
Acceptance rate on iteration 30001 to 40000 is 8.1008 %
Covariance:
[0.0181555 -0.00438227 0.0184035; -0.00438227 0.00190507 -0.00451323; 0.0184035 -0.00451323 0.139391]
Loglik: 6403.7413 
elapsed time: 561.833221373 seconds
Ending DA-GP-MCMC with adaptive RW estimating 3 parameters
Algorithm: MCWM
Adaptation algorithm: noAdaptation
Prior distribution: Uniform
Particel filter: bootstrap
Time pre-er:  0
Time fit GP model:  0
Time er-part:  562
Number early-rejections: 40146
Number of cases directly to ordinary MH: 7507
Number of cases directly to ordinary MH accapted: 2896
Number cases in secound stage: 2346
Number accepted in secound stage: 1115
Total number of evaluations of the particle filter: 9853
Acceptance rate for ordinary MH accapted: 38.5773
Acceptance rate a_1: 5.5210
Acceptance rate a_2: 47.5277
Acceptance rate a_1*a_2: 2.6240
Acceptance rate a (for entier algorithm): 8.0220
Iterstion:
8
Starting DA-GP-MCMC with adaptive RW estimating 3 parameters
Covariance - kernel_MH_direct:
[0.0181555 -0.00438227 0.0184035; -0.00438227 0.00190507 -0.00451323; 0.0184035 -0.00451323 0.139391]
MCMC algorithm: MCWM
Adaptation algorithm: noAdaptation
Prior distribution: Uniform
Particel filter: bootstrap
Iteration: 1
Covariance:
[0.0181555 -0.00438227 0.0184035; -0.00438227 0.00190507 -0.00451323; 0.0184035 -0.00451323 0.139391]
ESS: 220.8855
Loglik: 6404.9793 
Percentage done: 20.00 % 
Acceptance rate on iteration 1 to 10000 is 7.9808 %
Covariance:
[0.0181555 -0.00438227 0.0184035; -0.00438227 0.00190507 -0.00451323; 0.0184035 -0.00451323 0.139391]
Loglik: 6402.1278 
Percentage done: 40.00 % 
Acceptance rate on iteration 10001 to 20000 is 7.8808 %
Covariance:
[0.0181555 -0.00438227 0.0184035; -0.00438227 0.00190507 -0.00451323; 0.0184035 -0.00451323 0.139391]
Loglik: 6404.8587 
Percentage done: 60.00 % 
Acceptance rate on iteration 20001 to 30000 is 8.0108 %
Covariance:
[0.0181555 -0.00438227 0.0184035; -0.00438227 0.00190507 -0.00451323; 0.0184035 -0.00451323 0.139391]
Loglik: 6403.1786 
Percentage done: 80.00 % 
Acceptance rate on iteration 30001 to 40000 is 7.8708 %
Covariance:
[0.0181555 -0.00438227 0.0184035; -0.00438227 0.00190507 -0.00451323; 0.0184035 -0.00451323 0.139391]
Loglik: 6405.2664 
elapsed time: 560.617451075 seconds
Ending DA-GP-MCMC with adaptive RW estimating 3 parameters
Algorithm: MCWM
Adaptation algorithm: noAdaptation
Prior distribution: Uniform
Particel filter: bootstrap
Time pre-er:  0
Time fit GP model:  0
Time er-part:  561
Number early-rejections: 40194
Number of cases directly to ordinary MH: 7425
Number of cases directly to ordinary MH accapted: 2793
Number cases in secound stage: 2380
Number accepted in secound stage: 1199
Total number of evaluations of the particle filter: 9805
Acceptance rate for ordinary MH accapted: 37.6162
Acceptance rate a_1: 5.5903
Acceptance rate a_2: 50.3782
Acceptance rate a_1*a_2: 2.8163
Acceptance rate a (for entier algorithm): 7.9840
Iterstion:
9
Starting DA-GP-MCMC with adaptive RW estimating 3 parameters
Covariance - kernel_MH_direct:
[0.0181555 -0.00438227 0.0184035; -0.00438227 0.00190507 -0.00451323; 0.0184035 -0.00451323 0.139391]
MCMC algorithm: MCWM
Adaptation algorithm: noAdaptation
Prior distribution: Uniform
Particel filter: bootstrap
Iteration: 1
Covariance:
[0.0181555 -0.00438227 0.0184035; -0.00438227 0.00190507 -0.00451323; 0.0184035 -0.00451323 0.139391]
ESS: 234.1632
Loglik: 6405.2148 
Percentage done: 20.00 % 
Acceptance rate on iteration 1 to 10000 is 8.2708 %
Covariance:
[0.0181555 -0.00438227 0.0184035; -0.00438227 0.00190507 -0.00451323; 0.0184035 -0.00451323 0.139391]
Loglik: 6403.9583 
ESS: 1.0790
ESS: 174.6996
Percentage done: 40.00 % 
Acceptance rate on iteration 10001 to 20000 is 8.1708 %
Covariance:
[0.0181555 -0.00438227 0.0184035; -0.00438227 0.00190507 -0.00451323; 0.0184035 -0.00451323 0.139391]
Loglik: 6403.2450 
Percentage done: 60.00 % 
Acceptance rate on iteration 20001 to 30000 is 8.1308 %
Covariance:
[0.0181555 -0.00438227 0.0184035; -0.00438227 0.00190507 -0.00451323; 0.0184035 -0.00451323 0.139391]
Loglik: 6405.1669 
Percentage done: 80.00 % 
Acceptance rate on iteration 30001 to 40000 is 7.6408 %
Covariance:
[0.0181555 -0.00438227 0.0184035; -0.00438227 0.00190507 -0.00451323; 0.0184035 -0.00451323 0.139391]
Loglik: 6403.3837 
elapsed time: 554.181711687 seconds
Ending DA-GP-MCMC with adaptive RW estimating 3 parameters
Algorithm: MCWM
Adaptation algorithm: noAdaptation
Prior distribution: Uniform
Particel filter: bootstrap
Time pre-er:  0
Time fit GP model:  0
Time er-part:  554
Number early-rejections: 40173
Number of cases directly to ordinary MH: 7564
Number of cases directly to ordinary MH accapted: 2847
Number cases in secound stage: 2262
Number accepted in secound stage: 1109
Total number of evaluations of the particle filter: 9826
Acceptance rate for ordinary MH accapted: 37.6388
Acceptance rate a_1: 5.3305
Acceptance rate a_2: 49.0274
Acceptance rate a_1*a_2: 2.6134
Acceptance rate a (for entier algorithm): 7.9120
Iterstion:
10
Starting DA-GP-MCMC with adaptive RW estimating 3 parameters
Covariance - kernel_MH_direct:
[0.0181555 -0.00438227 0.0184035; -0.00438227 0.00190507 -0.00451323; 0.0184035 -0.00451323 0.139391]
MCMC algorithm: MCWM
Adaptation algorithm: noAdaptation
Prior distribution: Uniform
Particel filter: bootstrap
Iteration: 1
Covariance:
[0.0181555 -0.00438227 0.0184035; -0.00438227 0.00190507 -0.00451323; 0.0184035 -0.00451323 0.139391]
ESS: 235.5683
Loglik: 6405.9034 
Percentage done: 20.00 % 
Acceptance rate on iteration 1 to 10000 is 8.3608 %
Covariance:
[0.0181555 -0.00438227 0.0184035; -0.00438227 0.00190507 -0.00451323; 0.0184035 -0.00451323 0.139391]
Loglik: 6403.1190 
Percentage done: 40.00 % 
Acceptance rate on iteration 10001 to 20000 is 7.8508 %
Covariance:
[0.0181555 -0.00438227 0.0184035; -0.00438227 0.00190507 -0.00451323; 0.0184035 -0.00451323 0.139391]
Loglik: 6404.3009 
Percentage done: 60.00 % 
Acceptance rate on iteration 20001 to 30000 is 7.5908 %
Covariance:
[0.0181555 -0.00438227 0.0184035; -0.00438227 0.00190507 -0.00451323; 0.0184035 -0.00451323 0.139391]
Loglik: 6405.0464 
ESS: 259.2347
ESS: 255.9435
Percentage done: 80.00 % 
Acceptance rate on iteration 30001 to 40000 is 7.7108 %
Covariance:
[0.0181555 -0.00438227 0.0184035; -0.00438227 0.00190507 -0.00451323; 0.0184035 -0.00451323 0.139391]
Loglik: 6404.3704 
elapsed time: 561.981688156 seconds
Ending DA-GP-MCMC with adaptive RW estimating 3 parameters
Algorithm: MCWM
Adaptation algorithm: noAdaptation
Prior distribution: Uniform
Particel filter: bootstrap
Time pre-er:  0
Time fit GP model:  0
Time er-part:  562
Number early-rejections: 40049
Number of cases directly to ordinary MH: 7527
Number of cases directly to ordinary MH accapted: 2825
Number cases in secound stage: 2423
Number accepted in secound stage: 1155
Total number of evaluations of the particle filter: 9950
Acceptance rate for ordinary MH accapted: 37.5316
Acceptance rate a_1: 5.7049
Acceptance rate a_2: 47.6682
Acceptance rate a_1*a_2: 2.7194
Acceptance rate a (for entier algorithm): 7.9600
Est prob:
[0.582746,0.909916,0.417254,0.0900838]
Iterstion:
1
Covariance - kernel_secound_stage_direct:
[0.0181555 -0.00438227 0.0184035; -0.00438227 0.00190507 -0.00451323; 0.0184035 -0.00451323 0.139391]
Starting ADA-GP-MCMC with adaptive RW estimating 3 parameters
MCMC algorithm: MCWM
Adaptation algorithm: noAdaptation
Select case model: BiasedCoin
Prior distribution: Uniform
Particel filter: bootstrap
Iteration: 1
Covariance:
[0.0181555 -0.00438227 0.0184035; -0.00438227 0.00190507 -0.00451323; 0.0184035 -0.00451323 0.139391]
ESS: 237.6811
Loglik: 6405.2177 
Percentage done: 20.00 % 
Acceptance rate on iteration 1 to 10000 is 9.7310 %
Covariance:
[0.0181555 -0.00438227 0.0184035; -0.00438227 0.00190507 -0.00451323; 0.0184035 -0.00451323 0.139391]
Loglik: 6404.7848 
ESS: 458.7094
ESS: 152.4543
Percentage done: 40.00 % 
Acceptance rate on iteration 10001 to 20000 is 9.3809 %
Covariance:
[0.0181555 -0.00438227 0.0184035; -0.00438227 0.00190507 -0.00451323; 0.0184035 -0.00451323 0.139391]
Loglik: NaN 
Percentage done: 60.00 % 
Acceptance rate on iteration 20001 to 30000 is 9.2709 %
Covariance:
[0.0181555 -0.00438227 0.0184035; -0.00438227 0.00190507 -0.00451323; 0.0184035 -0.00451323 0.139391]
Loglik: NaN 
Percentage done: 80.00 % 
Acceptance rate on iteration 30001 to 40000 is 8.6209 %
Covariance:
[0.0181555 -0.00438227 0.0184035; -0.00438227 0.00190507 -0.00451323; 0.0184035 -0.00451323 0.139391]
Loglik: 6405.0119 
elapsed time: 545.966223139 seconds
Ending ADA-GP-MCMC with adaptive RW estimating 3 parameters
Algorithm: MCWM
Adaptation algorithm: noAdaptation
Prior distribution: Uniform
Particel filter: bootstrap
Time consumption:Time pre-er:  0
Time fit GP model:  0
Time er-part:  546
Number early-rejections: 40098
Number of cases directly to ordinary MH: 7437
Number of cases directly to ordinary MH accapted: 2871
Number split accaptance region early-accept: 319
Number split accaptance region early-reject: 660
Number cases in secound stage: 2464
Number accepted in secound stage: 738
Acceptance rate for ordinary MH accapted: 38.6043
Acceptance rate a_1: 5.7892
Acceptance rate a_2: 29.9513
Acceptance rate a_1*a_2: 1.7339
Acceptance rate a (for entier algorithm): 9.1760
Total number of evaluations of the particle filter: 8922
Number case 1 or 3: 2106
Number case 2 or 4: 358
Number case 1: 1234, 58.5945 % of all cases
Number case 2: 322, 89.9441 % of all cases
Number case 3: 872, 41.4055 % of all cases
Number case 4: 36, 10.0559 % of all cases
Number pf runs in case 1: 951, prob pf given case 1 77.0665 %
Number pf runs in case 2: 322, prob pf given case 2 100.0000 %
Number pf runs in case 3: 212, prob pf given case 3 24.3119 %
Number pf runs in case 4: 0, prob pf given case 4 0.0000 %
Iterstion:
2
Covariance - kernel_secound_stage_direct:
[0.0181555 -0.00438227 0.0184035; -0.00438227 0.00190507 -0.00451323; 0.0184035 -0.00451323 0.139391]
Starting ADA-GP-MCMC with adaptive RW estimating 3 parameters
MCMC algorithm: MCWM
Adaptation algorithm: noAdaptation
Select case model: BiasedCoin
Prior distribution: Uniform
Particel filter: bootstrap
Iteration: 1
Covariance:
[0.0181555 -0.00438227 0.0184035; -0.00438227 0.00190507 -0.00451323; 0.0184035 -0.00451323 0.139391]
ESS: 239.2607
Loglik: 6405.1528 
Percentage done: 20.00 % 
Acceptance rate on iteration 1 to 10000 is 9.5110 %
Covariance:
[0.0181555 -0.00438227 0.0184035; -0.00438227 0.00190507 -0.00451323; 0.0184035 -0.00451323 0.139391]
Loglik: NaN 
Percentage done: 40.00 % 
Acceptance rate on iteration 10001 to 20000 is 9.2909 %
Covariance:
[0.0181555 -0.00438227 0.0184035; -0.00438227 0.00190507 -0.00451323; 0.0184035 -0.00451323 0.139391]
Loglik: 6402.6013 
Percentage done: 60.00 % 
Acceptance rate on iteration 20001 to 30000 is 10.3810 %
Covariance:
[0.0181555 -0.00438227 0.0184035; -0.00438227 0.00190507 -0.00451323; 0.0184035 -0.00451323 0.139391]
Loglik: 6403.7845 
Percentage done: 80.00 % 
Acceptance rate on iteration 30001 to 40000 is 9.4109 %
Covariance:
[0.0181555 -0.00438227 0.0184035; -0.00438227 0.00190507 -0.00451323; 0.0184035 -0.00451323 0.139391]
Loglik: 6404.0367 
elapsed time: 556.395541156 seconds
Ending ADA-GP-MCMC with adaptive RW estimating 3 parameters
Algorithm: MCWM
Adaptation algorithm: noAdaptation
Prior distribution: Uniform
Particel filter: bootstrap
Time consumption:Time pre-er:  0
Time fit GP model:  0
Time er-part:  556
Number early-rejections: 39825
Number of cases directly to ordinary MH: 7543
Number of cases directly to ordinary MH accapted: 2985
Number split accaptance region early-accept: 323
Number split accaptance region early-reject: 720
Number cases in secound stage: 2631
Number accepted in secound stage: 798
Acceptance rate for ordinary MH accapted: 39.5731
Acceptance rate a_1: 6.1970
Acceptance rate a_2: 30.3307
Acceptance rate a_1*a_2: 1.8796
Acceptance rate a (for entier algorithm): 9.6520
Total number of evaluations of the particle filter: 9131
Number case 1 or 3: 2252
Number case 2 or 4: 379
Number case 1: 1329, 59.0142 % of all cases
Number case 2: 347, 91.5567 % of all cases
Number case 3: 923, 40.9858 % of all cases
Number case 4: 32, 8.4433 % of all cases
Number pf runs in case 1: 1038, prob pf given case 1 78.1038 %
Number pf runs in case 2: 347, prob pf given case 2 100.0000 %
Number pf runs in case 3: 203, prob pf given case 3 21.9935 %
Number pf runs in case 4: 0, prob pf given case 4 0.0000 %
Iterstion:
3
Covariance - kernel_secound_stage_direct:
[0.0181555 -0.00438227 0.0184035; -0.00438227 0.00190507 -0.00451323; 0.0184035 -0.00451323 0.139391]
Starting ADA-GP-MCMC with adaptive RW estimating 3 parameters
MCMC algorithm: MCWM
Adaptation algorithm: noAdaptation
Select case model: BiasedCoin
Prior distribution: Uniform
Particel filter: bootstrap
Iteration: 1
Covariance:
[0.0181555 -0.00438227 0.0184035; -0.00438227 0.00190507 -0.00451323; 0.0184035 -0.00451323 0.139391]
ESS: 238.0564
Loglik: 6404.9791 
Percentage done: 20.00 % 
Acceptance rate on iteration 1 to 10000 is 9.3309 %
Covariance:
[0.0181555 -0.00438227 0.0184035; -0.00438227 0.00190507 -0.00451323; 0.0184035 -0.00451323 0.139391]
Loglik: 6399.9339 
Percentage done: 40.00 % 
Acceptance rate on iteration 10001 to 20000 is 9.4709 %
Covariance:
[0.0181555 -0.00438227 0.0184035; -0.00438227 0.00190507 -0.00451323; 0.0184035 -0.00451323 0.139391]
Loglik: 6403.8909 
Percentage done: 60.00 % 
Acceptance rate on iteration 20001 to 30000 is 9.6310 %
Covariance:
[0.0181555 -0.00438227 0.0184035; -0.00438227 0.00190507 -0.00451323; 0.0184035 -0.00451323 0.139391]
Loglik: 6403.2292 
Percentage done: 80.00 % 
Acceptance rate on iteration 30001 to 40000 is 8.5209 %
Covariance:
[0.0181555 -0.00438227 0.0184035; -0.00438227 0.00190507 -0.00451323; 0.0184035 -0.00451323 0.139391]
Loglik: 6404.6154 
elapsed time: 553.657406689 seconds
Ending ADA-GP-MCMC with adaptive RW estimating 3 parameters
Algorithm: MCWM
Adaptation algorithm: noAdaptation
Prior distribution: Uniform
Particel filter: bootstrap
Time consumption:Time pre-er:  0
Time fit GP model:  0
Time er-part:  554
Number early-rejections: 40166
Number of cases directly to ordinary MH: 7359
Number of cases directly to ordinary MH accapted: 2875
Number split accaptance region early-accept: 328
Number split accaptance region early-reject: 691
Number cases in secound stage: 2474
Number accepted in secound stage: 714
Acceptance rate for ordinary MH accapted: 39.0678
Acceptance rate a_1: 5.8021
Acceptance rate a_2: 28.8601
Acceptance rate a_1*a_2: 1.6745
Acceptance rate a (for entier algorithm): 9.2160
Total number of evaluations of the particle filter: 8814
Number case 1 or 3: 2130
Number case 2 or 4: 344
Number case 1: 1251, 58.7324 % of all cases
Number case 2: 313, 90.9884 % of all cases
Number case 3: 879, 41.2676 % of all cases
Number case 4: 31, 9.0116 % of all cases
Number pf runs in case 1: 954, prob pf given case 1 76.2590 %
Number pf runs in case 2: 313, prob pf given case 2 100.0000 %
Number pf runs in case 3: 188, prob pf given case 3 21.3879 %
Number pf runs in case 4: 0, prob pf given case 4 0.0000 %
Iterstion:
4
Covariance - kernel_secound_stage_direct:
[0.0181555 -0.00438227 0.0184035; -0.00438227 0.00190507 -0.00451323; 0.0184035 -0.00451323 0.139391]
Starting ADA-GP-MCMC with adaptive RW estimating 3 parameters
MCMC algorithm: MCWM
Adaptation algorithm: noAdaptation
Select case model: BiasedCoin
Prior distribution: Uniform
Particel filter: bootstrap
Iteration: 1
Covariance:
[0.0181555 -0.00438227 0.0184035; -0.00438227 0.00190507 -0.00451323; 0.0184035 -0.00451323 0.139391]
ESS: 262.4398
Loglik: 6405.9263 
Percentage done: 20.00 % 
Acceptance rate on iteration 1 to 10000 is 9.7910 %
Covariance:
[0.0181555 -0.00438227 0.0184035; -0.00438227 0.00190507 -0.00451323; 0.0184035 -0.00451323 0.139391]
Loglik: NaN 
Percentage done: 40.00 % 
Acceptance rate on iteration 10001 to 20000 is 8.9609 %
Covariance:
[0.0181555 -0.00438227 0.0184035; -0.00438227 0.00190507 -0.00451323; 0.0184035 -0.00451323 0.139391]
Loglik: NaN 
Percentage done: 60.00 % 
Acceptance rate on iteration 20001 to 30000 is 8.7609 %
Covariance:
[0.0181555 -0.00438227 0.0184035; -0.00438227 0.00190507 -0.00451323; 0.0184035 -0.00451323 0.139391]
Loglik: 6403.6429 
ESS: 188.4283
ESS: 351.9677
Percentage done: 80.00 % 
Acceptance rate on iteration 30001 to 40000 is 8.9209 %
Covariance:
[0.0181555 -0.00438227 0.0184035; -0.00438227 0.00190507 -0.00451323; 0.0184035 -0.00451323 0.139391]
Loglik: 6404.2388 
elapsed time: 550.54653876 seconds
Ending ADA-GP-MCMC with adaptive RW estimating 3 parameters
Algorithm: MCWM
Adaptation algorithm: noAdaptation
Prior distribution: Uniform
Particel filter: bootstrap
Time consumption:Time pre-er:  0
Time fit GP model:  0
Time er-part:  551
Number early-rejections: 40034
Number of cases directly to ordinary MH: 7525
Number of cases directly to ordinary MH accapted: 2841
Number split accaptance region early-accept: 338
Number split accaptance region early-reject: 648
Number cases in secound stage: 2440
Number accepted in secound stage: 756
Acceptance rate for ordinary MH accapted: 37.7542
Acceptance rate a_1: 5.7447
Acceptance rate a_2: 30.9836
Acceptance rate a_1*a_2: 1.7799
Acceptance rate a (for entier algorithm): 9.1660
Total number of evaluations of the particle filter: 8979
Number case 1 or 3: 2084
Number case 2 or 4: 356
Number case 1: 1239, 59.4530 % of all cases
Number case 2: 323, 90.7303 % of all cases
Number case 3: 845, 40.5470 % of all cases
Number case 4: 33, 9.2697 % of all cases
Number pf runs in case 1: 934, prob pf given case 1 75.3834 %
Number pf runs in case 2: 323, prob pf given case 2 100.0000 %
Number pf runs in case 3: 197, prob pf given case 3 23.3136 %
Number pf runs in case 4: 0, prob pf given case 4 0.0000 %
Iterstion:
5
Covariance - kernel_secound_stage_direct:
[0.0181555 -0.00438227 0.0184035; -0.00438227 0.00190507 -0.00451323; 0.0184035 -0.00451323 0.139391]
Starting ADA-GP-MCMC with adaptive RW estimating 3 parameters
MCMC algorithm: MCWM
Adaptation algorithm: noAdaptation
Select case model: BiasedCoin
Prior distribution: Uniform
Particel filter: bootstrap
Iteration: 1
Covariance:
[0.0181555 -0.00438227 0.0184035; -0.00438227 0.00190507 -0.00451323; 0.0184035 -0.00451323 0.139391]
ESS: 245.2871
Loglik: 6404.2362 
Percentage done: 20.00 % 
Acceptance rate on iteration 1 to 10000 is 8.9609 %
Covariance:
[0.0181555 -0.00438227 0.0184035; -0.00438227 0.00190507 -0.00451323; 0.0184035 -0.00451323 0.139391]
Loglik: NaN 
Percentage done: 40.00 % 
Acceptance rate on iteration 10001 to 20000 is 9.2109 %
Covariance:
[0.0181555 -0.00438227 0.0184035; -0.00438227 0.00190507 -0.00451323; 0.0184035 -0.00451323 0.139391]
Loglik: NaN 
Percentage done: 60.00 % 
Acceptance rate on iteration 20001 to 30000 is 9.8510 %
Covariance:
[0.0181555 -0.00438227 0.0184035; -0.00438227 0.00190507 -0.00451323; 0.0184035 -0.00451323 0.139391]
Loglik: 6404.4812 
Percentage done: 80.00 % 
Acceptance rate on iteration 30001 to 40000 is 9.2409 %
Covariance:
[0.0181555 -0.00438227 0.0184035; -0.00438227 0.00190507 -0.00451323; 0.0184035 -0.00451323 0.139391]
Loglik: NaN 
elapsed time: 542.211054445 seconds
Ending ADA-GP-MCMC with adaptive RW estimating 3 parameters
Algorithm: MCWM
Adaptation algorithm: noAdaptation
Prior distribution: Uniform
Particel filter: bootstrap
Time consumption:Time pre-er:  0
Time fit GP model:  0
Time er-part:  542
Number early-rejections: 39986
Number of cases directly to ordinary MH: 7394
Number of cases directly to ordinary MH accapted: 2875
Number split accaptance region early-accept: 362
Number split accaptance region early-reject: 698
Number cases in secound stage: 2619
Number accepted in secound stage: 773
Acceptance rate for ordinary MH accapted: 38.8829
Acceptance rate a_1: 6.1472
Acceptance rate a_2: 29.5151
Acceptance rate a_1*a_2: 1.8143
Acceptance rate a (for entier algorithm): 9.4160
Total number of evaluations of the particle filter: 8953
Number case 1 or 3: 2245
Number case 2 or 4: 374
Number case 1: 1341, 59.7327 % of all cases
Number case 2: 343, 91.7112 % of all cases
Number case 3: 904, 40.2673 % of all cases
Number case 4: 31, 8.2888 % of all cases
Number pf runs in case 1: 1010, prob pf given case 1 75.3169 %
Number pf runs in case 2: 343, prob pf given case 2 100.0000 %
Number pf runs in case 3: 206, prob pf given case 3 22.7876 %
Number pf runs in case 4: 0, prob pf given case 4 0.0000 %
Iterstion:
6
Covariance - kernel_secound_stage_direct:
[0.0181555 -0.00438227 0.0184035; -0.00438227 0.00190507 -0.00451323; 0.0184035 -0.00451323 0.139391]
Starting ADA-GP-MCMC with adaptive RW estimating 3 parameters
MCMC algorithm: MCWM
Adaptation algorithm: noAdaptation
Select case model: BiasedCoin
Prior distribution: Uniform
Particel filter: bootstrap
Iteration: 1
Covariance:
[0.0181555 -0.00438227 0.0184035; -0.00438227 0.00190507 -0.00451323; 0.0184035 -0.00451323 0.139391]
ESS: 247.2314
Loglik: 6404.1686 
Percentage done: 20.00 % 
Acceptance rate on iteration 1 to 10000 is 8.7309 %
Covariance:
[0.0181555 -0.00438227 0.0184035; -0.00438227 0.00190507 -0.00451323; 0.0184035 -0.00451323 0.139391]
Loglik: NaN 
ESS: 181.1405
ESS: 195.6593
Percentage done: 40.00 % 
Acceptance rate on iteration 10001 to 20000 is 9.1609 %
Covariance:
[0.0181555 -0.00438227 0.0184035; -0.00438227 0.00190507 -0.00451323; 0.0184035 -0.00451323 0.139391]
Loglik: 6404.2498 
Percentage done: 60.00 % 
Acceptance rate on iteration 20001 to 30000 is 9.5410 %
Covariance:
[0.0181555 -0.00438227 0.0184035; -0.00438227 0.00190507 -0.00451323; 0.0184035 -0.00451323 0.139391]
Loglik: 6403.4684 
Percentage done: 80.00 % 
Acceptance rate on iteration 30001 to 40000 is 9.6810 %
Covariance:
[0.0181555 -0.00438227 0.0184035; -0.00438227 0.00190507 -0.00451323; 0.0184035 -0.00451323 0.139391]
Loglik: NaN 
elapsed time: 544.954302366 seconds
Ending ADA-GP-MCMC with adaptive RW estimating 3 parameters
Algorithm: MCWM
Adaptation algorithm: noAdaptation
Prior distribution: Uniform
Particel filter: bootstrap
Time consumption:Time pre-er:  0
Time fit GP model:  0
Time er-part:  545
Number early-rejections: 39847
Number of cases directly to ordinary MH: 7636
Number of cases directly to ordinary MH accapted: 2892
Number split accaptance region early-accept: 305
Number split accaptance region early-reject: 681
Number cases in secound stage: 2516
Number accepted in secound stage: 784
Acceptance rate for ordinary MH accapted: 37.8732
Acceptance rate a_1: 5.9391
Acceptance rate a_2: 31.1606
Acceptance rate a_1*a_2: 1.8507
Acceptance rate a (for entier algorithm): 9.3240
Total number of evaluations of the particle filter: 9166
Number case 1 or 3: 2150
Number case 2 or 4: 366
Number case 1: 1250, 58.1395 % of all cases
Number case 2: 341, 93.1694 % of all cases
Number case 3: 900, 41.8605 % of all cases
Number case 4: 25, 6.8306 % of all cases
Number pf runs in case 1: 970, prob pf given case 1 77.6000 %
Number pf runs in case 2: 341, prob pf given case 2 100.0000 %
Number pf runs in case 3: 219, prob pf given case 3 24.3333 %
Number pf runs in case 4: 0, prob pf given case 4 0.0000 %
Iterstion:
7
Covariance - kernel_secound_stage_direct:
[0.0181555 -0.00438227 0.0184035; -0.00438227 0.00190507 -0.00451323; 0.0184035 -0.00451323 0.139391]
Starting ADA-GP-MCMC with adaptive RW estimating 3 parameters
MCMC algorithm: MCWM
Adaptation algorithm: noAdaptation
Select case model: BiasedCoin
Prior distribution: Uniform
Particel filter: bootstrap
Iteration: 1
Covariance:
[0.0181555 -0.00438227 0.0184035; -0.00438227 0.00190507 -0.00451323; 0.0184035 -0.00451323 0.139391]
ESS: 243.6525
Loglik: 6404.4593 
Percentage done: 20.00 % 
Acceptance rate on iteration 1 to 10000 is 9.5610 %
Covariance:
[0.0181555 -0.00438227 0.0184035; -0.00438227 0.00190507 -0.00451323; 0.0184035 -0.00451323 0.139391]
Loglik: 6404.1753 
Percentage done: 40.00 % 
Acceptance rate on iteration 10001 to 20000 is 9.6910 %
Covariance:
[0.0181555 -0.00438227 0.0184035; -0.00438227 0.00190507 -0.00451323; 0.0184035 -0.00451323 0.139391]
Loglik: 6403.0013 
Percentage done: 60.00 % 
Acceptance rate on iteration 20001 to 30000 is 9.6410 %
Covariance:
[0.0181555 -0.00438227 0.0184035; -0.00438227 0.00190507 -0.00451323; 0.0184035 -0.00451323 0.139391]
Loglik: 6402.5148 
ESS: 281.1675
ESS: 271.0329
Percentage done: 80.00 % 
Acceptance rate on iteration 30001 to 40000 is 9.8110 %
Covariance:
[0.0181555 -0.00438227 0.0184035; -0.00438227 0.00190507 -0.00451323; 0.0184035 -0.00451323 0.139391]
Loglik: NaN 
elapsed time: 555.576708661 seconds
Ending ADA-GP-MCMC with adaptive RW estimating 3 parameters
Algorithm: MCWM
Adaptation algorithm: noAdaptation
Prior distribution: Uniform
Particel filter: bootstrap
Time consumption:Time pre-er:  0
Time fit GP model:  0
Time er-part:  556
Number early-rejections: 39741
Number of cases directly to ordinary MH: 7568
Number of cases directly to ordinary MH accapted: 2952
Number split accaptance region early-accept: 361
Number split accaptance region early-reject: 712
Number cases in secound stage: 2690
