Starting ml estimationLength of training data: 1800Start values for optimization:
[-1675.05; 1375.71; 4765.66; -58.8521; -73.1682; -747.808; -4.68548; -355.504; 8.98857; 4.83859; 0.934979; 0.588406; -1.67788; -2.87451; -0.771963]Iter     Function value   Gradient norm 
     0     3.698300e+03     5.694031e+03
     1     3.262084e+03     2.855870e+03
     2     1.975381e+03     9.488459e+02
     3     1.934337e+03     1.262212e+03
     4     1.874534e+03     8.578166e+02
     5     1.866085e+03     2.493929e+02
     6     1.864053e+03     1.803131e+02
     7     1.852694e+03     8.614007e+01
     8     1.848558e+03     3.463314e+02
     9     1.817633e+03     1.754832e+02
    10     1.798021e+03     4.745932e+02
    11     1.645368e+03     1.876391e+03
    12     1.645370e+03     1.876423e+03
Estimated parameters of the GP model:
Estimated Β:s:
[-1675.15,1375.6,4765.39,-58.7235,-72.4946,-748.514,-4.48632,-355.928,9.05095,5.1954]
Estimated log Φ:s:
[-0.320285,-0.640191,-2.23617,-2.05645,-0.732181]
elapsed time: 184.518704133 seconds
Starting DA-GP-MCMC with adaptive RW estimating 3 parameters
Covariance - kernel_MH_direct:
[0.0260567 -0.0059508 0.0221521; -0.0059508 0.00199741 -0.00417316; 0.0221521 -0.00417316 0.114205]
MCMC algorithm: MCWM
Adaptation algorithm: noAdaptation
Prior distribution: Uniform
Particel filter: bootstrap
Iteration: 1
Covariance:
[0.0375216 -0.00856914 0.031899; -0.00856914 0.00287627 -0.00600934; 0.031899 -0.00600934 0.164455]
ESS: 224.5583
Loglik: 6404.3365 
Percentage done: 2.00 % 
Acceptance rate on iteration 1 to 1000 is 1.7017 %
Covariance:
[0.0375216 -0.00856914 0.031899; -0.00856914 0.00287627 -0.00600934; 0.031899 -0.00600934 0.164455]
Loglik: 6403.7232 
Percentage done: 4.00 % 
Acceptance rate on iteration 1001 to 2000 is 2.2022 %
Covariance:
[0.0375216 -0.00856914 0.031899; -0.00856914 0.00287627 -0.00600934; 0.031899 -0.00600934 0.164455]
Loglik: 6403.3689 
Percentage done: 6.00 % 
Acceptance rate on iteration 2001 to 3000 is 1.6016 %
Covariance:
[0.0375216 -0.00856914 0.031899; -0.00856914 0.00287627 -0.00600934; 0.031899 -0.00600934 0.164455]
Loglik: 6404.0659 
Percentage done: 8.00 % 
Acceptance rate on iteration 3001 to 4000 is 1.5015 %
Covariance:
[0.0375216 -0.00856914 0.031899; -0.00856914 0.00287627 -0.00600934; 0.031899 -0.00600934 0.164455]
Loglik: 6403.6056 
Percentage done: 10.00 % 
Acceptance rate on iteration 4001 to 5000 is 2.1021 %
Covariance:
[0.0375216 -0.00856914 0.031899; -0.00856914 0.00287627 -0.00600934; 0.031899 -0.00600934 0.164455]
Loglik: 6405.2748 
Percentage done: 12.00 % 
Acceptance rate on iteration 5001 to 6000 is 1.7017 %
Covariance:
[0.0375216 -0.00856914 0.031899; -0.00856914 0.00287627 -0.00600934; 0.031899 -0.00600934 0.164455]
Loglik: 6403.7766 
Percentage done: 14.00 % 
Acceptance rate on iteration 6001 to 7000 is 0.8008 %
Covariance:
[0.0375216 -0.00856914 0.031899; -0.00856914 0.00287627 -0.00600934; 0.031899 -0.00600934 0.164455]
Loglik: 6405.9260 
Percentage done: 16.00 % 
Acceptance rate on iteration 7001 to 8000 is 0.5005 %
Covariance:
[0.0375216 -0.00856914 0.031899; -0.00856914 0.00287627 -0.00600934; 0.031899 -0.00600934 0.164455]
Loglik: 6404.2097 
Percentage done: 18.00 % 
Acceptance rate on iteration 8001 to 9000 is 1.0010 %
Covariance:
[0.0375216 -0.00856914 0.031899; -0.00856914 0.00287627 -0.00600934; 0.031899 -0.00600934 0.164455]
Loglik: 6406.1204 
Percentage done: 20.00 % 
Acceptance rate on iteration 9001 to 10000 is 1.3013 %
Covariance:
[0.0375216 -0.00856914 0.031899; -0.00856914 0.00287627 -0.00600934; 0.031899 -0.00600934 0.164455]
Loglik: 6404.5090 
Percentage done: 22.00 % 
Acceptance rate on iteration 10001 to 11000 is 1.4014 %
Covariance:
[0.0375216 -0.00856914 0.031899; -0.00856914 0.00287627 -0.00600934; 0.031899 -0.00600934 0.164455]
Loglik: 6404.0824 
Percentage done: 24.00 % 
Acceptance rate on iteration 11001 to 12000 is 0.9009 %
Covariance:
[0.0375216 -0.00856914 0.031899; -0.00856914 0.00287627 -0.00600934; 0.031899 -0.00600934 0.164455]
Loglik: 6405.0200 
Percentage done: 26.00 % 
Acceptance rate on iteration 12001 to 13000 is 1.5015 %
Covariance:
[0.0375216 -0.00856914 0.031899; -0.00856914 0.00287627 -0.00600934; 0.031899 -0.00600934 0.164455]
Loglik: 6404.7338 
Percentage done: 28.00 % 
Acceptance rate on iteration 13001 to 14000 is 1.9019 %
Covariance:
[0.0375216 -0.00856914 0.031899; -0.00856914 0.00287627 -0.00600934; 0.031899 -0.00600934 0.164455]
Loglik: 6404.4943 
Percentage done: 30.00 % 
Acceptance rate on iteration 14001 to 15000 is 1.6016 %
Covariance:
[0.0375216 -0.00856914 0.031899; -0.00856914 0.00287627 -0.00600934; 0.031899 -0.00600934 0.164455]
Loglik: 6404.8689 
Percentage done: 32.00 % 
Acceptance rate on iteration 15001 to 16000 is 0.8008 %
Covariance:
[0.0375216 -0.00856914 0.031899; -0.00856914 0.00287627 -0.00600934; 0.031899 -0.00600934 0.164455]
Loglik: 6405.8854 
Percentage done: 34.00 % 
Acceptance rate on iteration 16001 to 17000 is 1.6016 %
Covariance:
[0.0375216 -0.00856914 0.031899; -0.00856914 0.00287627 -0.00600934; 0.031899 -0.00600934 0.164455]
Loglik: 6404.7619 
Percentage done: 36.00 % 
Acceptance rate on iteration 17001 to 18000 is 0.2002 %
Covariance:
[0.0375216 -0.00856914 0.031899; -0.00856914 0.00287627 -0.00600934; 0.031899 -0.00600934 0.164455]
Loglik: 6405.0895 
Percentage done: 38.00 % 
Acceptance rate on iteration 18001 to 19000 is 1.8018 %
Covariance:
[0.0375216 -0.00856914 0.031899; -0.00856914 0.00287627 -0.00600934; 0.031899 -0.00600934 0.164455]
Loglik: 6404.0766 
Percentage done: 40.00 % 
Acceptance rate on iteration 19001 to 20000 is 1.8018 %
Covariance:
[0.0375216 -0.00856914 0.031899; -0.00856914 0.00287627 -0.00600934; 0.031899 -0.00600934 0.164455]
Loglik: 6406.1166 
Percentage done: 42.00 % 
Acceptance rate on iteration 20001 to 21000 is 1.2012 %
Covariance:
[0.0375216 -0.00856914 0.031899; -0.00856914 0.00287627 -0.00600934; 0.031899 -0.00600934 0.164455]
Loglik: 6403.6184 
Percentage done: 44.00 % 
Acceptance rate on iteration 21001 to 22000 is 2.4024 %
Covariance:
[0.0375216 -0.00856914 0.031899; -0.00856914 0.00287627 -0.00600934; 0.031899 -0.00600934 0.164455]
Loglik: 6403.4301 
Percentage done: 46.00 % 
Acceptance rate on iteration 22001 to 23000 is 2.0020 %
Covariance:
[0.0375216 -0.00856914 0.031899; -0.00856914 0.00287627 -0.00600934; 0.031899 -0.00600934 0.164455]
Loglik: 6404.3169 
Percentage done: 48.00 % 
Acceptance rate on iteration 23001 to 24000 is 1.5015 %
Covariance:
[0.0375216 -0.00856914 0.031899; -0.00856914 0.00287627 -0.00600934; 0.031899 -0.00600934 0.164455]
Loglik: 6405.1561 
Percentage done: 50.00 % 
Acceptance rate on iteration 24001 to 25000 is 1.6016 %
Covariance:
[0.0375216 -0.00856914 0.031899; -0.00856914 0.00287627 -0.00600934; 0.031899 -0.00600934 0.164455]
Loglik: 6403.8432 
ESS: 213.8147
ESS: 236.5360
Percentage done: 52.00 % 
Acceptance rate on iteration 25001 to 26000 is 1.1011 %
Covariance:
[0.0375216 -0.00856914 0.031899; -0.00856914 0.00287627 -0.00600934; 0.031899 -0.00600934 0.164455]
Loglik: 6404.3104 
Percentage done: 54.00 % 
Acceptance rate on iteration 26001 to 27000 is 1.0010 %
Covariance:
[0.0375216 -0.00856914 0.031899; -0.00856914 0.00287627 -0.00600934; 0.031899 -0.00600934 0.164455]
Loglik: 6403.7417 
Percentage done: 56.00 % 
Acceptance rate on iteration 27001 to 28000 is 1.8018 %
Covariance:
[0.0375216 -0.00856914 0.031899; -0.00856914 0.00287627 -0.00600934; 0.031899 -0.00600934 0.164455]
Loglik: 6405.3648 
Percentage done: 58.00 % 
Acceptance rate on iteration 28001 to 29000 is 1.0010 %
Covariance:
[0.0375216 -0.00856914 0.031899; -0.00856914 0.00287627 -0.00600934; 0.031899 -0.00600934 0.164455]
Loglik: 6402.3788 
Percentage done: 60.00 % 
Acceptance rate on iteration 29001 to 30000 is 0.4004 %
Covariance:
[0.0375216 -0.00856914 0.031899; -0.00856914 0.00287627 -0.00600934; 0.031899 -0.00600934 0.164455]
Loglik: 6404.4738 
Percentage done: 62.00 % 
Acceptance rate on iteration 30001 to 31000 is 0.6006 %
Covariance:
[0.0375216 -0.00856914 0.031899; -0.00856914 0.00287627 -0.00600934; 0.031899 -0.00600934 0.164455]
Loglik: 6404.2061 
Percentage done: 64.00 % 
Acceptance rate on iteration 31001 to 32000 is 0.6006 %
Covariance:
[0.0375216 -0.00856914 0.031899; -0.00856914 0.00287627 -0.00600934; 0.031899 -0.00600934 0.164455]
Loglik: 6404.8126 
Percentage done: 66.00 % 
Acceptance rate on iteration 32001 to 33000 is 1.0010 %
Covariance:
[0.0375216 -0.00856914 0.031899; -0.00856914 0.00287627 -0.00600934; 0.031899 -0.00600934 0.164455]
Loglik: 6403.9412 
Percentage done: 68.00 % 
Acceptance rate on iteration 33001 to 34000 is 1.3013 %
Covariance:
[0.0375216 -0.00856914 0.031899; -0.00856914 0.00287627 -0.00600934; 0.031899 -0.00600934 0.164455]
Loglik: 6406.3761 
Percentage done: 70.00 % 
Acceptance rate on iteration 34001 to 35000 is 0.8008 %
Covariance:
[0.0375216 -0.00856914 0.031899; -0.00856914 0.00287627 -0.00600934; 0.031899 -0.00600934 0.164455]
Loglik: 6404.6939 
Percentage done: 72.00 % 
Acceptance rate on iteration 35001 to 36000 is 1.5015 %
Covariance:
[0.0375216 -0.00856914 0.031899; -0.00856914 0.00287627 -0.00600934; 0.031899 -0.00600934 0.164455]
Loglik: 6404.4726 
Percentage done: 74.00 % 
Acceptance rate on iteration 36001 to 37000 is 0.7007 %
Covariance:
[0.0375216 -0.00856914 0.031899; -0.00856914 0.00287627 -0.00600934; 0.031899 -0.00600934 0.164455]
Loglik: 6405.5699 
Percentage done: 76.00 % 
Acceptance rate on iteration 37001 to 38000 is 0.7007 %
Covariance:
[0.0375216 -0.00856914 0.031899; -0.00856914 0.00287627 -0.00600934; 0.031899 -0.00600934 0.164455]
Loglik: 6405.1945 
Percentage done: 78.00 % 
Acceptance rate on iteration 38001 to 39000 is 0.7007 %
Covariance:
[0.0375216 -0.00856914 0.031899; -0.00856914 0.00287627 -0.00600934; 0.031899 -0.00600934 0.164455]
Loglik: 6403.0364 
Percentage done: 80.00 % 
Acceptance rate on iteration 39001 to 40000 is 1.9019 %
Covariance:
[0.0375216 -0.00856914 0.031899; -0.00856914 0.00287627 -0.00600934; 0.031899 -0.00600934 0.164455]
Loglik: 6403.9102 
Percentage done: 82.00 % 
Acceptance rate on iteration 40001 to 41000 is 0.1001 %
Covariance:
[0.0375216 -0.00856914 0.031899; -0.00856914 0.00287627 -0.00600934; 0.031899 -0.00600934 0.164455]
Loglik: 6406.1837 
Percentage done: 84.00 % 
Acceptance rate on iteration 41001 to 42000 is 1.1011 %
Covariance:
[0.0375216 -0.00856914 0.031899; -0.00856914 0.00287627 -0.00600934; 0.031899 -0.00600934 0.164455]
Loglik: 6405.1521 
Percentage done: 86.00 % 
Acceptance rate on iteration 42001 to 43000 is 0.8008 %
Covariance:
[0.0375216 -0.00856914 0.031899; -0.00856914 0.00287627 -0.00600934; 0.031899 -0.00600934 0.164455]
Loglik: 6404.6518 
Percentage done: 88.00 % 
Acceptance rate on iteration 43001 to 44000 is 1.4014 %
Covariance:
[0.0375216 -0.00856914 0.031899; -0.00856914 0.00287627 -0.00600934; 0.031899 -0.00600934 0.164455]
Loglik: 6405.1172 
Percentage done: 90.00 % 
Acceptance rate on iteration 44001 to 45000 is 1.2012 %
Covariance:
[0.0375216 -0.00856914 0.031899; -0.00856914 0.00287627 -0.00600934; 0.031899 -0.00600934 0.164455]
Loglik: 6405.0439 
Percentage done: 92.00 % 
Acceptance rate on iteration 45001 to 46000 is 1.1011 %
Covariance:
[0.0375216 -0.00856914 0.031899; -0.00856914 0.00287627 -0.00600934; 0.031899 -0.00600934 0.164455]
Loglik: 6403.3432 
Percentage done: 94.00 % 
Acceptance rate on iteration 46001 to 47000 is 0.9009 %
Covariance:
[0.0375216 -0.00856914 0.031899; -0.00856914 0.00287627 -0.00600934; 0.031899 -0.00600934 0.164455]
Loglik: 6405.2997 
Percentage done: 96.00 % 
Acceptance rate on iteration 47001 to 48000 is 1.1011 %
Covariance:
[0.0375216 -0.00856914 0.031899; -0.00856914 0.00287627 -0.00600934; 0.031899 -0.00600934 0.164455]
Loglik: 6404.6233 
Percentage done: 98.00 % 
Acceptance rate on iteration 48001 to 49000 is 0.2002 %
Covariance:
[0.0375216 -0.00856914 0.031899; -0.00856914 0.00287627 -0.00600934; 0.031899 -0.00600934 0.164455]
Loglik: 6404.4970 
elapsed time: 59.847387233 seconds
Ending DA-GP-MCMC with adaptive RW estimating 3 parameters
Algorithm: MCWM
Adaptation algorithm: noAdaptation
Prior distribution: Uniform
Particel filter: bootstrap
Time pre-er:  0
Time fit GP model:  0
Time er-part:  60
Number early-rejections: 48706
Number of cases directly to ordinary MH: 0
Number of cases directly to ordinary MH accapted: 0
Number cases in secound stage: 1293
Number accepted in secound stage: 607
Accaptace rate for ordinary MH accapted: NaN
Accaptace rate a_1: 2.5861
Accaptace rate a_2: 46.9451
Accaptace rate a_1*a_2: 1.2140
Accaptace rate a (for entier algorithm): 1.2140
Covariance - kernel_secound_stage_direct:
[0.0260567 -0.0059508 0.0221521; -0.0059508 0.00199741 -0.00417316; 0.0221521 -0.00417316 0.114205]
Starting DA-GP-MCMC with adaptive RW estimating 3 parameters
MCMC algorithm: MCWM
Adaptation algorithm: noAdaptation
Select case model: BiaseCoin
Prior distribution: Uniform
Particel filter: bootstrap
Iteration: 1
Covariance:
[0.0375216 -0.00856914 0.031899; -0.00856914 0.00287627 -0.00600934; 0.031899 -0.00600934 0.164455]
ESS: 206.3611
Loglik: 6402.9902 
Percentage done: 2.00 % 
Acceptance rate on iteration 1 to 1000 is 1.9019 %
Covariance:
[0.0375216 -0.00856914 0.031899; -0.00856914 0.00287627 -0.00600934; 0.031899 -0.00600934 0.164455]
Loglik: NaN 
Percentage done: 4.00 % 
Acceptance rate on iteration 1001 to 2000 is 1.3013 %
Covariance:
[0.0375216 -0.00856914 0.031899; -0.00856914 0.00287627 -0.00600934; 0.031899 -0.00600934 0.164455]
Loglik: NaN 
Percentage done: 6.00 % 
Acceptance rate on iteration 2001 to 3000 is 3.2032 %
Covariance:
[0.0375216 -0.00856914 0.031899; -0.00856914 0.00287627 -0.00600934; 0.031899 -0.00600934 0.164455]
Loglik: NaN 
Percentage done: 8.00 % 
Acceptance rate on iteration 3001 to 4000 is 2.2022 %
Covariance:
[0.0375216 -0.00856914 0.031899; -0.00856914 0.00287627 -0.00600934; 0.031899 -0.00600934 0.164455]
Loglik: NaN 
Percentage done: 10.00 % 
Acceptance rate on iteration 4001 to 5000 is 2.5025 %
Covariance:
[0.0375216 -0.00856914 0.031899; -0.00856914 0.00287627 -0.00600934; 0.031899 -0.00600934 0.164455]
Loglik: NaN 
Percentage done: 12.00 % 
Acceptance rate on iteration 5001 to 6000 is 2.5025 %
Covariance:
[0.0375216 -0.00856914 0.031899; -0.00856914 0.00287627 -0.00600934; 0.031899 -0.00600934 0.164455]
Loglik: NaN 
Percentage done: 14.00 % 
Acceptance rate on iteration 6001 to 7000 is 0.9009 %
Covariance:
[0.0375216 -0.00856914 0.031899; -0.00856914 0.00287627 -0.00600934; 0.031899 -0.00600934 0.164455]
Loglik: NaN 
Percentage done: 16.00 % 
Acceptance rate on iteration 7001 to 8000 is 1.0010 %
Covariance:
[0.0375216 -0.00856914 0.031899; -0.00856914 0.00287627 -0.00600934; 0.031899 -0.00600934 0.164455]
Loglik: NaN 
Percentage done: 18.00 % 
Acceptance rate on iteration 8001 to 9000 is 1.7017 %
Covariance:
[0.0375216 -0.00856914 0.031899; -0.00856914 0.00287627 -0.00600934; 0.031899 -0.00600934 0.164455]
Loglik: NaN 
Percentage done: 20.00 % 
Acceptance rate on iteration 9001 to 10000 is 1.5015 %
Covariance:
[0.0375216 -0.00856914 0.031899; -0.00856914 0.00287627 -0.00600934; 0.031899 -0.00600934 0.164455]
Loglik: NaN 
Percentage done: 22.00 % 
Acceptance rate on iteration 10001 to 11000 is 2.0020 %
Covariance:
[0.0375216 -0.00856914 0.031899; -0.00856914 0.00287627 -0.00600934; 0.031899 -0.00600934 0.164455]
Loglik: NaN 
Percentage done: 24.00 % 
Acceptance rate on iteration 11001 to 12000 is 1.6016 %
Covariance:
[0.0375216 -0.00856914 0.031899; -0.00856914 0.00287627 -0.00600934; 0.031899 -0.00600934 0.164455]
Loglik: NaN 
Percentage done: 26.00 % 
Acceptance rate on iteration 12001 to 13000 is 2.1021 %
Covariance:
[0.0375216 -0.00856914 0.031899; -0.00856914 0.00287627 -0.00600934; 0.031899 -0.00600934 0.164455]
Loglik: NaN 
Percentage done: 28.00 % 
Acceptance rate on iteration 13001 to 14000 is 1.4014 %
Covariance:
[0.0375216 -0.00856914 0.031899; -0.00856914 0.00287627 -0.00600934; 0.031899 -0.00600934 0.164455]
Loglik: NaN 
Percentage done: 30.00 % 
Acceptance rate on iteration 14001 to 15000 is 1.7017 %
Covariance:
[0.0375216 -0.00856914 0.031899; -0.00856914 0.00287627 -0.00600934; 0.031899 -0.00600934 0.164455]
Loglik: NaN 
Percentage done: 32.00 % 
Acceptance rate on iteration 15001 to 16000 is 1.7017 %
Covariance:
[0.0375216 -0.00856914 0.031899; -0.00856914 0.00287627 -0.00600934; 0.031899 -0.00600934 0.164455]
Loglik: NaN 
Percentage done: 34.00 % 
Acceptance rate on iteration 16001 to 17000 is 1.6016 %
Covariance:
[0.0375216 -0.00856914 0.031899; -0.00856914 0.00287627 -0.00600934; 0.031899 -0.00600934 0.164455]
Loglik: NaN 
Percentage done: 36.00 % 
Acceptance rate on iteration 17001 to 18000 is 1.3013 %
Covariance:
[0.0375216 -0.00856914 0.031899; -0.00856914 0.00287627 -0.00600934; 0.031899 -0.00600934 0.164455]
Loglik: NaN 
Percentage done: 38.00 % 
Acceptance rate on iteration 18001 to 19000 is 2.1021 %
Covariance:
[0.0375216 -0.00856914 0.031899; -0.00856914 0.00287627 -0.00600934; 0.031899 -0.00600934 0.164455]
Loglik: NaN 
Percentage done: 40.00 % 
Acceptance rate on iteration 19001 to 20000 is 2.6026 %
Covariance:
[0.0375216 -0.00856914 0.031899; -0.00856914 0.00287627 -0.00600934; 0.031899 -0.00600934 0.164455]
Loglik: NaN 
Percentage done: 42.00 % 
Acceptance rate on iteration 20001 to 21000 is 2.2022 %
Covariance:
[0.0375216 -0.00856914 0.031899; -0.00856914 0.00287627 -0.00600934; 0.031899 -0.00600934 0.164455]
Loglik: NaN 
Percentage done: 44.00 % 
Acceptance rate on iteration 21001 to 22000 is 2.3023 %
Covariance:
[0.0375216 -0.00856914 0.031899; -0.00856914 0.00287627 -0.00600934; 0.031899 -0.00600934 0.164455]
Loglik: NaN 
Percentage done: 46.00 % 
Acceptance rate on iteration 22001 to 23000 is 2.4024 %
Covariance:
[0.0375216 -0.00856914 0.031899; -0.00856914 0.00287627 -0.00600934; 0.031899 -0.00600934 0.164455]
Loglik: NaN 
Percentage done: 48.00 % 
Acceptance rate on iteration 23001 to 24000 is 4.5045 %
Covariance:
[0.0375216 -0.00856914 0.031899; -0.00856914 0.00287627 -0.00600934; 0.031899 -0.00600934 0.164455]
Loglik: NaN 
Percentage done: 50.00 % 
Acceptance rate on iteration 24001 to 25000 is 2.0020 %
Covariance:
[0.0375216 -0.00856914 0.031899; -0.00856914 0.00287627 -0.00600934; 0.031899 -0.00600934 0.164455]
Loglik: NaN 
Percentage done: 52.00 % 
Acceptance rate on iteration 25001 to 26000 is 1.0010 %
Covariance:
[0.0375216 -0.00856914 0.031899; -0.00856914 0.00287627 -0.00600934; 0.031899 -0.00600934 0.164455]
Loglik: NaN 
Percentage done: 54.00 % 
Acceptance rate on iteration 26001 to 27000 is 1.5015 %
Covariance:
[0.0375216 -0.00856914 0.031899; -0.00856914 0.00287627 -0.00600934; 0.031899 -0.00600934 0.164455]
Loglik: NaN 
Percentage done: 56.00 % 
Acceptance rate on iteration 27001 to 28000 is 1.7017 %
Covariance:
[0.0375216 -0.00856914 0.031899; -0.00856914 0.00287627 -0.00600934; 0.031899 -0.00600934 0.164455]
Loglik: NaN 
Percentage done: 58.00 % 
Acceptance rate on iteration 28001 to 29000 is 0.6006 %
Covariance:
[0.0375216 -0.00856914 0.031899; -0.00856914 0.00287627 -0.00600934; 0.031899 -0.00600934 0.164455]
Loglik: NaN 
Percentage done: 60.00 % 
Acceptance rate on iteration 29001 to 30000 is 2.6026 %
Covariance:
[0.0375216 -0.00856914 0.031899; -0.00856914 0.00287627 -0.00600934; 0.031899 -0.00600934 0.164455]
Loglik: NaN 
Percentage done: 62.00 % 
Acceptance rate on iteration 30001 to 31000 is 1.7017 %
Covariance:
[0.0375216 -0.00856914 0.031899; -0.00856914 0.00287627 -0.00600934; 0.031899 -0.00600934 0.164455]
Loglik: NaN 
Percentage done: 64.00 % 
Acceptance rate on iteration 31001 to 32000 is 1.4014 %
Covariance:
[0.0375216 -0.00856914 0.031899; -0.00856914 0.00287627 -0.00600934; 0.031899 -0.00600934 0.164455]
Loglik: NaN 
Percentage done: 66.00 % 
Acceptance rate on iteration 32001 to 33000 is 1.3013 %
Covariance:
[0.0375216 -0.00856914 0.031899; -0.00856914 0.00287627 -0.00600934; 0.031899 -0.00600934 0.164455]
Loglik: NaN 
Percentage done: 68.00 % 
Acceptance rate on iteration 33001 to 34000 is 2.2022 %
Covariance:
[0.0375216 -0.00856914 0.031899; -0.00856914 0.00287627 -0.00600934; 0.031899 -0.00600934 0.164455]
Loglik: NaN 
Percentage done: 70.00 % 
Acceptance rate on iteration 34001 to 35000 is 1.9019 %
Covariance:
[0.0375216 -0.00856914 0.031899; -0.00856914 0.00287627 -0.00600934; 0.031899 -0.00600934 0.164455]
Loglik: NaN 
Percentage done: 72.00 % 
Acceptance rate on iteration 35001 to 36000 is 2.5025 %
Covariance:
[0.0375216 -0.00856914 0.031899; -0.00856914 0.00287627 -0.00600934; 0.031899 -0.00600934 0.164455]
Loglik: NaN 
Percentage done: 74.00 % 
Acceptance rate on iteration 36001 to 37000 is 1.7017 %
Covariance:
[0.0375216 -0.00856914 0.031899; -0.00856914 0.00287627 -0.00600934; 0.031899 -0.00600934 0.164455]
Loglik: NaN 
Percentage done: 76.00 % 
Acceptance rate on iteration 37001 to 38000 is 2.5025 %
Covariance:
[0.0375216 -0.00856914 0.031899; -0.00856914 0.00287627 -0.00600934; 0.031899 -0.00600934 0.164455]
Loglik: NaN 
Percentage done: 78.00 % 
Acceptance rate on iteration 38001 to 39000 is 0.2002 %
Covariance:
[0.0375216 -0.00856914 0.031899; -0.00856914 0.00287627 -0.00600934; 0.031899 -0.00600934 0.164455]
Loglik: NaN 
Percentage done: 80.00 % 
Acceptance rate on iteration 39001 to 40000 is 1.8018 %
Covariance:
[0.0375216 -0.00856914 0.031899; -0.00856914 0.00287627 -0.00600934; 0.031899 -0.00600934 0.164455]
Loglik: NaN 
Percentage done: 82.00 % 
Acceptance rate on iteration 40001 to 41000 is 0.5005 %
Covariance:
[0.0375216 -0.00856914 0.031899; -0.00856914 0.00287627 -0.00600934; 0.031899 -0.00600934 0.164455]
Loglik: NaN 
Percentage done: 84.00 % 
Acceptance rate on iteration 41001 to 42000 is 1.8018 %
Covariance:
[0.0375216 -0.00856914 0.031899; -0.00856914 0.00287627 -0.00600934; 0.031899 -0.00600934 0.164455]
Loglik: NaN 
Percentage done: 86.00 % 
Acceptance rate on iteration 42001 to 43000 is 2.2022 %
Covariance:
[0.0375216 -0.00856914 0.031899; -0.00856914 0.00287627 -0.00600934; 0.031899 -0.00600934 0.164455]
Loglik: NaN 
Percentage done: 88.00 % 
Acceptance rate on iteration 43001 to 44000 is 1.4014 %
Covariance:
[0.0375216 -0.00856914 0.031899; -0.00856914 0.00287627 -0.00600934; 0.031899 -0.00600934 0.164455]
Loglik: NaN 
Percentage done: 90.00 % 
Acceptance rate on iteration 44001 to 45000 is 1.4014 %
Covariance:
[0.0375216 -0.00856914 0.031899; -0.00856914 0.00287627 -0.00600934; 0.031899 -0.00600934 0.164455]
Loglik: NaN 
Percentage done: 92.00 % 
Acceptance rate on iteration 45001 to 46000 is 1.4014 %
Covariance:
[0.0375216 -0.00856914 0.031899; -0.00856914 0.00287627 -0.00600934; 0.031899 -0.00600934 0.164455]
Loglik: NaN 
Percentage done: 94.00 % 
Acceptance rate on iteration 46001 to 47000 is 5.2052 %
Covariance:
[0.0375216 -0.00856914 0.031899; -0.00856914 0.00287627 -0.00600934; 0.031899 -0.00600934 0.164455]
Loglik: NaN 
Percentage done: 96.00 % 
Acceptance rate on iteration 47001 to 48000 is 1.7017 %
Covariance:
[0.0375216 -0.00856914 0.031899; -0.00856914 0.00287627 -0.00600934; 0.031899 -0.00600934 0.164455]
Loglik: NaN 
Percentage done: 98.00 % 
Acceptance rate on iteration 48001 to 49000 is 1.8018 %
Covariance:
[0.0375216 -0.00856914 0.031899; -0.00856914 0.00287627 -0.00600934; 0.031899 -0.00600934 0.164455]
Loglik: NaN 
elapsed time: 50.183632455 seconds
Ending ADA-GP-MCMC with adaptive RW estimating 3 parameters
Algorithm: MCWM
Adaptation algorithm: noAdaptation
Prior distribution: Uniform
Particel filter: bootstrap
Time consumption:Time pre-er:  0
Time fit GP model:  0
Time er-part:  50
Number early-rejections: 48624
Number of cases directly to ordinary MH: 0
Number of cases directly to ordinary MH accapted: 0
Number split accaptance region early-accept: 215
Number split accaptance region early-reject: 293
Number cases in secound stage: 1375
Number accepted in secound stage: 421
Accaptace rate for ordinary MH accapted: NaN
Accaptace rate a_1: 2.7501
Accaptace rate a_2: 30.6182
Accaptace rate a_1*a_2: 0.8420
Accaptace rate a (for entier algorithm): 1.8580
Nbr assumtion correct: 454.000000
Proc assumtion correct: 0.523645
Number case 1: 680
Number case 2: 250
Number case 3: 416
Number case 4: 29
