Starting ml estimationLength of training data: 1800Start values for optimization:
[-1675.05; 1375.71; 4765.66; -58.8521; -73.1682; -747.808; -4.68548; -355.504; 8.98857; 4.83859; 0.934979; 0.588406; -1.67788; -2.87451; -0.771963]Iter     Function value   Gradient norm 
     0     3.698300e+03     5.694031e+03
     1     3.262084e+03     2.855870e+03
     2     1.975381e+03     9.488459e+02
     3     1.934337e+03     1.262212e+03
     4     1.874534e+03     8.578166e+02
     5     1.866085e+03     2.493929e+02
     6     1.864053e+03     1.803131e+02
     7     1.852694e+03     8.614007e+01
     8     1.848558e+03     3.463314e+02
     9     1.817633e+03     1.754832e+02
    10     1.798021e+03     4.745932e+02
    11     1.645368e+03     1.876391e+03
    12     1.645370e+03     1.876423e+03
Estimated parameters of the GP model:
Estimated Β:s:
[-1675.15,1375.6,4765.39,-58.7235,-72.4946,-748.514,-4.48632,-355.928,9.05095,5.1954]
Estimated log Φ:s:
[-0.320285,-0.640191,-2.23617,-2.05645,-0.732181]
elapsed time: 183.01846203 seconds
Starting DA-GP-MCMC with adaptive RW estimating 3 parameters
Covariance - kernel_MH_direct:
[0.0260567 -0.0059508 0.0221521; -0.0059508 0.00199741 -0.00417316; 0.0221521 -0.00417316 0.114205]
MCMC algorithm: PMCMC
Adaptation algorithm: noAdaptation
Prior distribution: Uniform
Particel filter: bootstrap
Iteration: 1
Covariance:
[0.0211059 -0.00482014 0.0179432; -0.00482014 0.0016179 -0.00338026; 0.0179432 -0.00338026 0.0925058]
ESS: 231.7961
Loglik: 6405.1596 
Percentage done: 4.00 % 
Acceptance rate on iteration 1 to 1000 is 1.3013 %
Covariance:
[0.0211059 -0.00482014 0.0179432; -0.00482014 0.0016179 -0.00338026; 0.0179432 -0.00338026 0.0925058]
Loglik: 6404.2391 
Percentage done: 8.00 % 
Acceptance rate on iteration 1001 to 2000 is 0.5005 %
Covariance:
[0.0211059 -0.00482014 0.0179432; -0.00482014 0.0016179 -0.00338026; 0.0179432 -0.00338026 0.0925058]
Loglik: 6404.6079 
Percentage done: 12.00 % 
Acceptance rate on iteration 2001 to 3000 is 1.0010 %
Covariance:
[0.0211059 -0.00482014 0.0179432; -0.00482014 0.0016179 -0.00338026; 0.0179432 -0.00338026 0.0925058]
Loglik: 6402.9815 
Percentage done: 16.00 % 
Acceptance rate on iteration 3001 to 4000 is 1.0010 %
Covariance:
[0.0211059 -0.00482014 0.0179432; -0.00482014 0.0016179 -0.00338026; 0.0179432 -0.00338026 0.0925058]
Loglik: 6402.9458 
Percentage done: 20.00 % 
Acceptance rate on iteration 4001 to 5000 is 0.4004 %
Covariance:
[0.0211059 -0.00482014 0.0179432; -0.00482014 0.0016179 -0.00338026; 0.0179432 -0.00338026 0.0925058]
Loglik: 6398.6022 
Percentage done: 24.00 % 
Acceptance rate on iteration 5001 to 6000 is 1.0010 %
Covariance:
[0.0211059 -0.00482014 0.0179432; -0.00482014 0.0016179 -0.00338026; 0.0179432 -0.00338026 0.0925058]
Loglik: 6405.5963 
Percentage done: 28.00 % 
Acceptance rate on iteration 6001 to 7000 is 0.6006 %
Covariance:
[0.0211059 -0.00482014 0.0179432; -0.00482014 0.0016179 -0.00338026; 0.0179432 -0.00338026 0.0925058]
Loglik: 6405.1409 
Percentage done: 32.00 % 
Acceptance rate on iteration 7001 to 8000 is 0.4004 %
Covariance:
[0.0211059 -0.00482014 0.0179432; -0.00482014 0.0016179 -0.00338026; 0.0179432 -0.00338026 0.0925058]
Loglik: 6403.5873 
Percentage done: 36.00 % 
Acceptance rate on iteration 8001 to 9000 is 1.4014 %
Covariance:
[0.0211059 -0.00482014 0.0179432; -0.00482014 0.0016179 -0.00338026; 0.0179432 -0.00338026 0.0925058]
Loglik: 6402.4873 
Percentage done: 40.00 % 
Acceptance rate on iteration 9001 to 10000 is 0.9009 %
Covariance:
[0.0211059 -0.00482014 0.0179432; -0.00482014 0.0016179 -0.00338026; 0.0179432 -0.00338026 0.0925058]
Loglik: 6402.2138 
Percentage done: 44.00 % 
Acceptance rate on iteration 10001 to 11000 is 1.4014 %
Covariance:
[0.0211059 -0.00482014 0.0179432; -0.00482014 0.0016179 -0.00338026; 0.0179432 -0.00338026 0.0925058]
Loglik: 6402.3069 
Percentage done: 48.00 % 
Acceptance rate on iteration 11001 to 12000 is 1.2012 %
Covariance:
[0.0211059 -0.00482014 0.0179432; -0.00482014 0.0016179 -0.00338026; 0.0179432 -0.00338026 0.0925058]
Loglik: 6405.1810 
Percentage done: 52.00 % 
Acceptance rate on iteration 12001 to 13000 is 0.8008 %
Covariance:
[0.0211059 -0.00482014 0.0179432; -0.00482014 0.0016179 -0.00338026; 0.0179432 -0.00338026 0.0925058]
Loglik: 6404.6690 
Percentage done: 56.00 % 
Acceptance rate on iteration 13001 to 14000 is 1.1011 %
Covariance:
[0.0211059 -0.00482014 0.0179432; -0.00482014 0.0016179 -0.00338026; 0.0179432 -0.00338026 0.0925058]
Loglik: 6402.6909 
Percentage done: 60.00 % 
Acceptance rate on iteration 14001 to 15000 is 0.5005 %
Covariance:
[0.0211059 -0.00482014 0.0179432; -0.00482014 0.0016179 -0.00338026; 0.0179432 -0.00338026 0.0925058]
Loglik: 6404.1591 
Percentage done: 64.00 % 
Acceptance rate on iteration 15001 to 16000 is 0.9009 %
Covariance:
[0.0211059 -0.00482014 0.0179432; -0.00482014 0.0016179 -0.00338026; 0.0179432 -0.00338026 0.0925058]
Loglik: 6405.7965 
Percentage done: 68.00 % 
Acceptance rate on iteration 16001 to 17000 is 1.7017 %
Covariance:
[0.0211059 -0.00482014 0.0179432; -0.00482014 0.0016179 -0.00338026; 0.0179432 -0.00338026 0.0925058]
Loglik: 6400.2143 
Percentage done: 72.00 % 
Acceptance rate on iteration 17001 to 18000 is 1.5015 %
Covariance:
[0.0211059 -0.00482014 0.0179432; -0.00482014 0.0016179 -0.00338026; 0.0179432 -0.00338026 0.0925058]
Loglik: 6402.0208 
Percentage done: 76.00 % 
Acceptance rate on iteration 18001 to 19000 is 1.6016 %
Covariance:
[0.0211059 -0.00482014 0.0179432; -0.00482014 0.0016179 -0.00338026; 0.0179432 -0.00338026 0.0925058]
Loglik: 6405.1069 
Percentage done: 80.00 % 
Acceptance rate on iteration 19001 to 20000 is 0.6006 %
Covariance:
[0.0211059 -0.00482014 0.0179432; -0.00482014 0.0016179 -0.00338026; 0.0179432 -0.00338026 0.0925058]
Loglik: 6404.9557 
Percentage done: 84.00 % 
Acceptance rate on iteration 20001 to 21000 is 1.4014 %
Covariance:
[0.0211059 -0.00482014 0.0179432; -0.00482014 0.0016179 -0.00338026; 0.0179432 -0.00338026 0.0925058]
Loglik: 6404.1519 
Percentage done: 88.00 % 
Acceptance rate on iteration 21001 to 22000 is 0.9009 %
Covariance:
[0.0211059 -0.00482014 0.0179432; -0.00482014 0.0016179 -0.00338026; 0.0179432 -0.00338026 0.0925058]
Loglik: 6402.6270 
Percentage done: 92.00 % 
Acceptance rate on iteration 22001 to 23000 is 1.5015 %
Covariance:
[0.0211059 -0.00482014 0.0179432; -0.00482014 0.0016179 -0.00338026; 0.0179432 -0.00338026 0.0925058]
Loglik: 6403.8501 
Percentage done: 96.00 % 
Acceptance rate on iteration 23001 to 24000 is 1.2012 %
Covariance:
[0.0211059 -0.00482014 0.0179432; -0.00482014 0.0016179 -0.00338026; 0.0179432 -0.00338026 0.0925058]
Loglik: 6404.1543 
elapsed time: 42.510770102 seconds
Ending DA-GP-MCMC with adaptive RW estimating 3 parameters
Algorithm: PMCMC
Adaptation algorithm: noAdaptation
Prior distribution: Uniform
Particel filter: bootstrap
Time pre-er:  0
Time fit GP model:  0
Time er-part:  43
Number early-rejections: 21871
Number of cases directly to ordinary MH: 2535
Number of cases directly to ordinary MH accapted: 823
Number cases in secound stage: 593
Number accepted in secound stage: 261
Accaptace rate for ordinary MH accapted: 32.4655
Accaptace rate a_1: 2.6398
Accaptace rate a_2: 44.0135
Accaptace rate a_1*a_2: 1.1619
Accaptace rate a (for entier algorithm): 1.0440
