Starting MCMC with adaptive RW estimating 3 parameters
MCMC algorithm: PMCMC
Adaptation algorithm: AMUpdate_gen
Prior distribution: Uniform
Particel filter: bootstrap
Iteration: 1
Covariance:
[1.92 0.0 0.0; 0.0 1.92 0.0; 0.0 0.0 1.92]
ESS: 10.8956
Loglik: 6289.2768 
Percentage done: 9.80 % 
Acceptance rate on iteration 1 to 10000 is 0.2205
Covariance:
[0.037906 -0.00936557 0.0361866; -0.00936557 0.00388803 -0.00891376; 0.0361866 -0.00891376 0.266492]
Loglik: 6404.7707 
ESS: 575.0363
Percentage done: 19.61 % 
Acceptance rate on iteration 10001 to 20000 is 0.2003
Covariance:
[0.0369319 -0.00879484 0.0282473; -0.00879484 0.00391066 -0.00692267; 0.0282473 -0.00692267 0.282112]
Loglik: 6403.6798 
ESS: 198.2392
Percentage done: 29.41 % 
Acceptance rate on iteration 20001 to 30000 is 0.2032
Covariance:
[0.0424859 -0.0106034 0.0385659; -0.0106034 0.00449656 -0.0100989; 0.0385659 -0.0100989 0.303476]
Loglik: 6405.4484 
ESS: 252.4206
Percentage done: 39.22 % 
Acceptance rate on iteration 30001 to 40000 is 0.1988
Covariance:
[0.0382927 -0.00989894 0.0289692; -0.00989894 0.00430025 -0.00644032; 0.0289692 -0.00644032 0.284745]
Loglik: 6402.5777 
ESS: 138.4199
Percentage done: 49.02 % 
Acceptance rate on iteration 40001 to 50000 is 0.1995
Covariance:
[0.0393692 -0.00934162 0.0280656; -0.00934162 0.00405474 -0.00480425; 0.0280656 -0.00480425 0.32262]
Loglik: 6400.0720 
ESS: 140.7402
Percentage done: 58.82 % 
Acceptance rate on iteration 50001 to 60000 is 0.1983
Covariance:
[0.042837 -0.0103022 0.0328025; -0.0103022 0.00430781 -0.0064994; 0.0328025 -0.0064994 0.331278]
Loglik: 6401.3327 
ESS: 359.6015
Percentage done: 68.63 % 
Acceptance rate on iteration 60001 to 70000 is 0.1945
Covariance:
[0.0433557 -0.0105593 0.0332968; -0.0105593 0.00440094 -0.00653566; 0.0332968 -0.00653566 0.301921]
Loglik: 6403.6212 
ESS: 213.9314
Percentage done: 78.43 % 
Acceptance rate on iteration 70001 to 80000 is 0.2005
Covariance:
[0.0356751 -0.00878163 0.0270756; -0.00878163 0.00391979 -0.00608664; 0.0270756 -0.00608664 0.290074]
Loglik: 6404.2836 
ESS: 39.3806
Percentage done: 88.24 % 
Acceptance rate on iteration 80001 to 90000 is 0.1916
Covariance:
[0.037889 -0.00926978 0.0278462; -0.00926978 0.00401944 -0.00617775; 0.0278462 -0.00617775 0.309802]
Loglik: 6404.3451 
ESS: 603.2390
Percentage done: 98.04 % 
Acceptance rate on iteration 90001 to 100000 is 0.1939
Covariance:
[0.0391035 -0.00915297 0.0321658; -0.00915297 0.00389675 -0.00641255; 0.0321658 -0.00641255 0.309701]
Loglik: 6402.1227 
ESS: 127.0426
Ending MCMC with adaptive RW estimating 3 parameters
Algorithm: PMCMC
Adaptation algorithm: AMUpdate_gen
Prior distribution: Uniform
Particel filter: bootstrap
elapsed time: 1569.971112784 seconds
Run time (s): 1569.9711 
