Starting MCMC with adaptive RW estimating 3 parameters
MCMC algorithm: PMCMC
Adaptation algorithm: AMUpdate_gen
Prior distribution: Uniform
Particel filter: bootstrap
Iteration: 1
Covariance:
[1.92 0.0 0.0; 0.0 1.92 0.0; 0.0 0.0 1.92]
ESS: 16.5327
Loglik: 6285.3315 
Percentage done: 19.23 % 
Acceptance rate on iteration 1 to 10000 is 0.2255
Covariance:
[0.0393548 -0.00936264 0.0275453; -0.00936264 0.00387376 -0.00629083; 0.0275453 -0.00629083 0.292614]
Loglik: 6403.3133 
ESS: 248.6395
Percentage done: 38.46 % 
Acceptance rate on iteration 10001 to 20000 is 0.1997
Covariance:
[0.0348352 -0.00882212 0.0269156; -0.00882212 0.00377393 -0.00574937; 0.0269156 -0.00574937 0.284793]
Loglik: 6401.6075 
ESS: 75.6393
Percentage done: 57.69 % 
Acceptance rate on iteration 20001 to 30000 is 0.2036
Covariance:
[0.0366342 -0.00892381 0.0299385; -0.00892381 0.0039825 -0.00783829; 0.0299385 -0.00783829 0.290781]
Loglik: 6405.0022 
ESS: 275.5514
Percentage done: 76.92 % 
Acceptance rate on iteration 30001 to 40000 is 0.2004
Covariance:
[0.0359342 -0.00919361 0.0274999; -0.00919361 0.00413551 -0.00684303; 0.0274999 -0.00684303 0.30614]
Loglik: 6403.9134 
ESS: 168.4883
Percentage done: 96.15 % 
Acceptance rate on iteration 40001 to 50000 is 0.1968
Covariance:
[0.0374481 -0.00915129 0.0269347; -0.00915129 0.00402583 -0.00513908; 0.0269347 -0.00513908 0.308195]
Loglik: 6404.9111 
ESS: 239.1565
Ending MCMC with adaptive RW estimating 3 parameters
Algorithm: PMCMC
Adaptation algorithm: AMUpdate_gen
Prior distribution: Uniform
Particel filter: bootstrap
elapsed time: 909.481395076 seconds
Run time (s): 909.4814 
