Starting MCMC with adaptive RW estimating 3 parameters
MCMC algorithm: MCWM
Adaptation algorithm: AMUpdate_gen
Prior distribution: Uniform
Particel filter: bootstrap
Iteration: 1
Covariance:
[1.92 0.0 0.0; 0.0 1.92 0.0; 0.0 0.0 1.92]
ESS: 14.6460
Loglik: 6289.5143 
Percentage done: 19.23 % 
Acceptance rate on iteration 1 to 10000 is 0.5067
Covariance:
[0.0110945 -0.00276949 0.00867581; -0.00276949 0.00118463 -0.00112745; 0.00867581 -0.00112745 0.0850251]
Loglik: 6402.7964 
ESS: 272.8874
ESS: 217.1782
Percentage done: 38.46 % 
Acceptance rate on iteration 10001 to 20000 is 0.4943
Covariance:
[0.0103226 -0.00254845 0.0048431; -0.00254845 0.00106866 -0.000894403; 0.0048431 -0.000894403 0.0794853]
Loglik: 6403.1413 
ESS: 327.6169
ESS: 256.9080
Percentage done: 57.69 % 
Acceptance rate on iteration 20001 to 30000 is 0.4740
Covariance:
[0.00980882 -0.00199048 0.00806701; -0.00199048 0.000814763 -0.000633267; 0.00806701 -0.000633267 0.088527]
Loglik: 6404.8802 
ESS: 299.6475
ESS: 168.7382
Percentage done: 76.92 % 
Acceptance rate on iteration 30001 to 40000 is 0.5003
Covariance:
[0.00780538 -0.00185669 0.00733448; -0.00185669 0.000802602 -0.00143902; 0.00733448 -0.00143902 0.0751347]
Loglik: 6401.0459 
ESS: 141.9362
ESS: 127.9246
Percentage done: 96.15 % 
Acceptance rate on iteration 40001 to 50000 is 0.4774
Covariance:
[0.0197592 -0.0061988 0.0456904; -0.0061988 0.0023155 -0.0152832; 0.0456904 -0.0152832 0.226885]
Loglik: 6399.9657 
ESS: 350.5477
ESS: 307.3834
Ending MCMC with adaptive RW estimating 3 parameters
Algorithm: MCWM
Adaptation algorithm: AMUpdate_gen
Prior distribution: Uniform
Particel filter: bootstrap
elapsed time: 1017.644719435 seconds
Run time (s): 1017.6447 
