Starting ml estimationLength of training data: 1800Start values for optimization:
[-1740.36; 1405.28; 4774.01; -62.7847; -76.8598; -748.329; -4.62424; -356.684; 8.8138; 6.80207; 0.738892; 0.392318; -1.77552; -2.97788; -0.867109]Iter     Function value   Gradient norm 
     0     3.016152e+03     4.608370e+03
     1     2.312323e+03     1.996813e+03
     2     1.388445e+03     1.621594e+03
     3     1.140757e+03     1.150942e+03
     4     1.099088e+03     9.546128e+02
     5     1.040948e+03     2.099395e+02
     6     1.038010e+03     1.145868e+02
     7     1.035119e+03     9.424871e+01
     8     1.024361e+03     3.451812e+02
     9     1.007710e+03     3.507439e+02
    10     9.953023e+02     2.351203e+02
    11     9.878889e+02     1.816452e+02
    12     9.753757e+02     2.891777e+02
    13     9.480374e+02     2.319831e+02
    14     9.441591e+02     5.803880e+01
    15     9.435748e+02     4.815715e+01
    16     9.417955e+02     1.836990e+02
    17     9.417965e+02     4.709357e+02
Estimated parameters of the GP model:
Estimated Β:s:
[-1740.38,1405.27,4773.97,-62.7572,-76.7039,-748.484,-4.5995,-356.776,8.85184,6.90226]
Estimated log Φ:s:
[-0.298681,-0.587577,-2.01521,-2.31576,-0.888738]
elapsed time: 475.111876648 seconds
Iterstion:
1
Starting DA-GP-MCMC with adaptive RW estimating 3 parameters
Covariance - kernel_MH_direct:
[0.0181555 -0.00438227 0.0184035; -0.00438227 0.00190507 -0.00451323; 0.0184035 -0.00451323 0.139391]
MCMC algorithm: MCWM
Adaptation algorithm: noAdaptation
Prior distribution: Uniform
Particel filter: bootstrap
Iteration: 1
Covariance:
[0.0181555 -0.00438227 0.0184035; -0.00438227 0.00190507 -0.00451323; 0.0184035 -0.00451323 0.139391]
ESS: 229.2325
Loglik: 6405.0266 
Percentage done: 20.00 % 
Acceptance rate on iteration 1 to 10000 is 8.1308 %
Covariance:
[0.0181555 -0.00438227 0.0184035; -0.00438227 0.00190507 -0.00451323; 0.0184035 -0.00451323 0.139391]
Loglik: 6404.9602 
Percentage done: 40.00 % 
Acceptance rate on iteration 10001 to 20000 is 8.0708 %
Covariance:
[0.0181555 -0.00438227 0.0184035; -0.00438227 0.00190507 -0.00451323; 0.0184035 -0.00451323 0.139391]
Loglik: 6403.0008 
Percentage done: 60.00 % 
Acceptance rate on iteration 20001 to 30000 is 8.4708 %
Covariance:
[0.0181555 -0.00438227 0.0184035; -0.00438227 0.00190507 -0.00451323; 0.0184035 -0.00451323 0.139391]
Loglik: 6403.2043 
ESS: 187.6381
ESS: 233.4770
Percentage done: 80.00 % 
Acceptance rate on iteration 30001 to 40000 is 8.2808 %
Covariance:
[0.0181555 -0.00438227 0.0184035; -0.00438227 0.00190507 -0.00451323; 0.0184035 -0.00451323 0.139391]
Loglik: 6404.6011 
elapsed time: 581.955280566 seconds
Ending DA-GP-MCMC with adaptive RW estimating 3 parameters
Algorithm: MCWM
Adaptation algorithm: noAdaptation
Prior distribution: Uniform
Particel filter: bootstrap
Time pre-er:  0
Time fit GP model:  0
Time er-part:  582
Number early-rejections: 40082
Number of cases directly to ordinary MH: 7535
Number of cases directly to ordinary MH accapted: 2887
Number cases in secound stage: 2382
Number accepted in secound stage: 1147
Total number of evaluations of the particle filter: 9917
Acceptance rate for ordinary MH accapted: 38.3145
Acceptance rate a_1: 5.6095
Acceptance rate a_2: 48.1528
Acceptance rate a_1*a_2: 2.7011
Acceptance rate a (for entier algorithm): 8.0680
Iterstion:
2
Starting DA-GP-MCMC with adaptive RW estimating 3 parameters
Covariance - kernel_MH_direct:
[0.0181555 -0.00438227 0.0184035; -0.00438227 0.00190507 -0.00451323; 0.0184035 -0.00451323 0.139391]
MCMC algorithm: MCWM
Adaptation algorithm: noAdaptation
Prior distribution: Uniform
Particel filter: bootstrap
Iteration: 1
Covariance:
[0.0181555 -0.00438227 0.0184035; -0.00438227 0.00190507 -0.00451323; 0.0184035 -0.00451323 0.139391]
ESS: 224.7391
Loglik: 6404.2266 
Percentage done: 20.00 % 
Acceptance rate on iteration 1 to 10000 is 8.2408 %
Covariance:
[0.0181555 -0.00438227 0.0184035; -0.00438227 0.00190507 -0.00451323; 0.0184035 -0.00451323 0.139391]
Loglik: 6405.2396 
Percentage done: 40.00 % 
Acceptance rate on iteration 10001 to 20000 is 7.6008 %
Covariance:
[0.0181555 -0.00438227 0.0184035; -0.00438227 0.00190507 -0.00451323; 0.0184035 -0.00451323 0.139391]
Loglik: 6404.0806 
Percentage done: 60.00 % 
Acceptance rate on iteration 20001 to 30000 is 6.9807 %
Covariance:
[0.0181555 -0.00438227 0.0184035; -0.00438227 0.00190507 -0.00451323; 0.0184035 -0.00451323 0.139391]
Loglik: 6403.7566 
Percentage done: 80.00 % 
Acceptance rate on iteration 30001 to 40000 is 7.5008 %
Covariance:
[0.0181555 -0.00438227 0.0184035; -0.00438227 0.00190507 -0.00451323; 0.0184035 -0.00451323 0.139391]
Loglik: 6402.9367 
elapsed time: 551.030049133 seconds
Ending DA-GP-MCMC with adaptive RW estimating 3 parameters
Algorithm: MCWM
Adaptation algorithm: noAdaptation
Prior distribution: Uniform
Particel filter: bootstrap
Time pre-er:  0
Time fit GP model:  0
Time er-part:  551
Number early-rejections: 40382
Number of cases directly to ordinary MH: 7463
Number of cases directly to ordinary MH accapted: 2856
Number cases in secound stage: 2154
Number accepted in secound stage: 1026
Total number of evaluations of the particle filter: 9617
Acceptance rate for ordinary MH accapted: 38.2688
Acceptance rate a_1: 5.0639
Acceptance rate a_2: 47.6323
Acceptance rate a_1*a_2: 2.4121
Acceptance rate a (for entier algorithm): 7.7640
Iterstion:
3
Starting DA-GP-MCMC with adaptive RW estimating 3 parameters
Covariance - kernel_MH_direct:
[0.0181555 -0.00438227 0.0184035; -0.00438227 0.00190507 -0.00451323; 0.0184035 -0.00451323 0.139391]
MCMC algorithm: MCWM
Adaptation algorithm: noAdaptation
Prior distribution: Uniform
Particel filter: bootstrap
Iteration: 1
Covariance:
[0.0181555 -0.00438227 0.0184035; -0.00438227 0.00190507 -0.00451323; 0.0184035 -0.00451323 0.139391]
ESS: 212.5339
Loglik: 6405.4885 
Percentage done: 20.00 % 
Acceptance rate on iteration 1 to 10000 is 8.1508 %
Covariance:
[0.0181555 -0.00438227 0.0184035; -0.00438227 0.00190507 -0.00451323; 0.0184035 -0.00451323 0.139391]
Loglik: 6403.9153 
Percentage done: 40.00 % 
Acceptance rate on iteration 10001 to 20000 is 7.8208 %
Covariance:
[0.0181555 -0.00438227 0.0184035; -0.00438227 0.00190507 -0.00451323; 0.0184035 -0.00451323 0.139391]
Loglik: 6402.5780 
Percentage done: 60.00 % 
Acceptance rate on iteration 20001 to 30000 is 8.2208 %
Covariance:
[0.0181555 -0.00438227 0.0184035; -0.00438227 0.00190507 -0.00451323; 0.0184035 -0.00451323 0.139391]
Loglik: 6403.7782 
ESS: 243.3922
ESS: 165.1124
Percentage done: 80.00 % 
Acceptance rate on iteration 30001 to 40000 is 7.4307 %
Covariance:
[0.0181555 -0.00438227 0.0184035; -0.00438227 0.00190507 -0.00451323; 0.0184035 -0.00451323 0.139391]
Loglik: 6403.9129 
elapsed time: 560.003218205 seconds
Ending DA-GP-MCMC with adaptive RW estimating 3 parameters
Algorithm: MCWM
Adaptation algorithm: noAdaptation
Prior distribution: Uniform
Particel filter: bootstrap
Time pre-er:  0
Time fit GP model:  0
Time er-part:  560
Number early-rejections: 39998
Number of cases directly to ordinary MH: 7599
Number of cases directly to ordinary MH accapted: 2825
Number cases in secound stage: 2402
Number accepted in secound stage: 1140
Total number of evaluations of the particle filter: 10001
Acceptance rate for ordinary MH accapted: 37.1759
Acceptance rate a_1: 5.6651
Acceptance rate a_2: 47.4604
Acceptance rate a_1*a_2: 2.6887
Acceptance rate a (for entier algorithm): 7.9300
Iterstion:
4
Starting DA-GP-MCMC with adaptive RW estimating 3 parameters
Covariance - kernel_MH_direct:
[0.0181555 -0.00438227 0.0184035; -0.00438227 0.00190507 -0.00451323; 0.0184035 -0.00451323 0.139391]
MCMC algorithm: MCWM
Adaptation algorithm: noAdaptation
Prior distribution: Uniform
Particel filter: bootstrap
Iteration: 1
Covariance:
[0.0181555 -0.00438227 0.0184035; -0.00438227 0.00190507 -0.00451323; 0.0184035 -0.00451323 0.139391]
ESS: 230.1205
Loglik: 6404.5219 
Percentage done: 20.00 % 
Acceptance rate on iteration 1 to 10000 is 8.0108 %
Covariance:
[0.0181555 -0.00438227 0.0184035; -0.00438227 0.00190507 -0.00451323; 0.0184035 -0.00451323 0.139391]
Loglik: 6403.4864 
Percentage done: 40.00 % 
Acceptance rate on iteration 10001 to 20000 is 8.0308 %
Covariance:
[0.0181555 -0.00438227 0.0184035; -0.00438227 0.00190507 -0.00451323; 0.0184035 -0.00451323 0.139391]
Loglik: 6402.9539 
Percentage done: 60.00 % 
Acceptance rate on iteration 20001 to 30000 is 7.8908 %
Covariance:
[0.0181555 -0.00438227 0.0184035; -0.00438227 0.00190507 -0.00451323; 0.0184035 -0.00451323 0.139391]
Loglik: 6404.6272 
Percentage done: 80.00 % 
Acceptance rate on iteration 30001 to 40000 is 8.2008 %
Covariance:
[0.0181555 -0.00438227 0.0184035; -0.00438227 0.00190507 -0.00451323; 0.0184035 -0.00451323 0.139391]
Loglik: 6404.5497 
elapsed time: 555.041097121 seconds
Ending DA-GP-MCMC with adaptive RW estimating 3 parameters
Algorithm: MCWM
Adaptation algorithm: noAdaptation
Prior distribution: Uniform
Particel filter: bootstrap
Time pre-er:  0
Time fit GP model:  0
Time er-part:  555
Number early-rejections: 40109
Number of cases directly to ordinary MH: 7488
Number of cases directly to ordinary MH accapted: 2893
Number cases in secound stage: 2402
Number accepted in secound stage: 1132
Total number of evaluations of the particle filter: 9890
Acceptance rate for ordinary MH accapted: 38.6351
Acceptance rate a_1: 5.6503
Acceptance rate a_2: 47.1274
Acceptance rate a_1*a_2: 2.6628
Acceptance rate a (for entier algorithm): 8.0500
Iterstion:
5
Starting DA-GP-MCMC with adaptive RW estimating 3 parameters
Covariance - kernel_MH_direct:
[0.0181555 -0.00438227 0.0184035; -0.00438227 0.00190507 -0.00451323; 0.0184035 -0.00451323 0.139391]
MCMC algorithm: MCWM
Adaptation algorithm: noAdaptation
Prior distribution: Uniform
Particel filter: bootstrap
Iteration: 1
Covariance:
[0.0181555 -0.00438227 0.0184035; -0.00438227 0.00190507 -0.00451323; 0.0184035 -0.00451323 0.139391]
ESS: 237.0104
Loglik: 6405.2919 
Percentage done: 20.00 % 
Acceptance rate on iteration 1 to 10000 is 8.1208 %
Covariance:
[0.0181555 -0.00438227 0.0184035; -0.00438227 0.00190507 -0.00451323; 0.0184035 -0.00451323 0.139391]
Loglik: 6403.8740 
Percentage done: 40.00 % 
Acceptance rate on iteration 10001 to 20000 is 8.1708 %
Covariance:
[0.0181555 -0.00438227 0.0184035; -0.00438227 0.00190507 -0.00451323; 0.0184035 -0.00451323 0.139391]
Loglik: 6405.3607 
Percentage done: 60.00 % 
Acceptance rate on iteration 20001 to 30000 is 8.4308 %
Covariance:
[0.0181555 -0.00438227 0.0184035; -0.00438227 0.00190507 -0.00451323; 0.0184035 -0.00451323 0.139391]
Loglik: 6405.0295 
Percentage done: 80.00 % 
Acceptance rate on iteration 30001 to 40000 is 7.7408 %
Covariance:
[0.0181555 -0.00438227 0.0184035; -0.00438227 0.00190507 -0.00451323; 0.0184035 -0.00451323 0.139391]
Loglik: 6403.3255 
elapsed time: 556.14502234 seconds
Ending DA-GP-MCMC with adaptive RW estimating 3 parameters
Algorithm: MCWM
Adaptation algorithm: noAdaptation
Prior distribution: Uniform
Particel filter: bootstrap
Time pre-er:  0
Time fit GP model:  0
Time er-part:  556
Number early-rejections: 40094
Number of cases directly to ordinary MH: 7549
Number of cases directly to ordinary MH accapted: 2919
Number cases in secound stage: 2356
Number accepted in secound stage: 1113
Total number of evaluations of the particle filter: 9905
Acceptance rate for ordinary MH accapted: 38.6674
Acceptance rate a_1: 5.5501
Acceptance rate a_2: 47.2411
Acceptance rate a_1*a_2: 2.6219
Acceptance rate a (for entier algorithm): 8.0640
Iterstion:
6
Starting DA-GP-MCMC with adaptive RW estimating 3 parameters
Covariance - kernel_MH_direct:
[0.0181555 -0.00438227 0.0184035; -0.00438227 0.00190507 -0.00451323; 0.0184035 -0.00451323 0.139391]
MCMC algorithm: MCWM
Adaptation algorithm: noAdaptation
Prior distribution: Uniform
Particel filter: bootstrap
Iteration: 1
Covariance:
[0.0181555 -0.00438227 0.0184035; -0.00438227 0.00190507 -0.00451323; 0.0184035 -0.00451323 0.139391]
ESS: 249.4795
Loglik: 6403.5691 
Percentage done: 20.00 % 
Acceptance rate on iteration 1 to 10000 is 8.0708 %
Covariance:
[0.0181555 -0.00438227 0.0184035; -0.00438227 0.00190507 -0.00451323; 0.0184035 -0.00451323 0.139391]
Loglik: 6404.5745 
Percentage done: 40.00 % 
Acceptance rate on iteration 10001 to 20000 is 7.7708 %
Covariance:
[0.0181555 -0.00438227 0.0184035; -0.00438227 0.00190507 -0.00451323; 0.0184035 -0.00451323 0.139391]
Loglik: 6402.6986 
Percentage done: 60.00 % 
Acceptance rate on iteration 20001 to 30000 is 7.8908 %
Covariance:
[0.0181555 -0.00438227 0.0184035; -0.00438227 0.00190507 -0.00451323; 0.0184035 -0.00451323 0.139391]
Loglik: 6404.8641 
Percentage done: 80.00 % 
Acceptance rate on iteration 30001 to 40000 is 8.0708 %
Covariance:
[0.0181555 -0.00438227 0.0184035; -0.00438227 0.00190507 -0.00451323; 0.0184035 -0.00451323 0.139391]
Loglik: 6404.4026 
elapsed time: 555.077227475 seconds
Ending DA-GP-MCMC with adaptive RW estimating 3 parameters
Algorithm: MCWM
Adaptation algorithm: noAdaptation
Prior distribution: Uniform
Particel filter: bootstrap
Time pre-er:  0
Time fit GP model:  0
Time er-part:  555
Number early-rejections: 40151
Number of cases directly to ordinary MH: 7496
Number of cases directly to ordinary MH accapted: 2863
Number cases in secound stage: 2352
Number accepted in secound stage: 1153
Total number of evaluations of the particle filter: 9848
Acceptance rate for ordinary MH accapted: 38.1937
Acceptance rate a_1: 5.5337
Acceptance rate a_2: 49.0221
Acceptance rate a_1*a_2: 2.7127
Acceptance rate a (for entier algorithm): 8.0320
Iterstion:
7
Starting DA-GP-MCMC with adaptive RW estimating 3 parameters
Covariance - kernel_MH_direct:
[0.0181555 -0.00438227 0.0184035; -0.00438227 0.00190507 -0.00451323; 0.0184035 -0.00451323 0.139391]
MCMC algorithm: MCWM
Adaptation algorithm: noAdaptation
Prior distribution: Uniform
Particel filter: bootstrap
Iteration: 1
Covariance:
[0.0181555 -0.00438227 0.0184035; -0.00438227 0.00190507 -0.00451323; 0.0184035 -0.00451323 0.139391]
ESS: 235.5488
Loglik: 6404.5779 
Percentage done: 20.00 % 
Acceptance rate on iteration 1 to 10000 is 8.0408 %
Covariance:
[0.0181555 -0.00438227 0.0184035; -0.00438227 0.00190507 -0.00451323; 0.0184035 -0.00451323 0.139391]
Loglik: 6405.5861 
Percentage done: 40.00 % 
Acceptance rate on iteration 10001 to 20000 is 7.6308 %
Covariance:
[0.0181555 -0.00438227 0.0184035; -0.00438227 0.00190507 -0.00451323; 0.0184035 -0.00451323 0.139391]
Loglik: 6402.6147 
Percentage done: 60.00 % 
Acceptance rate on iteration 20001 to 30000 is 8.6609 %
Covariance:
[0.0181555 -0.00438227 0.0184035; -0.00438227 0.00190507 -0.00451323; 0.0184035 -0.00451323 0.139391]
Loglik: 6404.3004 
Percentage done: 80.00 % 
Acceptance rate on iteration 30001 to 40000 is 8.2108 %
Covariance:
[0.0181555 -0.00438227 0.0184035; -0.00438227 0.00190507 -0.00451323; 0.0184035 -0.00451323 0.139391]
Loglik: 6405.0912 
elapsed time: 554.415068493 seconds
Ending DA-GP-MCMC with adaptive RW estimating 3 parameters
Algorithm: MCWM
Adaptation algorithm: noAdaptation
Prior distribution: Uniform
Particel filter: bootstrap
Time pre-er:  0
Time fit GP model:  0
Time er-part:  554
Number early-rejections: 40073
Number of cases directly to ordinary MH: 7595
Number of cases directly to ordinary MH accapted: 2931
Number cases in secound stage: 2331
Number accepted in secound stage: 1110
Total number of evaluations of the particle filter: 9926
Acceptance rate for ordinary MH accapted: 38.5912
Acceptance rate a_1: 5.4971
Acceptance rate a_2: 47.6190
Acceptance rate a_1*a_2: 2.6177
Acceptance rate a (for entier algorithm): 8.0820
Iterstion:
8
Starting DA-GP-MCMC with adaptive RW estimating 3 parameters
Covariance - kernel_MH_direct:
[0.0181555 -0.00438227 0.0184035; -0.00438227 0.00190507 -0.00451323; 0.0184035 -0.00451323 0.139391]
MCMC algorithm: MCWM
Adaptation algorithm: noAdaptation
Prior distribution: Uniform
Particel filter: bootstrap
Iteration: 1
Covariance:
[0.0181555 -0.00438227 0.0184035; -0.00438227 0.00190507 -0.00451323; 0.0184035 -0.00451323 0.139391]
ESS: 233.3399
Loglik: 6404.0959 
Percentage done: 20.00 % 
Acceptance rate on iteration 1 to 10000 is 8.2808 %
Covariance:
[0.0181555 -0.00438227 0.0184035; -0.00438227 0.00190507 -0.00451323; 0.0184035 -0.00451323 0.139391]
Loglik: 6404.2055 
Percentage done: 40.00 % 
Acceptance rate on iteration 10001 to 20000 is 8.3408 %
Covariance:
[0.0181555 -0.00438227 0.0184035; -0.00438227 0.00190507 -0.00451323; 0.0184035 -0.00451323 0.139391]
Loglik: 6404.1187 
Percentage done: 60.00 % 
Acceptance rate on iteration 20001 to 30000 is 8.4608 %
Covariance:
[0.0181555 -0.00438227 0.0184035; -0.00438227 0.00190507 -0.00451323; 0.0184035 -0.00451323 0.139391]
Loglik: 6406.0122 
Percentage done: 80.00 % 
Acceptance rate on iteration 30001 to 40000 is 7.7208 %
Covariance:
[0.0181555 -0.00438227 0.0184035; -0.00438227 0.00190507 -0.00451323; 0.0184035 -0.00451323 0.139391]
Loglik: 6405.6808 
ESS: 325.0256
ESS: 218.3652
elapsed time: 554.646597057 seconds
Ending DA-GP-MCMC with adaptive RW estimating 3 parameters
Algorithm: MCWM
Adaptation algorithm: noAdaptation
Prior distribution: Uniform
Particel filter: bootstrap
Time pre-er:  0
Time fit GP model:  0
Time er-part:  555
Number early-rejections: 40293
Number of cases directly to ordinary MH: 7382
Number of cases directly to ordinary MH accapted: 2914
Number cases in secound stage: 2324
Number accepted in secound stage: 1150
Total number of evaluations of the particle filter: 9706
Acceptance rate for ordinary MH accapted: 39.4744
Acceptance rate a_1: 5.4532
Acceptance rate a_2: 49.4836
Acceptance rate a_1*a_2: 2.6985
Acceptance rate a (for entier algorithm): 8.1280
Iterstion:
9
Starting DA-GP-MCMC with adaptive RW estimating 3 parameters
Covariance - kernel_MH_direct:
[0.0181555 -0.00438227 0.0184035; -0.00438227 0.00190507 -0.00451323; 0.0184035 -0.00451323 0.139391]
MCMC algorithm: MCWM
Adaptation algorithm: noAdaptation
Prior distribution: Uniform
Particel filter: bootstrap
Iteration: 1
Covariance:
[0.0181555 -0.00438227 0.0184035; -0.00438227 0.00190507 -0.00451323; 0.0184035 -0.00451323 0.139391]
ESS: 239.4941
Loglik: 6404.9155 
Percentage done: 20.00 % 
Acceptance rate on iteration 1 to 10000 is 7.5008 %
Covariance:
[0.0181555 -0.00438227 0.0184035; -0.00438227 0.00190507 -0.00451323; 0.0184035 -0.00451323 0.139391]
Loglik: 6405.6161 
Percentage done: 40.00 % 
Acceptance rate on iteration 10001 to 20000 is 7.8608 %
Covariance:
[0.0181555 -0.00438227 0.0184035; -0.00438227 0.00190507 -0.00451323; 0.0184035 -0.00451323 0.139391]
Loglik: 6402.5935 
Percentage done: 60.00 % 
Acceptance rate on iteration 20001 to 30000 is 7.7308 %
Covariance:
[0.0181555 -0.00438227 0.0184035; -0.00438227 0.00190507 -0.00451323; 0.0184035 -0.00451323 0.139391]
Loglik: 6403.1850 
ESS: 197.8456
ESS: 138.7396
Percentage done: 80.00 % 
Acceptance rate on iteration 30001 to 40000 is 7.9008 %
Covariance:
[0.0181555 -0.00438227 0.0184035; -0.00438227 0.00190507 -0.00451323; 0.0184035 -0.00451323 0.139391]
Loglik: 6404.9427 
elapsed time: 561.522745206 seconds
Ending DA-GP-MCMC with adaptive RW estimating 3 parameters
Algorithm: MCWM
Adaptation algorithm: noAdaptation
Prior distribution: Uniform
Particel filter: bootstrap
Time pre-er:  0
Time fit GP model:  0
Time er-part:  562
Number early-rejections: 40174
Number of cases directly to ordinary MH: 7598
Number of cases directly to ordinary MH accapted: 2835
Number cases in secound stage: 2227
Number accepted in secound stage: 1042
Total number of evaluations of the particle filter: 9825
Acceptance rate for ordinary MH accapted: 37.3125
Acceptance rate a_1: 5.2522
Acceptance rate a_2: 46.7894
Acceptance rate a_1*a_2: 2.4575
Acceptance rate a (for entier algorithm): 7.7540
Iterstion:
10
Starting DA-GP-MCMC with adaptive RW estimating 3 parameters
Covariance - kernel_MH_direct:
[0.0181555 -0.00438227 0.0184035; -0.00438227 0.00190507 -0.00451323; 0.0184035 -0.00451323 0.139391]
MCMC algorithm: MCWM
Adaptation algorithm: noAdaptation
Prior distribution: Uniform
Particel filter: bootstrap
Iteration: 1
Covariance:
[0.0181555 -0.00438227 0.0184035; -0.00438227 0.00190507 -0.00451323; 0.0184035 -0.00451323 0.139391]
ESS: 248.0388
Loglik: 6404.7193 
Percentage done: 20.00 % 
Acceptance rate on iteration 1 to 10000 is 8.3708 %
Covariance:
[0.0181555 -0.00438227 0.0184035; -0.00438227 0.00190507 -0.00451323; 0.0184035 -0.00451323 0.139391]
Loglik: 6404.3378 
Percentage done: 40.00 % 
Acceptance rate on iteration 10001 to 20000 is 8.4008 %
Covariance:
[0.0181555 -0.00438227 0.0184035; -0.00438227 0.00190507 -0.00451323; 0.0184035 -0.00451323 0.139391]
Loglik: 6402.1566 
Percentage done: 60.00 % 
Acceptance rate on iteration 20001 to 30000 is 8.0208 %
Covariance:
[0.0181555 -0.00438227 0.0184035; -0.00438227 0.00190507 -0.00451323; 0.0184035 -0.00451323 0.139391]
Loglik: 6404.9445 
Percentage done: 80.00 % 
Acceptance rate on iteration 30001 to 40000 is 8.1808 %
Covariance:
[0.0181555 -0.00438227 0.0184035; -0.00438227 0.00190507 -0.00451323; 0.0184035 -0.00451323 0.139391]
Loglik: 6405.3529 
ESS: 84.5339
ESS: 230.7812
elapsed time: 556.937730693 seconds
Ending DA-GP-MCMC with adaptive RW estimating 3 parameters
Algorithm: MCWM
Adaptation algorithm: noAdaptation
Prior distribution: Uniform
Particel filter: bootstrap
Time pre-er:  0
Time fit GP model:  0
Time er-part:  557
Number early-rejections: 40096
Number of cases directly to ordinary MH: 7446
Number of cases directly to ordinary MH accapted: 2888
Number cases in secound stage: 2457
Number accepted in secound stage: 1206
Total number of evaluations of the particle filter: 9903
Acceptance rate for ordinary MH accapted: 38.7859
Acceptance rate a_1: 5.7740
Acceptance rate a_2: 49.0842
Acceptance rate a_1*a_2: 2.8341
Acceptance rate a (for entier algorithm): 8.1880
Iterstion:
11
Starting DA-GP-MCMC with adaptive RW estimating 3 parameters
Covariance - kernel_MH_direct:
[0.0181555 -0.00438227 0.0184035; -0.00438227 0.00190507 -0.00451323; 0.0184035 -0.00451323 0.139391]
MCMC algorithm: MCWM
Adaptation algorithm: noAdaptation
Prior distribution: Uniform
Particel filter: bootstrap
Iteration: 1
Covariance:
[0.0181555 -0.00438227 0.0184035; -0.00438227 0.00190507 -0.00451323; 0.0184035 -0.00451323 0.139391]
ESS: 226.1216
Loglik: 6404.5162 
Percentage done: 20.00 % 
Acceptance rate on iteration 1 to 10000 is 8.2408 %
Covariance:
[0.0181555 -0.00438227 0.0184035; -0.00438227 0.00190507 -0.00451323; 0.0184035 -0.00451323 0.139391]
Loglik: 6404.3080 
Percentage done: 40.00 % 
Acceptance rate on iteration 10001 to 20000 is 8.1908 %
Covariance:
[0.0181555 -0.00438227 0.0184035; -0.00438227 0.00190507 -0.00451323; 0.0184035 -0.00451323 0.139391]
Loglik: 6401.1810 
Percentage done: 60.00 % 
Acceptance rate on iteration 20001 to 30000 is 8.3508 %
Covariance:
[0.0181555 -0.00438227 0.0184035; -0.00438227 0.00190507 -0.00451323; 0.0184035 -0.00451323 0.139391]
Loglik: 6404.0553 
Percentage done: 80.00 % 
Acceptance rate on iteration 30001 to 40000 is 7.5008 %
Covariance:
[0.0181555 -0.00438227 0.0184035; -0.00438227 0.00190507 -0.00451323; 0.0184035 -0.00451323 0.139391]
Loglik: 6403.7229 
elapsed time: 563.033598092 seconds
Ending DA-GP-MCMC with adaptive RW estimating 3 parameters
Algorithm: MCWM
Adaptation algorithm: noAdaptation
Prior distribution: Uniform
Particel filter: bootstrap
Time pre-er:  0
Time fit GP model:  0
Time er-part:  563
Number early-rejections: 39977
Number of cases directly to ordinary MH: 7662
Number of cases directly to ordinary MH accapted: 2899
Number cases in secound stage: 2360
Number accepted in secound stage: 1168
Total number of evaluations of the particle filter: 10022
Acceptance rate for ordinary MH accapted: 37.8361
Acceptance rate a_1: 5.5743
Acceptance rate a_2: 49.4915
Acceptance rate a_1*a_2: 2.7588
Acceptance rate a (for entier algorithm): 8.1340
Iterstion:
12
Starting DA-GP-MCMC with adaptive RW estimating 3 parameters
Covariance - kernel_MH_direct:
[0.0181555 -0.00438227 0.0184035; -0.00438227 0.00190507 -0.00451323; 0.0184035 -0.00451323 0.139391]
MCMC algorithm: MCWM
Adaptation algorithm: noAdaptation
Prior distribution: Uniform
Particel filter: bootstrap
Iteration: 1
Covariance:
[0.0181555 -0.00438227 0.0184035; -0.00438227 0.00190507 -0.00451323; 0.0184035 -0.00451323 0.139391]
ESS: 250.0235
Loglik: 6405.3193 
Percentage done: 20.00 % 
Acceptance rate on iteration 1 to 10000 is 7.7808 %
Covariance:
[0.0181555 -0.00438227 0.0184035; -0.00438227 0.00190507 -0.00451323; 0.0184035 -0.00451323 0.139391]
Loglik: 6403.5079 
ESS: 107.4106
ESS: 166.9676
Percentage done: 40.00 % 
Acceptance rate on iteration 10001 to 20000 is 7.2807 %
Covariance:
[0.0181555 -0.00438227 0.0184035; -0.00438227 0.00190507 -0.00451323; 0.0184035 -0.00451323 0.139391]
Loglik: 6405.2268 
Percentage done: 60.00 % 
Acceptance rate on iteration 20001 to 30000 is 8.2008 %
Covariance:
[0.0181555 -0.00438227 0.0184035; -0.00438227 0.00190507 -0.00451323; 0.0184035 -0.00451323 0.139391]
Loglik: 6403.4389 
Percentage done: 80.00 % 
Acceptance rate on iteration 30001 to 40000 is 7.8508 %
Covariance:
[0.0181555 -0.00438227 0.0184035; -0.00438227 0.00190507 -0.00451323; 0.0184035 -0.00451323 0.139391]
Loglik: 6405.2864 
ESS: 527.8191
ESS: 232.7130
elapsed time: 568.638876044 seconds
Ending DA-GP-MCMC with adaptive RW estimating 3 parameters
Algorithm: MCWM
Adaptation algorithm: noAdaptation
Prior distribution: Uniform
Particel filter: bootstrap
Time pre-er:  0
Time fit GP model:  0
Time er-part:  569
Number early-rejections: 40057
Number of cases directly to ordinary MH: 7597
Number of cases directly to ordinary MH accapted: 2816
Number cases in secound stage: 2345
Number accepted in secound stage: 1103
Total number of evaluations of the particle filter: 9942
Acceptance rate for ordinary MH accapted: 37.0673
Acceptance rate a_1: 5.5304
Acceptance rate a_2: 47.0362
Acceptance rate a_1*a_2: 2.6013
Acceptance rate a (for entier algorithm): 7.8380
Iterstion:
13
Starting DA-GP-MCMC with adaptive RW estimating 3 parameters
Covariance - kernel_MH_direct:
[0.0181555 -0.00438227 0.0184035; -0.00438227 0.00190507 -0.00451323; 0.0184035 -0.00451323 0.139391]
MCMC algorithm: MCWM
Adaptation algorithm: noAdaptation
Prior distribution: Uniform
Particel filter: bootstrap
Iteration: 1
Covariance:
[0.0181555 -0.00438227 0.0184035; -0.00438227 0.00190507 -0.00451323; 0.0184035 -0.00451323 0.139391]
ESS: 238.5593
Loglik: 6403.6419 
Percentage done: 20.00 % 
Acceptance rate on iteration 1 to 10000 is 8.0408 %
Covariance:
[0.0181555 -0.00438227 0.0184035; -0.00438227 0.00190507 -0.00451323; 0.0184035 -0.00451323 0.139391]
Loglik: 6403.1024 
Percentage done: 40.00 % 
Acceptance rate on iteration 10001 to 20000 is 8.1908 %
Covariance:
[0.0181555 -0.00438227 0.0184035; -0.00438227 0.00190507 -0.00451323; 0.0184035 -0.00451323 0.139391]
Loglik: 6399.9459 
Percentage done: 60.00 % 
Acceptance rate on iteration 20001 to 30000 is 7.9208 %
Covariance:
[0.0181555 -0.00438227 0.0184035; -0.00438227 0.00190507 -0.00451323; 0.0184035 -0.00451323 0.139391]
Loglik: 6403.2973 
Percentage done: 80.00 % 
Acceptance rate on iteration 30001 to 40000 is 8.0108 %
Covariance:
[0.0181555 -0.00438227 0.0184035; -0.00438227 0.00190507 -0.00451323; 0.0184035 -0.00451323 0.139391]
Loglik: 6404.6006 
elapsed time: 559.24234265 seconds
Ending DA-GP-MCMC with adaptive RW estimating 3 parameters
Algorithm: MCWM
Adaptation algorithm: noAdaptation
Prior distribution: Uniform
Particel filter: bootstrap
Time pre-er:  0
Time fit GP model:  0
Time er-part:  559
Number early-rejections: 40134
Number of cases directly to ordinary MH: 7476
Number of cases directly to ordinary MH accapted: 2845
Number cases in secound stage: 2389
Number accepted in secound stage: 1170
Total number of evaluations of the particle filter: 9865
Acceptance rate for ordinary MH accapted: 38.0551
Acceptance rate a_1: 5.6181
Acceptance rate a_2: 48.9745
Acceptance rate a_1*a_2: 2.7515
Acceptance rate a (for entier algorithm): 8.0300
Iterstion:
14
Starting DA-GP-MCMC with adaptive RW estimating 3 parameters
Covariance - kernel_MH_direct:
[0.0181555 -0.00438227 0.0184035; -0.00438227 0.00190507 -0.00451323; 0.0184035 -0.00451323 0.139391]
MCMC algorithm: MCWM
Adaptation algorithm: noAdaptation
Prior distribution: Uniform
Particel filter: bootstrap
Iteration: 1
Covariance:
[0.0181555 -0.00438227 0.0184035; -0.00438227 0.00190507 -0.00451323; 0.0184035 -0.00451323 0.139391]
ESS: 226.8401
Loglik: 6403.9712 
Percentage done: 20.00 % 
Acceptance rate on iteration 1 to 10000 is 8.1008 %
Covariance:
[0.0181555 -0.00438227 0.0184035; -0.00438227 0.00190507 -0.00451323; 0.0184035 -0.00451323 0.139391]
Loglik: 6404.6086 
Percentage done: 40.00 % 
Acceptance rate on iteration 10001 to 20000 is 7.8308 %
Covariance:
[0.0181555 -0.00438227 0.0184035; -0.00438227 0.00190507 -0.00451323; 0.0184035 -0.00451323 0.139391]
Loglik: 6402.5894 
Percentage done: 60.00 % 
Acceptance rate on iteration 20001 to 30000 is 7.4307 %
Covariance:
[0.0181555 -0.00438227 0.0184035; -0.00438227 0.00190507 -0.00451323; 0.0184035 -0.00451323 0.139391]
Loglik: 6404.8974 
Percentage done: 80.00 % 
Acceptance rate on iteration 30001 to 40000 is 8.1408 %
Covariance:
[0.0181555 -0.00438227 0.0184035; -0.00438227 0.00190507 -0.00451323; 0.0184035 -0.00451323 0.139391]
Loglik: 6404.8519 
elapsed time: 553.911606523 seconds
Ending DA-GP-MCMC with adaptive RW estimating 3 parameters
Algorithm: MCWM
Adaptation algorithm: noAdaptation
Prior distribution: Uniform
Particel filter: bootstrap
Time pre-er:  0
Time fit GP model:  0
Time er-part:  554
Number early-rejections: 40082
Number of cases directly to ordinary MH: 7622
Number of cases directly to ordinary MH accapted: 2820
Number cases in secound stage: 2295
Number accepted in secound stage: 1134
Total number of evaluations of the particle filter: 9917
Acceptance rate for ordinary MH accapted: 36.9982
Acceptance rate a_1: 5.4157
Acceptance rate a_2: 49.4118
Acceptance rate a_1*a_2: 2.6760
Acceptance rate a (for entier algorithm): 7.9080
Iterstion:
15
Starting DA-GP-MCMC with adaptive RW estimating 3 parameters
Covariance - kernel_MH_direct:
[0.0181555 -0.00438227 0.0184035; -0.00438227 0.00190507 -0.00451323; 0.0184035 -0.00451323 0.139391]
MCMC algorithm: MCWM
Adaptation algorithm: noAdaptation
Prior distribution: Uniform
Particel filter: bootstrap
Iteration: 1
Covariance:
[0.0181555 -0.00438227 0.0184035; -0.00438227 0.00190507 -0.00451323; 0.0184035 -0.00451323 0.139391]
ESS: 223.4325
Loglik: 6404.5933 
Percentage done: 20.00 % 
Acceptance rate on iteration 1 to 10000 is 7.8908 %
Covariance:
[0.0181555 -0.00438227 0.0184035; -0.00438227 0.00190507 -0.00451323; 0.0184035 -0.00451323 0.139391]
Loglik: 6404.4284 
Percentage done: 40.00 % 
Acceptance rate on iteration 10001 to 20000 is 7.2207 %
Covariance:
[0.0181555 -0.00438227 0.0184035; -0.00438227 0.00190507 -0.00451323; 0.0184035 -0.00451323 0.139391]
Loglik: 6404.8734 
Percentage done: 60.00 % 
Acceptance rate on iteration 20001 to 30000 is 8.2608 %
Covariance:
[0.0181555 -0.00438227 0.0184035; -0.00438227 0.00190507 -0.00451323; 0.0184035 -0.00451323 0.139391]
Loglik: 6402.7792 
Percentage done: 80.00 % 
Acceptance rate on iteration 30001 to 40000 is 8.1708 %
Covariance:
[0.0181555 -0.00438227 0.0184035; -0.00438227 0.00190507 -0.00451323; 0.0184035 -0.00451323 0.139391]
Loglik: 6405.2421 
elapsed time: 555.274021668 seconds
Ending DA-GP-MCMC with adaptive RW estimating 3 parameters
Algorithm: MCWM
Adaptation algorithm: noAdaptation
Prior distribution: Uniform
Particel filter: bootstrap
Time pre-er:  0
Time fit GP model:  0
Time er-part:  555
Number early-rejections: 40273
Number of cases directly to ordinary MH: 7419
Number of cases directly to ordinary MH accapted: 2829
Number cases in secound stage: 2307
Number accepted in secound stage: 1112
Total number of evaluations of the particle filter: 9726
Acceptance rate for ordinary MH accapted: 38.1318
Acceptance rate a_1: 5.4180
Acceptance rate a_2: 48.2011
Acceptance rate a_1*a_2: 2.6116
Acceptance rate a (for entier algorithm): 7.8820
Iterstion:
16
Starting DA-GP-MCMC with adaptive RW estimating 3 parameters
Covariance - kernel_MH_direct:
[0.0181555 -0.00438227 0.0184035; -0.00438227 0.00190507 -0.00451323; 0.0184035 -0.00451323 0.139391]
MCMC algorithm: MCWM
Adaptation algorithm: noAdaptation
Prior distribution: Uniform
Particel filter: bootstrap
Iteration: 1
Covariance:
[0.0181555 -0.00438227 0.0184035; -0.00438227 0.00190507 -0.00451323; 0.0184035 -0.00451323 0.139391]
ESS: 241.2383
Loglik: 6404.9273 
Percentage done: 20.00 % 
Acceptance rate on iteration 1 to 10000 is 8.1308 %
Covariance:
[0.0181555 -0.00438227 0.0184035; -0.00438227 0.00190507 -0.00451323; 0.0184035 -0.00451323 0.139391]
Loglik: 6402.8787 
Percentage done: 40.00 % 
Acceptance rate on iteration 10001 to 20000 is 8.0408 %
Covariance:
[0.0181555 -0.00438227 0.0184035; -0.00438227 0.00190507 -0.00451323; 0.0184035 -0.00451323 0.139391]
Loglik: 6405.0339 
Percentage done: 60.00 % 
Acceptance rate on iteration 20001 to 30000 is 8.7009 %
Covariance:
[0.0181555 -0.00438227 0.0184035; -0.00438227 0.00190507 -0.00451323; 0.0184035 -0.00451323 0.139391]
Loglik: 6404.5582 
Percentage done: 80.00 % 
Acceptance rate on iteration 30001 to 40000 is 8.0508 %
Covariance:
[0.0181555 -0.00438227 0.0184035; -0.00438227 0.00190507 -0.00451323; 0.0184035 -0.00451323 0.139391]
Loglik: 6404.4648 
ESS: 59.8272
ESS: 118.2648
elapsed time: 552.960442151 seconds
Ending DA-GP-MCMC with adaptive RW estimating 3 parameters
Algorithm: MCWM
Adaptation algorithm: noAdaptation
Prior distribution: Uniform
Particel filter: bootstrap
Time pre-er:  0
Time fit GP model:  0
Time er-part:  553
Number early-rejections: 40060
Number of cases directly to ordinary MH: 7497
Number of cases directly to ordinary MH accapted: 2928
Number cases in secound stage: 2442
Number accepted in secound stage: 1195
Total number of evaluations of the particle filter: 9939
Acceptance rate for ordinary MH accapted: 39.0556
Acceptance rate a_1: 5.7456
Acceptance rate a_2: 48.9353
Acceptance rate a_1*a_2: 2.8116
Acceptance rate a (for entier algorithm): 8.2460
Iterstion:
17
Starting DA-GP-MCMC with adaptive RW estimating 3 parameters
Covariance - kernel_MH_direct:
[0.0181555 -0.00438227 0.0184035; -0.00438227 0.00190507 -0.00451323; 0.0184035 -0.00451323 0.139391]
MCMC algorithm: MCWM
Adaptation algorithm: noAdaptation
Prior distribution: Uniform
Particel filter: bootstrap
Iteration: 1
Covariance:
[0.0181555 -0.00438227 0.0184035; -0.00438227 0.00190507 -0.00451323; 0.0184035 -0.00451323 0.139391]
ESS: 222.3860
Loglik: 6405.3004 
Percentage done: 20.00 % 
Acceptance rate on iteration 1 to 10000 is 8.0408 %
Covariance:
[0.0181555 -0.00438227 0.0184035; -0.00438227 0.00190507 -0.00451323; 0.0184035 -0.00451323 0.139391]
Loglik: 6401.2829 
Percentage done: 40.00 % 
Acceptance rate on iteration 10001 to 20000 is 8.4508 %
Covariance:
[0.0181555 -0.00438227 0.0184035; -0.00438227 0.00190507 -0.00451323; 0.0184035 -0.00451323 0.139391]
Loglik: 6403.4704 
ESS: 325.7196
ESS: 336.8665
Percentage done: 60.00 % 
Acceptance rate on iteration 20001 to 30000 is 7.6308 %
Covariance:
[0.0181555 -0.00438227 0.0184035; -0.00438227 0.00190507 -0.00451323; 0.0184035 -0.00451323 0.139391]
Loglik: 6402.2430 
Percentage done: 80.00 % 
Acceptance rate on iteration 30001 to 40000 is 8.2908 %
Covariance:
[0.0181555 -0.00438227 0.0184035; -0.00438227 0.00190507 -0.00451323; 0.0184035 -0.00451323 0.139391]
Loglik: 6403.0553 
elapsed time: 555.281660401 seconds
Ending DA-GP-MCMC with adaptive RW estimating 3 parameters
Algorithm: MCWM
Adaptation algorithm: noAdaptation
Prior distribution: Uniform
Particel filter: bootstrap
Time pre-er:  0
Time fit GP model:  0
Time er-part:  555
Number early-rejections: 40096
Number of cases directly to ordinary MH: 7528
Number of cases directly to ordinary MH accapted: 2902
Number cases in secound stage: 2375
Number accepted in secound stage: 1148
Total number of evaluations of the particle filter: 9903
Acceptance rate for ordinary MH accapted: 38.5494
Acceptance rate a_1: 5.5921
Acceptance rate a_2: 48.3368
Acceptance rate a_1*a_2: 2.7030
Acceptance rate a (for entier algorithm): 8.1000
Iterstion:
18
Starting DA-GP-MCMC with adaptive RW estimating 3 parameters
Covariance - kernel_MH_direct:
[0.0181555 -0.00438227 0.0184035; -0.00438227 0.00190507 -0.00451323; 0.0184035 -0.00451323 0.139391]
MCMC algorithm: MCWM
Adaptation algorithm: noAdaptation
Prior distribution: Uniform
Particel filter: bootstrap
Iteration: 1
Covariance:
[0.0181555 -0.00438227 0.0184035; -0.00438227 0.00190507 -0.00451323; 0.0184035 -0.00451323 0.139391]
ESS: 251.1226
Loglik: 6403.8274 
Percentage done: 20.00 % 
Acceptance rate on iteration 1 to 10000 is 7.8708 %
Covariance:
[0.0181555 -0.00438227 0.0184035; -0.00438227 0.00190507 -0.00451323; 0.0184035 -0.00451323 0.139391]
Loglik: 6403.3017 
ESS: 121.6272
ESS: 158.0551
Percentage done: 40.00 % 
Acceptance rate on iteration 10001 to 20000 is 7.9608 %
Covariance:
[0.0181555 -0.00438227 0.0184035; -0.00438227 0.00190507 -0.00451323; 0.0184035 -0.00451323 0.139391]
Loglik: 6404.1715 
Percentage done: 60.00 % 
Acceptance rate on iteration 20001 to 30000 is 8.1808 %
Covariance:
[0.0181555 -0.00438227 0.0184035; -0.00438227 0.00190507 -0.00451323; 0.0184035 -0.00451323 0.139391]
Loglik: 6404.1383 
Percentage done: 80.00 % 
Acceptance rate on iteration 30001 to 40000 is 7.7708 %
Covariance:
[0.0181555 -0.00438227 0.0184035; -0.00438227 0.00190507 -0.00451323; 0.0184035 -0.00451323 0.139391]
Loglik: 6403.6108 
elapsed time: 557.036280885 seconds
Ending DA-GP-MCMC with adaptive RW estimating 3 parameters
Algorithm: MCWM
Adaptation algorithm: noAdaptation
Prior distribution: Uniform
Particel filter: bootstrap
Time pre-er:  0
Time fit GP model:  0
Time er-part:  557
Number early-rejections: 40232
Number of cases directly to ordinary MH: 7416
Number of cases directly to ordinary MH accapted: 2823
Number cases in secound stage: 2351
Number accepted in secound stage: 1139
Total number of evaluations of the particle filter: 9767
Acceptance rate for ordinary MH accapted: 38.0663
Acceptance rate a_1: 5.5210
Acceptance rate a_2: 48.4475
Acceptance rate a_1*a_2: 2.6748
Acceptance rate a (for entier algorithm): 7.9240
Iterstion:
19
Starting DA-GP-MCMC with adaptive RW estimating 3 parameters
Covariance - kernel_MH_direct:
[0.0181555 -0.00438227 0.0184035; -0.00438227 0.00190507 -0.00451323; 0.0184035 -0.00451323 0.139391]
MCMC algorithm: MCWM
Adaptation algorithm: noAdaptation
Prior distribution: Uniform
Particel filter: bootstrap
Iteration: 1
Covariance:
[0.0181555 -0.00438227 0.0184035; -0.00438227 0.00190507 -0.00451323; 0.0184035 -0.00451323 0.139391]
ESS: 240.3251
Loglik: 6405.0163 
Percentage done: 20.00 % 
Acceptance rate on iteration 1 to 10000 is 7.5508 %
Covariance:
[0.0181555 -0.00438227 0.0184035; -0.00438227 0.00190507 -0.00451323; 0.0184035 -0.00451323 0.139391]
Loglik: 6403.4002 
ESS: 320.2256
ESS: 258.5231
Percentage done: 40.00 % 
Acceptance rate on iteration 10001 to 20000 is 7.7208 %
Covariance:
[0.0181555 -0.00438227 0.0184035; -0.00438227 0.00190507 -0.00451323; 0.0184035 -0.00451323 0.139391]
Loglik: 6403.4780 
ESS: 256.9087
ESS: 219.1909
Percentage done: 60.00 % 
Acceptance rate on iteration 20001 to 30000 is 7.9708 %
Covariance:
[0.0181555 -0.00438227 0.0184035; -0.00438227 0.00190507 -0.00451323; 0.0184035 -0.00451323 0.139391]
Loglik: 6403.2376 
Percentage done: 80.00 % 
Acceptance rate on iteration 30001 to 40000 is 8.2008 %
Covariance:
[0.0181555 -0.00438227 0.0184035; -0.00438227 0.00190507 -0.00451323; 0.0184035 -0.00451323 0.139391]
Loglik: 6403.3933 
ESS: 164.3564
ESS: 339.0691
elapsed time: 574.809520681 seconds
Ending DA-GP-MCMC with adaptive RW estimating 3 parameters
Algorithm: MCWM
Adaptation algorithm: noAdaptation
Prior distribution: Uniform
Particel filter: bootstrap
Time pre-er:  0
Time fit GP model:  0
