Starting ml estimationLength of training data: 1800Start values for optimization:
[-1740.36; 1405.28; 4774.01; -62.7847; -76.8598; -748.329; -4.62424; -356.684; 8.8138; 6.80207; 0.738892; 0.392318; -1.77552; -2.97788; -0.867109]Iter     Function value   Gradient norm 
     0     3.016152e+03     4.608370e+03
     1     2.312323e+03     1.996813e+03
     2     1.388445e+03     1.621594e+03
     3     1.140757e+03     1.150942e+03
     4     1.099088e+03     9.546128e+02
     5     1.040948e+03     2.099395e+02
     6     1.038010e+03     1.145868e+02
     7     1.035119e+03     9.424871e+01
     8     1.024361e+03     3.451812e+02
     9     1.007710e+03     3.507439e+02
    10     9.953023e+02     2.351203e+02
    11     9.878889e+02     1.816452e+02
    12     9.753757e+02     2.891777e+02
    13     9.480374e+02     2.319831e+02
    14     9.441591e+02     5.803880e+01
    15     9.435748e+02     4.815715e+01
    16     9.417955e+02     1.836990e+02
    17     9.417965e+02     4.709357e+02
Estimated parameters of the GP model:
Estimated Β:s:
[-1740.38,1405.27,4773.97,-62.7572,-76.7039,-748.484,-4.5995,-356.776,8.85184,6.90226]
Estimated log Φ:s:
[-0.298681,-0.587577,-2.01521,-2.31576,-0.888738]
elapsed time: 497.697569292 seconds
Iterstion:
1
Starting DA-GP-MCMC with adaptive RW estimating 3 parameters
Covariance - kernel_MH_direct:
[0.0181555 -0.00438227 0.0184035; -0.00438227 0.00190507 -0.00451323; 0.0184035 -0.00451323 0.139391]
MCMC algorithm: MCWM
Adaptation algorithm: noAdaptation
Prior distribution: Uniform
Particel filter: bootstrap
Iteration: 1
Covariance:
[0.0181555 -0.00438227 0.0184035; -0.00438227 0.00190507 -0.00451323; 0.0184035 -0.00451323 0.139391]
ESS: 237.4362
Loglik: 6405.3265 
Percentage done: 20.00 % 
Acceptance rate on iteration 1 to 10000 is 8.1408 %
Covariance:
[0.0181555 -0.00438227 0.0184035; -0.00438227 0.00190507 -0.00451323; 0.0184035 -0.00451323 0.139391]
Loglik: 6402.7794 
Percentage done: 40.00 % 
Acceptance rate on iteration 10001 to 20000 is 7.6408 %
Covariance:
[0.0181555 -0.00438227 0.0184035; -0.00438227 0.00190507 -0.00451323; 0.0184035 -0.00451323 0.139391]
Loglik: 6403.4125 
Percentage done: 60.00 % 
Acceptance rate on iteration 20001 to 30000 is 7.6008 %
Covariance:
[0.0181555 -0.00438227 0.0184035; -0.00438227 0.00190507 -0.00451323; 0.0184035 -0.00451323 0.139391]
Loglik: 6404.2473 
Percentage done: 80.00 % 
Acceptance rate on iteration 30001 to 40000 is 8.1008 %
Covariance:
[0.0181555 -0.00438227 0.0184035; -0.00438227 0.00190507 -0.00451323; 0.0184035 -0.00451323 0.139391]
Loglik: 6405.0734 
elapsed time: 607.038580016 seconds
Ending DA-GP-MCMC with adaptive RW estimating 3 parameters
Algorithm: MCWM
Adaptation algorithm: noAdaptation
Prior distribution: Uniform
Particel filter: bootstrap
Time pre-er:  0
Time fit GP model:  0
Time er-part:  607
Number early-rejections: 40320
Number of cases directly to ordinary MH: 7428
Number of cases directly to ordinary MH accapted: 2869
Number cases in secound stage: 2251
Number accepted in secound stage: 1111
Total number of evaluations of the particle filter: 9679
Acceptance rate for ordinary MH accapted: 38.6241
Acceptance rate a_1: 5.2876
Acceptance rate a_2: 49.3558
Acceptance rate a_1*a_2: 2.6098
Acceptance rate a (for entier algorithm): 7.9600
Iterstion:
2
Starting DA-GP-MCMC with adaptive RW estimating 3 parameters
Covariance - kernel_MH_direct:
[0.0181555 -0.00438227 0.0184035; -0.00438227 0.00190507 -0.00451323; 0.0184035 -0.00451323 0.139391]
MCMC algorithm: MCWM
Adaptation algorithm: noAdaptation
Prior distribution: Uniform
Particel filter: bootstrap
Iteration: 1
Covariance:
[0.0181555 -0.00438227 0.0184035; -0.00438227 0.00190507 -0.00451323; 0.0184035 -0.00451323 0.139391]
ESS: 228.7024
Loglik: 6404.8701 
Percentage done: 20.00 % 
Acceptance rate on iteration 1 to 10000 is 8.1408 %
Covariance:
[0.0181555 -0.00438227 0.0184035; -0.00438227 0.00190507 -0.00451323; 0.0184035 -0.00451323 0.139391]
Loglik: 6400.9903 
Percentage done: 40.00 % 
Acceptance rate on iteration 10001 to 20000 is 7.9908 %
Covariance:
[0.0181555 -0.00438227 0.0184035; -0.00438227 0.00190507 -0.00451323; 0.0184035 -0.00451323 0.139391]
Loglik: 6403.2060 
Percentage done: 60.00 % 
Acceptance rate on iteration 20001 to 30000 is 8.6109 %
Covariance:
[0.0181555 -0.00438227 0.0184035; -0.00438227 0.00190507 -0.00451323; 0.0184035 -0.00451323 0.139391]
Loglik: 6402.2271 
ESS: 124.8936
ESS: 209.2025
Percentage done: 80.00 % 
Acceptance rate on iteration 30001 to 40000 is 8.4008 %
Covariance:
[0.0181555 -0.00438227 0.0184035; -0.00438227 0.00190507 -0.00451323; 0.0184035 -0.00451323 0.139391]
Loglik: 6403.6310 
ESS: 175.4258
ESS: 310.7180
elapsed time: 610.930656723 seconds
Ending DA-GP-MCMC with adaptive RW estimating 3 parameters
Algorithm: MCWM
Adaptation algorithm: noAdaptation
Prior distribution: Uniform
Particel filter: bootstrap
Time pre-er:  0
Time fit GP model:  0
Time er-part:  611
Number early-rejections: 40040
Number of cases directly to ordinary MH: 7571
Number of cases directly to ordinary MH accapted: 2978
Number cases in secound stage: 2388
Number accepted in secound stage: 1135
Total number of evaluations of the particle filter: 9959
Acceptance rate for ordinary MH accapted: 39.3343
Acceptance rate a_1: 5.6284
Acceptance rate a_2: 47.5293
Acceptance rate a_1*a_2: 2.6751
Acceptance rate a (for entier algorithm): 8.2260
Iterstion:
3
Starting DA-GP-MCMC with adaptive RW estimating 3 parameters
Covariance - kernel_MH_direct:
[0.0181555 -0.00438227 0.0184035; -0.00438227 0.00190507 -0.00451323; 0.0184035 -0.00451323 0.139391]
MCMC algorithm: MCWM
Adaptation algorithm: noAdaptation
Prior distribution: Uniform
Particel filter: bootstrap
Iteration: 1
Covariance:
[0.0181555 -0.00438227 0.0184035; -0.00438227 0.00190507 -0.00451323; 0.0184035 -0.00451323 0.139391]
ESS: 232.4750
Loglik: 6405.2372 
Percentage done: 20.00 % 
Acceptance rate on iteration 1 to 10000 is 8.1108 %
Covariance:
[0.0181555 -0.00438227 0.0184035; -0.00438227 0.00190507 -0.00451323; 0.0184035 -0.00451323 0.139391]
Loglik: 6405.4126 
Percentage done: 40.00 % 
Acceptance rate on iteration 10001 to 20000 is 7.6208 %
Covariance:
[0.0181555 -0.00438227 0.0184035; -0.00438227 0.00190507 -0.00451323; 0.0184035 -0.00451323 0.139391]
Loglik: 6405.3599 
ESS: 152.8504
ESS: 230.4018
Percentage done: 60.00 % 
Acceptance rate on iteration 20001 to 30000 is 7.6708 %
Covariance:
[0.0181555 -0.00438227 0.0184035; -0.00438227 0.00190507 -0.00451323; 0.0184035 -0.00451323 0.139391]
Loglik: 6403.2406 
Percentage done: 80.00 % 
Acceptance rate on iteration 30001 to 40000 is 8.0208 %
Covariance:
[0.0181555 -0.00438227 0.0184035; -0.00438227 0.00190507 -0.00451323; 0.0184035 -0.00451323 0.139391]
Loglik: 6401.5030 
elapsed time: 610.98608179 seconds
Ending DA-GP-MCMC with adaptive RW estimating 3 parameters
Algorithm: MCWM
Adaptation algorithm: noAdaptation
Prior distribution: Uniform
Particel filter: bootstrap
Time pre-er:  0
Time fit GP model:  0
Time er-part:  611
Number early-rejections: 40160
Number of cases directly to ordinary MH: 7400
Number of cases directly to ordinary MH accapted: 2771
Number cases in secound stage: 2439
Number accepted in secound stage: 1189
Total number of evaluations of the particle filter: 9839
Acceptance rate for ordinary MH accapted: 37.4459
Acceptance rate a_1: 5.7255
Acceptance rate a_2: 48.7495
Acceptance rate a_1*a_2: 2.7911
Acceptance rate a (for entier algorithm): 7.9200
Iterstion:
4
Starting DA-GP-MCMC with adaptive RW estimating 3 parameters
Covariance - kernel_MH_direct:
[0.0181555 -0.00438227 0.0184035; -0.00438227 0.00190507 -0.00451323; 0.0184035 -0.00451323 0.139391]
MCMC algorithm: MCWM
Adaptation algorithm: noAdaptation
Prior distribution: Uniform
Particel filter: bootstrap
Iteration: 1
Covariance:
[0.0181555 -0.00438227 0.0184035; -0.00438227 0.00190507 -0.00451323; 0.0184035 -0.00451323 0.139391]
ESS: 240.7469
Loglik: 6403.6449 
Percentage done: 20.00 % 
Acceptance rate on iteration 1 to 10000 is 8.3208 %
Covariance:
[0.0181555 -0.00438227 0.0184035; -0.00438227 0.00190507 -0.00451323; 0.0184035 -0.00451323 0.139391]
Loglik: 6402.1394 
ESS: 65.9278
ESS: 164.6596
Percentage done: 40.00 % 
Acceptance rate on iteration 10001 to 20000 is 7.6608 %
Covariance:
[0.0181555 -0.00438227 0.0184035; -0.00438227 0.00190507 -0.00451323; 0.0184035 -0.00451323 0.139391]
Loglik: 6404.2493 
Percentage done: 60.00 % 
Acceptance rate on iteration 20001 to 30000 is 8.4208 %
Covariance:
[0.0181555 -0.00438227 0.0184035; -0.00438227 0.00190507 -0.00451323; 0.0184035 -0.00451323 0.139391]
Loglik: 6404.4723 
Percentage done: 80.00 % 
Acceptance rate on iteration 30001 to 40000 is 7.5408 %
Covariance:
[0.0181555 -0.00438227 0.0184035; -0.00438227 0.00190507 -0.00451323; 0.0184035 -0.00451323 0.139391]
Loglik: 6404.4001 
elapsed time: 613.250532557 seconds
Ending DA-GP-MCMC with adaptive RW estimating 3 parameters
Algorithm: MCWM
Adaptation algorithm: noAdaptation
Prior distribution: Uniform
Particel filter: bootstrap
Time pre-er:  0
Time fit GP model:  0
Time er-part:  613
Number early-rejections: 40048
Number of cases directly to ordinary MH: 7675
Number of cases directly to ordinary MH accapted: 2868
Number cases in secound stage: 2276
Number accepted in secound stage: 1100
Total number of evaluations of the particle filter: 9951
Acceptance rate for ordinary MH accapted: 37.3681
Acceptance rate a_1: 5.3776
Acceptance rate a_2: 48.3304
Acceptance rate a_1*a_2: 2.5990
Acceptance rate a (for entier algorithm): 7.9360
Iterstion:
5
Starting DA-GP-MCMC with adaptive RW estimating 3 parameters
Covariance - kernel_MH_direct:
[0.0181555 -0.00438227 0.0184035; -0.00438227 0.00190507 -0.00451323; 0.0184035 -0.00451323 0.139391]
MCMC algorithm: MCWM
Adaptation algorithm: noAdaptation
Prior distribution: Uniform
Particel filter: bootstrap
Iteration: 1
Covariance:
[0.0181555 -0.00438227 0.0184035; -0.00438227 0.00190507 -0.00451323; 0.0184035 -0.00451323 0.139391]
ESS: 233.2304
Loglik: 6405.0548 
Percentage done: 20.00 % 
Acceptance rate on iteration 1 to 10000 is 8.2208 %
Covariance:
[0.0181555 -0.00438227 0.0184035; -0.00438227 0.00190507 -0.00451323; 0.0184035 -0.00451323 0.139391]
Loglik: 6403.7276 
Percentage done: 40.00 % 
Acceptance rate on iteration 10001 to 20000 is 8.0708 %
Covariance:
[0.0181555 -0.00438227 0.0184035; -0.00438227 0.00190507 -0.00451323; 0.0184035 -0.00451323 0.139391]
Loglik: 6405.4644 
ESS: 396.1220
ESS: 265.1539
Percentage done: 60.00 % 
Acceptance rate on iteration 20001 to 30000 is 7.6508 %
Covariance:
[0.0181555 -0.00438227 0.0184035; -0.00438227 0.00190507 -0.00451323; 0.0184035 -0.00451323 0.139391]
Loglik: 6404.6524 
Percentage done: 80.00 % 
Acceptance rate on iteration 30001 to 40000 is 8.0808 %
Covariance:
[0.0181555 -0.00438227 0.0184035; -0.00438227 0.00190507 -0.00451323; 0.0184035 -0.00451323 0.139391]
Loglik: 6405.7239 
elapsed time: 616.657645667 seconds
Ending DA-GP-MCMC with adaptive RW estimating 3 parameters
Algorithm: MCWM
Adaptation algorithm: noAdaptation
Prior distribution: Uniform
Particel filter: bootstrap
Time pre-er:  0
Time fit GP model:  0
Time er-part:  617
Number early-rejections: 39985
Number of cases directly to ordinary MH: 7600
Number of cases directly to ordinary MH accapted: 2864
Number cases in secound stage: 2414
Number accepted in secound stage: 1141
Total number of evaluations of the particle filter: 10014
Acceptance rate for ordinary MH accapted: 37.6842
Acceptance rate a_1: 5.6935
Acceptance rate a_2: 47.2659
Acceptance rate a_1*a_2: 2.6911
Acceptance rate a (for entier algorithm): 8.0100
Est prob:
[0.575592,0.900758,0.424408,0.0992419]
Iterstion:
1
Covariance - kernel_secound_stage_direct:
[0.0181555 -0.00438227 0.0184035; -0.00438227 0.00190507 -0.00451323; 0.0184035 -0.00451323 0.139391]
Starting ADA-GP-MCMC with adaptive RW estimating 3 parameters
MCMC algorithm: MCWM
Adaptation algorithm: noAdaptation
Select case model: DT
Prior distribution: Uniform
Particel filter: bootstrap
Iteration: 1
Covariance:
[0.0181555 -0.00438227 0.0184035; -0.00438227 0.00190507 -0.00451323; 0.0184035 -0.00451323 0.139391]
ESS: 264.7227
Loglik: 6405.3612 
Percentage done: 20.00 % 
Acceptance rate on iteration 1 to 10000 is 8.9709 %
Covariance:
[0.0181555 -0.00438227 0.0184035; -0.00438227 0.00190507 -0.00451323; 0.0184035 -0.00451323 0.139391]
Loglik: 6403.5804 
Percentage done: 40.00 % 
Acceptance rate on iteration 10001 to 20000 is 8.7309 %
Covariance:
[0.0181555 -0.00438227 0.0184035; -0.00438227 0.00190507 -0.00451323; 0.0184035 -0.00451323 0.139391]
Loglik: 6403.7159 
Percentage done: 60.00 % 
Acceptance rate on iteration 20001 to 30000 is 8.7709 %
Covariance:
[0.0181555 -0.00438227 0.0184035; -0.00438227 0.00190507 -0.00451323; 0.0184035 -0.00451323 0.139391]
Loglik: 6404.9508 
Percentage done: 80.00 % 
Acceptance rate on iteration 30001 to 40000 is 9.1709 %
Covariance:
[0.0181555 -0.00438227 0.0184035; -0.00438227 0.00190507 -0.00451323; 0.0184035 -0.00451323 0.139391]
Loglik: NaN 
elapsed time: 608.737005372 seconds
Ending ADA-GP-MCMC with adaptive RW estimating 3 parameters
Algorithm: MCWM
Adaptation algorithm: noAdaptation
Prior distribution: Uniform
Particel filter: bootstrap
Time consumption:Time pre-er:  0
Time fit GP model:  0
Time er-part:  609
Number early-rejections: 39985
Number of cases directly to ordinary MH: 7478
Number of cases directly to ordinary MH accapted: 2881
Number split accaptance region early-accept: 341
Number split accaptance region early-reject: 430
Number cases in secound stage: 2536
Number accepted in secound stage: 794
Acceptance rate for ordinary MH accapted: 38.5263
Acceptance rate a_1: 5.9641
Acceptance rate a_2: 31.3091
Acceptance rate a_1*a_2: 1.8673
Acceptance rate a (for entier algorithm): 8.8920
Total number of evaluations of the particle filter: 9243
Number case 1 or 3: 2153
Number case 2 or 4: 383
Number case 1: 1489, 69.1593 % of all cases
Number case 2: 298, 77.8068 % of all cases
Number case 3: 664, 30.8407 % of all cases
Number case 4: 85, 22.1932 % of all cases
Number pf runs in case 1: 1233, prob pf given case 1 82.8073 %
Number pf runs in case 2: 298, prob pf given case 2 100.0000 %
Number pf runs in case 3: 234, prob pf given case 3 35.2410 %
Number pf runs in case 4: 0, prob pf given case 4 0.0000 %
Iterstion:
2
Covariance - kernel_secound_stage_direct:
[0.0181555 -0.00438227 0.0184035; -0.00438227 0.00190507 -0.00451323; 0.0184035 -0.00451323 0.139391]
Starting ADA-GP-MCMC with adaptive RW estimating 3 parameters
MCMC algorithm: MCWM
Adaptation algorithm: noAdaptation
Select case model: DT
Prior distribution: Uniform
Particel filter: bootstrap
Iteration: 1
Covariance:
[0.0181555 -0.00438227 0.0184035; -0.00438227 0.00190507 -0.00451323; 0.0184035 -0.00451323 0.139391]
ESS: 234.5617
Loglik: 6404.7776 
Percentage done: 20.00 % 
Acceptance rate on iteration 1 to 10000 is 9.0509 %
Covariance:
[0.0181555 -0.00438227 0.0184035; -0.00438227 0.00190507 -0.00451323; 0.0184035 -0.00451323 0.139391]
Loglik: 6403.7026 
Percentage done: 40.00 % 
Acceptance rate on iteration 10001 to 20000 is 8.9209 %
Covariance:
[0.0181555 -0.00438227 0.0184035; -0.00438227 0.00190507 -0.00451323; 0.0184035 -0.00451323 0.139391]
Loglik: 6403.0264 
Percentage done: 60.00 % 
Acceptance rate on iteration 20001 to 30000 is 9.0309 %
Covariance:
[0.0181555 -0.00438227 0.0184035; -0.00438227 0.00190507 -0.00451323; 0.0184035 -0.00451323 0.139391]
Loglik: 6404.3338 
Percentage done: 80.00 % 
Acceptance rate on iteration 30001 to 40000 is 8.5809 %
Covariance:
[0.0181555 -0.00438227 0.0184035; -0.00438227 0.00190507 -0.00451323; 0.0184035 -0.00451323 0.139391]
Loglik: NaN 
elapsed time: 610.883510957 seconds
Ending ADA-GP-MCMC with adaptive RW estimating 3 parameters
Algorithm: MCWM
Adaptation algorithm: noAdaptation
Prior distribution: Uniform
Particel filter: bootstrap
Time consumption:Time pre-er:  0
Time fit GP model:  0
Time er-part:  611
Number early-rejections: 39982
Number of cases directly to ordinary MH: 7499
Number of cases directly to ordinary MH accapted: 2931
Number split accaptance region early-accept: 369
Number split accaptance region early-reject: 422
Number cases in secound stage: 2518
Number accepted in secound stage: 760
Acceptance rate for ordinary MH accapted: 39.0852
Acceptance rate a_1: 5.9247
Acceptance rate a_2: 30.1827
Acceptance rate a_1*a_2: 1.7882
Acceptance rate a (for entier algorithm): 8.9640
Total number of evaluations of the particle filter: 9226
Number case 1 or 3: 2137
Number case 2 or 4: 381
Number case 1: 1491, 69.7707 % of all cases
Number case 2: 291, 76.3780 % of all cases
Number case 3: 646, 30.2293 % of all cases
Number case 4: 90, 23.6220 % of all cases
Number pf runs in case 1: 1212, prob pf given case 1 81.2877 %
Number pf runs in case 2: 291, prob pf given case 2 100.0000 %
Number pf runs in case 3: 224, prob pf given case 3 34.6749 %
Number pf runs in case 4: 0, prob pf given case 4 0.0000 %
Iterstion:
3
Covariance - kernel_secound_stage_direct:
[0.0181555 -0.00438227 0.0184035; -0.00438227 0.00190507 -0.00451323; 0.0184035 -0.00451323 0.139391]
Starting ADA-GP-MCMC with adaptive RW estimating 3 parameters
MCMC algorithm: MCWM
Adaptation algorithm: noAdaptation
Select case model: DT
Prior distribution: Uniform
Particel filter: bootstrap
Iteration: 1
Covariance:
[0.0181555 -0.00438227 0.0184035; -0.00438227 0.00190507 -0.00451323; 0.0184035 -0.00451323 0.139391]
ESS: 236.6613
Loglik: 6405.3293 
Percentage done: 20.00 % 
Acceptance rate on iteration 1 to 10000 is 9.0009 %
Covariance:
[0.0181555 -0.00438227 0.0184035; -0.00438227 0.00190507 -0.00451323; 0.0184035 -0.00451323 0.139391]
Loglik: NaN 
Percentage done: 40.00 % 
Acceptance rate on iteration 10001 to 20000 is 9.4009 %
Covariance:
[0.0181555 -0.00438227 0.0184035; -0.00438227 0.00190507 -0.00451323; 0.0184035 -0.00451323 0.139391]
Loglik: NaN 
Percentage done: 60.00 % 
Acceptance rate on iteration 20001 to 30000 is 8.5309 %
Covariance:
[0.0181555 -0.00438227 0.0184035; -0.00438227 0.00190507 -0.00451323; 0.0184035 -0.00451323 0.139391]
Loglik: 6404.4085 
ESS: 170.9822
ESS: 242.2094
Percentage done: 80.00 % 
Acceptance rate on iteration 30001 to 40000 is 9.7510 %
Covariance:
[0.0181555 -0.00438227 0.0184035; -0.00438227 0.00190507 -0.00451323; 0.0184035 -0.00451323 0.139391]
Loglik: NaN 
elapsed time: 617.831074648 seconds
Ending ADA-GP-MCMC with adaptive RW estimating 3 parameters
Algorithm: MCWM
Adaptation algorithm: noAdaptation
Prior distribution: Uniform
Particel filter: bootstrap
Time consumption:Time pre-er:  0
Time fit GP model:  0
Time er-part:  618
Number early-rejections: 39854
Number of cases directly to ordinary MH: 7464
Number of cases directly to ordinary MH accapted: 2992
Number split accaptance region early-accept: 345
Number split accaptance region early-reject: 427
Number cases in secound stage: 2681
Number accepted in secound stage: 865
Acceptance rate for ordinary MH accapted: 40.0857
Acceptance rate a_1: 6.3030
Acceptance rate a_2: 32.2641
Acceptance rate a_1*a_2: 2.0336
Acceptance rate a (for entier algorithm): 9.2580
Total number of evaluations of the particle filter: 9373
Number case 1 or 3: 2282
Number case 2 or 4: 399
Number case 1: 1594, 69.8510 % of all cases
Number case 2: 313, 78.4461 % of all cases
Number case 3: 688, 30.1490 % of all cases
Number case 4: 86, 21.5539 % of all cases
Number pf runs in case 1: 1335, prob pf given case 1 83.7516 %
Number pf runs in case 2: 313, prob pf given case 2 100.0000 %
Number pf runs in case 3: 261, prob pf given case 3 37.9360 %
Number pf runs in case 4: 0, prob pf given case 4 0.0000 %
Iterstion:
4
Covariance - kernel_secound_stage_direct:
[0.0181555 -0.00438227 0.0184035; -0.00438227 0.00190507 -0.00451323; 0.0184035 -0.00451323 0.139391]
Starting ADA-GP-MCMC with adaptive RW estimating 3 parameters
MCMC algorithm: MCWM
Adaptation algorithm: noAdaptation
Select case model: DT
Prior distribution: Uniform
Particel filter: bootstrap
Iteration: 1
Covariance:
[0.0181555 -0.00438227 0.0184035; -0.00438227 0.00190507 -0.00451323; 0.0184035 -0.00451323 0.139391]
ESS: 237.3243
Loglik: 6405.3452 
Percentage done: 20.00 % 
Acceptance rate on iteration 1 to 10000 is 9.3709 %
Covariance:
[0.0181555 -0.00438227 0.0184035; -0.00438227 0.00190507 -0.00451323; 0.0184035 -0.00451323 0.139391]
Loglik: NaN 
Percentage done: 40.00 % 
Acceptance rate on iteration 10001 to 20000 is 8.6609 %
Covariance:
[0.0181555 -0.00438227 0.0184035; -0.00438227 0.00190507 -0.00451323; 0.0184035 -0.00451323 0.139391]
Loglik: NaN 
Percentage done: 60.00 % 
Acceptance rate on iteration 20001 to 30000 is 9.0809 %
Covariance:
[0.0181555 -0.00438227 0.0184035; -0.00438227 0.00190507 -0.00451323; 0.0184035 -0.00451323 0.139391]
Loglik: 6403.4556 
Percentage done: 80.00 % 
Acceptance rate on iteration 30001 to 40000 is 9.0709 %
Covariance:
[0.0181555 -0.00438227 0.0184035; -0.00438227 0.00190507 -0.00451323; 0.0184035 -0.00451323 0.139391]
Loglik: 6401.0913 
elapsed time: 616.336792006 seconds
Ending ADA-GP-MCMC with adaptive RW estimating 3 parameters
Algorithm: MCWM
Adaptation algorithm: noAdaptation
Prior distribution: Uniform
Particel filter: bootstrap
Time consumption:Time pre-er:  0
Time fit GP model:  0
Time er-part:  616
Number early-rejections: 39972
Number of cases directly to ordinary MH: 7485
Number of cases directly to ordinary MH accapted: 2941
Number split accaptance region early-accept: 361
Number split accaptance region early-reject: 456
Number cases in secound stage: 2542
Number accepted in secound stage: 801
Acceptance rate for ordinary MH accapted: 39.2919
Acceptance rate a_1: 5.9792
Acceptance rate a_2: 31.5106
Acceptance rate a_1*a_2: 1.8841
Acceptance rate a (for entier algorithm): 9.1180
Total number of evaluations of the particle filter: 9210
Number case 1 or 3: 2176
Number case 2 or 4: 366
Number case 1: 1490, 68.4743 % of all cases
Number case 2: 285, 77.8689 % of all cases
Number case 3: 686, 31.5257 % of all cases
Number case 4: 81, 22.1311 % of all cases
Number pf runs in case 1: 1210, prob pf given case 1 81.2081 %
Number pf runs in case 2: 285, prob pf given case 2 100.0000 %
Number pf runs in case 3: 230, prob pf given case 3 33.5277 %
Number pf runs in case 4: 0, prob pf given case 4 0.0000 %
Iterstion:
5
Covariance - kernel_secound_stage_direct:
[0.0181555 -0.00438227 0.0184035; -0.00438227 0.00190507 -0.00451323; 0.0184035 -0.00451323 0.139391]
Starting ADA-GP-MCMC with adaptive RW estimating 3 parameters
MCMC algorithm: MCWM
Adaptation algorithm: noAdaptation
Select case model: DT
Prior distribution: Uniform
Particel filter: bootstrap
Iteration: 1
Covariance:
[0.0181555 -0.00438227 0.0184035; -0.00438227 0.00190507 -0.00451323; 0.0184035 -0.00451323 0.139391]
ESS: 240.6702
Loglik: 6404.2523 
Percentage done: 20.00 % 
Acceptance rate on iteration 1 to 10000 is 8.5809 %
Covariance:
[0.0181555 -0.00438227 0.0184035; -0.00438227 0.00190507 -0.00451323; 0.0184035 -0.00451323 0.139391]
Loglik: 6403.6366 
Percentage done: 40.00 % 
Acceptance rate on iteration 10001 to 20000 is 8.8509 %
Covariance:
[0.0181555 -0.00438227 0.0184035; -0.00438227 0.00190507 -0.00451323; 0.0184035 -0.00451323 0.139391]
Loglik: 6404.6420 
ESS: 103.4328
ESS: 203.2255
Percentage done: 60.00 % 
Acceptance rate on iteration 20001 to 30000 is 9.8010 %
Covariance:
[0.0181555 -0.00438227 0.0184035; -0.00438227 0.00190507 -0.00451323; 0.0184035 -0.00451323 0.139391]
Loglik: 6404.7605 
Percentage done: 80.00 % 
Acceptance rate on iteration 30001 to 40000 is 8.8809 %
Covariance:
[0.0181555 -0.00438227 0.0184035; -0.00438227 0.00190507 -0.00451323; 0.0184035 -0.00451323 0.139391]
Loglik: 6404.9204 
ESS: 402.1000
ESS: 255.4561
elapsed time: 611.038700543 seconds
Ending ADA-GP-MCMC with adaptive RW estimating 3 parameters
Algorithm: MCWM
Adaptation algorithm: noAdaptation
Prior distribution: Uniform
Particel filter: bootstrap
Time consumption:Time pre-er:  0
Time fit GP model:  0
Time er-part:  611
Number early-rejections: 40028
Number of cases directly to ordinary MH: 7533
Number of cases directly to ordinary MH accapted: 2955
Number split accaptance region early-accept: 349
Number split accaptance region early-reject: 425
Number cases in secound stage: 2438
Number accepted in secound stage: 747
Acceptance rate for ordinary MH accapted: 39.2274
Acceptance rate a_1: 5.7411
Acceptance rate a_2: 30.6399
Acceptance rate a_1*a_2: 1.7591
Acceptance rate a (for entier algorithm): 8.9520
Total number of evaluations of the particle filter: 9197
Number case 1 or 3: 2085
Number case 2 or 4: 353
Number case 1: 1439, 69.0168 % of all cases
Number case 2: 275, 77.9037 % of all cases
Number case 3: 646, 30.9832 % of all cases
Number case 4: 78, 22.0963 % of all cases
Number pf runs in case 1: 1168, prob pf given case 1 81.1675 %
Number pf runs in case 2: 275, prob pf given case 2 100.0000 %
Number pf runs in case 3: 221, prob pf given case 3 34.2105 %
Number pf runs in case 4: 0, prob pf given case 4 0.0000 %
