Starting ml estimationLength of training data: 1800Start values for optimization:
[-1740.36; 1405.28; 4774.01; -62.7847; -76.8598; -748.329; -4.62424; -356.684; 8.8138; 6.80207; 0.738892; 0.392318; -1.77552; -2.97788; -0.867109]Iter     Function value   Gradient norm 
     0     3.016152e+03     4.608370e+03
     1     2.312323e+03     1.996813e+03
     2     1.388445e+03     1.621594e+03
     3     1.140757e+03     1.150942e+03
     4     1.099088e+03     9.546128e+02
     5     1.040948e+03     2.099395e+02
     6     1.038010e+03     1.145868e+02
     7     1.035119e+03     9.424871e+01
     8     1.024361e+03     3.451812e+02
     9     1.007710e+03     3.507439e+02
    10     9.953023e+02     2.351203e+02
    11     9.878889e+02     1.816452e+02
    12     9.753757e+02     2.891777e+02
    13     9.480374e+02     2.319831e+02
    14     9.441591e+02     5.803880e+01
    15     9.435748e+02     4.815715e+01
    16     9.417955e+02     1.836990e+02
    17     9.417965e+02     4.709357e+02
Estimated parameters of the GP model:
Estimated Β:s:
[-1740.38,1405.27,4773.97,-62.7572,-76.7039,-748.484,-4.5995,-356.776,8.85184,6.90226]
Estimated log Φ:s:
[-0.298681,-0.587577,-2.01521,-2.31576,-0.888738]
elapsed time: 497.945096921 seconds
Iterstion:
1
Starting DA-GP-MCMC with adaptive RW estimating 3 parameters
Covariance - kernel_MH_direct:
[0.0181555 -0.00438227 0.0184035; -0.00438227 0.00190507 -0.00451323; 0.0184035 -0.00451323 0.139391]
MCMC algorithm: MCWM
Adaptation algorithm: noAdaptation
Prior distribution: Uniform
Particel filter: bootstrap
Iteration: 1
Covariance:
[0.0181555 -0.00438227 0.0184035; -0.00438227 0.00190507 -0.00451323; 0.0184035 -0.00451323 0.139391]
ESS: 240.3746
Loglik: 6404.3151 
Percentage done: 20.00 % 
Acceptance rate on iteration 1 to 10000 is 7.7708 %
Covariance:
[0.0181555 -0.00438227 0.0184035; -0.00438227 0.00190507 -0.00451323; 0.0184035 -0.00451323 0.139391]
Loglik: 6404.8166 
Percentage done: 40.00 % 
Acceptance rate on iteration 10001 to 20000 is 7.3407 %
Covariance:
[0.0181555 -0.00438227 0.0184035; -0.00438227 0.00190507 -0.00451323; 0.0184035 -0.00451323 0.139391]
Loglik: 6405.8052 
Percentage done: 60.00 % 
Acceptance rate on iteration 20001 to 30000 is 8.3108 %
Covariance:
[0.0181555 -0.00438227 0.0184035; -0.00438227 0.00190507 -0.00451323; 0.0184035 -0.00451323 0.139391]
Loglik: 6401.4324 
Percentage done: 80.00 % 
Acceptance rate on iteration 30001 to 40000 is 7.9508 %
Covariance:
[0.0181555 -0.00438227 0.0184035; -0.00438227 0.00190507 -0.00451323; 0.0184035 -0.00451323 0.139391]
Loglik: 6403.8896 
elapsed time: 618.814615205 seconds
Ending DA-GP-MCMC with adaptive RW estimating 3 parameters
Algorithm: MCWM
Adaptation algorithm: noAdaptation
Prior distribution: Uniform
Particel filter: bootstrap
Time pre-er:  0
Time fit GP model:  0
Time er-part:  619
Number early-rejections: 40337
Number of cases directly to ordinary MH: 7310
Number of cases directly to ordinary MH accapted: 2812
Number cases in secound stage: 2352
Number accepted in secound stage: 1139
Total number of evaluations of the particle filter: 9662
Acceptance rate for ordinary MH accapted: 38.4679
Acceptance rate a_1: 5.5096
Acceptance rate a_2: 48.4269
Acceptance rate a_1*a_2: 2.6681
Acceptance rate a (for entier algorithm): 7.9020
Iterstion:
2
Starting DA-GP-MCMC with adaptive RW estimating 3 parameters
Covariance - kernel_MH_direct:
[0.0181555 -0.00438227 0.0184035; -0.00438227 0.00190507 -0.00451323; 0.0184035 -0.00451323 0.139391]
MCMC algorithm: MCWM
Adaptation algorithm: noAdaptation
Prior distribution: Uniform
Particel filter: bootstrap
Iteration: 1
Covariance:
[0.0181555 -0.00438227 0.0184035; -0.00438227 0.00190507 -0.00451323; 0.0184035 -0.00451323 0.139391]
ESS: 231.1381
Loglik: 6405.1512 
Percentage done: 20.00 % 
Acceptance rate on iteration 1 to 10000 is 8.2408 %
Covariance:
[0.0181555 -0.00438227 0.0184035; -0.00438227 0.00190507 -0.00451323; 0.0184035 -0.00451323 0.139391]
Loglik: 6403.8904 
ESS: 172.1898
ESS: 224.3588
Percentage done: 40.00 % 
Acceptance rate on iteration 10001 to 20000 is 7.6808 %
Covariance:
[0.0181555 -0.00438227 0.0184035; -0.00438227 0.00190507 -0.00451323; 0.0184035 -0.00451323 0.139391]
Loglik: 6401.9674 
ESS: 147.6354
ESS: 176.6717
Percentage done: 60.00 % 
Acceptance rate on iteration 20001 to 30000 is 7.4207 %
Covariance:
[0.0181555 -0.00438227 0.0184035; -0.00438227 0.00190507 -0.00451323; 0.0184035 -0.00451323 0.139391]
Loglik: 6404.0975 
Percentage done: 80.00 % 
Acceptance rate on iteration 30001 to 40000 is 8.0708 %
Covariance:
[0.0181555 -0.00438227 0.0184035; -0.00438227 0.00190507 -0.00451323; 0.0184035 -0.00451323 0.139391]
Loglik: 6402.9741 
elapsed time: 620.507661437 seconds
Ending DA-GP-MCMC with adaptive RW estimating 3 parameters
Algorithm: MCWM
Adaptation algorithm: noAdaptation
Prior distribution: Uniform
Particel filter: bootstrap
Time pre-er:  0
Time fit GP model:  0
Time er-part:  621
Number early-rejections: 40197
Number of cases directly to ordinary MH: 7538
Number of cases directly to ordinary MH accapted: 2852
Number cases in secound stage: 2264
Number accepted in secound stage: 1070
Total number of evaluations of the particle filter: 9802
Acceptance rate for ordinary MH accapted: 37.8350
Acceptance rate a_1: 5.3320
Acceptance rate a_2: 47.2615
Acceptance rate a_1*a_2: 2.5200
Acceptance rate a (for entier algorithm): 7.8440
Iterstion:
3
Starting DA-GP-MCMC with adaptive RW estimating 3 parameters
Covariance - kernel_MH_direct:
[0.0181555 -0.00438227 0.0184035; -0.00438227 0.00190507 -0.00451323; 0.0184035 -0.00451323 0.139391]
MCMC algorithm: MCWM
Adaptation algorithm: noAdaptation
Prior distribution: Uniform
Particel filter: bootstrap
Iteration: 1
Covariance:
[0.0181555 -0.00438227 0.0184035; -0.00438227 0.00190507 -0.00451323; 0.0184035 -0.00451323 0.139391]
ESS: 217.5915
Loglik: 6405.1245 
Percentage done: 20.00 % 
Acceptance rate on iteration 1 to 10000 is 8.5209 %
Covariance:
[0.0181555 -0.00438227 0.0184035; -0.00438227 0.00190507 -0.00451323; 0.0184035 -0.00451323 0.139391]
Loglik: 6403.3015 
Percentage done: 40.00 % 
Acceptance rate on iteration 10001 to 20000 is 8.4808 %
Covariance:
[0.0181555 -0.00438227 0.0184035; -0.00438227 0.00190507 -0.00451323; 0.0184035 -0.00451323 0.139391]
Loglik: 6404.2268 
Percentage done: 60.00 % 
Acceptance rate on iteration 20001 to 30000 is 8.2408 %
Covariance:
[0.0181555 -0.00438227 0.0184035; -0.00438227 0.00190507 -0.00451323; 0.0184035 -0.00451323 0.139391]
Loglik: 6404.7140 
Percentage done: 80.00 % 
Acceptance rate on iteration 30001 to 40000 is 7.9008 %
Covariance:
[0.0181555 -0.00438227 0.0184035; -0.00438227 0.00190507 -0.00451323; 0.0184035 -0.00451323 0.139391]
Loglik: 6403.8715 
elapsed time: 622.950370514 seconds
Ending DA-GP-MCMC with adaptive RW estimating 3 parameters
Algorithm: MCWM
Adaptation algorithm: noAdaptation
Prior distribution: Uniform
Particel filter: bootstrap
Time pre-er:  0
Time fit GP model:  0
Time er-part:  623
Number early-rejections: 40017
Number of cases directly to ordinary MH: 7596
Number of cases directly to ordinary MH accapted: 2909
Number cases in secound stage: 2386
Number accepted in secound stage: 1181
Total number of evaluations of the particle filter: 9982
Acceptance rate for ordinary MH accapted: 38.2965
Acceptance rate a_1: 5.6270
Acceptance rate a_2: 49.4971
Acceptance rate a_1*a_2: 2.7852
Acceptance rate a (for entier algorithm): 8.1800
Iterstion:
4
Starting DA-GP-MCMC with adaptive RW estimating 3 parameters
Covariance - kernel_MH_direct:
[0.0181555 -0.00438227 0.0184035; -0.00438227 0.00190507 -0.00451323; 0.0184035 -0.00451323 0.139391]
MCMC algorithm: MCWM
Adaptation algorithm: noAdaptation
Prior distribution: Uniform
Particel filter: bootstrap
Iteration: 1
Covariance:
[0.0181555 -0.00438227 0.0184035; -0.00438227 0.00190507 -0.00451323; 0.0184035 -0.00451323 0.139391]
ESS: 247.8652
Loglik: 6404.1313 
Percentage done: 20.00 % 
Acceptance rate on iteration 1 to 10000 is 8.1308 %
Covariance:
[0.0181555 -0.00438227 0.0184035; -0.00438227 0.00190507 -0.00451323; 0.0184035 -0.00451323 0.139391]
Loglik: 6404.8718 
Percentage done: 40.00 % 
Acceptance rate on iteration 10001 to 20000 is 7.8608 %
Covariance:
[0.0181555 -0.00438227 0.0184035; -0.00438227 0.00190507 -0.00451323; 0.0184035 -0.00451323 0.139391]
Loglik: 6402.2352 
ESS: 222.5231
ESS: 169.8375
Percentage done: 60.00 % 
Acceptance rate on iteration 20001 to 30000 is 7.6408 %
Covariance:
[0.0181555 -0.00438227 0.0184035; -0.00438227 0.00190507 -0.00451323; 0.0184035 -0.00451323 0.139391]
Loglik: 6401.6868 
Percentage done: 80.00 % 
Acceptance rate on iteration 30001 to 40000 is 8.0808 %
Covariance:
[0.0181555 -0.00438227 0.0184035; -0.00438227 0.00190507 -0.00451323; 0.0184035 -0.00451323 0.139391]
Loglik: 6398.8086 
elapsed time: 625.030899422 seconds
Ending DA-GP-MCMC with adaptive RW estimating 3 parameters
Algorithm: MCWM
Adaptation algorithm: noAdaptation
Prior distribution: Uniform
Particel filter: bootstrap
Time pre-er:  0
Time fit GP model:  0
Time er-part:  625
Number early-rejections: 40107
Number of cases directly to ordinary MH: 7591
Number of cases directly to ordinary MH accapted: 2852
Number cases in secound stage: 2301
Number accepted in secound stage: 1147
Total number of evaluations of the particle filter: 9892
Acceptance rate for ordinary MH accapted: 37.5708
Acceptance rate a_1: 5.4259
Acceptance rate a_2: 49.8479
Acceptance rate a_1*a_2: 2.7047
Acceptance rate a (for entier algorithm): 7.9980
Iterstion:
5
Starting DA-GP-MCMC with adaptive RW estimating 3 parameters
Covariance - kernel_MH_direct:
[0.0181555 -0.00438227 0.0184035; -0.00438227 0.00190507 -0.00451323; 0.0184035 -0.00451323 0.139391]
MCMC algorithm: MCWM
Adaptation algorithm: noAdaptation
Prior distribution: Uniform
Particel filter: bootstrap
Iteration: 1
Covariance:
[0.0181555 -0.00438227 0.0184035; -0.00438227 0.00190507 -0.00451323; 0.0184035 -0.00451323 0.139391]
ESS: 236.8173
Loglik: 6404.7763 
Percentage done: 20.00 % 
Acceptance rate on iteration 1 to 10000 is 6.9807 %
Covariance:
[0.0181555 -0.00438227 0.0184035; -0.00438227 0.00190507 -0.00451323; 0.0184035 -0.00451323 0.139391]
Loglik: 6402.0120 
Percentage done: 40.00 % 
Acceptance rate on iteration 10001 to 20000 is 7.6808 %
Covariance:
[0.0181555 -0.00438227 0.0184035; -0.00438227 0.00190507 -0.00451323; 0.0184035 -0.00451323 0.139391]
Loglik: 6404.9188 
Percentage done: 60.00 % 
Acceptance rate on iteration 20001 to 30000 is 8.0808 %
Covariance:
[0.0181555 -0.00438227 0.0184035; -0.00438227 0.00190507 -0.00451323; 0.0184035 -0.00451323 0.139391]
Loglik: 6403.8726 
Percentage done: 80.00 % 
Acceptance rate on iteration 30001 to 40000 is 8.1608 %
Covariance:
[0.0181555 -0.00438227 0.0184035; -0.00438227 0.00190507 -0.00451323; 0.0184035 -0.00451323 0.139391]
Loglik: 6403.8214 
elapsed time: 623.06579309 seconds
Ending DA-GP-MCMC with adaptive RW estimating 3 parameters
Algorithm: MCWM
Adaptation algorithm: noAdaptation
Prior distribution: Uniform
Particel filter: bootstrap
Time pre-er:  0
Time fit GP model:  0
Time er-part:  623
Number early-rejections: 40105
Number of cases directly to ordinary MH: 7566
Number of cases directly to ordinary MH accapted: 2783
Number cases in secound stage: 2328
Number accepted in secound stage: 1085
Total number of evaluations of the particle filter: 9894
Acceptance rate for ordinary MH accapted: 36.7830
Acceptance rate a_1: 5.4863
Acceptance rate a_2: 46.6065
Acceptance rate a_1*a_2: 2.5570
Acceptance rate a (for entier algorithm): 7.7360
Iterstion:
6
Starting DA-GP-MCMC with adaptive RW estimating 3 parameters
Covariance - kernel_MH_direct:
[0.0181555 -0.00438227 0.0184035; -0.00438227 0.00190507 -0.00451323; 0.0184035 -0.00451323 0.139391]
MCMC algorithm: MCWM
Adaptation algorithm: noAdaptation
Prior distribution: Uniform
Particel filter: bootstrap
Iteration: 1
Covariance:
[0.0181555 -0.00438227 0.0184035; -0.00438227 0.00190507 -0.00451323; 0.0184035 -0.00451323 0.139391]
ESS: 240.4601
Loglik: 6406.1064 
Percentage done: 20.00 % 
Acceptance rate on iteration 1 to 10000 is 7.5308 %
Covariance:
[0.0181555 -0.00438227 0.0184035; -0.00438227 0.00190507 -0.00451323; 0.0184035 -0.00451323 0.139391]
Loglik: 6403.9209 
Percentage done: 40.00 % 
Acceptance rate on iteration 10001 to 20000 is 8.0008 %
Covariance:
[0.0181555 -0.00438227 0.0184035; -0.00438227 0.00190507 -0.00451323; 0.0184035 -0.00451323 0.139391]
Loglik: 6404.8959 
ESS: 132.7352
ESS: 190.6756
Percentage done: 60.00 % 
Acceptance rate on iteration 20001 to 30000 is 8.0208 %
Covariance:
[0.0181555 -0.00438227 0.0184035; -0.00438227 0.00190507 -0.00451323; 0.0184035 -0.00451323 0.139391]
Loglik: 6400.4819 
Percentage done: 80.00 % 
Acceptance rate on iteration 30001 to 40000 is 7.6208 %
Covariance:
[0.0181555 -0.00438227 0.0184035; -0.00438227 0.00190507 -0.00451323; 0.0184035 -0.00451323 0.139391]
Loglik: 6402.9173 
elapsed time: 618.317990527 seconds
Ending DA-GP-MCMC with adaptive RW estimating 3 parameters
Algorithm: MCWM
Adaptation algorithm: noAdaptation
Prior distribution: Uniform
Particel filter: bootstrap
Time pre-er:  0
Time fit GP model:  0
Time er-part:  618
Number early-rejections: 40199
Number of cases directly to ordinary MH: 7454
Number of cases directly to ordinary MH accapted: 2819
Number cases in secound stage: 2346
Number accepted in secound stage: 1137
Total number of evaluations of the particle filter: 9800
Acceptance rate for ordinary MH accapted: 37.8186
Acceptance rate a_1: 5.5142
Acceptance rate a_2: 48.4655
Acceptance rate a_1*a_2: 2.6725
Acceptance rate a (for entier algorithm): 7.9120
Iterstion:
7
Starting DA-GP-MCMC with adaptive RW estimating 3 parameters
Covariance - kernel_MH_direct:
[0.0181555 -0.00438227 0.0184035; -0.00438227 0.00190507 -0.00451323; 0.0184035 -0.00451323 0.139391]
MCMC algorithm: MCWM
Adaptation algorithm: noAdaptation
Prior distribution: Uniform
Particel filter: bootstrap
Iteration: 1
Covariance:
[0.0181555 -0.00438227 0.0184035; -0.00438227 0.00190507 -0.00451323; 0.0184035 -0.00451323 0.139391]
ESS: 253.9715
Loglik: 6402.8276 
Percentage done: 20.00 % 
Acceptance rate on iteration 1 to 10000 is 8.4308 %
Covariance:
[0.0181555 -0.00438227 0.0184035; -0.00438227 0.00190507 -0.00451323; 0.0184035 -0.00451323 0.139391]
Loglik: 6403.7900 
Percentage done: 40.00 % 
Acceptance rate on iteration 10001 to 20000 is 8.1908 %
Covariance:
[0.0181555 -0.00438227 0.0184035; -0.00438227 0.00190507 -0.00451323; 0.0184035 -0.00451323 0.139391]
Loglik: 6404.7727 
Percentage done: 60.00 % 
Acceptance rate on iteration 20001 to 30000 is 7.8608 %
Covariance:
[0.0181555 -0.00438227 0.0184035; -0.00438227 0.00190507 -0.00451323; 0.0184035 -0.00451323 0.139391]
Loglik: 6402.5294 
Percentage done: 80.00 % 
Acceptance rate on iteration 30001 to 40000 is 8.1108 %
Covariance:
[0.0181555 -0.00438227 0.0184035; -0.00438227 0.00190507 -0.00451323; 0.0184035 -0.00451323 0.139391]
Loglik: 6405.5596 
elapsed time: 624.191375812 seconds
Ending DA-GP-MCMC with adaptive RW estimating 3 parameters
Algorithm: MCWM
Adaptation algorithm: noAdaptation
Prior distribution: Uniform
Particel filter: bootstrap
Time pre-er:  0
Time fit GP model:  0
Time er-part:  624
Number early-rejections: 40142
Number of cases directly to ordinary MH: 7488
Number of cases directly to ordinary MH accapted: 2870
Number cases in secound stage: 2369
Number accepted in secound stage: 1165
Total number of evaluations of the particle filter: 9857
Acceptance rate for ordinary MH accapted: 38.3280
Acceptance rate a_1: 5.5727
Acceptance rate a_2: 49.1769
Acceptance rate a_1*a_2: 2.7405
Acceptance rate a (for entier algorithm): 8.0700
Iterstion:
8
Starting DA-GP-MCMC with adaptive RW estimating 3 parameters
Covariance - kernel_MH_direct:
[0.0181555 -0.00438227 0.0184035; -0.00438227 0.00190507 -0.00451323; 0.0184035 -0.00451323 0.139391]
MCMC algorithm: MCWM
Adaptation algorithm: noAdaptation
Prior distribution: Uniform
Particel filter: bootstrap
Iteration: 1
Covariance:
[0.0181555 -0.00438227 0.0184035; -0.00438227 0.00190507 -0.00451323; 0.0184035 -0.00451323 0.139391]
ESS: 244.1104
Loglik: 6404.8841 
Percentage done: 20.00 % 
Acceptance rate on iteration 1 to 10000 is 7.9008 %
Covariance:
[0.0181555 -0.00438227 0.0184035; -0.00438227 0.00190507 -0.00451323; 0.0184035 -0.00451323 0.139391]
Loglik: 6402.0716 
Percentage done: 40.00 % 
Acceptance rate on iteration 10001 to 20000 is 8.3608 %
Covariance:
[0.0181555 -0.00438227 0.0184035; -0.00438227 0.00190507 -0.00451323; 0.0184035 -0.00451323 0.139391]
Loglik: 6402.8191 
Percentage done: 60.00 % 
Acceptance rate on iteration 20001 to 30000 is 8.2608 %
Covariance:
[0.0181555 -0.00438227 0.0184035; -0.00438227 0.00190507 -0.00451323; 0.0184035 -0.00451323 0.139391]
Loglik: 6403.7685 
Percentage done: 80.00 % 
Acceptance rate on iteration 30001 to 40000 is 7.5708 %
Covariance:
[0.0181555 -0.00438227 0.0184035; -0.00438227 0.00190507 -0.00451323; 0.0184035 -0.00451323 0.139391]
Loglik: 6404.6699 
ESS: 72.1471
ESS: 228.5400
elapsed time: 626.579325061 seconds
Ending DA-GP-MCMC with adaptive RW estimating 3 parameters
Algorithm: MCWM
Adaptation algorithm: noAdaptation
Prior distribution: Uniform
Particel filter: bootstrap
Time pre-er:  0
Time fit GP model:  0
Time er-part:  627
Number early-rejections: 40132
Number of cases directly to ordinary MH: 7474
Number of cases directly to ordinary MH accapted: 2810
Number cases in secound stage: 2393
Number accepted in secound stage: 1196
Total number of evaluations of the particle filter: 9867
Acceptance rate for ordinary MH accapted: 37.5970
Acceptance rate a_1: 5.6273
Acceptance rate a_2: 49.9791
Acceptance rate a_1*a_2: 2.8125
Acceptance rate a (for entier algorithm): 8.0120
Iterstion:
9
Starting DA-GP-MCMC with adaptive RW estimating 3 parameters
Covariance - kernel_MH_direct:
[0.0181555 -0.00438227 0.0184035; -0.00438227 0.00190507 -0.00451323; 0.0184035 -0.00451323 0.139391]
MCMC algorithm: MCWM
Adaptation algorithm: noAdaptation
Prior distribution: Uniform
Particel filter: bootstrap
Iteration: 1
Covariance:
[0.0181555 -0.00438227 0.0184035; -0.00438227 0.00190507 -0.00451323; 0.0184035 -0.00451323 0.139391]
ESS: 260.6749
Loglik: 6406.2583 
Percentage done: 20.00 % 
Acceptance rate on iteration 1 to 10000 is 7.6408 %
Covariance:
[0.0181555 -0.00438227 0.0184035; -0.00438227 0.00190507 -0.00451323; 0.0184035 -0.00451323 0.139391]
Loglik: 6401.6377 
Percentage done: 40.00 % 
Acceptance rate on iteration 10001 to 20000 is 7.8508 %
Covariance:
[0.0181555 -0.00438227 0.0184035; -0.00438227 0.00190507 -0.00451323; 0.0184035 -0.00451323 0.139391]
Loglik: 6402.3645 
Percentage done: 60.00 % 
Acceptance rate on iteration 20001 to 30000 is 8.1708 %
Covariance:
[0.0181555 -0.00438227 0.0184035; -0.00438227 0.00190507 -0.00451323; 0.0184035 -0.00451323 0.139391]
Loglik: 6404.0965 
Percentage done: 80.00 % 
Acceptance rate on iteration 30001 to 40000 is 6.8707 %
Covariance:
[0.0181555 -0.00438227 0.0184035; -0.00438227 0.00190507 -0.00451323; 0.0184035 -0.00451323 0.139391]
Loglik: 6403.0586 
elapsed time: 616.456983902 seconds
Ending DA-GP-MCMC with adaptive RW estimating 3 parameters
Algorithm: MCWM
Adaptation algorithm: noAdaptation
Prior distribution: Uniform
Particel filter: bootstrap
Time pre-er:  0
Time fit GP model:  0
Time er-part:  616
Number early-rejections: 40444
Number of cases directly to ordinary MH: 7315
Number of cases directly to ordinary MH accapted: 2736
Number cases in secound stage: 2240
Number accepted in secound stage: 1065
Total number of evaluations of the particle filter: 9555
Acceptance rate for ordinary MH accapted: 37.4026
Acceptance rate a_1: 5.2479
Acceptance rate a_2: 47.5446
Acceptance rate a_1*a_2: 2.4951
Acceptance rate a (for entier algorithm): 7.6020
Iterstion:
10
Starting DA-GP-MCMC with adaptive RW estimating 3 parameters
Covariance - kernel_MH_direct:
[0.0181555 -0.00438227 0.0184035; -0.00438227 0.00190507 -0.00451323; 0.0184035 -0.00451323 0.139391]
MCMC algorithm: MCWM
Adaptation algorithm: noAdaptation
Prior distribution: Uniform
Particel filter: bootstrap
Iteration: 1
Covariance:
[0.0181555 -0.00438227 0.0184035; -0.00438227 0.00190507 -0.00451323; 0.0184035 -0.00451323 0.139391]
ESS: 239.7592
Loglik: 6405.0334 
Percentage done: 20.00 % 
Acceptance rate on iteration 1 to 10000 is 8.1408 %
Covariance:
[0.0181555 -0.00438227 0.0184035; -0.00438227 0.00190507 -0.00451323; 0.0184035 -0.00451323 0.139391]
Loglik: 6399.6011 
Percentage done: 40.00 % 
Acceptance rate on iteration 10001 to 20000 is 8.7409 %
Covariance:
[0.0181555 -0.00438227 0.0184035; -0.00438227 0.00190507 -0.00451323; 0.0184035 -0.00451323 0.139391]
Loglik: 6404.3374 
ESS: 242.4740
ESS: 176.7388
Percentage done: 60.00 % 
Acceptance rate on iteration 20001 to 30000 is 7.8708 %
Covariance:
[0.0181555 -0.00438227 0.0184035; -0.00438227 0.00190507 -0.00451323; 0.0184035 -0.00451323 0.139391]
Loglik: 6405.7226 
Percentage done: 80.00 % 
Acceptance rate on iteration 30001 to 40000 is 8.0408 %
Covariance:
[0.0181555 -0.00438227 0.0184035; -0.00438227 0.00190507 -0.00451323; 0.0184035 -0.00451323 0.139391]
Loglik: 6404.1984 
elapsed time: 619.628442899 seconds
Ending DA-GP-MCMC with adaptive RW estimating 3 parameters
Algorithm: MCWM
Adaptation algorithm: noAdaptation
Prior distribution: Uniform
Particel filter: bootstrap
Time pre-er:  0
Time fit GP model:  0
Time er-part:  620
Number early-rejections: 40198
Number of cases directly to ordinary MH: 7506
Number of cases directly to ordinary MH accapted: 2899
Number cases in secound stage: 2295
Number accepted in secound stage: 1105
Total number of evaluations of the particle filter: 9801
Acceptance rate for ordinary MH accapted: 38.6224
Acceptance rate a_1: 5.4009
Acceptance rate a_2: 48.1481
Acceptance rate a_1*a_2: 2.6004
Acceptance rate a (for entier algorithm): 8.0080
Iterstion:
11
Starting DA-GP-MCMC with adaptive RW estimating 3 parameters
Covariance - kernel_MH_direct:
[0.0181555 -0.00438227 0.0184035; -0.00438227 0.00190507 -0.00451323; 0.0184035 -0.00451323 0.139391]
MCMC algorithm: MCWM
Adaptation algorithm: noAdaptation
Prior distribution: Uniform
Particel filter: bootstrap
Iteration: 1
Covariance:
[0.0181555 -0.00438227 0.0184035; -0.00438227 0.00190507 -0.00451323; 0.0184035 -0.00451323 0.139391]
ESS: 235.4582
Loglik: 6403.9672 
Percentage done: 20.00 % 
Acceptance rate on iteration 1 to 10000 is 8.4708 %
Covariance:
[0.0181555 -0.00438227 0.0184035; -0.00438227 0.00190507 -0.00451323; 0.0184035 -0.00451323 0.139391]
Loglik: 6404.0691 
Percentage done: 40.00 % 
Acceptance rate on iteration 10001 to 20000 is 7.7508 %
Covariance:
[0.0181555 -0.00438227 0.0184035; -0.00438227 0.00190507 -0.00451323; 0.0184035 -0.00451323 0.139391]
Loglik: 6404.9431 
Percentage done: 60.00 % 
Acceptance rate on iteration 20001 to 30000 is 7.9608 %
Covariance:
[0.0181555 -0.00438227 0.0184035; -0.00438227 0.00190507 -0.00451323; 0.0184035 -0.00451323 0.139391]
Loglik: 6404.6892 
Percentage done: 80.00 % 
Acceptance rate on iteration 30001 to 40000 is 7.7908 %
Covariance:
[0.0181555 -0.00438227 0.0184035; -0.00438227 0.00190507 -0.00451323; 0.0184035 -0.00451323 0.139391]
Loglik: 6404.2679 
elapsed time: 626.240121607 seconds
Ending DA-GP-MCMC with adaptive RW estimating 3 parameters
Algorithm: MCWM
Adaptation algorithm: noAdaptation
Prior distribution: Uniform
Particel filter: bootstrap
Time pre-er:  0
Time fit GP model:  0
Time er-part:  626
Number early-rejections: 40070
Number of cases directly to ordinary MH: 7488
Number of cases directly to ordinary MH accapted: 2831
Number cases in secound stage: 2441
Number accepted in secound stage: 1185
Total number of evaluations of the particle filter: 9929
Acceptance rate for ordinary MH accapted: 37.8072
Acceptance rate a_1: 5.7420
Acceptance rate a_2: 48.5457
Acceptance rate a_1*a_2: 2.7875
Acceptance rate a (for entier algorithm): 8.0320
Iterstion:
12
Starting DA-GP-MCMC with adaptive RW estimating 3 parameters
Covariance - kernel_MH_direct:
[0.0181555 -0.00438227 0.0184035; -0.00438227 0.00190507 -0.00451323; 0.0184035 -0.00451323 0.139391]
MCMC algorithm: MCWM
Adaptation algorithm: noAdaptation
Prior distribution: Uniform
Particel filter: bootstrap
Iteration: 1
Covariance:
[0.0181555 -0.00438227 0.0184035; -0.00438227 0.00190507 -0.00451323; 0.0184035 -0.00451323 0.139391]
ESS: 248.6429
Loglik: 6404.7471 
Percentage done: 20.00 % 
Acceptance rate on iteration 1 to 10000 is 7.8308 %
Covariance:
[0.0181555 -0.00438227 0.0184035; -0.00438227 0.00190507 -0.00451323; 0.0184035 -0.00451323 0.139391]
Loglik: 6404.7613 
Percentage done: 40.00 % 
Acceptance rate on iteration 10001 to 20000 is 7.7208 %
Covariance:
[0.0181555 -0.00438227 0.0184035; -0.00438227 0.00190507 -0.00451323; 0.0184035 -0.00451323 0.139391]
Loglik: 6404.3705 
Percentage done: 60.00 % 
Acceptance rate on iteration 20001 to 30000 is 8.2008 %
Covariance:
[0.0181555 -0.00438227 0.0184035; -0.00438227 0.00190507 -0.00451323; 0.0184035 -0.00451323 0.139391]
Loglik: 6404.2952 
Percentage done: 80.00 % 
Acceptance rate on iteration 30001 to 40000 is 8.1208 %
Covariance:
[0.0181555 -0.00438227 0.0184035; -0.00438227 0.00190507 -0.00451323; 0.0184035 -0.00451323 0.139391]
Loglik: 6403.4110 
elapsed time: 621.601200206 seconds
Ending DA-GP-MCMC with adaptive RW estimating 3 parameters
Algorithm: MCWM
Adaptation algorithm: noAdaptation
Prior distribution: Uniform
Particel filter: bootstrap
Time pre-er:  0
Time fit GP model:  0
Time er-part:  622
Number early-rejections: 40169
Number of cases directly to ordinary MH: 7527
Number of cases directly to ordinary MH accapted: 2830
Number cases in secound stage: 2303
Number accepted in secound stage: 1104
Total number of evaluations of the particle filter: 9830
Acceptance rate for ordinary MH accapted: 37.5980
Acceptance rate a_1: 5.4224
Acceptance rate a_2: 47.9375
Acceptance rate a_1*a_2: 2.5994
Acceptance rate a (for entier algorithm): 7.8680
Iterstion:
13
Starting DA-GP-MCMC with adaptive RW estimating 3 parameters
Covariance - kernel_MH_direct:
[0.0181555 -0.00438227 0.0184035; -0.00438227 0.00190507 -0.00451323; 0.0184035 -0.00451323 0.139391]
MCMC algorithm: MCWM
Adaptation algorithm: noAdaptation
Prior distribution: Uniform
Particel filter: bootstrap
Iteration: 1
Covariance:
[0.0181555 -0.00438227 0.0184035; -0.00438227 0.00190507 -0.00451323; 0.0184035 -0.00451323 0.139391]
ESS: 271.0552
Loglik: 6404.0266 
Percentage done: 20.00 % 
Acceptance rate on iteration 1 to 10000 is 7.5808 %
Covariance:
[0.0181555 -0.00438227 0.0184035; -0.00438227 0.00190507 -0.00451323; 0.0184035 -0.00451323 0.139391]
Loglik: 6404.7231 
Percentage done: 40.00 % 
Acceptance rate on iteration 10001 to 20000 is 7.8208 %
Covariance:
[0.0181555 -0.00438227 0.0184035; -0.00438227 0.00190507 -0.00451323; 0.0184035 -0.00451323 0.139391]
Loglik: 6405.3600 
Percentage done: 60.00 % 
Acceptance rate on iteration 20001 to 30000 is 7.8108 %
Covariance:
[0.0181555 -0.00438227 0.0184035; -0.00438227 0.00190507 -0.00451323; 0.0184035 -0.00451323 0.139391]
Loglik: 6403.1129 
Percentage done: 80.00 % 
Acceptance rate on iteration 30001 to 40000 is 8.2208 %
Covariance:
[0.0181555 -0.00438227 0.0184035; -0.00438227 0.00190507 -0.00451323; 0.0184035 -0.00451323 0.139391]
Loglik: 6405.6999 
elapsed time: 599.579322096 seconds
Ending DA-GP-MCMC with adaptive RW estimating 3 parameters
Algorithm: MCWM
Adaptation algorithm: noAdaptation
Prior distribution: Uniform
Particel filter: bootstrap
Time pre-er:  0
Time fit GP model:  0
Time er-part:  600
Number early-rejections: 40173
Number of cases directly to ordinary MH: 7491
Number of cases directly to ordinary MH accapted: 2835
Number cases in secound stage: 2335
Number accepted in secound stage: 1100
Total number of evaluations of the particle filter: 9826
Acceptance rate for ordinary MH accapted: 37.8454
Acceptance rate a_1: 5.4931
Acceptance rate a_2: 47.1092
Acceptance rate a_1*a_2: 2.5877
Acceptance rate a (for entier algorithm): 7.8700
Iterstion:
14
Starting DA-GP-MCMC with adaptive RW estimating 3 parameters
Covariance - kernel_MH_direct:
[0.0181555 -0.00438227 0.0184035; -0.00438227 0.00190507 -0.00451323; 0.0184035 -0.00451323 0.139391]
MCMC algorithm: MCWM
Adaptation algorithm: noAdaptation
Prior distribution: Uniform
Particel filter: bootstrap
Iteration: 1
Covariance:
[0.0181555 -0.00438227 0.0184035; -0.00438227 0.00190507 -0.00451323; 0.0184035 -0.00451323 0.139391]
ESS: 247.3483
Loglik: 6404.9196 
Percentage done: 20.00 % 
Acceptance rate on iteration 1 to 10000 is 8.2708 %
Covariance:
[0.0181555 -0.00438227 0.0184035; -0.00438227 0.00190507 -0.00451323; 0.0184035 -0.00451323 0.139391]
Loglik: 6403.9592 
Percentage done: 40.00 % 
Acceptance rate on iteration 10001 to 20000 is 8.0908 %
Covariance:
[0.0181555 -0.00438227 0.0184035; -0.00438227 0.00190507 -0.00451323; 0.0184035 -0.00451323 0.139391]
Loglik: 6404.6861 
Percentage done: 60.00 % 
Acceptance rate on iteration 20001 to 30000 is 7.6408 %
Covariance:
[0.0181555 -0.00438227 0.0184035; -0.00438227 0.00190507 -0.00451323; 0.0184035 -0.00451323 0.139391]
Loglik: 6404.7106 
Percentage done: 80.00 % 
Acceptance rate on iteration 30001 to 40000 is 8.4408 %
Covariance:
[0.0181555 -0.00438227 0.0184035; -0.00438227 0.00190507 -0.00451323; 0.0184035 -0.00451323 0.139391]
Loglik: 6405.1179 
ESS: 137.7092
ESS: 260.2686
elapsed time: 588.112556404 seconds
Ending DA-GP-MCMC with adaptive RW estimating 3 parameters
Algorithm: MCWM
Adaptation algorithm: noAdaptation
Prior distribution: Uniform
Particel filter: bootstrap
Time pre-er:  0
Time fit GP model:  0
Time er-part:  588
Number early-rejections: 40149
Number of cases directly to ordinary MH: 7490
Number of cases directly to ordinary MH accapted: 2848
Number cases in secound stage: 2360
Number accepted in secound stage: 1157
Total number of evaluations of the particle filter: 9850
Acceptance rate for ordinary MH accapted: 38.0240
Acceptance rate a_1: 5.5518
Acceptance rate a_2: 49.0254
Acceptance rate a_1*a_2: 2.7218
Acceptance rate a (for entier algorithm): 8.0100
Iterstion:
15
Starting DA-GP-MCMC with adaptive RW estimating 3 parameters
Covariance - kernel_MH_direct:
[0.0181555 -0.00438227 0.0184035; -0.00438227 0.00190507 -0.00451323; 0.0184035 -0.00451323 0.139391]
MCMC algorithm: MCWM
Adaptation algorithm: noAdaptation
Prior distribution: Uniform
Particel filter: bootstrap
Iteration: 1
Covariance:
[0.0181555 -0.00438227 0.0184035; -0.00438227 0.00190507 -0.00451323; 0.0184035 -0.00451323 0.139391]
ESS: 225.6015
Loglik: 6404.1385 
Percentage done: 20.00 % 
Acceptance rate on iteration 1 to 10000 is 8.6609 %
Covariance:
[0.0181555 -0.00438227 0.0184035; -0.00438227 0.00190507 -0.00451323; 0.0184035 -0.00451323 0.139391]
Loglik: 6403.8037 
ESS: 280.0874
ESS: 241.5435
Percentage done: 40.00 % 
Acceptance rate on iteration 10001 to 20000 is 8.4708 %
Covariance:
[0.0181555 -0.00438227 0.0184035; -0.00438227 0.00190507 -0.00451323; 0.0184035 -0.00451323 0.139391]
Loglik: 6402.4774 
Percentage done: 60.00 % 
Acceptance rate on iteration 20001 to 30000 is 8.3208 %
Covariance:
[0.0181555 -0.00438227 0.0184035; -0.00438227 0.00190507 -0.00451323; 0.0184035 -0.00451323 0.139391]
Loglik: 6403.3896 
Percentage done: 80.00 % 
Acceptance rate on iteration 30001 to 40000 is 7.5708 %
Covariance:
[0.0181555 -0.00438227 0.0184035; -0.00438227 0.00190507 -0.00451323; 0.0184035 -0.00451323 0.139391]
Loglik: 6405.0659 
ESS: 602.5496
ESS: 203.7313
elapsed time: 587.951641694 seconds
Ending DA-GP-MCMC with adaptive RW estimating 3 parameters
Algorithm: MCWM
Adaptation algorithm: noAdaptation
Prior distribution: Uniform
Particel filter: bootstrap
Time pre-er:  0
Time fit GP model:  0
Time er-part:  588
Number early-rejections: 40071
Number of cases directly to ordinary MH: 7569
Number of cases directly to ordinary MH accapted: 2915
Number cases in secound stage: 2359
Number accepted in secound stage: 1141
Total number of evaluations of the particle filter: 9928
Acceptance rate for ordinary MH accapted: 38.5124
Acceptance rate a_1: 5.5597
Acceptance rate a_2: 48.3680
Acceptance rate a_1*a_2: 2.6891
Acceptance rate a (for entier algorithm): 8.1120
Iterstion:
16
Starting DA-GP-MCMC with adaptive RW estimating 3 parameters
Covariance - kernel_MH_direct:
[0.0181555 -0.00438227 0.0184035; -0.00438227 0.00190507 -0.00451323; 0.0184035 -0.00451323 0.139391]
MCMC algorithm: MCWM
Adaptation algorithm: noAdaptation
Prior distribution: Uniform
Particel filter: bootstrap
Iteration: 1
Covariance:
[0.0181555 -0.00438227 0.0184035; -0.00438227 0.00190507 -0.00451323; 0.0184035 -0.00451323 0.139391]
ESS: 221.1420
Loglik: 6405.2647 
Percentage done: 20.00 % 
Acceptance rate on iteration 1 to 10000 is 8.2508 %
Covariance:
[0.0181555 -0.00438227 0.0184035; -0.00438227 0.00190507 -0.00451323; 0.0184035 -0.00451323 0.139391]
Loglik: 6404.1669 
Percentage done: 40.00 % 
Acceptance rate on iteration 10001 to 20000 is 7.1207 %
Covariance:
[0.0181555 -0.00438227 0.0184035; -0.00438227 0.00190507 -0.00451323; 0.0184035 -0.00451323 0.139391]
Loglik: 6405.8993 
ESS: 687.3471
ESS: 274.2387
Percentage done: 60.00 % 
Acceptance rate on iteration 20001 to 30000 is 7.6508 %
Covariance:
[0.0181555 -0.00438227 0.0184035; -0.00438227 0.00190507 -0.00451323; 0.0184035 -0.00451323 0.139391]
Loglik: 6405.0099 
Percentage done: 80.00 % 
Acceptance rate on iteration 30001 to 40000 is 7.8608 %
Covariance:
[0.0181555 -0.00438227 0.0184035; -0.00438227 0.00190507 -0.00451323; 0.0184035 -0.00451323 0.139391]
Loglik: 6404.5475 
ESS: 40.8994
ESS: 147.1445
elapsed time: 555.427511126 seconds
Ending DA-GP-MCMC with adaptive RW estimating 3 parameters
Algorithm: MCWM
Adaptation algorithm: noAdaptation
Prior distribution: Uniform
Particel filter: bootstrap
Time pre-er:  0
Time fit GP model:  0
Time er-part:  555
Number early-rejections: 40279
Number of cases directly to ordinary MH: 7405
Number of cases directly to ordinary MH accapted: 2748
Number cases in secound stage: 2315
Number accepted in secound stage: 1105
Total number of evaluations of the particle filter: 9720
Acceptance rate for ordinary MH accapted: 37.1101
Acceptance rate a_1: 5.4350
Acceptance rate a_2: 47.7322
Acceptance rate a_1*a_2: 2.5943
Acceptance rate a (for entier algorithm): 7.7060
Iterstion:
17
Starting DA-GP-MCMC with adaptive RW estimating 3 parameters
Covariance - kernel_MH_direct:
[0.0181555 -0.00438227 0.0184035; -0.00438227 0.00190507 -0.00451323; 0.0184035 -0.00451323 0.139391]
MCMC algorithm: MCWM
Adaptation algorithm: noAdaptation
Prior distribution: Uniform
Particel filter: bootstrap
Iteration: 1
Covariance:
[0.0181555 -0.00438227 0.0184035; -0.00438227 0.00190507 -0.00451323; 0.0184035 -0.00451323 0.139391]
ESS: 219.6573
Loglik: 6405.4353 
Percentage done: 20.00 % 
Acceptance rate on iteration 1 to 10000 is 7.5208 %
Covariance:
[0.0181555 -0.00438227 0.0184035; -0.00438227 0.00190507 -0.00451323; 0.0184035 -0.00451323 0.139391]
Loglik: 6404.5770 
ESS: 259.5110
ESS: 269.7982
Percentage done: 40.00 % 
Acceptance rate on iteration 10001 to 20000 is 8.1308 %
Covariance:
[0.0181555 -0.00438227 0.0184035; -0.00438227 0.00190507 -0.00451323; 0.0184035 -0.00451323 0.139391]
Loglik: 6404.6683 
Percentage done: 60.00 % 
Acceptance rate on iteration 20001 to 30000 is 7.9008 %
Covariance:
[0.0181555 -0.00438227 0.0184035; -0.00438227 0.00190507 -0.00451323; 0.0184035 -0.00451323 0.139391]
Loglik: 6401.1292 
Percentage done: 80.00 % 
Acceptance rate on iteration 30001 to 40000 is 8.7409 %
Covariance:
[0.0181555 -0.00438227 0.0184035; -0.00438227 0.00190507 -0.00451323; 0.0184035 -0.00451323 0.139391]
Loglik: 6404.3120 
elapsed time: 545.97510683 seconds
Ending DA-GP-MCMC with adaptive RW estimating 3 parameters
Algorithm: MCWM
Adaptation algorithm: noAdaptation
Prior distribution: Uniform
Particel filter: bootstrap
Time pre-er:  0
Time fit GP model:  0
Time er-part:  546
Number early-rejections: 40251
Number of cases directly to ordinary MH: 7476
Number of cases directly to ordinary MH accapted: 2901
Number cases in secound stage: 2272
Number accepted in secound stage: 1103
Total number of evaluations of the particle filter: 9748
Acceptance rate for ordinary MH accapted: 38.8042
Acceptance rate a_1: 5.3430
Acceptance rate a_2: 48.5475
Acceptance rate a_1*a_2: 2.5939
Acceptance rate a (for entier algorithm): 8.0080
Iterstion:
18
Starting DA-GP-MCMC with adaptive RW estimating 3 parameters
Covariance - kernel_MH_direct:
[0.0181555 -0.00438227 0.0184035; -0.00438227 0.00190507 -0.00451323; 0.0184035 -0.00451323 0.139391]
MCMC algorithm: MCWM
Adaptation algorithm: noAdaptation
Prior distribution: Uniform
Particel filter: bootstrap
Iteration: 1
Covariance:
[0.0181555 -0.00438227 0.0184035; -0.00438227 0.00190507 -0.00451323; 0.0184035 -0.00451323 0.139391]
ESS: 210.7909
Loglik: 6405.2598 
Percentage done: 20.00 % 
Acceptance rate on iteration 1 to 10000 is 7.6508 %
Covariance:
[0.0181555 -0.00438227 0.0184035; -0.00438227 0.00190507 -0.00451323; 0.0184035 -0.00451323 0.139391]
Loglik: 6404.0043 
Percentage done: 40.00 % 
Acceptance rate on iteration 10001 to 20000 is 8.4908 %
Covariance:
[0.0181555 -0.00438227 0.0184035; -0.00438227 0.00190507 -0.00451323; 0.0184035 -0.00451323 0.139391]
Loglik: 6401.9974 
Percentage done: 60.00 % 
Acceptance rate on iteration 20001 to 30000 is 7.6808 %
Covariance:
[0.0181555 -0.00438227 0.0184035; -0.00438227 0.00190507 -0.00451323; 0.0184035 -0.00451323 0.139391]
Loglik: 6402.5410 
Percentage done: 80.00 % 
Acceptance rate on iteration 30001 to 40000 is 8.0908 %
Covariance:
[0.0181555 -0.00438227 0.0184035; -0.00438227 0.00190507 -0.00451323; 0.0184035 -0.00451323 0.139391]
Loglik: 6403.2615 
elapsed time: 552.946700015 seconds
Ending DA-GP-MCMC with adaptive RW estimating 3 parameters
Algorithm: MCWM
Adaptation algorithm: noAdaptation
Prior distribution: Uniform
Particel filter: bootstrap
Time pre-er:  0
Time fit GP model:  0
Time er-part:  553
Number early-rejections: 40095
Number of cases directly to ordinary MH: 7515
Number of cases directly to ordinary MH accapted: 2820
Number cases in secound stage: 2389
Number accepted in secound stage: 1177
Total number of evaluations of the particle filter: 9904
Acceptance rate for ordinary MH accapted: 37.5250
Acceptance rate a_1: 5.6233
Acceptance rate a_2: 49.2675
Acceptance rate a_1*a_2: 2.7705
Acceptance rate a (for entier algorithm): 7.9940
Iterstion:
19
Starting DA-GP-MCMC with adaptive RW estimating 3 parameters
Covariance - kernel_MH_direct:
[0.0181555 -0.00438227 0.0184035; -0.00438227 0.00190507 -0.00451323; 0.0184035 -0.00451323 0.139391]
MCMC algorithm: MCWM
Adaptation algorithm: noAdaptation
Prior distribution: Uniform
Particel filter: bootstrap
Iteration: 1
Covariance:
[0.0181555 -0.00438227 0.0184035; -0.00438227 0.00190507 -0.00451323; 0.0184035 -0.00451323 0.139391]
ESS: 223.1741
Loglik: 6404.8937 
Percentage done: 20.00 % 
Acceptance rate on iteration 1 to 10000 is 8.5609 %
Covariance:
[0.0181555 -0.00438227 0.0184035; -0.00438227 0.00190507 -0.00451323; 0.0184035 -0.00451323 0.139391]
Loglik: 6403.7376 
ESS: 160.6677
ESS: 199.1717
Percentage done: 40.00 % 
Acceptance rate on iteration 10001 to 20000 is 7.5608 %
Covariance:
[0.0181555 -0.00438227 0.0184035; -0.00438227 0.00190507 -0.00451323; 0.0184035 -0.00451323 0.139391]
Loglik: 6404.9820 
Percentage done: 60.00 % 
Acceptance rate on iteration 20001 to 30000 is 8.0208 %
Covariance:
[0.0181555 -0.00438227 0.0184035; -0.00438227 0.00190507 -0.00451323; 0.0184035 -0.00451323 0.139391]
Loglik: 6404.6720 
ESS: 240.9192
ESS: 354.2774
Percentage done: 80.00 % 
Acceptance rate on iteration 30001 to 40000 is 8.2608 %
Covariance:
[0.0181555 -0.00438227 0.0184035; -0.00438227 0.00190507 -0.00451323; 0.0184035 -0.00451323 0.139391]
Loglik: 6404.0939 
elapsed time: 556.464718443 seconds
Ending DA-GP-MCMC with adaptive RW estimating 3 parameters
Algorithm: MCWM
Adaptation algorithm: noAdaptation
Prior distribution: Uniform
Particel filter: bootstrap
Time pre-er:  0
