Starting ml estimationLength of training data: 1800Start values for optimization:
[-1523.2; 1407.2; 4583.99; -55.6323; -78.4753; -711.582; -5.11237; -352.039; 8.58983; 3.47456; 0.837314; 0.49074; -1.80181; -2.9177; -0.790801]Iter     Function value   Gradient norm 
     0     3.386428e+03     5.035904e+03
     1     2.261042e+03     1.470636e+03
     2     1.954700e+03     1.326832e+03
     3     1.762808e+03     2.638337e+03
     4     1.678241e+03     1.365072e+03
     5     1.654190e+03     1.534527e+02
     6     1.649211e+03     3.465677e+02
     7     1.645366e+03     1.027079e+02
     8     1.619854e+03     3.936438e+02
     9     1.608457e+03     1.336939e+02
    10     1.593706e+03     4.380358e+02
    11     1.564481e+03     1.774550e+03
    12     1.564482e+03     1.774569e+03
Estimated parameters of the GP model:
Estimated Β:s:
[-1523.27,1407.11,4583.78,-55.5745,-78.0715,-712.116,-4.85312,-352.372,8.48577,3.67091]
Estimated log Φ:s:
[-0.302481,-0.652893,-2.24868,-2.00102,-0.776028]
elapsed time: 463.961043936 seconds
Iterstion:
1
Starting DA-GP-MCMC with adaptive RW estimating 3 parameters
Covariance - kernel_MH_direct:
[0.018798 -0.00444545 0.0147408; -0.00444545 0.0018966 -0.0024932; 0.0147408 -0.0024932 0.132842]
MCMC algorithm: MCWM
Adaptation algorithm: noAdaptation
Prior distribution: Uniform
Particel filter: bootstrap
Iteration: 1
Covariance:
[0.0227456 -0.00537899 0.0178364; -0.00537899 0.00229489 -0.00301678; 0.0178364 -0.00301678 0.160739]
ESS: 221.8667
Loglik: 6403.7018 
Percentage done: 20.00 % 
Acceptance rate on iteration 1 to 10000 is 7.7908 %
Covariance:
[0.0227456 -0.00537899 0.0178364; -0.00537899 0.00229489 -0.00301678; 0.0178364 -0.00301678 0.160739]
Loglik: 6402.9092 
Percentage done: 40.00 % 
Acceptance rate on iteration 10001 to 20000 is 7.8208 %
Covariance:
[0.0227456 -0.00537899 0.0178364; -0.00537899 0.00229489 -0.00301678; 0.0178364 -0.00301678 0.160739]
Loglik: 6404.5699 
Percentage done: 60.00 % 
Acceptance rate on iteration 20001 to 30000 is 7.8208 %
Covariance:
[0.0227456 -0.00537899 0.0178364; -0.00537899 0.00229489 -0.00301678; 0.0178364 -0.00301678 0.160739]
Loglik: 6403.3507 
Percentage done: 80.00 % 
Acceptance rate on iteration 30001 to 40000 is 7.5308 %
Covariance:
[0.0227456 -0.00537899 0.0178364; -0.00537899 0.00229489 -0.00301678; 0.0178364 -0.00301678 0.160739]
Loglik: 6403.2733 
elapsed time: 560.979347533 seconds
Ending DA-GP-MCMC with adaptive RW estimating 3 parameters
Algorithm: MCWM
Adaptation algorithm: noAdaptation
Prior distribution: Uniform
Particel filter: bootstrap
Time pre-er:  0
Time fit GP model:  0
Time er-part:  561
Number early-rejections: 40433
Number of cases directly to ordinary MH: 7489
Number of cases directly to ordinary MH accapted: 2852
Number cases in secound stage: 2077
Number accepted in secound stage: 1057
Total number of evaluations of the particle filter: 9566
Acceptance rate for ordinary MH accapted: 38.0825
Acceptance rate a_1: 4.8859
Acceptance rate a_2: 50.8907
Acceptance rate a_1*a_2: 2.4865
Acceptance rate a (for entier algorithm): 7.8180
Iterstion:
2
Starting DA-GP-MCMC with adaptive RW estimating 3 parameters
Covariance - kernel_MH_direct:
[0.018798 -0.00444545 0.0147408; -0.00444545 0.0018966 -0.0024932; 0.0147408 -0.0024932 0.132842]
MCMC algorithm: MCWM
Adaptation algorithm: noAdaptation
Prior distribution: Uniform
Particel filter: bootstrap
Iteration: 1
Covariance:
[0.0227456 -0.00537899 0.0178364; -0.00537899 0.00229489 -0.00301678; 0.0178364 -0.00301678 0.160739]
ESS: 249.5033
Loglik: 6404.9527 
Percentage done: 20.00 % 
Acceptance rate on iteration 1 to 10000 is 7.7908 %
Covariance:
[0.0227456 -0.00537899 0.0178364; -0.00537899 0.00229489 -0.00301678; 0.0178364 -0.00301678 0.160739]
Loglik: 6404.5762 
Percentage done: 40.00 % 
Acceptance rate on iteration 10001 to 20000 is 7.8708 %
Covariance:
[0.0227456 -0.00537899 0.0178364; -0.00537899 0.00229489 -0.00301678; 0.0178364 -0.00301678 0.160739]
Loglik: 6402.4386 
ESS: 287.3939
ESS: 243.4438
Percentage done: 60.00 % 
Acceptance rate on iteration 20001 to 30000 is 8.3508 %
Covariance:
[0.0227456 -0.00537899 0.0178364; -0.00537899 0.00229489 -0.00301678; 0.0178364 -0.00301678 0.160739]
Loglik: 6403.1666 
Percentage done: 80.00 % 
Acceptance rate on iteration 30001 to 40000 is 8.2908 %
Covariance:
[0.0227456 -0.00537899 0.0178364; -0.00537899 0.00229489 -0.00301678; 0.0178364 -0.00301678 0.160739]
Loglik: 6404.0073 
ESS: 153.5151
ESS: 163.3904
elapsed time: 552.683269106 seconds
Ending DA-GP-MCMC with adaptive RW estimating 3 parameters
Algorithm: MCWM
Adaptation algorithm: noAdaptation
Prior distribution: Uniform
Particel filter: bootstrap
Time pre-er:  0
Time fit GP model:  0
Time er-part:  553
Number early-rejections: 40425
Number of cases directly to ordinary MH: 7568
Number of cases directly to ordinary MH accapted: 2947
Number cases in secound stage: 2006
Number accepted in secound stage: 1060
Total number of evaluations of the particle filter: 9574
Acceptance rate for ordinary MH accapted: 38.9403
Acceptance rate a_1: 4.7277
Acceptance rate a_2: 52.8415
Acceptance rate a_1*a_2: 2.4982
Acceptance rate a (for entier algorithm): 8.0140
Iterstion:
3
Starting DA-GP-MCMC with adaptive RW estimating 3 parameters
Covariance - kernel_MH_direct:
[0.018798 -0.00444545 0.0147408; -0.00444545 0.0018966 -0.0024932; 0.0147408 -0.0024932 0.132842]
MCMC algorithm: MCWM
Adaptation algorithm: noAdaptation
Prior distribution: Uniform
Particel filter: bootstrap
Iteration: 1
Covariance:
[0.0227456 -0.00537899 0.0178364; -0.00537899 0.00229489 -0.00301678; 0.0178364 -0.00301678 0.160739]
ESS: 257.7998
Loglik: 6405.1308 
Percentage done: 20.00 % 
Acceptance rate on iteration 1 to 10000 is 8.0108 %
Covariance:
[0.0227456 -0.00537899 0.0178364; -0.00537899 0.00229489 -0.00301678; 0.0178364 -0.00301678 0.160739]
Loglik: 6405.1321 
Percentage done: 40.00 % 
Acceptance rate on iteration 10001 to 20000 is 7.1307 %
Covariance:
[0.0227456 -0.00537899 0.0178364; -0.00537899 0.00229489 -0.00301678; 0.0178364 -0.00301678 0.160739]
Loglik: 6403.0430 
Percentage done: 60.00 % 
Acceptance rate on iteration 20001 to 30000 is 7.7308 %
Covariance:
[0.0227456 -0.00537899 0.0178364; -0.00537899 0.00229489 -0.00301678; 0.0178364 -0.00301678 0.160739]
Loglik: 6403.4479 
ESS: 232.5137
ESS: 105.3583
Percentage done: 80.00 % 
Acceptance rate on iteration 30001 to 40000 is 7.5608 %
Covariance:
[0.0227456 -0.00537899 0.0178364; -0.00537899 0.00229489 -0.00301678; 0.0178364 -0.00301678 0.160739]
Loglik: 6404.7729 
elapsed time: 535.766027369 seconds
Ending DA-GP-MCMC with adaptive RW estimating 3 parameters
Algorithm: MCWM
Adaptation algorithm: noAdaptation
Prior distribution: Uniform
Particel filter: bootstrap
Time pre-er:  0
Time fit GP model:  0
Time er-part:  536
Number early-rejections: 40454
Number of cases directly to ordinary MH: 7502
Number of cases directly to ordinary MH accapted: 2801
Number cases in secound stage: 2043
Number accepted in secound stage: 1064
Total number of evaluations of the particle filter: 9545
Acceptance rate for ordinary MH accapted: 37.3367
Acceptance rate a_1: 4.8074
Acceptance rate a_2: 52.0803
Acceptance rate a_1*a_2: 2.5037
Acceptance rate a (for entier algorithm): 7.7300
Iterstion:
4
Starting DA-GP-MCMC with adaptive RW estimating 3 parameters
Covariance - kernel_MH_direct:
[0.018798 -0.00444545 0.0147408; -0.00444545 0.0018966 -0.0024932; 0.0147408 -0.0024932 0.132842]
MCMC algorithm: MCWM
Adaptation algorithm: noAdaptation
Prior distribution: Uniform
Particel filter: bootstrap
Iteration: 1
Covariance:
[0.0227456 -0.00537899 0.0178364; -0.00537899 0.00229489 -0.00301678; 0.0178364 -0.00301678 0.160739]
ESS: 225.6101
Loglik: 6405.7550 
Percentage done: 20.00 % 
Acceptance rate on iteration 1 to 10000 is 8.2008 %
Covariance:
[0.0227456 -0.00537899 0.0178364; -0.00537899 0.00229489 -0.00301678; 0.0178364 -0.00301678 0.160739]
Loglik: 6404.4099 
Percentage done: 40.00 % 
Acceptance rate on iteration 10001 to 20000 is 7.8808 %
Covariance:
[0.0227456 -0.00537899 0.0178364; -0.00537899 0.00229489 -0.00301678; 0.0178364 -0.00301678 0.160739]
Loglik: 6404.3732 
Percentage done: 60.00 % 
Acceptance rate on iteration 20001 to 30000 is 7.7908 %
Covariance:
[0.0227456 -0.00537899 0.0178364; -0.00537899 0.00229489 -0.00301678; 0.0178364 -0.00301678 0.160739]
Loglik: 6400.0523 
Percentage done: 80.00 % 
Acceptance rate on iteration 30001 to 40000 is 8.2008 %
Covariance:
[0.0227456 -0.00537899 0.0178364; -0.00537899 0.00229489 -0.00301678; 0.0178364 -0.00301678 0.160739]
Loglik: 6402.2248 
elapsed time: 538.884655695 seconds
Ending DA-GP-MCMC with adaptive RW estimating 3 parameters
Algorithm: MCWM
Adaptation algorithm: noAdaptation
Prior distribution: Uniform
Particel filter: bootstrap
Time pre-er:  0
Time fit GP model:  0
Time er-part:  539
Number early-rejections: 40373
Number of cases directly to ordinary MH: 7546
Number of cases directly to ordinary MH accapted: 2922
Number cases in secound stage: 2080
Number accepted in secound stage: 1065
Total number of evaluations of the particle filter: 9626
Acceptance rate for ordinary MH accapted: 38.7225
Acceptance rate a_1: 4.8995
Acceptance rate a_2: 51.2019
Acceptance rate a_1*a_2: 2.5087
Acceptance rate a (for entier algorithm): 7.9740
Iterstion:
5
Starting DA-GP-MCMC with adaptive RW estimating 3 parameters
Covariance - kernel_MH_direct:
[0.018798 -0.00444545 0.0147408; -0.00444545 0.0018966 -0.0024932; 0.0147408 -0.0024932 0.132842]
MCMC algorithm: MCWM
Adaptation algorithm: noAdaptation
Prior distribution: Uniform
Particel filter: bootstrap
Iteration: 1
Covariance:
[0.0227456 -0.00537899 0.0178364; -0.00537899 0.00229489 -0.00301678; 0.0178364 -0.00301678 0.160739]
ESS: 253.0024
Loglik: 6404.4946 
Percentage done: 20.00 % 
Acceptance rate on iteration 1 to 10000 is 7.7708 %
Covariance:
[0.0227456 -0.00537899 0.0178364; -0.00537899 0.00229489 -0.00301678; 0.0178364 -0.00301678 0.160739]
Loglik: 6404.7923 
Percentage done: 40.00 % 
Acceptance rate on iteration 10001 to 20000 is 7.5008 %
Covariance:
[0.0227456 -0.00537899 0.0178364; -0.00537899 0.00229489 -0.00301678; 0.0178364 -0.00301678 0.160739]
Loglik: 6404.3916 
Percentage done: 60.00 % 
Acceptance rate on iteration 20001 to 30000 is 7.7208 %
Covariance:
[0.0227456 -0.00537899 0.0178364; -0.00537899 0.00229489 -0.00301678; 0.0178364 -0.00301678 0.160739]
Loglik: 6403.4656 
Percentage done: 80.00 % 
Acceptance rate on iteration 30001 to 40000 is 7.7008 %
Covariance:
[0.0227456 -0.00537899 0.0178364; -0.00537899 0.00229489 -0.00301678; 0.0178364 -0.00301678 0.160739]
Loglik: 6405.3895 
elapsed time: 532.382242287 seconds
Ending DA-GP-MCMC with adaptive RW estimating 3 parameters
Algorithm: MCWM
Adaptation algorithm: noAdaptation
Prior distribution: Uniform
Particel filter: bootstrap
Time pre-er:  0
Time fit GP model:  0
Time er-part:  532
Number early-rejections: 40381
Number of cases directly to ordinary MH: 7537
Number of cases directly to ordinary MH accapted: 2856
Number cases in secound stage: 2081
Number accepted in secound stage: 1033
Total number of evaluations of the particle filter: 9618
Acceptance rate for ordinary MH accapted: 37.8931
Acceptance rate a_1: 4.9009
Acceptance rate a_2: 49.6396
Acceptance rate a_1*a_2: 2.4328
Acceptance rate a (for entier algorithm): 7.7780
Iterstion:
6
Starting DA-GP-MCMC with adaptive RW estimating 3 parameters
Covariance - kernel_MH_direct:
[0.018798 -0.00444545 0.0147408; -0.00444545 0.0018966 -0.0024932; 0.0147408 -0.0024932 0.132842]
MCMC algorithm: MCWM
Adaptation algorithm: noAdaptation
Prior distribution: Uniform
Particel filter: bootstrap
Iteration: 1
Covariance:
[0.0227456 -0.00537899 0.0178364; -0.00537899 0.00229489 -0.00301678; 0.0178364 -0.00301678 0.160739]
ESS: 231.5206
Loglik: 6405.1579 
Percentage done: 20.00 % 
Acceptance rate on iteration 1 to 10000 is 7.9608 %
Covariance:
[0.0227456 -0.00537899 0.0178364; -0.00537899 0.00229489 -0.00301678; 0.0178364 -0.00301678 0.160739]
Loglik: 6405.2169 
ESS: 205.0489
ESS: 206.8071
Percentage done: 40.00 % 
Acceptance rate on iteration 10001 to 20000 is 7.9408 %
Covariance:
[0.0227456 -0.00537899 0.0178364; -0.00537899 0.00229489 -0.00301678; 0.0178364 -0.00301678 0.160739]
Loglik: 6403.5005 
Percentage done: 60.00 % 
Acceptance rate on iteration 20001 to 30000 is 7.7408 %
Covariance:
[0.0227456 -0.00537899 0.0178364; -0.00537899 0.00229489 -0.00301678; 0.0178364 -0.00301678 0.160739]
Loglik: 6403.1367 
Percentage done: 80.00 % 
Acceptance rate on iteration 30001 to 40000 is 8.0108 %
Covariance:
[0.0227456 -0.00537899 0.0178364; -0.00537899 0.00229489 -0.00301678; 0.0178364 -0.00301678 0.160739]
Loglik: 6404.3683 
elapsed time: 529.784121702 seconds
Ending DA-GP-MCMC with adaptive RW estimating 3 parameters
Algorithm: MCWM
Adaptation algorithm: noAdaptation
Prior distribution: Uniform
Particel filter: bootstrap
Time pre-er:  0
Time fit GP model:  0
Time er-part:  530
Number early-rejections: 40444
Number of cases directly to ordinary MH: 7473
Number of cases directly to ordinary MH accapted: 2860
Number cases in secound stage: 2082
Number accepted in secound stage: 1072
Total number of evaluations of the particle filter: 9555
Acceptance rate for ordinary MH accapted: 38.2711
Acceptance rate a_1: 4.8958
Acceptance rate a_2: 51.4890
Acceptance rate a_1*a_2: 2.5208
Acceptance rate a (for entier algorithm): 7.8640
Iterstion:
7
Starting DA-GP-MCMC with adaptive RW estimating 3 parameters
Covariance - kernel_MH_direct:
[0.018798 -0.00444545 0.0147408; -0.00444545 0.0018966 -0.0024932; 0.0147408 -0.0024932 0.132842]
MCMC algorithm: MCWM
Adaptation algorithm: noAdaptation
Prior distribution: Uniform
Particel filter: bootstrap
Iteration: 1
Covariance:
[0.0227456 -0.00537899 0.0178364; -0.00537899 0.00229489 -0.00301678; 0.0178364 -0.00301678 0.160739]
ESS: 248.7523
Loglik: 6404.3881 
Percentage done: 20.00 % 
Acceptance rate on iteration 1 to 10000 is 7.9708 %
Covariance:
[0.0227456 -0.00537899 0.0178364; -0.00537899 0.00229489 -0.00301678; 0.0178364 -0.00301678 0.160739]
Loglik: 6404.1090 
Percentage done: 40.00 % 
Acceptance rate on iteration 10001 to 20000 is 7.5008 %
Covariance:
[0.0227456 -0.00537899 0.0178364; -0.00537899 0.00229489 -0.00301678; 0.0178364 -0.00301678 0.160739]
Loglik: 6405.0456 
Percentage done: 60.00 % 
Acceptance rate on iteration 20001 to 30000 is 7.6808 %
Covariance:
[0.0227456 -0.00537899 0.0178364; -0.00537899 0.00229489 -0.00301678; 0.0178364 -0.00301678 0.160739]
Loglik: 6404.3311 
ESS: 403.4547
ESS: 201.8567
Percentage done: 80.00 % 
Acceptance rate on iteration 30001 to 40000 is 7.6108 %
Covariance:
[0.0227456 -0.00537899 0.0178364; -0.00537899 0.00229489 -0.00301678; 0.0178364 -0.00301678 0.160739]
Loglik: 6403.4321 
ESS: 16.7324
ESS: 204.9027
elapsed time: 530.190822827 seconds
Ending DA-GP-MCMC with adaptive RW estimating 3 parameters
Algorithm: MCWM
Adaptation algorithm: noAdaptation
Prior distribution: Uniform
Particel filter: bootstrap
Time pre-er:  0
Time fit GP model:  0
Time er-part:  530
Number early-rejections: 40609
Number of cases directly to ordinary MH: 7427
Number of cases directly to ordinary MH accapted: 2816
Number cases in secound stage: 1963
Number accepted in secound stage: 976
Total number of evaluations of the particle filter: 9390
Acceptance rate for ordinary MH accapted: 37.9157
Acceptance rate a_1: 4.6110
Acceptance rate a_2: 49.7198
Acceptance rate a_1*a_2: 2.2926
Acceptance rate a (for entier algorithm): 7.5840
Iterstion:
8
Starting DA-GP-MCMC with adaptive RW estimating 3 parameters
Covariance - kernel_MH_direct:
[0.018798 -0.00444545 0.0147408; -0.00444545 0.0018966 -0.0024932; 0.0147408 -0.0024932 0.132842]
MCMC algorithm: MCWM
Adaptation algorithm: noAdaptation
Prior distribution: Uniform
Particel filter: bootstrap
Iteration: 1
Covariance:
[0.0227456 -0.00537899 0.0178364; -0.00537899 0.00229489 -0.00301678; 0.0178364 -0.00301678 0.160739]
ESS: 247.1517
Loglik: 6404.6064 
Percentage done: 20.00 % 
Acceptance rate on iteration 1 to 10000 is 8.0708 %
Covariance:
[0.0227456 -0.00537899 0.0178364; -0.00537899 0.00229489 -0.00301678; 0.0178364 -0.00301678 0.160739]
Loglik: 6405.3165 
Percentage done: 40.00 % 
Acceptance rate on iteration 10001 to 20000 is 7.6808 %
Covariance:
[0.0227456 -0.00537899 0.0178364; -0.00537899 0.00229489 -0.00301678; 0.0178364 -0.00301678 0.160739]
Loglik: 6404.3827 
Percentage done: 60.00 % 
Acceptance rate on iteration 20001 to 30000 is 7.7308 %
Covariance:
[0.0227456 -0.00537899 0.0178364; -0.00537899 0.00229489 -0.00301678; 0.0178364 -0.00301678 0.160739]
Loglik: 6403.4050 
Percentage done: 80.00 % 
Acceptance rate on iteration 30001 to 40000 is 8.1008 %
Covariance:
[0.0227456 -0.00537899 0.0178364; -0.00537899 0.00229489 -0.00301678; 0.0178364 -0.00301678 0.160739]
Loglik: 6403.5030 
ESS: 376.9940
ESS: 356.6705
elapsed time: 536.655207769 seconds
Ending DA-GP-MCMC with adaptive RW estimating 3 parameters
Algorithm: MCWM
Adaptation algorithm: noAdaptation
Prior distribution: Uniform
Particel filter: bootstrap
Time pre-er:  0
Time fit GP model:  0
Time er-part:  537
Number early-rejections: 40374
Number of cases directly to ordinary MH: 7541
Number of cases directly to ordinary MH accapted: 2890
Number cases in secound stage: 2084
Number accepted in secound stage: 1080
Total number of evaluations of the particle filter: 9625
Acceptance rate for ordinary MH accapted: 38.3238
Acceptance rate a_1: 4.9084
Acceptance rate a_2: 51.8234
Acceptance rate a_1*a_2: 2.5437
Acceptance rate a (for entier algorithm): 7.9400
Iterstion:
9
Starting DA-GP-MCMC with adaptive RW estimating 3 parameters
Covariance - kernel_MH_direct:
[0.018798 -0.00444545 0.0147408; -0.00444545 0.0018966 -0.0024932; 0.0147408 -0.0024932 0.132842]
MCMC algorithm: MCWM
Adaptation algorithm: noAdaptation
Prior distribution: Uniform
Particel filter: bootstrap
Iteration: 1
Covariance:
[0.0227456 -0.00537899 0.0178364; -0.00537899 0.00229489 -0.00301678; 0.0178364 -0.00301678 0.160739]
ESS: 232.3003
Loglik: 6404.8743 
Percentage done: 20.00 % 
Acceptance rate on iteration 1 to 10000 is 8.2908 %
Covariance:
[0.0227456 -0.00537899 0.0178364; -0.00537899 0.00229489 -0.00301678; 0.0178364 -0.00301678 0.160739]
Loglik: 6400.0336 
ESS: 288.3632
ESS: 285.6409
Percentage done: 40.00 % 
Acceptance rate on iteration 10001 to 20000 is 7.0107 %
Covariance:
[0.0227456 -0.00537899 0.0178364; -0.00537899 0.00229489 -0.00301678; 0.0178364 -0.00301678 0.160739]
Loglik: 6403.5222 
Percentage done: 60.00 % 
Acceptance rate on iteration 20001 to 30000 is 8.1608 %
Covariance:
[0.0227456 -0.00537899 0.0178364; -0.00537899 0.00229489 -0.00301678; 0.0178364 -0.00301678 0.160739]
Loglik: 6402.8520 
ESS: 229.9158
ESS: 285.8051
Percentage done: 80.00 % 
Acceptance rate on iteration 30001 to 40000 is 8.1808 %
Covariance:
[0.0227456 -0.00537899 0.0178364; -0.00537899 0.00229489 -0.00301678; 0.0178364 -0.00301678 0.160739]
Loglik: 6404.2859 
elapsed time: 531.770797032 seconds
Ending DA-GP-MCMC with adaptive RW estimating 3 parameters
Algorithm: MCWM
Adaptation algorithm: noAdaptation
Prior distribution: Uniform
Particel filter: bootstrap
Time pre-er:  0
Time fit GP model:  0
Time er-part:  532
Number early-rejections: 40433
Number of cases directly to ordinary MH: 7547
Number of cases directly to ordinary MH accapted: 2898
Number cases in secound stage: 2019
Number accepted in secound stage: 1044
Total number of evaluations of the particle filter: 9566
Acceptance rate for ordinary MH accapted: 38.3994
Acceptance rate a_1: 4.7560
Acceptance rate a_2: 51.7088
Acceptance rate a_1*a_2: 2.4592
Acceptance rate a (for entier algorithm): 7.8840
Iterstion:
10
Starting DA-GP-MCMC with adaptive RW estimating 3 parameters
Covariance - kernel_MH_direct:
[0.018798 -0.00444545 0.0147408; -0.00444545 0.0018966 -0.0024932; 0.0147408 -0.0024932 0.132842]
MCMC algorithm: MCWM
Adaptation algorithm: noAdaptation
Prior distribution: Uniform
Particel filter: bootstrap
Iteration: 1
Covariance:
[0.0227456 -0.00537899 0.0178364; -0.00537899 0.00229489 -0.00301678; 0.0178364 -0.00301678 0.160739]
ESS: 234.8361
Loglik: 6403.5941 
Percentage done: 20.00 % 
Acceptance rate on iteration 1 to 10000 is 7.8208 %
Covariance:
[0.0227456 -0.00537899 0.0178364; -0.00537899 0.00229489 -0.00301678; 0.0178364 -0.00301678 0.160739]
Loglik: 6405.7742 
Percentage done: 40.00 % 
Acceptance rate on iteration 10001 to 20000 is 7.3607 %
Covariance:
[0.0227456 -0.00537899 0.0178364; -0.00537899 0.00229489 -0.00301678; 0.0178364 -0.00301678 0.160739]
Loglik: 6400.1612 
ESS: 155.3646
ESS: 157.8458
Percentage done: 60.00 % 
Acceptance rate on iteration 20001 to 30000 is 7.4907 %
Covariance:
[0.0227456 -0.00537899 0.0178364; -0.00537899 0.00229489 -0.00301678; 0.0178364 -0.00301678 0.160739]
Loglik: 6403.4132 
ESS: 276.5574
ESS: 150.3267
Percentage done: 80.00 % 
Acceptance rate on iteration 30001 to 40000 is 8.1808 %
Covariance:
[0.0227456 -0.00537899 0.0178364; -0.00537899 0.00229489 -0.00301678; 0.0178364 -0.00301678 0.160739]
Loglik: 6404.9324 
elapsed time: 531.789827017 seconds
Ending DA-GP-MCMC with adaptive RW estimating 3 parameters
Algorithm: MCWM
Adaptation algorithm: noAdaptation
Prior distribution: Uniform
Particel filter: bootstrap
Time pre-er:  0
Time fit GP model:  0
Time er-part:  532
Number early-rejections: 40452
Number of cases directly to ordinary MH: 7537
Number of cases directly to ordinary MH accapted: 2848
Number cases in secound stage: 2010
Number accepted in secound stage: 1043
Total number of evaluations of the particle filter: 9547
Acceptance rate for ordinary MH accapted: 37.7869
Acceptance rate a_1: 4.7336
Acceptance rate a_2: 51.8905
Acceptance rate a_1*a_2: 2.4563
Acceptance rate a (for entier algorithm): 7.7820
Iterstion:
11
Starting DA-GP-MCMC with adaptive RW estimating 3 parameters
Covariance - kernel_MH_direct:
[0.018798 -0.00444545 0.0147408; -0.00444545 0.0018966 -0.0024932; 0.0147408 -0.0024932 0.132842]
MCMC algorithm: MCWM
Adaptation algorithm: noAdaptation
Prior distribution: Uniform
Particel filter: bootstrap
Iteration: 1
Covariance:
[0.0227456 -0.00537899 0.0178364; -0.00537899 0.00229489 -0.00301678; 0.0178364 -0.00301678 0.160739]
ESS: 248.5696
Loglik: 6404.0974 
Percentage done: 20.00 % 
Acceptance rate on iteration 1 to 10000 is 7.7708 %
Covariance:
[0.0227456 -0.00537899 0.0178364; -0.00537899 0.00229489 -0.00301678; 0.0178364 -0.00301678 0.160739]
Loglik: 6403.9708 
Percentage done: 40.00 % 
Acceptance rate on iteration 10001 to 20000 is 7.7608 %
Covariance:
[0.0227456 -0.00537899 0.0178364; -0.00537899 0.00229489 -0.00301678; 0.0178364 -0.00301678 0.160739]
Loglik: 6403.7531 
ESS: 638.1018
ESS: 429.0433
Percentage done: 60.00 % 
Acceptance rate on iteration 20001 to 30000 is 7.4107 %
Covariance:
[0.0227456 -0.00537899 0.0178364; -0.00537899 0.00229489 -0.00301678; 0.0178364 -0.00301678 0.160739]
Loglik: 6405.7352 
ESS: 157.3491
ESS: 213.4669
Percentage done: 80.00 % 
Acceptance rate on iteration 30001 to 40000 is 7.9508 %
Covariance:
[0.0227456 -0.00537899 0.0178364; -0.00537899 0.00229489 -0.00301678; 0.0178364 -0.00301678 0.160739]
Loglik: 6403.7183 
elapsed time: 532.449065738 seconds
Ending DA-GP-MCMC with adaptive RW estimating 3 parameters
Algorithm: MCWM
Adaptation algorithm: noAdaptation
Prior distribution: Uniform
Particel filter: bootstrap
Time pre-er:  0
Time fit GP model:  0
Time er-part:  532
Number early-rejections: 40441
Number of cases directly to ordinary MH: 7481
Number of cases directly to ordinary MH accapted: 2819
Number cases in secound stage: 2077
Number accepted in secound stage: 1051
Total number of evaluations of the particle filter: 9558
Acceptance rate for ordinary MH accapted: 37.6821
Acceptance rate a_1: 4.8850
Acceptance rate a_2: 50.6018
Acceptance rate a_1*a_2: 2.4719
Acceptance rate a (for entier algorithm): 7.7400
Iterstion:
12
Starting DA-GP-MCMC with adaptive RW estimating 3 parameters
Covariance - kernel_MH_direct:
[0.018798 -0.00444545 0.0147408; -0.00444545 0.0018966 -0.0024932; 0.0147408 -0.0024932 0.132842]
MCMC algorithm: MCWM
Adaptation algorithm: noAdaptation
Prior distribution: Uniform
Particel filter: bootstrap
Iteration: 1
Covariance:
[0.0227456 -0.00537899 0.0178364; -0.00537899 0.00229489 -0.00301678; 0.0178364 -0.00301678 0.160739]
ESS: 238.7412
Loglik: 6404.8703 
Percentage done: 20.00 % 
Acceptance rate on iteration 1 to 10000 is 7.3707 %
Covariance:
[0.0227456 -0.00537899 0.0178364; -0.00537899 0.00229489 -0.00301678; 0.0178364 -0.00301678 0.160739]
Loglik: 6403.5795 
Percentage done: 40.00 % 
Acceptance rate on iteration 10001 to 20000 is 8.2908 %
Covariance:
[0.0227456 -0.00537899 0.0178364; -0.00537899 0.00229489 -0.00301678; 0.0178364 -0.00301678 0.160739]
Loglik: 6402.8570 
Percentage done: 60.00 % 
Acceptance rate on iteration 20001 to 30000 is 7.9608 %
Covariance:
[0.0227456 -0.00537899 0.0178364; -0.00537899 0.00229489 -0.00301678; 0.0178364 -0.00301678 0.160739]
Loglik: 6403.7921 
ESS: 272.2768
ESS: 293.0234
Percentage done: 80.00 % 
Acceptance rate on iteration 30001 to 40000 is 7.9308 %
Covariance:
[0.0227456 -0.00537899 0.0178364; -0.00537899 0.00229489 -0.00301678; 0.0178364 -0.00301678 0.160739]
Loglik: 6403.0829 
ESS: 327.4603
ESS: 201.0376
elapsed time: 537.159413269 seconds
Ending DA-GP-MCMC with adaptive RW estimating 3 parameters
Algorithm: MCWM
Adaptation algorithm: noAdaptation
Prior distribution: Uniform
Particel filter: bootstrap
Time pre-er:  0
Time fit GP model:  0
Time er-part:  537
Number early-rejections: 40503
Number of cases directly to ordinary MH: 7440
Number of cases directly to ordinary MH accapted: 2886
Number cases in secound stage: 2056
Number accepted in secound stage: 1049
Total number of evaluations of the particle filter: 9496
Acceptance rate for ordinary MH accapted: 38.7903
Acceptance rate a_1: 4.8309
Acceptance rate a_2: 51.0214
Acceptance rate a_1*a_2: 2.4648
Acceptance rate a (for entier algorithm): 7.8700
Iterstion:
13
Starting DA-GP-MCMC with adaptive RW estimating 3 parameters
Covariance - kernel_MH_direct:
[0.018798 -0.00444545 0.0147408; -0.00444545 0.0018966 -0.0024932; 0.0147408 -0.0024932 0.132842]
MCMC algorithm: MCWM
Adaptation algorithm: noAdaptation
Prior distribution: Uniform
Particel filter: bootstrap
Iteration: 1
Covariance:
[0.0227456 -0.00537899 0.0178364; -0.00537899 0.00229489 -0.00301678; 0.0178364 -0.00301678 0.160739]
ESS: 238.4568
Loglik: 6403.4456 
Percentage done: 20.00 % 
Acceptance rate on iteration 1 to 10000 is 7.5308 %
Covariance:
[0.0227456 -0.00537899 0.0178364; -0.00537899 0.00229489 -0.00301678; 0.0178364 -0.00301678 0.160739]
Loglik: 6403.0190 
ESS: 102.2257
ESS: 200.0108
Percentage done: 40.00 % 
Acceptance rate on iteration 10001 to 20000 is 7.6108 %
Covariance:
[0.0227456 -0.00537899 0.0178364; -0.00537899 0.00229489 -0.00301678; 0.0178364 -0.00301678 0.160739]
Loglik: 6404.8995 
Percentage done: 60.00 % 
Acceptance rate on iteration 20001 to 30000 is 7.6008 %
Covariance:
[0.0227456 -0.00537899 0.0178364; -0.00537899 0.00229489 -0.00301678; 0.0178364 -0.00301678 0.160739]
Loglik: 6404.2842 
Percentage done: 80.00 % 
Acceptance rate on iteration 30001 to 40000 is 7.3607 %
Covariance:
[0.0227456 -0.00537899 0.0178364; -0.00537899 0.00229489 -0.00301678; 0.0178364 -0.00301678 0.160739]
Loglik: 6405.0984 
ESS: 217.2952
ESS: 119.2292
elapsed time: 531.213298488 seconds
Ending DA-GP-MCMC with adaptive RW estimating 3 parameters
Algorithm: MCWM
Adaptation algorithm: noAdaptation
Prior distribution: Uniform
Particel filter: bootstrap
Time pre-er:  0
Time fit GP model:  0
Time er-part:  531
Number early-rejections: 40591
Number of cases directly to ordinary MH: 7421
Number of cases directly to ordinary MH accapted: 2711
Number cases in secound stage: 1987
Number accepted in secound stage: 1024
Total number of evaluations of the particle filter: 9408
Acceptance rate for ordinary MH accapted: 36.5315
Acceptance rate a_1: 4.6667
Acceptance rate a_2: 51.5350
Acceptance rate a_1*a_2: 2.4050
Acceptance rate a (for entier algorithm): 7.4700
Iterstion:
14
Starting DA-GP-MCMC with adaptive RW estimating 3 parameters
Covariance - kernel_MH_direct:
[0.018798 -0.00444545 0.0147408; -0.00444545 0.0018966 -0.0024932; 0.0147408 -0.0024932 0.132842]
MCMC algorithm: MCWM
Adaptation algorithm: noAdaptation
Prior distribution: Uniform
Particel filter: bootstrap
Iteration: 1
Covariance:
[0.0227456 -0.00537899 0.0178364; -0.00537899 0.00229489 -0.00301678; 0.0178364 -0.00301678 0.160739]
ESS: 237.7136
Loglik: 6405.1706 
Percentage done: 20.00 % 
Acceptance rate on iteration 1 to 10000 is 7.9108 %
Covariance:
[0.0227456 -0.00537899 0.0178364; -0.00537899 0.00229489 -0.00301678; 0.0178364 -0.00301678 0.160739]
Loglik: 6405.1196 
Percentage done: 40.00 % 
Acceptance rate on iteration 10001 to 20000 is 8.1308 %
Covariance:
[0.0227456 -0.00537899 0.0178364; -0.00537899 0.00229489 -0.00301678; 0.0178364 -0.00301678 0.160739]
Loglik: 6405.4220 
Percentage done: 60.00 % 
Acceptance rate on iteration 20001 to 30000 is 7.4707 %
Covariance:
[0.0227456 -0.00537899 0.0178364; -0.00537899 0.00229489 -0.00301678; 0.0178364 -0.00301678 0.160739]
Loglik: 6404.8791 
Percentage done: 80.00 % 
Acceptance rate on iteration 30001 to 40000 is 7.5608 %
Covariance:
[0.0227456 -0.00537899 0.0178364; -0.00537899 0.00229489 -0.00301678; 0.0178364 -0.00301678 0.160739]
Loglik: 6402.2745 
elapsed time: 533.645275284 seconds
Ending DA-GP-MCMC with adaptive RW estimating 3 parameters
Algorithm: MCWM
Adaptation algorithm: noAdaptation
Prior distribution: Uniform
Particel filter: bootstrap
Time pre-er:  0
Time fit GP model:  0
Time er-part:  534
Number early-rejections: 40457
Number of cases directly to ordinary MH: 7475
Number of cases directly to ordinary MH accapted: 2857
Number cases in secound stage: 2067
Number accepted in secound stage: 977
Total number of evaluations of the particle filter: 9542
Acceptance rate for ordinary MH accapted: 38.2207
Acceptance rate a_1: 4.8608
Acceptance rate a_2: 47.2666
Acceptance rate a_1*a_2: 2.2975
Acceptance rate a (for entier algorithm): 7.6680
Iterstion:
15
Starting DA-GP-MCMC with adaptive RW estimating 3 parameters
Covariance - kernel_MH_direct:
[0.018798 -0.00444545 0.0147408; -0.00444545 0.0018966 -0.0024932; 0.0147408 -0.0024932 0.132842]
MCMC algorithm: MCWM
Adaptation algorithm: noAdaptation
Prior distribution: Uniform
Particel filter: bootstrap
Iteration: 1
Covariance:
[0.0227456 -0.00537899 0.0178364; -0.00537899 0.00229489 -0.00301678; 0.0178364 -0.00301678 0.160739]
ESS: 240.1252
Loglik: 6404.9522 
Percentage done: 20.00 % 
Acceptance rate on iteration 1 to 10000 is 8.0908 %
Covariance:
[0.0227456 -0.00537899 0.0178364; -0.00537899 0.00229489 -0.00301678; 0.0178364 -0.00301678 0.160739]
Loglik: 6400.2916 
Percentage done: 40.00 % 
Acceptance rate on iteration 10001 to 20000 is 7.5308 %
Covariance:
[0.0227456 -0.00537899 0.0178364; -0.00537899 0.00229489 -0.00301678; 0.0178364 -0.00301678 0.160739]
Loglik: 6405.2048 
Percentage done: 60.00 % 
Acceptance rate on iteration 20001 to 30000 is 7.7208 %
Covariance:
[0.0227456 -0.00537899 0.0178364; -0.00537899 0.00229489 -0.00301678; 0.0178364 -0.00301678 0.160739]
Loglik: 6405.0283 
Percentage done: 80.00 % 
Acceptance rate on iteration 30001 to 40000 is 7.3207 %
Covariance:
[0.0227456 -0.00537899 0.0178364; -0.00537899 0.00229489 -0.00301678; 0.0178364 -0.00301678 0.160739]
Loglik: 6401.2647 
elapsed time: 537.586247055 seconds
Ending DA-GP-MCMC with adaptive RW estimating 3 parameters
Algorithm: MCWM
Adaptation algorithm: noAdaptation
Prior distribution: Uniform
Particel filter: bootstrap
Time pre-er:  0
Time fit GP model:  0
Time er-part:  538
Number early-rejections: 40428
Number of cases directly to ordinary MH: 7472
Number of cases directly to ordinary MH accapted: 2780
Number cases in secound stage: 2099
Number accepted in secound stage: 1069
Total number of evaluations of the particle filter: 9571
Acceptance rate for ordinary MH accapted: 37.2056
Acceptance rate a_1: 4.9357
Acceptance rate a_2: 50.9290
Acceptance rate a_1*a_2: 2.5137
Acceptance rate a (for entier algorithm): 7.6980
Iterstion:
16
Starting DA-GP-MCMC with adaptive RW estimating 3 parameters
Covariance - kernel_MH_direct:
[0.018798 -0.00444545 0.0147408; -0.00444545 0.0018966 -0.0024932; 0.0147408 -0.0024932 0.132842]
MCMC algorithm: MCWM
Adaptation algorithm: noAdaptation
Prior distribution: Uniform
Particel filter: bootstrap
Iteration: 1
Covariance:
[0.0227456 -0.00537899 0.0178364; -0.00537899 0.00229489 -0.00301678; 0.0178364 -0.00301678 0.160739]
ESS: 227.8947
Loglik: 6405.2526 
Percentage done: 20.00 % 
Acceptance rate on iteration 1 to 10000 is 8.1508 %
Covariance:
[0.0227456 -0.00537899 0.0178364; -0.00537899 0.00229489 -0.00301678; 0.0178364 -0.00301678 0.160739]
Loglik: 6404.8026 
ESS: 292.7310
ESS: 143.6793
Percentage done: 40.00 % 
Acceptance rate on iteration 10001 to 20000 is 7.9308 %
Covariance:
[0.0227456 -0.00537899 0.0178364; -0.00537899 0.00229489 -0.00301678; 0.0178364 -0.00301678 0.160739]
Loglik: 6403.1184 
Percentage done: 60.00 % 
Acceptance rate on iteration 20001 to 30000 is 8.0608 %
Covariance:
[0.0227456 -0.00537899 0.0178364; -0.00537899 0.00229489 -0.00301678; 0.0178364 -0.00301678 0.160739]
Loglik: 6402.9174 
Percentage done: 80.00 % 
Acceptance rate on iteration 30001 to 40000 is 7.4207 %
Covariance:
[0.0227456 -0.00537899 0.0178364; -0.00537899 0.00229489 -0.00301678; 0.0178364 -0.00301678 0.160739]
Loglik: 6404.4373 
elapsed time: 541.532051133 seconds
Ending DA-GP-MCMC with adaptive RW estimating 3 parameters
Algorithm: MCWM
Adaptation algorithm: noAdaptation
Prior distribution: Uniform
Particel filter: bootstrap
Time pre-er:  0
Time fit GP model:  0
Time er-part:  542
Number early-rejections: 40293
Number of cases directly to ordinary MH: 7577
Number of cases directly to ordinary MH accapted: 2852
Number cases in secound stage: 2129
Number accepted in secound stage: 1063
Total number of evaluations of the particle filter: 9706
Acceptance rate for ordinary MH accapted: 37.6402
Acceptance rate a_1: 5.0186
Acceptance rate a_2: 49.9295
Acceptance rate a_1*a_2: 2.5058
Acceptance rate a (for entier algorithm): 7.8300
Iterstion:
17
Starting DA-GP-MCMC with adaptive RW estimating 3 parameters
Covariance - kernel_MH_direct:
[0.018798 -0.00444545 0.0147408; -0.00444545 0.0018966 -0.0024932; 0.0147408 -0.0024932 0.132842]
MCMC algorithm: MCWM
Adaptation algorithm: noAdaptation
Prior distribution: Uniform
Particel filter: bootstrap
Iteration: 1
Covariance:
[0.0227456 -0.00537899 0.0178364; -0.00537899 0.00229489 -0.00301678; 0.0178364 -0.00301678 0.160739]
ESS: 241.9014
Loglik: 6404.4602 
Percentage done: 20.00 % 
Acceptance rate on iteration 1 to 10000 is 7.6608 %
Covariance:
[0.0227456 -0.00537899 0.0178364; -0.00537899 0.00229489 -0.00301678; 0.0178364 -0.00301678 0.160739]
Loglik: 6404.6882 
Percentage done: 40.00 % 
Acceptance rate on iteration 10001 to 20000 is 8.4108 %
Covariance:
[0.0227456 -0.00537899 0.0178364; -0.00537899 0.00229489 -0.00301678; 0.0178364 -0.00301678 0.160739]
Loglik: 6404.0334 
ESS: 273.2701
ESS: 269.5266
Percentage done: 60.00 % 
Acceptance rate on iteration 20001 to 30000 is 7.7008 %
Covariance:
[0.0227456 -0.00537899 0.0178364; -0.00537899 0.00229489 -0.00301678; 0.0178364 -0.00301678 0.160739]
Loglik: 6404.1861 
Percentage done: 80.00 % 
Acceptance rate on iteration 30001 to 40000 is 7.8208 %
Covariance:
[0.0227456 -0.00537899 0.0178364; -0.00537899 0.00229489 -0.00301678; 0.0178364 -0.00301678 0.160739]
Loglik: 6404.7047 
elapsed time: 535.286443685 seconds
Ending DA-GP-MCMC with adaptive RW estimating 3 parameters
Algorithm: MCWM
Adaptation algorithm: noAdaptation
Prior distribution: Uniform
Particel filter: bootstrap
Time pre-er:  0
Time fit GP model:  0
Time er-part:  535
Number early-rejections: 40333
Number of cases directly to ordinary MH: 7524
Number of cases directly to ordinary MH accapted: 2897
Number cases in secound stage: 2142
Number accepted in secound stage: 1044
Total number of evaluations of the particle filter: 9666
Acceptance rate for ordinary MH accapted: 38.5035
Acceptance rate a_1: 5.0430
Acceptance rate a_2: 48.7395
Acceptance rate a_1*a_2: 2.4579
Acceptance rate a (for entier algorithm): 7.8820
Iterstion:
18
Starting DA-GP-MCMC with adaptive RW estimating 3 parameters
Covariance - kernel_MH_direct:
[0.018798 -0.00444545 0.0147408; -0.00444545 0.0018966 -0.0024932; 0.0147408 -0.0024932 0.132842]
MCMC algorithm: MCWM
Adaptation algorithm: noAdaptation
Prior distribution: Uniform
Particel filter: bootstrap
Iteration: 1
Covariance:
[0.0227456 -0.00537899 0.0178364; -0.00537899 0.00229489 -0.00301678; 0.0178364 -0.00301678 0.160739]
ESS: 224.9291
Loglik: 6404.7325 
Percentage done: 20.00 % 
Acceptance rate on iteration 1 to 10000 is 7.9008 %
Covariance:
[0.0227456 -0.00537899 0.0178364; -0.00537899 0.00229489 -0.00301678; 0.0178364 -0.00301678 0.160739]
Loglik: 6403.6895 
Percentage done: 40.00 % 
Acceptance rate on iteration 10001 to 20000 is 7.5308 %
Covariance:
[0.0227456 -0.00537899 0.0178364; -0.00537899 0.00229489 -0.00301678; 0.0178364 -0.00301678 0.160739]
Loglik: 6404.2475 
ESS: 214.3456
ESS: 255.2540
Percentage done: 60.00 % 
Acceptance rate on iteration 20001 to 30000 is 7.7908 %
Covariance:
[0.0227456 -0.00537899 0.0178364; -0.00537899 0.00229489 -0.00301678; 0.0178364 -0.00301678 0.160739]
Loglik: 6401.0175 
Percentage done: 80.00 % 
Acceptance rate on iteration 30001 to 40000 is 7.6208 %
Covariance:
[0.0227456 -0.00537899 0.0178364; -0.00537899 0.00229489 -0.00301678; 0.0178364 -0.00301678 0.160739]
Loglik: 6403.8797 
elapsed time: 536.237127627 seconds
Ending DA-GP-MCMC with adaptive RW estimating 3 parameters
Algorithm: MCWM
Adaptation algorithm: noAdaptation
Prior distribution: Uniform
Particel filter: bootstrap
Time pre-er:  0
Time fit GP model:  0
Time er-part:  536
Number early-rejections: 40448
Number of cases directly to ordinary MH: 7486
Number of cases directly to ordinary MH accapted: 2823
Number cases in secound stage: 2065
Number accepted in secound stage: 1019
Total number of evaluations of the particle filter: 9551
Acceptance rate for ordinary MH accapted: 37.7104
Acceptance rate a_1: 4.8573
Acceptance rate a_2: 49.3462
Acceptance rate a_1*a_2: 2.3969
Acceptance rate a (for entier algorithm): 7.6840
Iterstion:
19
Starting DA-GP-MCMC with adaptive RW estimating 3 parameters
Covariance - kernel_MH_direct:
[0.018798 -0.00444545 0.0147408; -0.00444545 0.0018966 -0.0024932; 0.0147408 -0.0024932 0.132842]
MCMC algorithm: MCWM
Adaptation algorithm: noAdaptation
Prior distribution: Uniform
Particel filter: bootstrap
Iteration: 1
Covariance:
[0.0227456 -0.00537899 0.0178364; -0.00537899 0.00229489 -0.00301678; 0.0178364 -0.00301678 0.160739]
ESS: 226.6537
Loglik: 6404.8136 
Percentage done: 20.00 % 
Acceptance rate on iteration 1 to 10000 is 7.7308 %
Covariance:
[0.0227456 -0.00537899 0.0178364; -0.00537899 0.00229489 -0.00301678; 0.0178364 -0.00301678 0.160739]
Loglik: 6405.2204 
Percentage done: 40.00 % 
Acceptance rate on iteration 10001 to 20000 is 7.4107 %
Covariance:
[0.0227456 -0.00537899 0.0178364; -0.00537899 0.00229489 -0.00301678; 0.0178364 -0.00301678 0.160739]
Loglik: 6400.9690 
Percentage done: 60.00 % 
Acceptance rate on iteration 20001 to 30000 is 7.8708 %
Covariance:
[0.0227456 -0.00537899 0.0178364; -0.00537899 0.00229489 -0.00301678; 0.0178364 -0.00301678 0.160739]
Loglik: 6402.9166 
Percentage done: 80.00 % 
Acceptance rate on iteration 30001 to 40000 is 7.7108 %
Covariance:
[0.0227456 -0.00537899 0.0178364; -0.00537899 0.00229489 -0.00301678; 0.0178364 -0.00301678 0.160739]
Loglik: 6404.2732 
elapsed time: 531.581952991 seconds
Ending DA-GP-MCMC with adaptive RW estimating 3 parameters
Algorithm: MCWM
Adaptation algorithm: noAdaptation
Prior distribution: Uniform
Particel filter: bootstrap
Time pre-er:  0
Time fit GP model:  0
Time er-part:  532
Number early-rejections: 40414
Number of cases directly to ordinary MH: 7518
