Starting ml estimationLength of training data: 1800Start values for optimization:
[-1523.2; 1407.2; 4583.99; -55.6323; -78.4753; -711.582; -5.11237; -352.039; 8.58983; 3.47456; 0.837314; 0.49074; -1.80181; -2.9177; -0.790801]Iter     Function value   Gradient norm 
     0     3.386428e+03     5.035904e+03
     1     2.261042e+03     1.470636e+03
     2     1.954700e+03     1.326832e+03
     3     1.762808e+03     2.638337e+03
     4     1.678241e+03     1.365072e+03
     5     1.654190e+03     1.534527e+02
     6     1.649211e+03     3.465677e+02
     7     1.645366e+03     1.027079e+02
     8     1.619854e+03     3.936438e+02
     9     1.608457e+03     1.336939e+02
    10     1.593706e+03     4.380358e+02
    11     1.564481e+03     1.774550e+03
    12     1.564482e+03     1.774569e+03
Estimated parameters of the GP model:
Estimated Β:s:
[-1523.27,1407.11,4583.78,-55.5745,-78.0715,-712.116,-4.85312,-352.372,8.48577,3.67091]
Estimated log Φ:s:
[-0.302481,-0.652893,-2.24868,-2.00102,-0.776028]
elapsed time: 464.138201063 seconds
Iterstion:
1
Starting DA-GP-MCMC with adaptive RW estimating 3 parameters
Covariance - kernel_MH_direct:
[0.018798 -0.00444545 0.0147408; -0.00444545 0.0018966 -0.0024932; 0.0147408 -0.0024932 0.132842]
MCMC algorithm: MCWM
Adaptation algorithm: noAdaptation
Prior distribution: Uniform
Particel filter: bootstrap
Iteration: 1
Covariance:
[0.0227456 -0.00537899 0.0178364; -0.00537899 0.00229489 -0.00301678; 0.0178364 -0.00301678 0.160739]
ESS: 235.4068
Loglik: 6403.9938 
Percentage done: 20.00 % 
Acceptance rate on iteration 1 to 10000 is 7.8308 %
Covariance:
[0.0227456 -0.00537899 0.0178364; -0.00537899 0.00229489 -0.00301678; 0.0178364 -0.00301678 0.160739]
Loglik: 6403.4093 
Percentage done: 40.00 % 
Acceptance rate on iteration 10001 to 20000 is 7.8308 %
Covariance:
[0.0227456 -0.00537899 0.0178364; -0.00537899 0.00229489 -0.00301678; 0.0178364 -0.00301678 0.160739]
Loglik: 6402.4798 
ESS: 211.3789
ESS: 235.8501
Percentage done: 60.00 % 
Acceptance rate on iteration 20001 to 30000 is 7.9208 %
Covariance:
[0.0227456 -0.00537899 0.0178364; -0.00537899 0.00229489 -0.00301678; 0.0178364 -0.00301678 0.160739]
Loglik: 6403.5066 
Percentage done: 80.00 % 
Acceptance rate on iteration 30001 to 40000 is 7.7908 %
Covariance:
[0.0227456 -0.00537899 0.0178364; -0.00537899 0.00229489 -0.00301678; 0.0178364 -0.00301678 0.160739]
Loglik: 6404.0680 
elapsed time: 564.696288344 seconds
Ending DA-GP-MCMC with adaptive RW estimating 3 parameters
Algorithm: MCWM
Adaptation algorithm: noAdaptation
Prior distribution: Uniform
Particel filter: bootstrap
Time pre-er:  0
Time fit GP model:  0
Time er-part:  565
Number early-rejections: 40514
Number of cases directly to ordinary MH: 7438
Number of cases directly to ordinary MH accapted: 2820
Number cases in secound stage: 2047
Number accepted in secound stage: 1058
Total number of evaluations of the particle filter: 9485
Acceptance rate for ordinary MH accapted: 37.9134
Acceptance rate a_1: 4.8096
Acceptance rate a_2: 51.6854
Acceptance rate a_1*a_2: 2.4858
Acceptance rate a (for entier algorithm): 7.7560
Iterstion:
2
Starting DA-GP-MCMC with adaptive RW estimating 3 parameters
Covariance - kernel_MH_direct:
[0.018798 -0.00444545 0.0147408; -0.00444545 0.0018966 -0.0024932; 0.0147408 -0.0024932 0.132842]
MCMC algorithm: MCWM
Adaptation algorithm: noAdaptation
Prior distribution: Uniform
Particel filter: bootstrap
Iteration: 1
Covariance:
[0.0227456 -0.00537899 0.0178364; -0.00537899 0.00229489 -0.00301678; 0.0178364 -0.00301678 0.160739]
ESS: 243.3774
Loglik: 6405.1187 
Percentage done: 20.00 % 
Acceptance rate on iteration 1 to 10000 is 8.1708 %
Covariance:
[0.0227456 -0.00537899 0.0178364; -0.00537899 0.00229489 -0.00301678; 0.0178364 -0.00301678 0.160739]
Loglik: 6403.9510 
Percentage done: 40.00 % 
Acceptance rate on iteration 10001 to 20000 is 8.3808 %
Covariance:
[0.0227456 -0.00537899 0.0178364; -0.00537899 0.00229489 -0.00301678; 0.0178364 -0.00301678 0.160739]
Loglik: 6404.5308 
Percentage done: 60.00 % 
Acceptance rate on iteration 20001 to 30000 is 8.1808 %
Covariance:
[0.0227456 -0.00537899 0.0178364; -0.00537899 0.00229489 -0.00301678; 0.0178364 -0.00301678 0.160739]
Loglik: 6403.3902 
Percentage done: 80.00 % 
Acceptance rate on iteration 30001 to 40000 is 7.3407 %
Covariance:
[0.0227456 -0.00537899 0.0178364; -0.00537899 0.00229489 -0.00301678; 0.0178364 -0.00301678 0.160739]
Loglik: 6403.0638 
elapsed time: 562.851582772 seconds
Ending DA-GP-MCMC with adaptive RW estimating 3 parameters
Algorithm: MCWM
Adaptation algorithm: noAdaptation
Prior distribution: Uniform
Particel filter: bootstrap
Time pre-er:  0
Time fit GP model:  0
Time er-part:  563
Number early-rejections: 40371
Number of cases directly to ordinary MH: 7491
Number of cases directly to ordinary MH accapted: 2883
Number cases in secound stage: 2137
Number accepted in secound stage: 1105
Total number of evaluations of the particle filter: 9628
Acceptance rate for ordinary MH accapted: 38.4862
Acceptance rate a_1: 5.0273
Acceptance rate a_2: 51.7080
Acceptance rate a_1*a_2: 2.5995
Acceptance rate a (for entier algorithm): 7.9760
Iterstion:
3
Starting DA-GP-MCMC with adaptive RW estimating 3 parameters
Covariance - kernel_MH_direct:
[0.018798 -0.00444545 0.0147408; -0.00444545 0.0018966 -0.0024932; 0.0147408 -0.0024932 0.132842]
MCMC algorithm: MCWM
Adaptation algorithm: noAdaptation
Prior distribution: Uniform
Particel filter: bootstrap
Iteration: 1
Covariance:
[0.0227456 -0.00537899 0.0178364; -0.00537899 0.00229489 -0.00301678; 0.0178364 -0.00301678 0.160739]
ESS: 234.8842
Loglik: 6405.6331 
Percentage done: 20.00 % 
Acceptance rate on iteration 1 to 10000 is 7.5908 %
Covariance:
[0.0227456 -0.00537899 0.0178364; -0.00537899 0.00229489 -0.00301678; 0.0178364 -0.00301678 0.160739]
Loglik: 6401.2440 
ESS: 176.2113
ESS: 240.0062
Percentage done: 40.00 % 
Acceptance rate on iteration 10001 to 20000 is 8.4008 %
Covariance:
[0.0227456 -0.00537899 0.0178364; -0.00537899 0.00229489 -0.00301678; 0.0178364 -0.00301678 0.160739]
Loglik: 6402.5866 
ESS: 513.1507
ESS: 261.5094
Percentage done: 60.00 % 
Acceptance rate on iteration 20001 to 30000 is 7.4407 %
Covariance:
[0.0227456 -0.00537899 0.0178364; -0.00537899 0.00229489 -0.00301678; 0.0178364 -0.00301678 0.160739]
Loglik: 6403.6381 
ESS: 264.3587
ESS: 273.7213
Percentage done: 80.00 % 
Acceptance rate on iteration 30001 to 40000 is 8.2008 %
Covariance:
[0.0227456 -0.00537899 0.0178364; -0.00537899 0.00229489 -0.00301678; 0.0178364 -0.00301678 0.160739]
Loglik: 6401.7628 
elapsed time: 542.530540422 seconds
Ending DA-GP-MCMC with adaptive RW estimating 3 parameters
Algorithm: MCWM
Adaptation algorithm: noAdaptation
Prior distribution: Uniform
Particel filter: bootstrap
Time pre-er:  0
Time fit GP model:  0
Time er-part:  543
Number early-rejections: 40374
Number of cases directly to ordinary MH: 7581
Number of cases directly to ordinary MH accapted: 2915
Number cases in secound stage: 2044
Number accepted in secound stage: 1059
Total number of evaluations of the particle filter: 9625
Acceptance rate for ordinary MH accapted: 38.4514
Acceptance rate a_1: 4.8187
Acceptance rate a_2: 51.8102
Acceptance rate a_1*a_2: 2.4966
Acceptance rate a (for entier algorithm): 7.9480
Iterstion:
4
Starting DA-GP-MCMC with adaptive RW estimating 3 parameters
Covariance - kernel_MH_direct:
[0.018798 -0.00444545 0.0147408; -0.00444545 0.0018966 -0.0024932; 0.0147408 -0.0024932 0.132842]
MCMC algorithm: MCWM
Adaptation algorithm: noAdaptation
Prior distribution: Uniform
Particel filter: bootstrap
Iteration: 1
Covariance:
[0.0227456 -0.00537899 0.0178364; -0.00537899 0.00229489 -0.00301678; 0.0178364 -0.00301678 0.160739]
ESS: 218.8445
Loglik: 6404.3078 
Percentage done: 20.00 % 
Acceptance rate on iteration 1 to 10000 is 7.6008 %
Covariance:
[0.0227456 -0.00537899 0.0178364; -0.00537899 0.00229489 -0.00301678; 0.0178364 -0.00301678 0.160739]
Loglik: 6405.5195 
Percentage done: 40.00 % 
Acceptance rate on iteration 10001 to 20000 is 7.4107 %
Covariance:
[0.0227456 -0.00537899 0.0178364; -0.00537899 0.00229489 -0.00301678; 0.0178364 -0.00301678 0.160739]
Loglik: 6403.6115 
Percentage done: 60.00 % 
Acceptance rate on iteration 20001 to 30000 is 7.7808 %
Covariance:
[0.0227456 -0.00537899 0.0178364; -0.00537899 0.00229489 -0.00301678; 0.0178364 -0.00301678 0.160739]
Loglik: 6405.2811 
Percentage done: 80.00 % 
Acceptance rate on iteration 30001 to 40000 is 7.6308 %
Covariance:
[0.0227456 -0.00537899 0.0178364; -0.00537899 0.00229489 -0.00301678; 0.0178364 -0.00301678 0.160739]
Loglik: 6404.2288 
elapsed time: 539.13667918 seconds
Ending DA-GP-MCMC with adaptive RW estimating 3 parameters
Algorithm: MCWM
Adaptation algorithm: noAdaptation
Prior distribution: Uniform
Particel filter: bootstrap
Time pre-er:  0
Time fit GP model:  0
Time er-part:  539
Number early-rejections: 40486
Number of cases directly to ordinary MH: 7446
Number of cases directly to ordinary MH accapted: 2798
Number cases in secound stage: 2067
Number accepted in secound stage: 1036
Total number of evaluations of the particle filter: 9513
Acceptance rate for ordinary MH accapted: 37.5772
Acceptance rate a_1: 4.8575
Acceptance rate a_2: 50.1209
Acceptance rate a_1*a_2: 2.4346
Acceptance rate a (for entier algorithm): 7.6680
Iterstion:
5
Starting DA-GP-MCMC with adaptive RW estimating 3 parameters
Covariance - kernel_MH_direct:
[0.018798 -0.00444545 0.0147408; -0.00444545 0.0018966 -0.0024932; 0.0147408 -0.0024932 0.132842]
MCMC algorithm: MCWM
Adaptation algorithm: noAdaptation
Prior distribution: Uniform
Particel filter: bootstrap
Iteration: 1
Covariance:
[0.0227456 -0.00537899 0.0178364; -0.00537899 0.00229489 -0.00301678; 0.0178364 -0.00301678 0.160739]
ESS: 249.2432
Loglik: 6404.2326 
Percentage done: 20.00 % 
Acceptance rate on iteration 1 to 10000 is 8.1908 %
Covariance:
[0.0227456 -0.00537899 0.0178364; -0.00537899 0.00229489 -0.00301678; 0.0178364 -0.00301678 0.160739]
Loglik: 6403.6185 
Percentage done: 40.00 % 
Acceptance rate on iteration 10001 to 20000 is 7.8608 %
Covariance:
[0.0227456 -0.00537899 0.0178364; -0.00537899 0.00229489 -0.00301678; 0.0178364 -0.00301678 0.160739]
Loglik: 6405.4284 
Percentage done: 60.00 % 
Acceptance rate on iteration 20001 to 30000 is 7.9108 %
Covariance:
[0.0227456 -0.00537899 0.0178364; -0.00537899 0.00229489 -0.00301678; 0.0178364 -0.00301678 0.160739]
Loglik: 6404.2696 
ESS: 157.1132
ESS: 201.9566
Percentage done: 80.00 % 
Acceptance rate on iteration 30001 to 40000 is 7.6808 %
Covariance:
[0.0227456 -0.00537899 0.0178364; -0.00537899 0.00229489 -0.00301678; 0.0178364 -0.00301678 0.160739]
Loglik: 6404.2621 
elapsed time: 538.786104727 seconds
Ending DA-GP-MCMC with adaptive RW estimating 3 parameters
Algorithm: MCWM
Adaptation algorithm: noAdaptation
Prior distribution: Uniform
Particel filter: bootstrap
Time pre-er:  0
Time fit GP model:  0
Time er-part:  539
Number early-rejections: 40528
Number of cases directly to ordinary MH: 7422
Number of cases directly to ordinary MH accapted: 2876
Number cases in secound stage: 2049
Number accepted in secound stage: 1078
Total number of evaluations of the particle filter: 9471
Acceptance rate for ordinary MH accapted: 38.7497
Acceptance rate a_1: 4.8125
Acceptance rate a_2: 52.6110
Acceptance rate a_1*a_2: 2.5319
Acceptance rate a (for entier algorithm): 7.9080
Iterstion:
6
Starting DA-GP-MCMC with adaptive RW estimating 3 parameters
Covariance - kernel_MH_direct:
[0.018798 -0.00444545 0.0147408; -0.00444545 0.0018966 -0.0024932; 0.0147408 -0.0024932 0.132842]
MCMC algorithm: MCWM
Adaptation algorithm: noAdaptation
Prior distribution: Uniform
Particel filter: bootstrap
Iteration: 1
Covariance:
[0.0227456 -0.00537899 0.0178364; -0.00537899 0.00229489 -0.00301678; 0.0178364 -0.00301678 0.160739]
ESS: 232.5523
Loglik: 6405.2789 
Percentage done: 20.00 % 
Acceptance rate on iteration 1 to 10000 is 7.8308 %
Covariance:
[0.0227456 -0.00537899 0.0178364; -0.00537899 0.00229489 -0.00301678; 0.0178364 -0.00301678 0.160739]
Loglik: 6405.1366 
Percentage done: 40.00 % 
Acceptance rate on iteration 10001 to 20000 is 8.0208 %
Covariance:
[0.0227456 -0.00537899 0.0178364; -0.00537899 0.00229489 -0.00301678; 0.0178364 -0.00301678 0.160739]
Loglik: 6403.2202 
ESS: 408.1804
ESS: 378.4872
Percentage done: 60.00 % 
Acceptance rate on iteration 20001 to 30000 is 7.4707 %
Covariance:
[0.0227456 -0.00537899 0.0178364; -0.00537899 0.00229489 -0.00301678; 0.0178364 -0.00301678 0.160739]
Loglik: 6403.8673 
Percentage done: 80.00 % 
Acceptance rate on iteration 30001 to 40000 is 7.8708 %
Covariance:
[0.0227456 -0.00537899 0.0178364; -0.00537899 0.00229489 -0.00301678; 0.0178364 -0.00301678 0.160739]
Loglik: 6403.2421 
elapsed time: 540.858452607 seconds
Ending DA-GP-MCMC with adaptive RW estimating 3 parameters
Algorithm: MCWM
Adaptation algorithm: noAdaptation
Prior distribution: Uniform
Particel filter: bootstrap
Time pre-er:  0
Time fit GP model:  0
Time er-part:  541
Number early-rejections: 40426
Number of cases directly to ordinary MH: 7565
Number of cases directly to ordinary MH accapted: 2939
Number cases in secound stage: 2008
Number accepted in secound stage: 1006
Total number of evaluations of the particle filter: 9573
Acceptance rate for ordinary MH accapted: 38.8500
Acceptance rate a_1: 4.7321
Acceptance rate a_2: 50.0996
Acceptance rate a_1*a_2: 2.3707
Acceptance rate a (for entier algorithm): 7.8900
Iterstion:
7
Starting DA-GP-MCMC with adaptive RW estimating 3 parameters
Covariance - kernel_MH_direct:
[0.018798 -0.00444545 0.0147408; -0.00444545 0.0018966 -0.0024932; 0.0147408 -0.0024932 0.132842]
MCMC algorithm: MCWM
Adaptation algorithm: noAdaptation
Prior distribution: Uniform
Particel filter: bootstrap
Iteration: 1
Covariance:
[0.0227456 -0.00537899 0.0178364; -0.00537899 0.00229489 -0.00301678; 0.0178364 -0.00301678 0.160739]
ESS: 232.1882
Loglik: 6405.7725 
Percentage done: 20.00 % 
Acceptance rate on iteration 1 to 10000 is 7.6808 %
Covariance:
[0.0227456 -0.00537899 0.0178364; -0.00537899 0.00229489 -0.00301678; 0.0178364 -0.00301678 0.160739]
Loglik: 6405.6856 
Percentage done: 40.00 % 
Acceptance rate on iteration 10001 to 20000 is 7.5908 %
Covariance:
[0.0227456 -0.00537899 0.0178364; -0.00537899 0.00229489 -0.00301678; 0.0178364 -0.00301678 0.160739]
Loglik: 6404.7651 
ESS: 259.0233
ESS: 144.2249
Percentage done: 60.00 % 
Acceptance rate on iteration 20001 to 30000 is 7.5308 %
Covariance:
[0.0227456 -0.00537899 0.0178364; -0.00537899 0.00229489 -0.00301678; 0.0178364 -0.00301678 0.160739]
Loglik: 6404.9710 
Percentage done: 80.00 % 
Acceptance rate on iteration 30001 to 40000 is 7.8708 %
Covariance:
[0.0227456 -0.00537899 0.0178364; -0.00537899 0.00229489 -0.00301678; 0.0178364 -0.00301678 0.160739]
Loglik: 6404.0847 
ESS: 385.6559
ESS: 199.2378
elapsed time: 543.827308286 seconds
Ending DA-GP-MCMC with adaptive RW estimating 3 parameters
Algorithm: MCWM
Adaptation algorithm: noAdaptation
Prior distribution: Uniform
Particel filter: bootstrap
Time pre-er:  0
Time fit GP model:  0
Time er-part:  544
Number early-rejections: 40494
Number of cases directly to ordinary MH: 7497
Number of cases directly to ordinary MH accapted: 2781
Number cases in secound stage: 2008
Number accepted in secound stage: 1010
Total number of evaluations of the particle filter: 9505
Acceptance rate for ordinary MH accapted: 37.0948
Acceptance rate a_1: 4.7245
Acceptance rate a_2: 50.2988
Acceptance rate a_1*a_2: 2.3764
Acceptance rate a (for entier algorithm): 7.5820
Iterstion:
8
Starting DA-GP-MCMC with adaptive RW estimating 3 parameters
Covariance - kernel_MH_direct:
[0.018798 -0.00444545 0.0147408; -0.00444545 0.0018966 -0.0024932; 0.0147408 -0.0024932 0.132842]
MCMC algorithm: MCWM
Adaptation algorithm: noAdaptation
Prior distribution: Uniform
Particel filter: bootstrap
Iteration: 1
Covariance:
[0.0227456 -0.00537899 0.0178364; -0.00537899 0.00229489 -0.00301678; 0.0178364 -0.00301678 0.160739]
ESS: 241.2291
Loglik: 6404.3932 
Percentage done: 20.00 % 
Acceptance rate on iteration 1 to 10000 is 7.9208 %
Covariance:
[0.0227456 -0.00537899 0.0178364; -0.00537899 0.00229489 -0.00301678; 0.0178364 -0.00301678 0.160739]
Loglik: 6401.0499 
ESS: 329.6045
ESS: 298.3927
Percentage done: 40.00 % 
Acceptance rate on iteration 10001 to 20000 is 7.5208 %
Covariance:
[0.0227456 -0.00537899 0.0178364; -0.00537899 0.00229489 -0.00301678; 0.0178364 -0.00301678 0.160739]
Loglik: 6404.9967 
ESS: 371.7359
ESS: 352.7260
Percentage done: 60.00 % 
Acceptance rate on iteration 20001 to 30000 is 8.0608 %
Covariance:
[0.0227456 -0.00537899 0.0178364; -0.00537899 0.00229489 -0.00301678; 0.0178364 -0.00301678 0.160739]
Loglik: 6402.0500 
Percentage done: 80.00 % 
Acceptance rate on iteration 30001 to 40000 is 7.6908 %
Covariance:
[0.0227456 -0.00537899 0.0178364; -0.00537899 0.00229489 -0.00301678; 0.0178364 -0.00301678 0.160739]
Loglik: 6405.5811 
elapsed time: 543.084493486 seconds
Ending DA-GP-MCMC with adaptive RW estimating 3 parameters
Algorithm: MCWM
Adaptation algorithm: noAdaptation
Prior distribution: Uniform
Particel filter: bootstrap
Time pre-er:  0
Time fit GP model:  0
Time er-part:  543
Number early-rejections: 40627
Number of cases directly to ordinary MH: 7402
Number of cases directly to ordinary MH accapted: 2837
Number cases in secound stage: 1970
Number accepted in secound stage: 1035
Total number of evaluations of the particle filter: 9372
Acceptance rate for ordinary MH accapted: 38.3275
Acceptance rate a_1: 4.6247
Acceptance rate a_2: 52.5381
Acceptance rate a_1*a_2: 2.4297
Acceptance rate a (for entier algorithm): 7.7440
Iterstion:
9
Starting DA-GP-MCMC with adaptive RW estimating 3 parameters
Covariance - kernel_MH_direct:
[0.018798 -0.00444545 0.0147408; -0.00444545 0.0018966 -0.0024932; 0.0147408 -0.0024932 0.132842]
MCMC algorithm: MCWM
Adaptation algorithm: noAdaptation
Prior distribution: Uniform
Particel filter: bootstrap
Iteration: 1
Covariance:
[0.0227456 -0.00537899 0.0178364; -0.00537899 0.00229489 -0.00301678; 0.0178364 -0.00301678 0.160739]
ESS: 222.6325
Loglik: 6405.4402 
Percentage done: 20.00 % 
Acceptance rate on iteration 1 to 10000 is 7.8108 %
Covariance:
[0.0227456 -0.00537899 0.0178364; -0.00537899 0.00229489 -0.00301678; 0.0178364 -0.00301678 0.160739]
Loglik: 6403.8717 
Percentage done: 40.00 % 
Acceptance rate on iteration 10001 to 20000 is 7.0807 %
Covariance:
[0.0227456 -0.00537899 0.0178364; -0.00537899 0.00229489 -0.00301678; 0.0178364 -0.00301678 0.160739]
Loglik: 6399.9968 
Percentage done: 60.00 % 
Acceptance rate on iteration 20001 to 30000 is 7.4207 %
Covariance:
[0.0227456 -0.00537899 0.0178364; -0.00537899 0.00229489 -0.00301678; 0.0178364 -0.00301678 0.160739]
Loglik: 6404.9191 
ESS: 564.6011
ESS: 273.3744
Percentage done: 80.00 % 
Acceptance rate on iteration 30001 to 40000 is 7.7908 %
Covariance:
[0.0227456 -0.00537899 0.0178364; -0.00537899 0.00229489 -0.00301678; 0.0178364 -0.00301678 0.160739]
Loglik: 6403.2631 
ESS: 155.6163
ESS: 160.4106
elapsed time: 539.511775703 seconds
Ending DA-GP-MCMC with adaptive RW estimating 3 parameters
Algorithm: MCWM
Adaptation algorithm: noAdaptation
Prior distribution: Uniform
Particel filter: bootstrap
Time pre-er:  0
Time fit GP model:  0
Time er-part:  540
Number early-rejections: 40537
Number of cases directly to ordinary MH: 7376
Number of cases directly to ordinary MH accapted: 2679
Number cases in secound stage: 2086
Number accepted in secound stage: 1052
Total number of evaluations of the particle filter: 9462
Acceptance rate for ordinary MH accapted: 36.3205
Acceptance rate a_1: 4.8941
Acceptance rate a_2: 50.4314
Acceptance rate a_1*a_2: 2.4682
Acceptance rate a (for entier algorithm): 7.4620
Iterstion:
10
Starting DA-GP-MCMC with adaptive RW estimating 3 parameters
Covariance - kernel_MH_direct:
[0.018798 -0.00444545 0.0147408; -0.00444545 0.0018966 -0.0024932; 0.0147408 -0.0024932 0.132842]
MCMC algorithm: MCWM
Adaptation algorithm: noAdaptation
Prior distribution: Uniform
Particel filter: bootstrap
Iteration: 1
Covariance:
[0.0227456 -0.00537899 0.0178364; -0.00537899 0.00229489 -0.00301678; 0.0178364 -0.00301678 0.160739]
ESS: 230.5560
Loglik: 6404.6208 
Percentage done: 20.00 % 
Acceptance rate on iteration 1 to 10000 is 7.6208 %
Covariance:
[0.0227456 -0.00537899 0.0178364; -0.00537899 0.00229489 -0.00301678; 0.0178364 -0.00301678 0.160739]
Loglik: 6402.1289 
ESS: 236.6924
ESS: 335.5368
Percentage done: 40.00 % 
Acceptance rate on iteration 10001 to 20000 is 7.8308 %
Covariance:
[0.0227456 -0.00537899 0.0178364; -0.00537899 0.00229489 -0.00301678; 0.0178364 -0.00301678 0.160739]
Loglik: 6403.9913 
Percentage done: 60.00 % 
Acceptance rate on iteration 20001 to 30000 is 8.1008 %
Covariance:
[0.0227456 -0.00537899 0.0178364; -0.00537899 0.00229489 -0.00301678; 0.0178364 -0.00301678 0.160739]
Loglik: 6402.0611 
ESS: 154.6284
ESS: 129.9279
Percentage done: 80.00 % 
Acceptance rate on iteration 30001 to 40000 is 7.6808 %
Covariance:
[0.0227456 -0.00537899 0.0178364; -0.00537899 0.00229489 -0.00301678; 0.0178364 -0.00301678 0.160739]
Loglik: 6403.9295 
elapsed time: 545.454880905 seconds
Ending DA-GP-MCMC with adaptive RW estimating 3 parameters
Algorithm: MCWM
Adaptation algorithm: noAdaptation
Prior distribution: Uniform
Particel filter: bootstrap
Time pre-er:  0
Time fit GP model:  0
Time er-part:  545
Number early-rejections: 40356
Number of cases directly to ordinary MH: 7616
Number of cases directly to ordinary MH accapted: 2828
Number cases in secound stage: 2027
Number accepted in secound stage: 1014
Total number of evaluations of the particle filter: 9643
Acceptance rate for ordinary MH accapted: 37.1324
Acceptance rate a_1: 4.7826
Acceptance rate a_2: 50.0247
Acceptance rate a_1*a_2: 2.3925
Acceptance rate a (for entier algorithm): 7.6840
Iterstion:
11
Starting DA-GP-MCMC with adaptive RW estimating 3 parameters
Covariance - kernel_MH_direct:
[0.018798 -0.00444545 0.0147408; -0.00444545 0.0018966 -0.0024932; 0.0147408 -0.0024932 0.132842]
MCMC algorithm: MCWM
Adaptation algorithm: noAdaptation
Prior distribution: Uniform
Particel filter: bootstrap
Iteration: 1
Covariance:
[0.0227456 -0.00537899 0.0178364; -0.00537899 0.00229489 -0.00301678; 0.0178364 -0.00301678 0.160739]
ESS: 233.3252
Loglik: 6403.6782 
Percentage done: 20.00 % 
Acceptance rate on iteration 1 to 10000 is 7.7008 %
Covariance:
[0.0227456 -0.00537899 0.0178364; -0.00537899 0.00229489 -0.00301678; 0.0178364 -0.00301678 0.160739]
Loglik: 6402.3002 
Percentage done: 40.00 % 
Acceptance rate on iteration 10001 to 20000 is 8.0508 %
Covariance:
[0.0227456 -0.00537899 0.0178364; -0.00537899 0.00229489 -0.00301678; 0.0178364 -0.00301678 0.160739]
Loglik: 6405.3346 
Percentage done: 60.00 % 
Acceptance rate on iteration 20001 to 30000 is 7.9408 %
Covariance:
[0.0227456 -0.00537899 0.0178364; -0.00537899 0.00229489 -0.00301678; 0.0178364 -0.00301678 0.160739]
Loglik: 6401.8040 
Percentage done: 80.00 % 
Acceptance rate on iteration 30001 to 40000 is 7.6808 %
Covariance:
[0.0227456 -0.00537899 0.0178364; -0.00537899 0.00229489 -0.00301678; 0.0178364 -0.00301678 0.160739]
Loglik: 6404.9197 
elapsed time: 549.181038936 seconds
Ending DA-GP-MCMC with adaptive RW estimating 3 parameters
Algorithm: MCWM
Adaptation algorithm: noAdaptation
Prior distribution: Uniform
Particel filter: bootstrap
Time pre-er:  0
Time fit GP model:  0
Time er-part:  549
Number early-rejections: 40448
Number of cases directly to ordinary MH: 7507
Number of cases directly to ordinary MH accapted: 2890
Number cases in secound stage: 2044
Number accepted in secound stage: 1035
Total number of evaluations of the particle filter: 9551
Acceptance rate for ordinary MH accapted: 38.4974
Acceptance rate a_1: 4.8103
Acceptance rate a_2: 50.6360
Acceptance rate a_1*a_2: 2.4358
Acceptance rate a (for entier algorithm): 7.8500
Iterstion:
12
Starting DA-GP-MCMC with adaptive RW estimating 3 parameters
Covariance - kernel_MH_direct:
[0.018798 -0.00444545 0.0147408; -0.00444545 0.0018966 -0.0024932; 0.0147408 -0.0024932 0.132842]
MCMC algorithm: MCWM
Adaptation algorithm: noAdaptation
Prior distribution: Uniform
Particel filter: bootstrap
Iteration: 1
Covariance:
[0.0227456 -0.00537899 0.0178364; -0.00537899 0.00229489 -0.00301678; 0.0178364 -0.00301678 0.160739]
ESS: 253.6222
Loglik: 6404.1268 
Percentage done: 20.00 % 
Acceptance rate on iteration 1 to 10000 is 8.0808 %
Covariance:
[0.0227456 -0.00537899 0.0178364; -0.00537899 0.00229489 -0.00301678; 0.0178364 -0.00301678 0.160739]
Loglik: 6403.7615 
Percentage done: 40.00 % 
Acceptance rate on iteration 10001 to 20000 is 7.9108 %
Covariance:
[0.0227456 -0.00537899 0.0178364; -0.00537899 0.00229489 -0.00301678; 0.0178364 -0.00301678 0.160739]
Loglik: 6404.4791 
Percentage done: 60.00 % 
Acceptance rate on iteration 20001 to 30000 is 7.7908 %
Covariance:
[0.0227456 -0.00537899 0.0178364; -0.00537899 0.00229489 -0.00301678; 0.0178364 -0.00301678 0.160739]
Loglik: 6404.3294 
Percentage done: 80.00 % 
Acceptance rate on iteration 30001 to 40000 is 8.3508 %
Covariance:
[0.0227456 -0.00537899 0.0178364; -0.00537899 0.00229489 -0.00301678; 0.0178364 -0.00301678 0.160739]
Loglik: 6403.7972 
elapsed time: 542.169652545 seconds
Ending DA-GP-MCMC with adaptive RW estimating 3 parameters
Algorithm: MCWM
Adaptation algorithm: noAdaptation
Prior distribution: Uniform
Particel filter: bootstrap
Time pre-er:  0
Time fit GP model:  0
Time er-part:  542
Number early-rejections: 40402
Number of cases directly to ordinary MH: 7572
Number of cases directly to ordinary MH accapted: 2915
Number cases in secound stage: 2025
Number accepted in secound stage: 1056
Total number of evaluations of the particle filter: 9597
Acceptance rate for ordinary MH accapted: 38.4971
Acceptance rate a_1: 4.7729
Acceptance rate a_2: 52.1481
Acceptance rate a_1*a_2: 2.4890
Acceptance rate a (for entier algorithm): 7.9420
Iterstion:
13
Starting DA-GP-MCMC with adaptive RW estimating 3 parameters
Covariance - kernel_MH_direct:
[0.018798 -0.00444545 0.0147408; -0.00444545 0.0018966 -0.0024932; 0.0147408 -0.0024932 0.132842]
MCMC algorithm: MCWM
Adaptation algorithm: noAdaptation
Prior distribution: Uniform
Particel filter: bootstrap
Iteration: 1
Covariance:
[0.0227456 -0.00537899 0.0178364; -0.00537899 0.00229489 -0.00301678; 0.0178364 -0.00301678 0.160739]
ESS: 241.1781
Loglik: 6404.4835 
Percentage done: 20.00 % 
Acceptance rate on iteration 1 to 10000 is 8.0008 %
Covariance:
[0.0227456 -0.00537899 0.0178364; -0.00537899 0.00229489 -0.00301678; 0.0178364 -0.00301678 0.160739]
Loglik: 6402.7731 
ESS: 250.6643
ESS: 273.1418
Percentage done: 40.00 % 
Acceptance rate on iteration 10001 to 20000 is 8.2508 %
Covariance:
[0.0227456 -0.00537899 0.0178364; -0.00537899 0.00229489 -0.00301678; 0.0178364 -0.00301678 0.160739]
Loglik: 6403.3130 
Percentage done: 60.00 % 
Acceptance rate on iteration 20001 to 30000 is 7.6108 %
Covariance:
[0.0227456 -0.00537899 0.0178364; -0.00537899 0.00229489 -0.00301678; 0.0178364 -0.00301678 0.160739]
Loglik: 6403.8106 
Percentage done: 80.00 % 
Acceptance rate on iteration 30001 to 40000 is 7.8308 %
Covariance:
[0.0227456 -0.00537899 0.0178364; -0.00537899 0.00229489 -0.00301678; 0.0178364 -0.00301678 0.160739]
Loglik: 6404.0910 
elapsed time: 539.586888397 seconds
Ending DA-GP-MCMC with adaptive RW estimating 3 parameters
Algorithm: MCWM
Adaptation algorithm: noAdaptation
Prior distribution: Uniform
Particel filter: bootstrap
Time pre-er:  0
Time fit GP model:  0
Time er-part:  540
Number early-rejections: 40378
Number of cases directly to ordinary MH: 7580
Number of cases directly to ordinary MH accapted: 2883
Number cases in secound stage: 2041
Number accepted in secound stage: 1050
Total number of evaluations of the particle filter: 9621
Acceptance rate for ordinary MH accapted: 38.0343
Acceptance rate a_1: 4.8115
Acceptance rate a_2: 51.4454
Acceptance rate a_1*a_2: 2.4753
Acceptance rate a (for entier algorithm): 7.8660
Iterstion:
14
Starting DA-GP-MCMC with adaptive RW estimating 3 parameters
Covariance - kernel_MH_direct:
[0.018798 -0.00444545 0.0147408; -0.00444545 0.0018966 -0.0024932; 0.0147408 -0.0024932 0.132842]
MCMC algorithm: MCWM
Adaptation algorithm: noAdaptation
Prior distribution: Uniform
Particel filter: bootstrap
Iteration: 1
Covariance:
[0.0227456 -0.00537899 0.0178364; -0.00537899 0.00229489 -0.00301678; 0.0178364 -0.00301678 0.160739]
ESS: 239.5201
Loglik: 6405.4448 
Percentage done: 20.00 % 
Acceptance rate on iteration 1 to 10000 is 8.0008 %
Covariance:
[0.0227456 -0.00537899 0.0178364; -0.00537899 0.00229489 -0.00301678; 0.0178364 -0.00301678 0.160739]
Loglik: 6403.6063 
ESS: 178.1435
ESS: 264.1418
Percentage done: 40.00 % 
Acceptance rate on iteration 10001 to 20000 is 7.6608 %
Covariance:
[0.0227456 -0.00537899 0.0178364; -0.00537899 0.00229489 -0.00301678; 0.0178364 -0.00301678 0.160739]
Loglik: 6405.2063 
Percentage done: 60.00 % 
Acceptance rate on iteration 20001 to 30000 is 8.0408 %
Covariance:
[0.0227456 -0.00537899 0.0178364; -0.00537899 0.00229489 -0.00301678; 0.0178364 -0.00301678 0.160739]
Loglik: 6404.6981 
Percentage done: 80.00 % 
Acceptance rate on iteration 30001 to 40000 is 7.3107 %
Covariance:
[0.0227456 -0.00537899 0.0178364; -0.00537899 0.00229489 -0.00301678; 0.0178364 -0.00301678 0.160739]
Loglik: 6404.0318 
ESS: 309.9925
ESS: 317.1287
elapsed time: 539.185187628 seconds
Ending DA-GP-MCMC with adaptive RW estimating 3 parameters
Algorithm: MCWM
Adaptation algorithm: noAdaptation
Prior distribution: Uniform
Particel filter: bootstrap
Time pre-er:  0
Time fit GP model:  0
Time er-part:  539
Number early-rejections: 40482
Number of cases directly to ordinary MH: 7424
Number of cases directly to ordinary MH accapted: 2817
Number cases in secound stage: 2093
Number accepted in secound stage: 1051
Total number of evaluations of the particle filter: 9517
Acceptance rate for ordinary MH accapted: 37.9445
Acceptance rate a_1: 4.9160
Acceptance rate a_2: 50.2150
Acceptance rate a_1*a_2: 2.4686
Acceptance rate a (for entier algorithm): 7.7360
Iterstion:
15
Starting DA-GP-MCMC with adaptive RW estimating 3 parameters
Covariance - kernel_MH_direct:
[0.018798 -0.00444545 0.0147408; -0.00444545 0.0018966 -0.0024932; 0.0147408 -0.0024932 0.132842]
MCMC algorithm: MCWM
Adaptation algorithm: noAdaptation
Prior distribution: Uniform
Particel filter: bootstrap
Iteration: 1
Covariance:
[0.0227456 -0.00537899 0.0178364; -0.00537899 0.00229489 -0.00301678; 0.0178364 -0.00301678 0.160739]
ESS: 245.0643
Loglik: 6404.6207 
Percentage done: 20.00 % 
Acceptance rate on iteration 1 to 10000 is 8.5309 %
Covariance:
[0.0227456 -0.00537899 0.0178364; -0.00537899 0.00229489 -0.00301678; 0.0178364 -0.00301678 0.160739]
Loglik: 6404.1153 
Percentage done: 40.00 % 
Acceptance rate on iteration 10001 to 20000 is 7.7608 %
Covariance:
[0.0227456 -0.00537899 0.0178364; -0.00537899 0.00229489 -0.00301678; 0.0178364 -0.00301678 0.160739]
Loglik: 6402.9778 
Percentage done: 60.00 % 
Acceptance rate on iteration 20001 to 30000 is 8.0708 %
Covariance:
[0.0227456 -0.00537899 0.0178364; -0.00537899 0.00229489 -0.00301678; 0.0178364 -0.00301678 0.160739]
Loglik: 6403.1106 
ESS: 310.7577
ESS: 244.2036
Percentage done: 80.00 % 
Acceptance rate on iteration 30001 to 40000 is 7.9308 %
Covariance:
[0.0227456 -0.00537899 0.0178364; -0.00537899 0.00229489 -0.00301678; 0.0178364 -0.00301678 0.160739]
Loglik: 6404.9478 
elapsed time: 545.209986423 seconds
Ending DA-GP-MCMC with adaptive RW estimating 3 parameters
Algorithm: MCWM
Adaptation algorithm: noAdaptation
Prior distribution: Uniform
Particel filter: bootstrap
Time pre-er:  0
Time fit GP model:  0
Time er-part:  545
Number early-rejections: 40251
Number of cases directly to ordinary MH: 7621
Number of cases directly to ordinary MH accapted: 2852
Number cases in secound stage: 2127
Number accepted in secound stage: 1105
Total number of evaluations of the particle filter: 9748
Acceptance rate for ordinary MH accapted: 37.4229
Acceptance rate a_1: 5.0191
Acceptance rate a_2: 51.9511
Acceptance rate a_1*a_2: 2.6075
Acceptance rate a (for entier algorithm): 7.9140
Iterstion:
16
Starting DA-GP-MCMC with adaptive RW estimating 3 parameters
Covariance - kernel_MH_direct:
[0.018798 -0.00444545 0.0147408; -0.00444545 0.0018966 -0.0024932; 0.0147408 -0.0024932 0.132842]
MCMC algorithm: MCWM
Adaptation algorithm: noAdaptation
Prior distribution: Uniform
Particel filter: bootstrap
Iteration: 1
Covariance:
[0.0227456 -0.00537899 0.0178364; -0.00537899 0.00229489 -0.00301678; 0.0178364 -0.00301678 0.160739]
ESS: 247.4635
Loglik: 6403.7198 
Percentage done: 20.00 % 
Acceptance rate on iteration 1 to 10000 is 7.6608 %
Covariance:
[0.0227456 -0.00537899 0.0178364; -0.00537899 0.00229489 -0.00301678; 0.0178364 -0.00301678 0.160739]
Loglik: 6402.2815 
Percentage done: 40.00 % 
Acceptance rate on iteration 10001 to 20000 is 7.7808 %
Covariance:
[0.0227456 -0.00537899 0.0178364; -0.00537899 0.00229489 -0.00301678; 0.0178364 -0.00301678 0.160739]
Loglik: 6404.9157 
Percentage done: 60.00 % 
Acceptance rate on iteration 20001 to 30000 is 7.2907 %
Covariance:
[0.0227456 -0.00537899 0.0178364; -0.00537899 0.00229489 -0.00301678; 0.0178364 -0.00301678 0.160739]
Loglik: 6403.5080 
Percentage done: 80.00 % 
Acceptance rate on iteration 30001 to 40000 is 8.0708 %
Covariance:
[0.0227456 -0.00537899 0.0178364; -0.00537899 0.00229489 -0.00301678; 0.0178364 -0.00301678 0.160739]
Loglik: 6403.5317 
elapsed time: 532.996148627 seconds
Ending DA-GP-MCMC with adaptive RW estimating 3 parameters
Algorithm: MCWM
Adaptation algorithm: noAdaptation
Prior distribution: Uniform
Particel filter: bootstrap
Time pre-er:  0
Time fit GP model:  0
Time er-part:  533
Number early-rejections: 40443
Number of cases directly to ordinary MH: 7566
Number of cases directly to ordinary MH accapted: 2824
Number cases in secound stage: 1990
Number accepted in secound stage: 1009
Total number of evaluations of the particle filter: 9556
Acceptance rate for ordinary MH accapted: 37.3249
Acceptance rate a_1: 4.6897
Acceptance rate a_2: 50.7035
Acceptance rate a_1*a_2: 2.3779
Acceptance rate a (for entier algorithm): 7.6660
Iterstion:
17
Starting DA-GP-MCMC with adaptive RW estimating 3 parameters
Covariance - kernel_MH_direct:
[0.018798 -0.00444545 0.0147408; -0.00444545 0.0018966 -0.0024932; 0.0147408 -0.0024932 0.132842]
MCMC algorithm: MCWM
Adaptation algorithm: noAdaptation
Prior distribution: Uniform
Particel filter: bootstrap
Iteration: 1
Covariance:
[0.0227456 -0.00537899 0.0178364; -0.00537899 0.00229489 -0.00301678; 0.0178364 -0.00301678 0.160739]
ESS: 233.7179
Loglik: 6406.1243 
Percentage done: 20.00 % 
Acceptance rate on iteration 1 to 10000 is 7.8008 %
Covariance:
[0.0227456 -0.00537899 0.0178364; -0.00537899 0.00229489 -0.00301678; 0.0178364 -0.00301678 0.160739]
Loglik: 6403.0863 
Percentage done: 40.00 % 
Acceptance rate on iteration 10001 to 20000 is 7.5408 %
Covariance:
[0.0227456 -0.00537899 0.0178364; -0.00537899 0.00229489 -0.00301678; 0.0178364 -0.00301678 0.160739]
Loglik: 6404.1165 
Percentage done: 60.00 % 
Acceptance rate on iteration 20001 to 30000 is 7.5608 %
Covariance:
[0.0227456 -0.00537899 0.0178364; -0.00537899 0.00229489 -0.00301678; 0.0178364 -0.00301678 0.160739]
Loglik: 6403.6855 
Percentage done: 80.00 % 
Acceptance rate on iteration 30001 to 40000 is 7.8408 %
Covariance:
[0.0227456 -0.00537899 0.0178364; -0.00537899 0.00229489 -0.00301678; 0.0178364 -0.00301678 0.160739]
Loglik: 6403.1331 
elapsed time: 536.009996628 seconds
Ending DA-GP-MCMC with adaptive RW estimating 3 parameters
Algorithm: MCWM
Adaptation algorithm: noAdaptation
Prior distribution: Uniform
Particel filter: bootstrap
Time pre-er:  0
Time fit GP model:  0
Time er-part:  536
Number early-rejections: 40486
Number of cases directly to ordinary MH: 7460
Number of cases directly to ordinary MH accapted: 2827
Number cases in secound stage: 2053
Number accepted in secound stage: 1032
Total number of evaluations of the particle filter: 9513
Acceptance rate for ordinary MH accapted: 37.8954
Acceptance rate a_1: 4.8262
Acceptance rate a_2: 50.2679
Acceptance rate a_1*a_2: 2.4260
Acceptance rate a (for entier algorithm): 7.7180
Iterstion:
18
Starting DA-GP-MCMC with adaptive RW estimating 3 parameters
Covariance - kernel_MH_direct:
[0.018798 -0.00444545 0.0147408; -0.00444545 0.0018966 -0.0024932; 0.0147408 -0.0024932 0.132842]
MCMC algorithm: MCWM
Adaptation algorithm: noAdaptation
Prior distribution: Uniform
Particel filter: bootstrap
Iteration: 1
Covariance:
[0.0227456 -0.00537899 0.0178364; -0.00537899 0.00229489 -0.00301678; 0.0178364 -0.00301678 0.160739]
ESS: 246.4681
Loglik: 6404.1746 
Percentage done: 20.00 % 
Acceptance rate on iteration 1 to 10000 is 7.6908 %
Covariance:
[0.0227456 -0.00537899 0.0178364; -0.00537899 0.00229489 -0.00301678; 0.0178364 -0.00301678 0.160739]
Loglik: 6404.9273 
Percentage done: 40.00 % 
Acceptance rate on iteration 10001 to 20000 is 7.4407 %
Covariance:
[0.0227456 -0.00537899 0.0178364; -0.00537899 0.00229489 -0.00301678; 0.0178364 -0.00301678 0.160739]
Loglik: 6403.9966 
Percentage done: 60.00 % 
Acceptance rate on iteration 20001 to 30000 is 8.2908 %
Covariance:
[0.0227456 -0.00537899 0.0178364; -0.00537899 0.00229489 -0.00301678; 0.0178364 -0.00301678 0.160739]
Loglik: 6403.0779 
Percentage done: 80.00 % 
Acceptance rate on iteration 30001 to 40000 is 7.5908 %
Covariance:
[0.0227456 -0.00537899 0.0178364; -0.00537899 0.00229489 -0.00301678; 0.0178364 -0.00301678 0.160739]
Loglik: 6405.1392 
elapsed time: 540.635904149 seconds
Ending DA-GP-MCMC with adaptive RW estimating 3 parameters
Algorithm: MCWM
Adaptation algorithm: noAdaptation
Prior distribution: Uniform
Particel filter: bootstrap
Time pre-er:  0
Time fit GP model:  0
Time er-part:  541
Number early-rejections: 40441
Number of cases directly to ordinary MH: 7493
Number of cases directly to ordinary MH accapted: 2814
Number cases in secound stage: 2065
Number accepted in secound stage: 1072
Total number of evaluations of the particle filter: 9558
Acceptance rate for ordinary MH accapted: 37.5551
Acceptance rate a_1: 4.8581
Acceptance rate a_2: 51.9128
Acceptance rate a_1*a_2: 2.5220
Acceptance rate a (for entier algorithm): 7.7720
Iterstion:
19
Starting DA-GP-MCMC with adaptive RW estimating 3 parameters
Covariance - kernel_MH_direct:
[0.018798 -0.00444545 0.0147408; -0.00444545 0.0018966 -0.0024932; 0.0147408 -0.0024932 0.132842]
MCMC algorithm: MCWM
Adaptation algorithm: noAdaptation
Prior distribution: Uniform
Particel filter: bootstrap
Iteration: 1
Covariance:
[0.0227456 -0.00537899 0.0178364; -0.00537899 0.00229489 -0.00301678; 0.0178364 -0.00301678 0.160739]
ESS: 229.4062
Loglik: 6404.3995 
Percentage done: 20.00 % 
Acceptance rate on iteration 1 to 10000 is 7.8308 %
Covariance:
[0.0227456 -0.00537899 0.0178364; -0.00537899 0.00229489 -0.00301678; 0.0178364 -0.00301678 0.160739]
Loglik: 6405.3518 
ESS: 177.1432
ESS: 214.8271
Percentage done: 40.00 % 
Acceptance rate on iteration 10001 to 20000 is 8.2108 %
Covariance:
[0.0227456 -0.00537899 0.0178364; -0.00537899 0.00229489 -0.00301678; 0.0178364 -0.00301678 0.160739]
Loglik: 6404.6818 
Percentage done: 60.00 % 
Acceptance rate on iteration 20001 to 30000 is 7.9508 %
Covariance:
[0.0227456 -0.00537899 0.0178364; -0.00537899 0.00229489 -0.00301678; 0.0178364 -0.00301678 0.160739]
Loglik: 6400.4107 
ESS: 309.1966
ESS: 227.1415
Percentage done: 80.00 % 
Acceptance rate on iteration 30001 to 40000 is 7.6808 %
Covariance:
[0.0227456 -0.00537899 0.0178364; -0.00537899 0.00229489 -0.00301678; 0.0178364 -0.00301678 0.160739]
Loglik: 6404.6743 
elapsed time: 546.172335342 seconds
Ending DA-GP-MCMC with adaptive RW estimating 3 parameters
Algorithm: MCWM
Adaptation algorithm: noAdaptation
Prior distribution: Uniform
Particel filter: bootstrap
Time pre-er:  0
Time fit GP model:  0
Time er-part:  546
Number early-rejections: 40345
Number of cases directly to ordinary MH: 7548
